2 5 6 10 12 14 18 20 21 25 28 29 31 33 35 38 39 43 44 47 48 49 52 55 56 60 64 67 70 71 72 75 77 79 83 84 88 90 92 93 95 97 101 104 106 107 111 115 118 121 124 126 128 129 133 135 138 141 144 146 149 151 155 156 157 160 164 166 167 168 170 173 174 178 182 184 187 191 192 195 196 197 201 202 203 205 207 209 211 215 216 220 224 227 230 231 232 234 235 236 237 241 245 248 252 254 257 258 260 262 263 264 266 269 271 272 276 277 280 283 287 290 294 296 297 301 303 307 308 309 310 312 315 316 318 319 321 323 327 330 334 335 339 341 345 349 
6 7 10 14 16 19 23 27 28 31 35 36 39 41 43 46 48 52 53 55 59 60 61 65 66 69 72 74 78 81 83 84 86 89 91 92 94 97 99 102 106 110 112 114 116 120 122 123 125 128 132 134 137 140 141 145 148 150 152 155 158 159 161 163 165 169 173 175 178 180 183 185 187 191 192 195 196 198 201 204 206 210 213 216 217 218 220 223 224 226 229 233 237 240 241 243 247 249 251 255 257 258 259 260 264 267 271 272 274 278 280 281 284 288 289 293 297 301 302 303 306 308 310 312 315 316 317 320 321 322 325 328 330 333 337 339 342 345 348 350 352 356 357 359 360 363 
10 13 15 19 20 24 27 28 29 35 37 39 42 43 44 48 52 55 59 62 64 66 70 71 73 76 78 81 83 86 90 93 97 101 105 107 111 112 113 115 116 119 123 124 128 131 133 135 137 138 140 143 145 148 152 153 157 158 160 164 168 172 173 176 178 182 183 184 188 189 193 196 197 201 204 205 209 210 212 214 217 221 223 224 227 231 233 235 236 238 240 242 246 247 248 250 254 258 259 262 266 267 271 272 276 277 281 283 285 286 288 291 295 299 302 304 308 309 312 315 317 318 322 323 325 327 329 330 331 334 337 339 343 347 349 350 351 353 354 355 356 360 364 368 372 373 
12 15 19 21 23 25 29 30 34 39 41 43 45 46 50 53 54 56 62 66 70 72 74 78 80 81 83 85 89 91 92 94 99 104 106 111 114 116 118 121 125 127 129 133 137 138 141 145 149 153 156 158 160 164 167 171 175 178 180 181 183 185 188 192 196 198 201 202 205 209 213 217 219 222 224 227 231 232 236 240 242 244 245 247 250 253 256 259 262 265 269 273 277 280 284 286 290 294 295 298 300 302 304 305 307 310 313 316 320 322 325 326 329 331 335 338 340 341 343 344 346 350 352 356 357 359 363 364 365 366 367 371 372 374 378 382 383 386 387 389 392 394 395 397 400 401 
14 18 23 27 30 32 36 37 38 40 44 46 49 52 53 56 58 61 64 67 73 75 77 81 85 87 89 93 95 97 100 104 106 108 110 115 117 121 125 126 128 131 134 135 141 144 148 150 152 157 161 164 167 171 173 176 178 179 184 188 190 191 194 196 197 199 204 207 208 211 215 218 223 226 227 231 234 236 237 243 247 248 252 256 258 262 263 267 269 272 276 278 282 284 286 289 293 297 301 303 304 306 310 312 315 319 321 323 324 328 330 331 332 334 339 341 345 348 352 353 354 355 357 361 364 366 367 370 371 375 378 381 382 384 385 387 391 393 396 400 403 407 409 410 411 412 
16 20 27 29 32 35 37 40 43 44 48 51 54 58 61 64 67 68 69 73 76 80 82 84 87 88 91 95 97 101 103 107 109 112 116 120 124 126 130 133 137 140 141 144 146 149 151 153 157 161 164 165 169 172 175 179 183 187 191 192 195 197 200 203 205 206 208 211 215 218 221 223 226 228 231 235 238 242 243 245 248 251 254 257 262 263 267 268 273 275 277 280 285 288 290 294 295 300 302 304 305 307 313 315 316 321 325 328 332 333 337 339 341 342 345 349 351 352 355 359 363 366 367 369 371 372 375 376 379 383 385 388 389 390 392 396 400 401 402 406 410 414 417 421 425 426 
17 24 30 34 35 36 40 43 44 48 51 55 56 59 62 66 70 71 75 76 79 84 85 89 91 92 96 97 100 105 107 109 111 116 119 121 127 129 134 136 139 141 143 145 150 152 154 158 161 162 167 169 172 176 180 181 185 191 193 197 198 200 203 204 207 210 214 217 219 220 225 227 229 233 237 239 243 246 247 250 254 257 259 261 265 266 268 270 277 279 283 284 288 290 293 295 296 301 303 305 306 308 316 318 321 322 326 331 333 336 339 341 343 344 349 350 353 356 358 360 367 370 374 377 379 383 386 387 388 392 394 395 399 401 402 405 409 412 416 419 423 427 429 432 434 438 
19 28 33 38 41 43 46 48 51 53 55 59 63 67 71 75 76 77 80 83 84 85 88 90 92 93 98 101 103 108 112 113 115 117 123 127 129 133 138 141 145 147 148 150 152 153 157 160 162 165 169 171 173 177 182 184 189 193 197 198 202 203 206 208 209 214 216 221 224 225 228 229 231 236 238 242 245 247 249 253 255 259 263 266 267 269 272 274 279 281 286 288 291 294 296 298 300 304 308 312 314 316 320 324 326 328 330 332 334 338 341 343 346 347 353 356 359 362 364 368 372 375 377 381 382 387 389 390 391 393 398 402 406 410 412 413 414 415 419 421 425 430 434 438 439 443 
22 31 34 40 44 45 49 50 54 55 56 63 65 71 74 77 78 82 85 88 91 95 97 101 103 106 110 113 114 116 117 121 123 127 128 130 133 137 140 145 147 148 151 152 153 155 159 162 164 169 171 175 179 181 185 187 191 197 200 203 206 207 208 211 213 217 218 222 228 230 231 235 239 240 241 246 248 250 252 254 257 261 266 268 271 273 277 280 284 286 287 289 294 297 298 299 304 307 311 316 319 321 324 328 331 332 335 337 338 340 342 344 348 352 354 360 362 363 367 370 376 380 384 386 388 392 393 397 399 402 405 408 409 412 414 415 419 423 426 428 431 433 435 442 446 448 
23 34 38 44 47 48 52 54 55 59 61 65 66 73 75 81 85 87 91 92 95 99 103 104 107 110 113 116 118 122 124 126 127 129 132 133 135 139 143 147 148 150 153 157 161 162 163 165 167 173 176 178 180 183 187 191 195 198 202 207 208 212 215 217 219 220 224 227 229 234 238 242 245 246 250 251 253 254 256 258 259 265 270 274 275 276 278 281 288 291 294 297 301 304 305 307 309 311 313 320 322 325 327 329 334 336 337 341 345 348 349 351 353 357 358 362 366 367 370 371 380 381 388 390 393 394 396 399 403 405 406 412 414 418 419 421 422 426 427 429 435 438 440 445 450 452 
26 36 41 48 51 53 55 57 60 62 64 67 71 75 78 85 86 91 94 98 99 102 106 110 113 114 118 121 125 127 131 135 139 140 142 146 148 149 152 156 160 161 163 166 170 173 177 179 180 183 184 187 188 190 193 195 197 200 203 208 211 213 218 221 225 226 228 232 236 240 244 247 251 255 258 261 262 265 267 271 275 278 280 282 283 287 288 292 295 299 301 303 305 309 313 317 321 322 324 325 329 333 336 338 339 340 343 346 350 351 354 355 358 361 364 366 369 373 377 378 383 387 391 394 395 398 399 400 405 409 411 416 418 419 420 423 424 430 431 434 438 441 443 446 453 455 
29 39 43 50 54 56 59 60 64 68 71 73 76 80 83 88 90 92 95 99 100 103 108 111 117 121 122 126 130 133 136 138 141 143 146 148 152 155 159 161 163 164 165 167 172 176 180 182 184 186 187 190 192 194 195 198 200 203 206 212 214 216 220 224 228 229 231 236 238 242 247 249 252 257 261 262 265 269 271 275 279 283 284 288 291 295 297 301 305 306 310 311 315 319 320 323 325 326 328 329 333 337 338 342 345 346 350 354 355 358 361 364 365 366 367 371 372 375 378 379 387 391 393 395 396 399 403 406 408 410 413 418 422 423 424 428 430 434 437 440 444 445 448 452 454 457 
30 40 47 51 58 62 63 67 69 73 77 79 80 83 86 91 93 96 100 104 105 109 110 113 120 123 127 130 133 137 140 143 146 148 152 156 158 160 163 165 168 169 171 174 178 180 183 186 189 191 192 196 198 202 206 208 212 214 215 218 222 224 226 227 229 233 234 238 242 244 250 252 256 260 265 269 272 274 276 277 283 284 288 290 295 297 298 305 309 310 311 314 318 321 323 327 328 331 332 336 337 338 341 344 346 348 354 356 357 360 363 368 370 371 372 375 377 380 384 387 391 393 397 401 403 405 408 412 416 420 423 426 429 432 434 438 442 446 448 451 455 456 459 461 463 465 
34 44 49 54 59 64 68 70 74 78 79 83 85 87 89 94 97 101 104 105 106 112 116 118 121 127 130 131 135 140 142 146 147 151 155 160 162 164 165 169 171 175 176 178 180 183 184 189 191 195 198 202 205 208 210 213 215 217 221 225 229 233 235 239 242 245 247 251 252 254 255 256 257 263 268 273 276 280 283 285 287 291 294 296 298 300 301 306 313 317 318 321 324 325 329 330 334 338 342 346 348 350 351 353 357 361 364 366 367 370 372 374 376 379 380 381 382 386 387 389 393 394 400 404 406 408 411 413 417 421 425 430 431 433 436 440 444 448 449 452 457 461 463 467 469 473 
35 48 51 58 62 67 71 73 75 81 82 86 88 89 90 98 100 105 107 108 111 114 117 119 122 131 132 135 138 144 146 148 152 154 158 161 163 165 166 170 174 179 182 185 189 191 192 194 196 197 199 206 210 212 214 217 219 220 222 229 233 235 239 243 244 247 251 254 255 258 259 260 262 266 272 274 278 282 284 289 290 294 295 297 300 303 304 308 315 321 325 328 331 332 334 335 336 339 344 350 354 357 359 360 364 368 370 372 376 379 382 385 388 389 391 394 398 399 400 401 404 407 409 410 411 413 416 418 421 424 428 434 435 436 437 442 446 452 456 458 459 462 465 469 470 475 
39 52 55 60 64 68 73 75 77 82 85 90 91 95 96 101 103 108 110 114 116 120 123 125 126 132 134 137 141 145 149 152 156 157 161 162 164 169 170 173 176 181 185 186 192 193 197 199 201 204 206 209 211 214 216 221 222 225 226 233 234 239 240 246 249 250 252 258 259 263 265 267 269 273 276 279 282 283 288 292 293 295 297 299 304 306 310 313 316 322 329 332 334 337 341 345 346 347 348 352 358 361 364 367 369 373 375 378 380 381 383 386 389 393 394 398 399 403 404 408 409 410 412 415 416 418 421 423 426 430 432 438 441 445 447 451 452 454 460 463 467 471 472 476 478 479 
42 55 58 61 67 72 77 81 82 83 87 91 93 96 100 105 107 112 114 116 120 124 127 130 133 134 135 139 145 148 151 154 159 163 167 168 170 173 175 176 179 185 189 193 195 198 200 203 205 209 210 213 216 218 222 226 228 232 234 237 241 244 245 247 252 255 258 261 262 267 269 273 277 281 282 286 290 294 295 299 302 303 304 305 308 310 313 317 320 326 333 336 338 342 345 346 350 354 358 362 363 367 369 371 372 376 378 382 386 389 390 391 393 395 398 399 402 404 407 411 414 417 421 422 425 427 431 433 437 438 439 440 443 447 449 454 455 459 461 464 469 474 477 479 480 482 
44 57 59 64 71 76 79 83 84 87 89 94 98 101 104 106 111 116 117 120 122 125 129 132 136 139 141 142 149 151 154 155 162 166 170 171 173 177 179 183 186 189 192 195 198 201 203 207 210 211 214 216 218 221 224 230 234 237 239 242 244 248 252 255 257 260 264 266 270 271 273 277 279 285 287 289 291 296 300 304 305 306 310 311 314 318 320 321 325 327 336 338 340 345 349 351 354 358 360 363 366 368 371 374 378 382 386 390 393 397 399 402 406 410 413 416 418 419 423 427 431 434 435 436 437 438 442 445 447 448 450 453 457 461 465 466 469 473 474 476 477 478 482 485 487 488 
46 58 61 65 74 77 83 84 88 89 91 98 99 103 107 109 114 118 120 121 125 128 130 133 140 144 145 147 151 153 157 158 163 170 172 175 177 178 183 185 188 191 195 197 201 203 205 211 213 217 218 221 222 226 230 231 238 241 244 247 249 251 256 258 260 263 267 270 271 275 276 278 280 287 290 294 297 301 303 307 311 312 313 314 316 320 324 326 327 329 339 340 344 346 353 356 359 362 364 367 371 374 377 381 383 385 389 391 396 401 404 408 412 416 417 419 423 424 426 428 433 438 441 444 446 448 450 452 455 459 463 464 466 469 473 476 480 483 484 486 490 493 497 501 503 505 
48 60 64 66 78 82 84 88 91 95 99 103 106 108 111 112 117 121 122 126 128 132 133 134 141 146 148 149 155 156 161 162 164 172 174 177 181 185 187 190 192 195 196 200 204 206 209 215 218 220 223 227 229 230 233 237 241 244 247 251 252 254 257 260 261 267 271 275 276 278 279 282 285 291 292 296 301 304 305 311 312 314 317 318 319 321 326 330 333 334 342 346 348 351 357 359 360 364 366 370 374 375 378 382 387 389 392 394 398 403 407 409 416 417 421 422 427 431 434 435 437 441 445 449 453 456 460 462 464 467 470 473 476 477 478 482 484 487 490 491 493 495 498 505 509 510 
49 62 68 69 79 83 86 90 92 96 103 107 110 111 115 118 119 123 125 129 132 135 139 141 143 149 151 153 158 161 163 167 168 175 176 180 185 186 189 193 196 200 203 204 205 209 211 217 222 223 226 229 233 235 237 239 243 246 251 254 257 260 261 264 268 269 275 278 279 282 285 289 291 292 296 300 305 307 309 315 317 320 321 323 325 326 327 333 334 335 345 347 350 354 361 362 365 366 370 372 376 377 380 384 391 394 396 398 401 404 408 413 419 421 423 425 428 435 438 441 442 443 449 453 455 458 463 464 468 472 473 476 477 481 483 487 491 493 495 497 499 503 505 508 510 512 
51 65 71 73 82 87 90 94 98 102 105 109 111 114 117 122 126 128 129 131 133 138 143 144 147 153 157 161 162 163 166 170 173 177 178 181 187 191 193 194 197 202 205 207 210 214 218 222 223 225 227 232 237 240 241 244 245 249 254 255 261 265 269 271 272 276 279 281 284 286 289 290 292 295 297 304 308 310 311 316 321 322 325 327 328 332 334 337 341 342 348 350 352 358 364 366 369 371 375 378 379 383 387 390 394 396 399 400 402 405 410 417 421 422 426 430 433 438 441 443 444 446 450 456 458 459 466 467 470 476 479 481 483 484 487 490 493 497 498 502 504 508 512 516 517 521 
55 69 75 76 83 88 93 96 101 106 107 113 116 120 124 127 128 129 131 132 137 139 144 145 148 154 158 163 165 167 170 171 177 180 181 182 190 192 196 197 201 206 207 211 214 218 222 223 225 228 231 235 238 241 243 245 246 250 257 260 263 269 272 275 277 281 284 286 287 288 293 295 296 297 301 308 309 311 314 319 322 326 329 332 334 336 339 342 343 345 349 352 356 361 368 372 373 375 378 380 381 386 391 392 397 399 402 405 407 411 412 418 424 427 431 433 434 439 443 446 447 448 451 457 462 463 467 470 472 478 481 483 484 486 490 494 496 499 501 505 507 509 513 518 520 523 
57 73 79 83 86 91 95 99 102 107 108 117 121 122 127 130 134 135 139 142 145 149 151 153 157 160 164 167 171 173 176 179 183 185 188 191 192 194 199 203 206 207 208 213 215 221 226 230 234 236 238 239 240 243 247 249 251 255 258 263 264 273 275 277 280 284 285 288 291 293 295 297 301 303 307 309 313 315 319 323 327 331 332 336 338 339 343 347 348 352 354 355 357 364 372 375 378 381 385 389 393 396 399 403 404 405 408 409 413 416 419 423 426 429 433 434 438 442 445 448 451 455 456 460 466 467 470 471 474 482 486 490 491 493 495 497 499 502 505 508 511 514 518 522 526 530 
60 75 80 84 87 93 97 100 106 111 112 118 125 126 130 131 136 139 141 143 147 153 157 160 162 165 168 171 174 177 181 183 185 189 190 192 193 195 201 204 207 210 213 214 217 222 230 231 235 237 239 243 247 248 252 255 259 260 261 265 269 274 278 280 282 285 287 289 292 296 298 301 304 306 309 311 316 317 320 327 331 332 334 338 340 342 344 350 353 357 360 363 366 369 375 376 381 383 389 390 397 400 401 404 407 411 412 413 416 418 421 427 431 434 437 441 444 448 449 453 457 460 464 465 468 469 472 475 479 484 488 491 493 497 499 501 503 506 507 512 514 518 522 525 530 532 
63 77 84 85 88 96 100 101 110 114 118 119 126 128 132 135 140 142 146 149 153 156 159 162 166 169 170 173 176 180 184 187 190 191 193 197 199 201 204 206 211 214 217 220 222 224 232 234 236 241 244 248 250 251 255 256 263 267 268 270 272 276 280 283 285 286 290 293 294 299 303 306 309 313 316 320 324 327 329 331 335 337 339 341 342 343 345 351 354 360 362 367 371 373 379 382 385 389 390 393 399 403 406 409 411 413 415 419 420 421 422 428 435 438 439 443 446 452 455 458 461 463 466 469 470 473 477 479 480 486 490 492 496 500 504 508 510 511 513 515 518 522 526 528 532 535 
64 80 85 87 89 97 103 106 111 115 119 120 127 132 135 139 142 146 149 153 155 159 163 167 169 170 174 176 177 184 188 190 193 194 196 201 203 204 205 207 212 218 222 224 225 229 235 239 240 245 246 251 253 255 258 262 266 268 270 271 273 280 284 288 290 291 293 297 301 305 308 309 311 314 318 324 328 329 330 332 337 341 342 344 348 352 353 355 356 364 368 371 374 378 380 385 386 393 396 397 400 407 408 413 417 419 422 425 429 431 434 435 436 442 446 449 453 454 458 462 466 470 472 476 478 479 480 482 486 489 491 493 498 504 507 509 512 515 518 520 523 526 529 533 535 539 
67 84 86 91 95 100 104 107 113 116 122 124 129 134 136 140 143 150 153 156 157 163 166 171 174 178 179 180 182 185 189 193 196 200 203 206 209 211 213 214 215 222 223 227 230 233 238 243 246 249 251 254 256 259 261 263 269 273 275 276 280 284 288 290 294 298 300 302 303 307 312 315 317 318 322 327 332 335 336 339 340 345 348 349 350 353 356 360 363 365 369 375 376 381 385 387 390 397 398 400 403 408 412 415 420 423 425 429 433 437 441 442 444 448 452 454 455 457 461 464 469 471 475 478 480 481 483 486 490 492 495 499 502 508 510 511 516 518 519 523 527 529 533 534 539 542 
68 85 89 94 96 103 108 110 115 118 126 129 132 135 140 144 148 154 158 162 163 166 169 175 177 179 180 183 186 190 193 194 200 201 204 208 210 212 215 216 218 225 229 232 236 240 243 244 250 253 255 256 260 262 265 268 271 275 279 282 283 288 291 293 298 299 303 307 311 315 318 321 325 328 329 332 334 336 338 341 345 347 349 353 354 358 361 362 366 369 372 377 381 385 388 390 391 400 404 406 407 412 414 419 424 426 428 432 436 440 444 448 451 455 456 457 458 462 464 465 470 473 476 482 484 488 492 496 499 502 503 504 505 509 512 516 520 521 523 524 528 532 534 535 540 544 
69 87 93 96 97 105 112 113 116 122 127 133 134 138 141 146 150 157 159 166 170 171 173 177 179 183 187 190 191 192 194 196 201 202 207 212 216 220 222 223 224 226 231 235 239 242 246 250 253 254 259 261 264 268 272 273 276 277 283 285 289 291 294 297 299 301 305 311 313 319 323 326 330 331 334 336 338 341 345 349 351 355 358 362 364 365 367 371 372 373 377 380 385 389 390 392 393 401 408 409 412 414 418 421 428 430 432 433 440 441 446 449 452 457 460 461 465 468 469 472 473 476 477 486 490 494 498 499 501 503 507 509 513 517 520 523 525 529 533 535 536 537 538 540 542 547 
71 89 97 99 101 108 113 114 120 123 129 137 141 145 148 151 155 160 164 170 172 174 175 179 180 187 188 191 194 196 198 200 202 206 210 216 219 222 225 227 230 233 237 239 242 245 247 254 258 259 262 264 266 270 273 275 277 279 286 287 291 293 297 300 301 303 309 313 315 321 326 329 331 333 338 342 345 346 348 352 354 356 362 365 366 368 370 374 375 378 382 386 390 393 395 397 398 404 411 412 413 415 419 424 431 435 436 439 442 445 450 451 456 458 463 464 469 470 471 474 478 481 484 488 491 498 500 502 504 505 511 515 516 519 524 525 529 530 537 541 543 546 550 552 554 555 
73 90 98 102 103 109 114 116 123 125 130 141 143 148 149 154 158 163 168 171 173 177 179 183 185 189 192 196 199 203 206 208 212 216 220 223 227 230 234 236 238 241 244 246 250 253 254 258 259 260 263 266 267 271 276 277 279 282 289 290 294 296 298 302 305 306 312 315 318 323 328 333 336 340 344 347 348 352 354 358 359 363 365 369 371 372 373 377 380 383 387 390 392 395 399 401 403 407 415 417 418 421 423 425 435 439 442 443 444 447 452 454 457 461 467 470 472 474 477 479 481 483 485 490 494 502 506 507 510 513 514 519 521 522 525 527 532 535 538 544 548 549 553 556 560 563 
76 94 102 104 106 110 116 120 125 126 131 142 145 152 154 157 162 165 170 175 176 181 185 189 193 194 196 197 200 205 208 211 216 219 221 227 231 235 236 240 242 244 245 248 253 255 259 263 266 268 269 272 273 277 280 282 286 290 293 297 300 302 306 308 312 316 320 323 324 325 332 334 339 342 345 348 350 354 358 360 364 367 370 374 375 379 380 384 386 390 391 394 395 398 403 407 408 409 416 419 420 423 427 428 439 443 447 448 450 453 457 459 461 462 471 473 474 478 481 484 486 490 492 496 500 506 509 511 514 515 516 523 526 530 534 536 539 540 542 547 549 551 556 559 562 565 
80 96 104 105 109 114 119 124 129 133 137 144 147 155 157 161 165 167 174 179 183 185 186 193 195 197 200 201 202 207 212 213 218 223 224 230 234 237 241 244 246 248 250 253 254 259 260 267 269 271 275 279 280 281 282 284 288 293 295 298 302 305 310 311 314 318 324 326 330 332 333 336 341 346 350 352 356 358 361 362 368 371 373 376 377 382 383 388 390 392 395 396 398 401 406 411 413 416 419 423 425 426 430 431 441 447 450 452 454 455 459 460 465 468 475 478 481 483 485 486 489 494 497 499 502 507 512 516 517 520 521 526 528 534 538 539 542 545 548 549 551 553 557 560 565 569 
81 97 105 107 111 116 123 126 131 134 140 148 150 158 162 164 166 171 175 183 187 189 193 195 196 201 205 207 208 209 216 217 221 225 227 233 238 240 243 248 251 253 257 260 263 267 268 269 271 272 276 281 284 287 289 292 293 295 297 299 306 308 311 315 317 319 326 330 334 337 340 343 344 348 352 353 359 361 365 368 369 375 377 379 380 386 390 392 396 397 400 401 402 405 407 415 417 419 421 425 427 429 433 436 442 449 451 456 458 461 465 468 472 474 479 483 486 487 489 490 491 496 499 502 506 510 516 519 520 521 524 529 530 536 540 544 545 547 550 552 553 557 561 564 567 570 
84 98 107 108 114 117 124 128 135 136 144 152 154 160 164 165 168 174 178 186 191 193 194 199 201 203 208 210 212 216 219 221 225 227 228 234 242 245 248 252 254 258 261 263 267 269 272 276 277 281 282 286 290 291 294 296 297 301 304 308 310 312 315 317 318 321 329 334 335 338 344 347 349 350 356 358 363 366 370 371 375 376 380 381 382 389 393 395 397 399 404 406 407 409 410 416 421 422 425 426 429 431 436 439 444 450 452 459 463 467 471 475 477 480 482 487 488 490 491 492 493 499 500 503 509 514 518 523 524 528 532 533 536 538 544 546 548 552 554 558 560 561 565 568 569 571 
86 100 108 110 117 120 127 131 137 138 148 154 155 162 167 170 172 177 182 189 193 197 201 203 207 211 215 217 218 220 222 226 227 229 231 236 246 247 251 255 259 263 267 271 272 275 277 279 282 283 285 289 294 296 297 298 300 303 305 309 311 316 318 321 322 324 333 337 338 339 348 351 355 358 359 360 366 370 372 373 378 379 381 384 387 391 396 397 398 401 406 409 411 413 416 420 422 424 426 429 432 433 440 443 448 451 453 460 466 468 475 479 483 485 486 488 490 494 497 500 504 506 509 510 512 516 519 526 527 530 534 536 539 543 545 547 551 554 556 561 564 566 568 570 571 572 
90 104 110 114 121 122 131 135 139 143 152 155 157 163 168 172 176 178 185 193 197 201 205 206 209 214 219 222 223 224 227 229 231 234 237 240 248 249 255 257 260 264 270 275 276 277 281 284 288 291 293 297 301 303 305 308 312 314 317 318 322 324 328 331 333 336 337 341 343 344 349 352 356 360 361 363 369 372 375 376 379 381 385 387 389 392 400 401 404 408 411 414 418 420 421 424 425 427 428 433 434 436 442 446 449 452 455 464 467 469 478 481 484 489 491 494 497 499 501 502 505 507 513 515 516 518 521 527 531 535 539 543 547 548 551 552 555 556 559 565 569 571 573 576 579 582 
92 107 112 115 122 124 135 137 141 144 155 159 161 167 172 175 180 182 186 197 201 203 207 209 212 215 223 225 229 233 237 238 242 243 247 249 251 252 258 259 261 265 272 279 283 284 288 290 293 294 297 299 303 304 308 310 313 316 318 321 324 328 329 333 334 339 340 342 347 351 352 356 359 362 364 366 373 375 377 379 380 385 388 390 391 396 402 406 409 411 413 417 420 424 427 429 432 433 434 436 437 440 443 450 451 455 456 465 470 471 482 485 489 491 492 495 501 505 509 513 517 519 521 523 526 529 531 532 533 536 541 544 550 554 557 561 562 563 565 568 572 576 577 581 585 587 
95 109 113 119 123 127 139 143 144 145 158 161 163 171 174 177 184 187 190 201 205 209 212 216 217 221 226 229 232 235 238 240 244 245 251 252 254 257 260 262 263 269 275 280 286 287 291 295 296 300 303 307 308 309 313 317 319 321 322 325 328 329 332 336 338 342 343 346 351 354 356 360 364 365 369 371 375 379 383 386 387 391 395 396 400 404 406 407 413 415 419 421 423 428 431 435 437 440 441 443 445 449 452 455 459 462 466 468 472 476 483 488 490 493 494 499 502 507 510 514 521 523 526 529 532 533 534 538 542 545 546 547 553 557 559 563 566 567 571 573 577 579 580 583 589 591 
98 111 115 120 125 129 143 147 148 151 159 163 166 172 178 182 185 191 195 203 209 212 216 220 222 224 228 232 234 237 239 244 247 250 253 255 258 262 266 270 274 276 279 282 288 289 293 297 301 303 306 310 313 315 319 323 325 326 330 333 335 338 340 342 344 345 347 348 353 355 358 361 365 366 371 373 379 380 387 390 391 395 399 401 404 407 409 410 415 417 421 424 425 429 435 436 440 444 447 451 454 457 461 465 467 470 474 477 478 482 487 491 493 494 496 501 504 511 514 517 522 526 527 530 534 536 540 544 547 548 551 554 555 559 562 565 570 572 574 577 581 584 588 589 593 596 
102 114 117 123 126 130 144 149 151 155 161 167 170 173 179 183 188 192 198 207 213 215 220 222 225 228 230 236 240 243 247 248 250 251 255 259 260 263 270 271 275 280 283 284 290 291 295 300 304 307 308 313 316 320 321 325 328 330 333 335 338 341 345 349 353 355 356 358 360 364 366 367 370 373 375 377 380 383 391 394 396 400 402 406 407 409 413 415 416 420 423 425 426 432 438 440 441 447 450 453 458 461 462 466 469 473 475 479 482 485 488 493 497 499 502 503 508 512 517 518 526 529 531 532 538 540 541 545 549 551 554 557 559 561 566 570 574 576 580 582 586 588 589 593 596 597 
105 115 121 127 128 133 148 153 156 159 162 169 174 176 181 185 191 195 201 211 217 221 223 226 227 229 232 239 243 244 250 252 256 257 261 264 268 272 275 276 279 283 285 287 293 296 300 303 307 308 310 316 317 322 324 329 331 334 335 336 340 344 347 353 354 356 357 361 362 365 368 370 373 376 380 381 384 385 393 395 397 404 406 407 409 410 414 417 419 422 425 426 429 436 439 441 443 451 452 456 462 466 470 474 475 479 480 484 486 489 493 496 499 503 505 509 510 516 521 522 529 531 532 533 542 546 547 551 555 557 560 562 565 569 571 574 576 580 581 583 588 592 593 597 599 603 
108 119 124 130 134 136 152 156 159 162 165 172 177 179 185 189 195 196 202 214 220 224 225 227 230 232 234 243 246 248 251 256 259 261 263 266 269 276 277 278 281 287 288 290 295 298 302 306 308 312 315 320 321 325 328 330 333 337 341 344 345 349 351 355 359 362 363 364 365 369 372 373 375 378 383 387 391 394 395 399 402 405 409 413 415 417 419 422 425 426 428 430 434 440 443 444 446 454 458 462 464 470 473 476 478 482 484 488 490 493 497 501 505 506 507 512 514 517 524 527 532 536 537 539 543 550 551 552 558 562 564 568 571 574 577 580 581 585 588 590 592 593 595 600 601 607 
111 121 127 132 135 140 156 160 161 165 167 174 181 184 187 193 199 202 206 216 221 227 231 234 237 241 244 246 249 252 256 259 262 263 264 269 272 279 283 285 289 293 295 297 301 304 306 307 309 313 318 323 326 328 332 333 336 340 345 347 351 352 356 360 362 364 368 369 370 371 373 377 378 379 385 390 393 395 399 402 406 408 411 416 420 423 426 428 431 434 438 440 443 444 445 449 452 455 459 465 466 471 475 479 482 486 488 492 495 499 500 504 507 510 514 517 520 523 525 531 534 537 540 542 546 554 555 556 562 565 566 571 572 577 580 581 585 586 589 592 594 597 598 602 604 609 
112 123 131 136 139 143 160 163 167 169 173 175 182 187 191 197 200 205 208 220 224 228 235 237 238 242 245 249 252 254 260 264 265 269 271 275 279 281 284 289 290 297 300 302 305 306 310 312 314 315 320 325 330 331 336 338 341 343 348 351 354 358 360 361 366 367 370 372 373 374 375 378 379 383 387 391 397 401 402 406 410 411 415 419 423 427 431 433 434 437 441 445 449 451 453 456 458 462 464 469 473 477 480 483 486 489 490 493 497 500 503 508 512 514 516 520 524 525 526 533 537 541 542 546 549 556 560 561 564 566 567 574 577 578 582 583 588 589 592 593 597 598 599 604 607 610 
116 124 132 138 140 145 162 164 170 174 176 177 184 191 194 201 202 206 209 224 227 231 237 238 239 243 249 253 257 259 263 267 269 273 276 279 280 285 286 291 295 298 302 304 307 308 313 317 320 321 322 327 334 337 338 340 344 346 350 352 356 360 361 364 367 369 374 376 378 380 383 384 386 388 391 394 400 404 407 409 411 413 417 422 425 430 433 435 438 439 443 449 450 455 459 460 463 464 468 473 477 479 484 485 489 493 497 501 505 507 510 514 516 519 522 524 526 528 529 535 539 543 546 548 550 558 563 567 569 572 573 576 580 583 585 587 591 595 596 600 601 603 604 608 611 615 
117 128 134 141 143 148 166 169 172 178 181 182 187 195 197 202 203 210 214 225 231 232 239 243 246 250 253 257 261 263 265 271 273 274 279 280 283 286 288 292 298 302 306 310 313 317 321 324 325 329 332 336 337 341 344 347 351 353 357 358 362 366 370 374 376 378 382 384 388 389 391 392 396 399 400 402 403 407 410 413 415 416 420 423 428 434 438 440 444 448 450 453 454 457 460 464 468 470 472 474 481 484 488 489 492 494 500 503 506 510 512 517 521 524 525 526 529 530 531 537 541 547 551 554 556 559 567 568 572 574 575 580 582 584 587 590 593 599 603 606 607 610 611 613 615 618 
120 129 135 143 147 151 168 171 173 179 185 189 192 199 200 205 206 212 215 228 235 237 241 244 249 253 256 260 262 266 267 275 277 280 284 288 292 294 298 300 304 308 311 314 318 319 322 327 331 332 333 338 339 344 348 350 353 356 360 362 365 370 371 376 378 381 386 388 389 393 395 398 399 402 406 410 412 415 416 420 422 425 427 428 430 438 439 442 446 449 451 457 459 463 467 471 473 475 479 481 485 488 490 494 495 496 501 504 507 511 514 520 524 525 529 533 535 537 539 542 545 551 555 557 558 561 569 571 575 578 581 585 589 593 596 599 601 603 605 607 610 613 614 618 620 621 
124 133 136 146 150 154 172 174 175 183 186 191 195 203 204 208 211 214 216 230 236 238 242 248 253 256 260 264 267 271 274 278 282 286 288 291 293 296 300 303 306 312 313 316 320 322 324 329 332 335 338 341 344 347 350 353 355 360 361 365 369 373 375 380 383 384 388 389 391 396 397 401 405 408 411 415 419 422 424 428 430 431 432 435 438 441 445 446 449 451 452 461 465 466 468 475 479 483 484 487 491 494 497 501 502 505 509 512 516 517 519 521 525 529 530 534 539 543 547 551 553 554 559 560 563 566 571 572 576 580 582 587 591 597 600 603 604 605 609 612 614 616 617 619 623 624 
128 135 140 149 152 157 173 177 179 187 190 194 199 207 208 210 215 219 223 234 238 239 243 252 257 260 262 267 270 275 279 281 286 290 294 296 298 299 303 306 308 316 319 320 324 325 329 331 333 339 341 343 346 348 354 358 360 363 367 369 372 375 377 384 386 390 393 395 399 403 407 409 411 414 418 419 422 425 429 431 435 438 440 442 445 446 449 451 454 456 460 463 466 470 474 479 480 485 486 491 495 497 501 503 506 510 513 515 518 520 522 526 529 532 534 535 540 544 549 554 556 557 563 565 567 570 575 576 580 584 587 589 594 601 602 604 608 612 615 619 620 623 625 629 633 637 
132 136 144 153 154 160 177 181 183 188 194 197 202 209 213 217 218 222 225 236 241 244 247 255 258 262 263 268 272 279 282 286 289 292 296 298 299 300 305 308 311 319 323 327 331 332 336 337 341 344 345 348 351 352 355 359 363 366 369 372 375 379 382 388 389 391 397 401 402 406 410 413 416 418 420 421 426 430 431 432 436 442 443 445 449 450 451 455 459 461 462 467 469 472 478 482 483 488 490 493 499 501 503 504 509 512 514 516 519 521 525 530 532 534 538 540 541 547 552 557 558 560 565 569 571 573 578 582 585 587 591 592 598 605 606 608 610 613 619 621 622 624 628 633 634 639 
133 140 147 154 155 161 180 184 188 191 197 201 205 210 215 220 221 226 230 239 242 248 249 259 262 264 265 270 276 280 285 290 293 295 300 304 306 308 312 313 316 320 326 331 335 337 339 341 345 348 350 354 355 359 363 364 366 367 373 377 379 380 384 392 393 397 400 403 405 410 411 415 417 420 424 426 427 433 434 438 439 443 446 450 452 455 456 458 463 464 468 470 472 474 480 485 489 493 496 499 503 506 508 512 516 519 521 523 524 527 531 533 535 538 541 543 545 548 555 560 562 564 568 572 573 575 581 586 589 593 595 596 601 609 610 613 616 619 623 626 627 629 631 634 638 641 
134 144 149 156 157 163 183 185 189 192 201 203 209 214 218 223 224 228 234 241 246 252 256 263 266 268 271 275 277 282 287 294 297 298 304 307 308 310 316 318 321 324 327 333 339 343 346 347 351 352 355 356 360 362 365 366 369 371 374 378 381 383 387 393 394 398 404 406 408 411 415 416 419 421 425 428 432 436 438 440 441 447 448 454 455 457 458 459 465 467 470 474 477 478 481 488 490 495 497 500 507 510 513 514 517 520 524 525 527 529 533 535 538 541 544 545 546 549 556 562 563 568 572 573 575 577 582 588 591 595 598 599 604 610 611 617 618 622 625 628 630 634 637 639 640 645 
137 148 150 158 159 167 186 190 191 194 204 207 211 215 221 227 229 231 235 242 247 255 258 267 271 273 277 278 280 283 291 295 299 302 307 311 312 313 319 322 323 326 331 334 340 346 349 353 354 356 357 361 362 365 368 372 373 376 380 382 383 387 391 395 398 400 407 410 412 414 418 420 423 425 426 432 434 437 439 441 444 448 450 458 462 464 466 468 470 472 474 476 480 481 484 489 491 497 501 502 510 513 517 519 522 524 525 527 528 531 536 540 544 548 552 553 554 558 561 565 566 572 574 575 576 580 583 591 595 597 602 605 606 612 615 619 621 624 628 631 633 638 641 643 647 651 
141 151 155 162 165 170 188 194 195 196 205 211 214 219 222 228 230 235 237 243 251 259 262 268 272 276 279 282 284 285 294 296 302 303 308 312 313 315 322 326 330 332 335 336 343 349 352 354 358 359 361 362 364 368 372 375 377 380 384 388 391 393 395 396 401 403 411 415 419 423 426 427 430 432 434 438 439 441 443 445 446 452 455 462 464 465 469 470 474 478 479 480 484 486 487 493 496 500 505 506 511 517 519 522 526 527 530 531 532 534 539 542 546 551 553 555 558 562 563 566 568 576 579 580 582 584 588 593 596 601 605 609 611 614 617 620 625 628 632 636 640 644 645 648 652 654 
145 153 158 163 168 173 189 198 199 200 207 215 216 223 225 230 231 237 239 246 254 263 265 269 275 280 281 286 289 293 295 298 303 307 312 313 316 317 325 328 331 336 339 342 344 351 355 356 362 365 368 372 375 376 378 380 381 385 387 390 394 398 399 400 403 406 412 418 420 427 430 431 433 434 435 441 444 447 451 453 457 458 461 464 466 468 473 474 476 482 483 486 487 490 492 494 497 504 507 510 512 518 521 525 527 531 532 535 536 540 542 543 549 553 556 560 561 566 570 572 573 579 582 583 585 587 592 594 600 603 606 610 613 617 620 621 629 631 633 637 642 648 652 654 655 657 
148 157 162 164 171 174 191 200 203 204 208 218 220 225 226 234 236 241 243 248 256 267 271 275 278 282 285 290 292 296 300 304 308 311 314 315 318 322 329 332 334 340 343 345 347 355 357 360 364 369 371 375 379 381 382 384 388 391 394 397 400 403 404 408 412 416 420 424 428 429 433 434 436 439 443 446 448 452 453 457 461 464 468 470 473 477 481 485 488 491 493 495 497 501 505 508 510 513 515 516 518 522 526 529 533 535 538 539 542 544 546 549 552 554 557 561 564 567 573 575 577 583 587 589 592 596 599 602 606 608 611 614 617 621 623 624 631 632 635 638 643 649 655 658 662 663 
152 161 163 168 172 177 194 204 208 209 211 221 225 229 233 238 241 245 248 252 259 269 275 278 279 283 289 293 297 301 304 306 310 312 318 321 322 324 330 336 338 344 348 349 350 356 358 363 365 371 373 376 382 386 389 390 392 393 398 402 406 407 408 411 413 417 423 428 430 432 436 440 442 446 448 449 451 454 458 461 465 467 472 473 474 479 483 487 491 493 496 497 499 504 508 509 512 515 516 520 524 525 530 531 537 541 544 546 548 552 553 554 556 559 563 567 568 569 574 576 581 585 588 592 593 598 602 603 607 609 612 618 622 624 628 630 633 636 640 643 645 652 657 662 663 667 
155 164 168 171 176 180 195 206 212 216 220 225 228 233 237 239 243 248 251 255 263 273 276 281 284 288 291 297 298 303 306 310 312 316 320 323 327 331 334 338 339 346 349 352 356 358 362 365 368 374 378 380 385 390 392 395 398 399 402 406 410 411 412 413 417 419 425 431 435 436 440 444 448 452 454 457 459 460 464 465 467 471 476 480 483 486 488 491 494 497 500 501 502 505 509 511 515 516 519 524 528 530 533 537 539 545 547 551 555 556 559 560 563 564 567 570 573 577 578 579 585 589 592 594 598 602 603 604 608 611 614 619 626 628 631 633 634 639 643 644 647 655 660 666 667 670 
156 167 172 176 180 183 197 209 216 218 224 227 231 234 240 241 244 249 253 259 265 275 277 282 286 292 296 299 300 304 310 314 317 319 323 325 330 332 337 342 344 347 351 355 357 362 366 368 369 378 379 383 386 391 393 398 399 402 404 409 412 416 420 424 426 427 429 433 439 440 441 445 449 453 458 461 463 465 469 470 474 478 480 482 485 490 494 495 497 500 502 506 510 512 516 517 520 524 528 531 535 536 537 540 543 546 548 554 556 559 563 566 568 572 574 578 581 583 587 589 591 592 595 596 600 604 608 609 613 616 618 620 630 632 633 634 635 642 647 649 651 656 662 669 671 674 
160 170 174 178 183 187 199 213 218 221 228 232 233 236 241 245 248 252 255 263 267 278 281 285 290 294 300 302 306 308 313 316 319 323 326 327 331 335 339 345 346 349 352 356 358 366 369 372 376 382 385 386 388 393 395 400 404 406 409 413 414 418 424 425 430 433 436 438 441 445 448 449 451 454 460 462 464 467 471 475 479 480 481 486 490 491 496 498 502 503 504 510 513 517 519 523 526 527 531 533 537 539 540 543 544 547 549 556 558 563 564 570 571 576 579 581 585 587 591 595 596 597 599 601 602 605 611 615 617 618 622 623 633 634 638 640 643 644 648 653 654 657 664 673 675 679 
164 173 177 180 184 189 201 217 221 222 232 236 238 239 245 249 253 255 256 264 269 281 285 287 293 297 301 304 310 314 315 319 321 327 331 334 335 339 341 349 352 353 357 359 363 367 370 373 378 384 388 392 393 394 398 403 405 409 412 417 420 424 428 431 434 435 439 443 445 448 452 453 457 459 461 464 467 470 473 479 483 486 487 491 493 495 497 501 505 506 510 512 515 521 524 525 528 531 535 538 541 543 547 549 552 555 557 558 560 564 567 573 575 578 582 583 587 588 595 597 598 601 605 608 610 611 612 618 622 626 627 629 637 641 643 645 646 649 651 655 659 661 666 674 678 682 
168 174 178 181 188 190 205 219 224 227 236 238 241 242 249 251 256 257 259 265 273 284 289 293 295 301 302 305 311 315 318 322 323 330 335 338 340 344 346 353 355 359 362 363 367 368 374 378 382 386 390 393 396 397 400 405 409 412 415 421 423 426 431 433 437 441 444 446 448 449 456 458 460 461 464 466 470 471 477 480 486 489 490 492 494 499 500 502 507 509 511 516 517 523 527 529 530 535 537 542 546 547 548 553 556 558 561 564 566 567 569 575 578 581 583 586 591 592 599 602 604 606 607 612 616 619 621 625 629 632 635 637 639 644 648 651 652 655 658 661 665 667 669 675 679 684 
172 177 180 184 191 194 209 223 227 230 238 242 244 245 250 253 259 260 262 267 277 286 290 294 296 302 305 308 315 317 322 326 329 332 339 342 346 348 351 355 358 361 366 367 370 371 376 382 383 387 394 398 399 401 405 408 410 416 418 423 427 431 432 437 441 444 447 451 452 455 457 459 461 465 467 468 474 475 478 484 489 492 494 497 501 505 506 508 511 514 518 521 522 527 531 533 537 541 543 544 549 552 553 557 559 560 565 567 570 573 576 577 579 582 585 588 595 597 602 606 607 611 613 617 621 623 625 628 631 636 640 641 642 645 650 655 657 660 663 664 667 670 674 676 680 685 
173 178 183 186 194 197 210 225 230 234 240 245 249 252 254 255 262 264 265 271 281 287 293 295 297 303 309 310 319 320 323 327 332 335 341 344 348 351 352 359 361 364 368 372 374 377 378 385 388 389 397 401 402 406 410 412 414 420 423 424 430 435 439 440 445 448 451 454 456 457 458 462 464 468 472 475 479 481 484 487 491 496 498 499 504 509 513 516 517 518 520 523 526 528 533 534 539 544 548 549 551 553 554 558 560 561 566 568 574 575 579 582 585 587 588 589 597 601 605 608 612 615 619 621 625 627 628 631 634 639 641 642 643 646 651 659 662 666 667 668 672 675 679 683 684 687 
176 182 187 191 198 200 213 229 234 238 241 247 252 256 257 258 264 268 270 273 285 288 295 297 299 306 312 314 322 325 327 330 333 338 343 347 351 355 358 363 364 365 370 376 380 383 387 391 392 395 398 405 406 408 412 415 416 421 425 426 432 438 441 445 449 451 455 458 460 463 465 466 469 472 473 476 481 483 487 488 495 500 504 505 506 513 516 520 524 528 529 532 536 537 538 539 540 546 552 555 558 561 565 567 570 571 574 577 581 585 587 589 593 596 597 599 602 605 606 609 613 618 621 622 628 632 636 638 642 644 646 649 652 654 657 662 663 667 671 674 676 678 680 686 689 693 
177 186 189 192 199 202 216 230 238 239 244 250 255 257 260 264 266 272 273 274 288 292 299 302 306 309 313 317 323 329 330 331 334 340 344 349 354 358 362 365 367 370 372 380 382 384 391 393 395 399 401 408 412 415 416 417 421 424 428 429 436 442 446 448 452 455 458 460 461 465 468 470 472 476 478 479 485 487 491 494 499 504 508 510 513 517 521 525 528 532 534 535 539 542 543 544 547 548 556 560 563 565 568 570 572 574 576 579 585 587 589 593 596 598 599 603 604 607 608 611 616 620 625 627 629 635 639 641 643 645 650 653 655 658 661 665 669 671 674 676 678 681 682 689 690 696 
179 190 194 195 200 205 220 231 241 242 245 254 257 260 262 268 272 273 275 278 290 295 301 306 310 314 318 319 324 330 334 336 339 342 347 351 356 362 366 369 371 374 376 383 386 387 393 396 398 402 404 409 414 416 418 421 423 427 432 436 440 443 449 452 453 458 461 462 466 467 470 474 478 479 480 481 489 491 495 498 503 506 511 514 518 521 523 528 530 535 536 538 542 545 546 550 554 558 561 563 565 566 571 573 576 577 581 582 588 591 593 596 600 603 606 609 611 612 614 615 618 621 628 630 633 637 642 645 646 650 654 658 660 661 664 668 670 675 679 680 682 686 687 693 694 697 
180 194 196 200 203 209 224 234 244 247 249 258 260 263 265 272 274 275 279 281 292 296 305 307 311 316 319 321 326 334 336 339 341 343 351 355 357 363 368 373 374 378 379 387 391 394 395 397 402 403 406 413 415 420 421 423 427 431 434 437 444 446 453 454 458 459 463 467 469 472 473 475 482 485 486 487 490 495 499 501 507 509 515 518 520 523 526 529 533 539 540 541 543 547 549 551 556 562 564 568 569 572 573 575 578 582 585 587 589 594 597 600 602 604 610 612 614 615 616 617 622 626 632 636 640 642 644 649 651 654 657 662 666 668 671 674 677 679 682 684 686 690 694 698 699 702 
181 198 199 203 204 212 227 236 245 250 254 260 263 266 268 274 276 277 280 284 294 298 309 311 312 319 321 324 328 338 342 343 344 348 355 358 359 367 369 375 379 380 383 388 394 398 399 401 405 407 410 416 417 424 425 429 431 434 435 438 446 450 454 456 461 462 464 470 473 476 480 482 485 488 490 491 492 498 503 507 509 511 518 522 526 530 533 534 536 541 543 545 547 548 553 557 559 564 565 570 573 574 576 577 582 583 586 591 594 597 598 602 603 608 613 616 617 619 622 624 627 629 633 638 642 645 647 653 656 657 661 663 667 670 673 678 680 682 684 685 688 692 695 701 702 705 
185 201 204 207 209 216 230 237 249 252 258 262 265 267 270 277 278 280 284 288 297 299 310 312 316 321 322 328 331 340 344 345 347 349 356 359 363 371 372 377 382 385 388 392 398 399 400 405 407 411 414 420 422 427 431 433 435 437 440 443 447 454 456 460 463 467 468 472 475 479 482 484 489 490 494 497 499 503 507 508 510 512 520 523 528 533 535 539 541 543 545 548 551 554 556 559 563 566 570 571 576 578 581 583 587 588 592 596 597 600 603 606 608 612 617 619 622 623 625 627 630 631 635 642 644 646 650 656 658 660 662 664 670 671 675 680 683 687 690 692 695 697 700 705 708 709 
188 203 208 210 213 219 232 239 253 255 259 266 270 274 275 278 280 282 288 289 299 300 311 315 318 324 325 332 335 341 346 347 351 352 358 360 366 375 379 380 383 386 391 393 400 401 403 406 408 415 416 421 426 429 434 437 441 442 446 450 453 455 458 464 467 469 470 474 479 482 485 486 492 495 499 500 501 505 508 512 515 516 524 526 529 536 537 543 545 547 548 549 552 558 559 563 566 570 573 576 577 580 582 587 589 591 595 599 601 605 609 613 615 617 620 622 624 625 629 633 635 637 641 644 647 648 654 659 663 665 666 668 673 675 676 683 685 689 692 693 698 700 701 706 710 714 
189 206 210 214 215 223 236 240 257 259 261 268 274 277 278 279 282 283 290 291 301 304 315 316 320 328 332 335 338 345 349 350 354 356 362 363 369 378 383 384 385 389 392 395 402 405 408 412 413 417 418 425 427 430 438 439 444 446 450 454 456 457 462 466 468 473 474 477 483 487 488 489 494 498 501 502 504 508 509 515 518 522 528 530 533 537 539 544 548 549 553 554 558 561 564 568 570 571 575 580 582 585 586 589 593 596 598 600 605 606 610 615 616 621 623 626 629 633 635 636 640 644 647 648 649 653 656 662 666 669 670 674 678 682 685 686 687 691 696 697 699 702 703 710 714 716 
192 208 214 217 219 225 238 241 261 262 266 271 276 279 283 287 288 289 292 296 302 307 317 321 322 330 334 338 342 347 353 355 357 358 365 369 371 382 386 388 392 396 399 400 403 408 412 413 416 418 421 426 429 431 440 442 447 451 455 458 460 464 468 469 471 474 477 479 487 490 491 495 497 499 503 504 508 511 515 517 521 524 529 534 538 540 544 546 549 553 557 560 562 564 567 570 574 577 578 584 586 589 591 593 595 599 601 603 607 611 613 616 618 623 624 629 631 636 638 641 644 648 652 654 657 660 664 667 671 672 675 677 679 683 686 688 689 693 700 701 703 705 707 712 717 719 
194 212 217 219 223 229 239 245 263 267 269 274 280 281 284 290 293 297 300 301 304 311 321 325 326 334 338 341 346 349 356 359 360 362 366 373 376 383 389 390 394 400 401 403 405 410 413 414 420 424 428 429 432 434 442 443 449 455 457 459 462 468 469 470 472 477 479 483 491 494 498 499 500 501 506 509 512 514 519 522 524 525 533 538 541 542 547 548 553 555 558 564 566 568 569 573 575 581 585 588 591 594 597 600 601 602 603 604 608 614 618 619 621 625 628 632 634 638 639 644 647 649 653 655 658 663 665 671 672 673 678 679 680 687 691 693 695 697 704 706 707 709 710 716 721 723 
197 216 219 220 227 231 240 249 265 269 273 277 283 286 288 292 294 301 302 306 310 313 322 328 330 335 340 344 350 352 358 360 361 364 370 374 378 386 391 395 398 404 408 410 414 416 417 419 424 425 430 433 434 435 446 448 452 459 461 462 464 469 470 471 474 479 480 487 493 495 499 502 506 508 512 514 515 518 523 527 531 533 536 540 544 545 550 551 555 558 559 568 569 572 573 577 580 585 589 593 594 595 601 605 606 608 612 613 615 619 623 626 629 632 633 636 637 639 642 646 650 653 655 658 660 665 669 673 676 680 684 686 690 691 694 695 698 701 705 709 711 712 716 719 724 727 
199 219 222 223 230 235 244 251 267 273 275 279 286 287 292 294 297 303 305 309 314 315 324 331 333 338 343 348 353 357 360 363 364 365 373 378 380 388 394 396 400 406 410 413 418 419 423 427 428 429 433 436 439 441 447 450 453 463 467 470 474 478 479 481 482 483 485 488 494 499 501 503 510 512 514 518 522 523 527 531 533 535 537 542 547 551 552 556 560 563 565 572 573 575 576 580 584 586 591 596 599 603 605 606 609 611 614 617 618 620 625 629 631 634 636 637 640 642 643 649 653 656 657 659 662 667 670 675 678 683 686 689 693 695 699 701 705 708 711 712 716 719 721 725 729 731 
201 221 224 227 232 236 248 253 270 274 279 280 290 294 296 297 300 304 307 312 315 316 325 332 337 339 346 351 356 360 362 365 368 370 377 380 384 389 397 398 402 410 413 416 422 423 424 428 432 435 436 440 441 445 449 452 454 465 471 475 477 479 482 484 487 488 492 493 495 501 504 508 511 515 518 522 525 528 529 535 536 540 543 547 548 552 553 559 563 564 566 573 576 580 583 587 589 592 593 597 603 604 607 610 612 616 620 624 626 627 631 634 635 637 638 640 641 646 650 654 658 660 661 664 667 668 672 678 682 685 688 690 696 697 703 706 708 709 712 714 718 721 723 728 732 735 
202 223 226 228 235 239 252 254 273 276 280 281 292 297 298 300 301 305 311 316 317 319 328 335 338 343 350 354 360 363 367 369 372 374 380 383 386 393 400 403 407 414 415 418 424 427 429 433 437 438 442 446 448 452 455 457 460 468 475 476 478 481 485 486 489 491 495 497 501 502 507 510 514 519 523 525 527 531 534 537 538 544 547 550 552 555 556 562 564 565 569 574 577 584 586 591 592 594 595 599 605 607 609 611 613 618 622 627 629 631 632 636 638 641 645 648 652 654 656 659 660 663 667 668 669 672 673 679 684 686 689 691 700 704 705 709 712 713 716 718 720 724 725 732 735 738 
206 226 229 232 237 241 255 258 277 281 284 288 295 301 302 306 307 309 315 320 322 324 330 336 341 345 351 357 362 367 370 374 376 378 384 387 389 394 403 404 411 417 419 420 425 430 431 434 440 442 446 448 452 455 459 461 465 472 476 478 481 483 488 489 491 492 499 500 503 504 511 512 516 523 526 529 533 535 537 540 543 546 550 551 553 557 561 563 568 569 570 575 579 588 591 593 594 595 596 601 609 610 612 615 618 621 623 631 634 635 638 642 644 646 649 650 656 659 663 664 666 667 670 674 676 680 683 685 688 690 694 695 704 708 712 713 716 720 721 723 727 729 733 737 738 741 
210 230 233 234 238 244 258 262 278 285 288 291 296 302 305 308 312 316 318 324 326 329 332 340 343 347 352 360 363 371 374 376 380 382 388 392 396 397 406 408 413 421 425 428 429 431 432 438 443 445 449 450 456 459 462 465 467 474 480 483 487 489 493 496 498 500 504 508 512 514 515 518 522 525 528 531 537 539 541 542 546 549 553 555 556 561 565 568 572 575 576 578 580 591 592 595 596 597 601 604 610 613 616 620 623 624 627 632 637 639 643 647 649 653 654 655 659 661 665 668 670 674 678 679 680 681 685 688 692 694 697 699 708 710 715 716 717 721 722 724 730 733 734 740 741 742 
213 233 234 237 240 246 262 266 279 289 292 293 300 305 308 309 314 320 322 326 330 334 338 344 345 351 354 361 365 374 376 379 381 383 389 393 397 398 407 412 415 423 429 432 435 439 443 444 445 449 451 452 457 461 463 468 469 475 481 486 491 492 494 500 502 505 507 510 513 515 518 522 524 529 531 533 540 544 545 548 552 556 557 559 563 566 570 572 573 579 581 583 587 593 597 601 602 604 606 609 613 616 620 622 625 628 630 635 638 642 645 651 652 657 659 660 662 664 669 670 671 675 681 684 685 687 688 692 695 698 700 703 709 713 719 721 722 724 726 728 731 734 735 742 746 747 
214 237 239 242 243 250 263 267 282 290 293 297 303 306 312 313 317 322 326 328 332 336 342 346 349 355 356 365 369 376 377 382 385 386 391 395 399 402 408 416 417 425 432 434 439 442 444 448 450 452 453 454 459 465 467 471 473 476 485 488 495 499 501 505 506 507 510 514 516 518 521 524 527 531 532 537 543 548 550 554 557 560 563 564 567 571 573 575 578 581 585 589 592 597 600 603 604 607 609 613 617 620 622 623 628 632 633 639 641 644 647 654 657 659 663 667 671 675 679 682 686 688 690 694 695 699 701 705 709 710 712 713 714 716 722 723 727 731 735 739 740 741 745 747 751 754 
217 239 243 246 250 254 267 268 285 292 296 301 306 307 315 319 323 324 327 329 336 339 345 349 350 356 360 367 373 379 380 383 388 390 392 398 401 404 412 420 424 426 434 437 440 446 449 450 452 456 460 461 464 466 471 474 475 478 487 492 498 502 506 508 511 514 518 521 525 527 531 533 536 537 540 543 547 550 552 557 561 564 568 569 572 574 577 578 579 585 588 590 596 599 601 606 609 612 615 619 622 625 627 629 630 634 635 643 644 645 648 657 661 663 664 670 673 678 680 685 690 692 693 697 700 703 705 706 711 712 716 720 721 725 728 731 733 734 736 743 747 751 752 756 759 762 
220 243 247 251 252 255 270 274 289 294 300 304 310 314 317 321 326 327 330 334 337 342 346 351 355 360 362 370 375 380 381 387 390 394 396 400 402 408 416 423 425 429 437 439 444 447 453 456 460 463 464 468 472 474 475 478 481 485 491 493 499 504 510 513 516 520 523 526 528 530 532 537 541 542 546 548 549 552 556 559 565 568 572 576 580 584 585 586 589 592 596 600 601 602 603 607 611 615 617 620 624 628 632 633 634 636 640 646 650 651 652 659 662 666 669 672 676 682 683 688 694 696 698 701 703 704 708 712 714 716 718 724 727 729 731 734 736 737 740 745 751 754 755 758 760 763 
224 245 250 254 256 259 271 275 291 296 302 308 311 318 320 325 327 330 333 337 339 343 348 355 356 361 364 372 377 383 384 391 395 398 400 403 404 411 419 427 431 433 439 442 447 451 454 459 464 467 468 469 476 477 481 485 489 490 492 497 500 506 512 516 518 521 526 530 531 533 535 538 542 543 548 551 553 556 559 562 566 569 575 578 582 588 592 596 600 601 604 608 610 612 614 618 620 624 625 628 630 634 637 638 642 645 647 651 652 654 657 661 664 667 671 673 677 686 689 693 697 700 704 707 709 711 715 716 718 719 722 728 732 733 737 738 739 740 741 749 754 755 758 761 764 767 
226 247 254 256 259 261 275 277 295 300 303 312 316 319 324 329 330 333 337 340 344 345 350 358 362 365 368 376 378 385 388 392 399 400 403 405 407 413 423 431 434 438 443 447 450 452 455 463 467 471 474 478 482 484 486 489 490 494 496 499 502 507 515 519 522 526 529 534 536 540 544 547 551 553 554 556 560 563 565 567 571 575 577 579 585 589 594 599 604 605 607 612 616 617 619 621 625 629 631 633 636 637 639 643 645 648 652 654 657 660 661 665 669 671 675 676 678 688 691 695 700 701 705 710 714 716 717 721 724 725 728 729 736 737 739 740 741 743 744 752 756 757 762 763 766 770 
228 248 255 260 262 264 276 281 296 304 306 316 319 323 325 331 333 336 341 344 348 351 355 359 366 368 371 378 380 387 391 396 400 404 405 407 410 416 426 435 438 442 445 448 452 455 456 465 469 473 478 482 485 487 488 491 493 495 497 501 504 508 519 522 524 527 531 538 539 544 548 549 555 556 560 562 563 565 568 572 574 577 580 584 588 592 596 602 608 612 614 618 621 622 626 628 630 633 635 637 638 641 644 646 649 650 655 656 660 664 668 670 673 674 676 680 683 692 694 697 704 707 711 713 715 717 718 725 728 732 735 738 739 741 743 746 750 751 753 757 759 762 763 766 769 772 
230 249 258 261 266 267 280 282 298 307 310 319 322 325 329 332 337 338 342 345 352 354 358 360 369 370 372 381 385 390 392 400 403 407 410 414 417 420 430 437 442 443 447 451 454 456 458 466 473 477 482 484 487 490 493 494 498 499 502 505 506 512 521 525 526 529 532 539 542 548 552 554 556 558 561 564 565 566 571 574 576 580 582 587 591 594 598 604 610 613 615 620 624 628 629 630 632 634 636 641 645 648 650 653 656 658 661 664 667 669 670 672 674 676 680 684 686 693 696 701 707 708 713 717 718 719 721 729 733 737 739 741 742 746 749 752 753 754 757 758 761 763 765 767 770 774 
234 250 260 262 267 268 284 285 301 310 312 320 323 328 330 333 338 340 345 348 353 355 359 364 371 373 377 383 386 394 397 403 407 410 413 417 419 422 434 440 444 445 451 452 458 460 464 467 474 480 484 486 491 495 498 499 502 504 506 507 509 516 522 528 531 535 539 543 546 551 556 557 560 563 567 570 571 572 573 578 579 584 587 589 593 598 599 606 613 616 618 622 628 630 632 636 639 641 642 646 650 651 654 658 660 661 662 667 668 672 675 678 682 686 688 690 693 696 698 705 708 711 716 719 720 722 726 731 734 741 745 746 750 752 755 757 758 759 761 765 768 770 773 777 778 781 
236 254 263 264 268 271 288 290 302 313 314 324 328 332 333 334 342 344 349 350 356 359 363 365 373 374 381 384 389 395 399 406 409 412 415 420 423 425 435 442 448 452 454 455 462 466 467 469 477 483 487 489 494 498 500 503 506 507 509 513 517 520 525 532 536 537 542 544 550 553 558 561 564 565 568 573 575 578 580 581 585 589 590 594 596 601 602 608 615 618 621 626 630 631 635 639 642 645 648 651 652 655 656 659 662 663 664 671 673 677 680 682 686 687 690 694 698 699 701 706 709 713 720 721 725 728 730 733 738 745 748 750 754 757 759 762 763 765 767 771 774 777 780 783 785 789 
237 258 266 268 272 273 292 296 304 316 319 328 329 336 340 343 344 345 352 354 359 363 365 368 377 378 382 388 390 396 400 407 412 415 418 424 428 430 438 443 451 454 458 461 463 470 474 478 479 486 489 492 495 502 506 508 510 513 515 516 519 524 527 534 540 544 547 549 554 558 560 565 567 568 570 576 578 580 581 584 587 590 592 596 600 603 606 611 617 619 624 627 631 634 637 643 647 651 652 655 658 662 666 670 671 675 676 677 680 682 684 685 690 693 696 699 702 705 708 709 711 715 722 725 726 731 732 735 739 749 752 753 758 761 764 766 770 772 773 776 780 782 783 786 788 792 
240 261 267 269 275 278 293 298 306 317 322 330 333 338 342 346 348 351 353 357 362 364 367 370 379 383 386 391 392 397 404 409 413 419 421 426 430 432 439 447 453 458 460 465 467 474 475 481 482 488 491 493 498 506 507 512 516 518 522 523 525 527 528 537 541 545 549 550 556 560 564 566 570 572 573 578 582 584 586 587 591 594 597 600 604 606 607 614 621 625 628 629 635 636 638 644 649 655 658 660 662 666 670 674 675 678 682 683 684 688 690 693 697 698 700 703 704 706 712 715 717 721 723 727 730 735 738 741 743 751 754 757 760 762 765 769 774 777 779 780 783 786 788 790 791 795 
244 262 268 270 278 282 296 300 310 318 324 332 335 341 344 347 349 354 357 359 364 365 371 372 380 387 389 392 393 400 407 412 416 420 425 430 431 434 440 450 455 461 465 468 470 478 482 483 487 489 493 495 501 508 509 516 519 523 525 528 529 532 533 538 542 548 553 557 558 564 566 569 574 576 578 582 583 586 589 590 594 598 601 603 605 607 611 616 624 628 629 630 639 641 643 645 650 656 660 661 663 667 672 677 680 684 687 688 691 695 697 701 702 704 706 708 709 710 716 719 723 725 727 731 734 739 743 744 747 752 756 761 765 769 772 773 777 781 782 784 785 789 793 796 799 803 
248 265 272 275 282 284 299 304 312 321 328 336 338 343 348 351 353 358 361 365 369 372 376 379 382 390 393 394 396 403 410 416 418 421 427 433 434 438 442 453 459 465 466 471 472 480 483 487 489 492 496 498 502 509 510 517 521 525 529 530 534 538 539 540 543 552 555 559 563 565 568 573 575 577 581 584 587 591 594 595 598 601 605 607 610 611 615 617 626 630 632 634 642 646 650 651 655 659 661 663 666 670 675 678 682 687 689 691 692 699 702 706 709 710 711 715 717 719 722 725 728 732 736 737 740 744 748 751 755 758 759 765 769 770 776 780 784 788 792 794 797 798 802 804 808 812 
251 267 274 276 286 287 302 308 313 323 331 338 339 346 351 352 354 360 364 368 370 373 377 380 385 394 398 402 405 409 412 420 421 425 431 437 440 444 447 454 460 466 467 472 475 483 485 490 493 496 499 501 503 510 513 518 524 527 533 536 537 539 542 546 549 556 560 563 565 566 570 576 577 579 583 588 591 595 597 599 601 602 606 609 612 615 617 618 630 632 635 638 643 649 652 655 657 663 664 667 670 674 677 681 684 691 693 696 698 700 704 707 710 714 716 717 720 722 723 726 730 736 737 741 742 748 752 755 756 760 764 767 770 773 778 784 785 791 795 798 799 802 803 805 811 816 
253 268 275 279 287 289 304 311 314 324 332 341 344 347 353 357 359 361 368 371 372 377 380 382 388 396 402 403 407 413 415 423 427 430 434 438 443 445 451 455 461 469 471 476 478 487 488 492 497 499 500 503 505 513 514 522 526 530 535 538 541 543 547 548 551 557 564 567 571 575 578 579 582 584 587 591 595 598 602 603 607 610 612 613 614 616 621 622 631 633 637 640 647 652 653 659 662 664 667 668 673 676 678 685 687 692 695 699 701 705 707 711 713 717 719 721 723 724 727 729 734 740 743 747 751 755 758 761 762 765 768 771 775 779 781 785 787 794 797 800 802 805 809 811 813 820 
254 269 279 281 291 293 305 313 315 327 335 342 346 350 354 358 360 364 372 375 376 379 381 384 391 400 406 408 410 415 419 425 431 435 436 441 446 448 452 456 465 472 474 480 484 490 494 498 501 502 506 507 509 514 517 524 528 534 538 539 544 547 549 553 555 558 568 570 575 578 579 581 584 587 588 595 599 603 606 610 611 613 617 620 622 624 626 630 634 638 641 642 648 655 658 663 664 667 670 674 677 681 682 689 693 695 698 703 705 709 712 716 717 719 721 724 726 730 734 736 737 742 745 751 752 757 762 766 767 771 772 773 776 782 785 786 790 797 799 801 803 806 812 815 816 821 
257 270 280 284 295 296 309 314 316 329 337 346 347 354 358 360 362 365 374 377 381 383 387 390 392 401 407 411 414 417 420 426 434 437 439 443 447 452 455 459 468 475 477 483 487 493 495 500 503 505 509 510 512 517 519 525 532 535 541 542 545 550 552 554 558 560 569 571 577 581 584 588 591 595 597 598 602 606 610 613 615 619 622 625 628 632 636 639 640 643 645 649 651 657 660 667 671 673 674 677 681 682 683 690 697 701 704 705 706 713 714 720 721 724 726 728 730 734 738 739 743 747 751 753 757 761 765 769 773 776 779 780 783 785 787 790 792 800 802 806 808 809 816 817 820 822 
258 274 284 285 296 297 312 318 320 332 341 350 352 357 360 362 365 368 376 378 385 386 391 392 394 405 411 412 417 420 424 430 437 438 442 447 449 455 459 463 470 476 481 484 490 495 498 503 506 510 511 514 518 520 522 529 535 539 543 547 548 554 558 561 564 568 573 576 581 585 587 591 592 596 598 599 605 608 611 614 619 621 623 626 629 636 637 643 644 647 648 651 653 659 661 669 675 676 678 681 682 686 687 693 699 705 708 712 713 716 717 724 727 731 733 737 741 745 747 749 753 755 758 759 761 762 767 772 776 779 780 783 786 789 792 794 796 804 806 808 812 815 820 824 826 827 
259 278 285 286 300 302 316 320 322 336 343 351 355 360 363 366 368 371 379 381 388 390 395 398 402 409 412 416 419 422 428 431 441 444 445 448 451 457 462 467 472 479 482 486 494 497 501 506 510 512 514 515 521 522 526 530 536 543 546 548 549 556 560 564 566 572 574 577 582 587 591 592 594 599 602 604 607 612 613 615 620 624 628 630 634 638 641 647 648 650 654 656 657 660 664 671 676 677 681 682 683 687 690 696 700 709 713 716 719 721 725 727 729 733 735 739 744 746 750 754 756 757 762 765 768 770 772 776 777 783 785 788 790 791 795 798 801 807 809 811 815 818 821 825 829 831 
262 281 286 288 303 307 318 323 327 340 345 353 356 362 365 368 371 375 382 385 392 394 398 400 405 413 416 417 421 426 430 432 443 446 447 452 455 460 463 470 473 481 485 489 496 498 503 509 511 513 518 522 525 528 532 534 537 544 548 551 554 559 562 568 569 576 580 581 586 590 594 596 600 603 606 609 613 617 620 622 626 630 631 635 639 642 646 650 652 654 655 660 661 663 665 675 677 681 684 685 688 690 694 698 702 713 717 719 722 725 726 731 733 735 736 740 748 752 755 756 758 760 763 768 772 776 778 780 783 785 789 790 791 792 797 800 805 810 813 815 816 820 824 827 833 836 
265 283 290 291 304 309 319 324 331 344 348 357 359 366 367 369 374 378 383 389 395 396 399 402 408 415 417 421 424 429 432 434 445 447 450 455 456 463 465 471 474 483 489 493 498 502 504 511 512 517 522 525 526 530 534 535 541 545 552 554 558 563 566 569 573 580 582 586 589 593 595 600 602 605 608 610 614 618 621 623 627 632 633 637 640 645 648 653 655 659 663 666 669 673 676 677 680 684 686 688 691 694 698 702 706 717 719 720 723 728 732 734 736 740 741 743 752 753 756 758 761 764 767 769 773 779 782 783 784 786 792 795 796 800 803 805 808 812 815 816 819 821 826 830 835 839 
268 286 292 294 307 310 320 327 335 346 349 358 360 367 368 371 375 380 385 392 397 400 404 408 410 417 420 425 427 433 436 437 447 450 452 457 460 464 469 474 475 484 492 497 499 503 508 514 515 519 524 526 528 531 537 540 544 546 553 555 559 565 568 571 575 584 585 589 590 595 596 602 606 608 612 614 615 622 626 627 631 636 638 640 641 647 652 654 656 662 667 671 672 676 679 681 685 688 689 692 695 698 700 703 707 719 720 723 725 732 736 740 743 746 749 751 754 756 760 761 764 766 770 774 776 782 784 787 790 792 795 798 799 804 807 808 812 813 819 820 823 827 828 832 836 841 
272 289 296 297 309 311 322 330 336 347 352 361 365 371 372 375 377 384 387 396 399 404 408 412 415 421 423 429 431 435 439 441 451 454 458 460 462 465 472 477 478 487 494 500 502 506 511 518 522 525 526 529 531 535 540 542 545 547 554 557 561 569 570 574 579 587 588 593 595 597 598 603 609 610 614 615 616 624 629 631 635 640 641 642 646 651 656 658 661 665 671 673 676 680 684 685 689 693 695 699 702 705 706 708 711 723 725 727 729 733 739 743 747 749 750 755 756 759 761 763 768 770 771 777 780 786 788 789 793 794 796 801 805 807 810 814 816 819 820 824 825 829 831 833 839 845 
274 290 298 302 313 317 323 333 337 348 353 363 367 373 375 379 380 388 392 399 402 406 409 413 417 423 427 432 435 436 441 444 455 458 459 461 465 466 476 480 482 491 497 501 506 510 512 520 525 527 531 533 535 537 541 544 547 549 558 562 563 572 576 578 580 590 593 594 599 601 603 607 610 614 617 619 622 625 630 632 638 644 645 647 649 654 658 661 662 668 674 675 677 684 685 688 690 695 696 701 705 708 711 714 716 727 731 735 738 740 743 747 750 752 753 758 760 761 764 767 769 773 777 778 784 790 792 794 798 801 804 807 809 812 814 816 818 823 827 831 833 837 839 841 844 847 
276 293 299 305 314 319 325 337 340 350 356 366 368 376 380 382 385 389 395 401 403 409 412 417 419 424 430 433 438 441 444 445 456 461 462 464 467 468 478 484 487 493 500 503 507 512 514 523 528 530 533 537 538 542 543 546 551 554 560 564 565 576 579 580 583 591 596 597 603 606 609 611 613 615 620 624 626 628 631 634 640 645 646 649 652 657 659 662 663 672 677 678 682 686 687 689 693 697 701 705 707 711 712 716 717 730 732 737 740 742 747 749 752 755 757 760 761 765 766 770 771 775 778 782 788 791 795 798 801 805 809 812 813 814 818 821 825 829 833 834 835 839 843 845 847 848 
277 296 303 309 316 320 329 340 341 352 358 370 371 379 383 386 387 390 398 404 406 411 415 419 421 426 434 435 440 445 447 449 460 462 466 467 471 474 482 487 491 496 504 508 511 513 516 524 532 533 534 538 542 546 550 551 555 559 564 567 568 580 583 587 590 593 597 601 606 610 614 617 621 625 629 633 636 637 641 642 643 648 652 655 659 662 663 664 665 673 680 684 686 687 689 693 694 699 702 706 709 714 715 718 719 734 737 740 743 747 751 752 755 759 760 762 764 767 768 771 772 776 781 784 792 793 798 799 805 809 810 815 817 818 820 822 826 832 836 840 841 842 845 847 848 850 
278 299 305 311 319 322 332 342 343 356 359 373 375 382 386 388 389 394 401 405 410 413 416 423 424 427 435 436 444 447 451 453 461 463 468 472 476 480 486 489 492 497 508 510 514 517 521 525 535 539 541 545 547 551 554 556 560 564 566 568 570 583 587 591 594 596 601 602 609 614 618 620 623 629 631 636 639 641 645 646 649 652 654 658 661 664 668 672 676 680 683 685 687 689 692 697 699 703 706 709 712 715 716 721 723 735 739 742 746 748 754 756 757 761 762 764 767 771 774 775 778 780 785 786 794 797 800 802 808 811 814 816 819 820 822 824 827 834 839 842 846 850 853 855 856 857 
279 302 307 313 321 326 335 345 347 357 362 377 380 385 388 392 394 398 402 409 413 415 417 427 429 433 437 439 446 449 453 454 465 469 470 476 480 483 490 494 495 499 512 515 516 520 524 526 536 543 547 550 552 553 555 558 562 566 570 574 576 584 590 593 597 600 605 606 610 618 620 623 625 630 635 638 640 642 649 651 653 657 661 665 667 670 671 674 680 682 686 690 694 697 700 704 705 707 708 713 716 720 724 726 728 739 743 746 749 753 758 760 764 765 766 767 769 775 778 781 782 785 787 788 797 799 803 806 810 813 815 817 823 825 828 832 835 838 840 843 847 852 857 861 865 866 
280 304 310 317 324 330 339 347 350 361 365 380 383 388 389 393 397 402 404 411 415 419 423 431 434 435 438 441 447 451 457 460 467 472 475 479 484 487 494 495 499 501 513 519 520 522 525 529 540 546 549 551 555 558 559 563 567 568 571 576 580 587 594 598 601 602 606 608 613 621 623 626 629 634 639 641 644 645 651 655 658 661 664 667 670 673 676 680 682 685 690 692 697 701 704 707 711 712 715 717 718 721 726 728 729 743 744 748 750 756 759 761 766 770 771 772 774 776 780 782 783 788 791 794 800 803 805 809 811 817 819 821 826 830 832 833 839 841 845 846 850 853 858 862 869 870 
281 305 314 319 326 333 340 348 351 363 369 384 385 391 394 396 399 405 408 413 417 420 427 434 436 439 442 446 449 453 459 464 471 474 479 480 486 490 495 497 503 507 515 520 521 525 526 533 541 548 553 555 559 563 566 567 570 573 577 580 584 590 598 600 604 607 610 614 618 624 627 631 635 639 641 645 646 650 654 658 662 666 670 671 675 679 680 682 684 689 693 694 700 704 707 708 712 714 719 720 721 724 728 730 733 745 747 751 755 759 762 763 769 772 776 778 779 781 782 785 788 790 795 798 803 806 809 810 815 821 823 826 827 831 834 835 843 846 847 851 853 854 860 864 871 872 
285 306 318 320 327 334 341 350 354 366 372 387 391 392 395 398 402 409 410 416 418 423 428 436 438 440 445 448 453 454 463 465 474 478 482 485 490 492 498 501 505 511 518 523 525 528 529 534 543 550 555 557 562 565 569 571 572 574 579 581 588 593 601 603 608 611 615 619 622 626 629 633 637 641 642 647 649 654 657 661 666 668 674 676 680 681 683 686 690 691 696 698 704 708 709 711 714 718 722 725 726 729 733 737 739 747 749 753 756 763 767 769 770 774 778 780 781 783 785 789 792 794 799 800 804 808 813 816 820 822 824 827 830 832 835 837 844 848 849 852 854 858 862 867 873 874 
287 309 320 321 328 338 344 351 358 368 376 388 393 395 396 399 403 412 415 418 422 427 432 439 443 444 448 451 457 461 464 469 477 482 484 486 491 496 502 506 509 515 520 526 529 533 537 539 547 553 557 559 563 567 570 573 575 578 582 583 590 594 603 604 610 612 617 621 624 627 630 636 638 644 645 650 653 658 662 664 669 673 676 678 683 686 688 689 694 696 697 699 708 712 715 716 720 723 724 729 731 735 736 739 740 750 753 756 758 767 770 773 777 778 782 785 787 788 791 795 797 800 801 805 809 811 817 821 822 824 828 831 834 837 839 841 846 852 853 856 857 862 864 868 876 878 
289 311 321 325 329 340 348 352 360 369 380 391 397 398 400 403 405 416 420 423 424 431 434 441 446 447 452 455 458 464 468 471 479 484 487 488 495 498 504 507 513 519 523 528 531 536 541 545 549 557 561 565 566 569 574 577 578 581 585 587 593 597 604 605 612 614 620 625 626 628 634 637 642 648 652 653 657 662 663 665 671 674 677 680 685 689 693 696 698 702 704 707 712 716 717 721 722 724 725 730 733 739 742 743 747 754 757 760 762 770 774 776 781 785 786 787 788 791 793 799 801 805 808 810 814 816 821 825 828 829 830 834 835 841 842 844 850 855 857 861 865 868 870 872 879 880 
290 315 324 326 330 343 352 353 364 370 382 395 400 402 405 406 407 417 422 427 428 434 438 443 449 451 454 459 461 468 470 472 482 485 488 492 499 501 507 509 517 522 525 532 535 539 543 548 553 558 564 567 568 572 575 581 585 587 589 593 594 599 607 611 614 615 622 627 628 630 637 639 645 649 653 656 660 663 664 666 673 675 680 682 688 690 696 698 701 705 708 710 715 720 723 726 730 733 737 738 739 740 745 749 750 757 761 765 766 772 778 782 786 790 792 794 795 796 799 802 803 809 812 813 817 820 823 829 831 835 839 842 844 845 849 850 853 857 860 863 869 870 873 877 882 886 
294 317 326 329 334 346 355 357 367 373 384 398 402 404 408 412 416 418 423 430 433 435 440 444 450 452 455 461 465 470 473 476 486 490 493 495 501 505 508 513 518 523 528 535 539 541 546 551 555 561 567 569 573 574 577 584 588 589 591 597 598 600 609 612 616 617 624 630 632 633 640 644 647 650 657 658 664 666 670 674 677 678 682 684 691 692 700 703 706 709 713 715 717 721 724 727 733 735 739 743 744 745 746 750 752 761 764 767 769 775 782 785 787 793 797 799 800 804 806 809 810 813 816 820 824 827 831 834 837 841 845 847 848 849 853 855 856 861 862 865 873 877 879 881 885 890 
297 321 327 333 335 350 358 362 370 374 385 400 405 407 411 413 420 424 426 431 434 436 444 445 451 454 456 462 466 471 476 477 487 494 498 499 503 507 511 514 520 525 531 537 540 543 549 552 559 565 570 572 574 575 580 588 592 593 594 601 605 608 612 614 620 622 627 633 636 637 641 646 650 653 658 661 665 670 672 676 678 680 686 688 694 696 702 706 708 713 715 716 719 723 728 731 736 739 741 745 749 751 752 753 757 764 767 769 771 779 785 788 789 795 800 804 808 810 814 817 820 823 827 831 835 837 841 845 846 847 848 851 854 858 859 861 865 866 867 868 877 881 884 885 888 894 
301 324 330 335 337 352 362 364 371 375 388 403 409 413 414 416 424 428 429 435 438 439 445 448 452 458 459 464 469 472 477 479 490 495 500 502 507 509 512 516 522 526 534 540 541 546 553 555 560 566 572 575 577 580 583 589 593 594 595 603 606 609 614 615 621 624 631 636 640 644 648 649 654 658 660 663 666 672 673 679 681 683 688 692 698 700 704 708 710 716 720 721 725 727 731 734 739 740 745 749 750 754 756 758 759 768 771 774 776 780 786 790 792 798 804 807 809 812 816 819 821 824 830 834 838 840 845 848 852 853 857 859 860 861 864 865 868 870 871 875 880 883 887 891 893 898 
303 328 332 338 341 356 366 370 375 379 390 405 413 414 417 418 426 431 433 438 440 441 448 449 455 461 463 468 473 475 478 482 491 496 501 505 511 515 518 519 526 529 536 542 546 549 555 556 564 570 575 576 580 582 585 590 597 599 603 604 608 611 616 619 623 627 632 637 641 645 649 652 658 659 663 664 667 676 679 680 684 687 690 694 701 705 709 711 712 718 723 726 729 733 735 737 740 743 749 752 755 759 761 764 765 771 772 776 777 781 788 793 797 801 808 810 811 816 820 821 825 826 832 836 842 843 847 849 855 858 860 863 864 866 870 872 873 874 877 879 883 887 889 894 898 899 
306 329 335 339 342 359 369 371 377 380 393 406 416 418 421 422 429 434 437 440 441 445 451 453 457 463 467 469 476 477 482 484 493 497 502 507 514 519 521 524 527 533 538 545 548 551 557 558 565 574 576 580 583 586 590 594 599 602 607 609 613 616 618 623 625 631 635 639 645 647 653 657 659 661 667 668 671 680 683 684 685 689 691 698 704 707 711 712 716 722 724 727 730 735 736 739 742 746 750 753 758 760 762 766 767 773 775 778 782 783 789 795 799 804 809 813 815 820 823 825 826 830 835 840 846 850 854 858 861 863 865 866 867 870 874 875 878 879 880 884 885 888 891 898 899 902 
308 331 338 342 344 360 371 374 379 383 397 410 417 421 423 425 433 436 438 442 443 448 454 455 461 467 471 472 480 484 488 492 495 501 503 508 516 522 525 528 532 535 542 549 553 554 558 562 569 576 578 581 587 590 591 598 602 606 611 613 614 617 620 625 627 634 636 643 649 653 656 659 662 665 668 670 675 684 688 690 693 694 697 701 708 712 715 716 717 723 725 728 731 738 741 744 748 752 753 754 759 762 766 769 770 777 778 781 783 784 793 799 800 808 810 816 819 824 827 828 831 835 837 841 849 852 858 861 863 864 867 868 871 875 877 881 882 883 884 886 887 890 893 900 902 906 
310 335 341 344 347 363 374 378 381 386 399 412 420 424 425 428 435 439 442 446 449 451 458 460 464 469 475 477 484 487 490 496 500 502 506 511 519 525 526 530 536 540 544 551 557 558 562 565 573 580 582 585 591 595 597 602 606 607 612 614 617 620 621 627 630 638 640 645 651 657 658 662 664 669 672 676 679 687 692 695 699 703 705 708 711 713 716 718 722 725 728 729 732 741 742 748 749 754 758 762 763 766 767 771 775 779 783 787 789 792 795 800 801 809 814 820 823 826 828 829 833 839 842 843 850 854 860 864 865 866 869 870 875 877 879 883 886 890 892 896 897 898 900 901 903 907 
313 336 345 346 348 366 378 381 382 390 403 415 424 426 428 432 439 443 446 450 452 454 461 465 468 470 478 481 488 492 493 499 501 506 510 512 521 528 531 534 539 541 548 552 560 563 566 570 577 584 587 588 593 596 600 604 607 608 613 618 621 622 626 629 634 641 642 647 653 658 661 664 668 671 675 679 682 691 694 697 703 707 710 714 715 719 722 726 728 732 736 740 741 742 744 752 754 756 761 763 767 771 775 776 778 783 787 788 790 795 796 804 807 813 818 822 825 828 831 834 838 841 844 848 854 857 862 867 869 873 876 877 880 881 884 887 888 892 896 899 903 905 907 909 912 916 
317 338 347 349 351 369 381 382 385 393 404 418 428 430 433 435 440 445 447 453 455 456 463 467 472 473 480 484 490 494 495 501 505 508 512 514 523 529 535 539 543 546 552 556 562 565 569 574 580 587 588 589 597 601 603 606 608 610 616 621 625 627 631 633 636 644 647 650 656 660 664 668 669 672 679 682 684 695 697 699 705 710 711 716 720 724 726 729 731 734 739 743 746 749 750 756 760 764 768 770 771 775 777 779 783 785 789 790 793 797 798 806 811 815 822 826 828 830 832 835 839 843 847 852 855 858 866 869 871 876 877 881 883 887 888 892 894 896 900 904 906 908 910 914 917 919 
319 342 349 350 353 373 383 384 386 395 408 421 431 433 437 441 444 447 451 455 459 462 467 468 474 477 484 487 492 496 499 502 508 512 513 516 527 533 537 543 544 548 555 559 563 568 573 575 581 588 589 591 600 605 607 609 612 616 617 623 628 629 634 638 639 647 650 651 657 664 665 672 675 678 682 684 688 699 703 706 710 712 716 717 723 725 729 731 733 738 743 744 750 754 757 761 762 768 769 772 773 779 783 784 785 787 793 797 799 803 806 810 813 817 824 829 832 836 839 842 844 848 852 856 858 862 868 872 876 877 879 885 886 891 894 896 899 900 902 907 910 914 916 920 921 925 
320 345 350 353 354 374 385 388 389 398 410 424 435 438 442 445 447 449 453 457 463 465 471 475 479 483 485 488 496 499 503 506 512 514 516 518 530 535 539 544 546 549 559 563 567 572 576 578 583 591 593 597 604 606 608 611 614 617 620 626 630 634 637 641 642 649 651 654 661 667 668 675 679 683 687 688 690 701 707 708 713 714 717 718 727 730 734 738 742 746 747 749 752 757 758 765 766 770 771 776 778 782 787 789 790 794 795 801 802 807 809 814 818 820 827 832 834 839 841 844 845 849 853 858 861 865 871 876 877 881 885 889 891 894 898 902 905 906 907 910 913 915 919 922 925 926 
323 349 354 358 359 376 388 390 393 400 411 427 438 441 443 448 451 454 456 460 466 468 475 476 482 486 489 490 499 503 507 510 515 518 519 523 533 537 542 546 549 550 561 567 568 574 578 580 586 594 598 600 605 607 611 612 615 618 621 630 634 637 641 644 648 650 655 658 664 670 673 677 680 687 688 691 692 704 709 713 716 717 719 723 728 733 736 739 745 749 751 754 755 759 760 767 771 773 775 777 780 786 790 791 792 797 799 805 809 813 814 817 820 823 831 834 835 840 843 848 850 854 856 859 864 866 872 880 882 885 888 893 896 898 902 905 906 910 914 917 918 921 924 925 928 932 
325 353 355 359 360 378 392 396 400 403 415 428 440 444 448 452 455 456 460 464 470 471 476 480 485 488 490 494 501 506 511 512 519 522 524 526 535 538 545 547 553 554 565 569 570 577 581 585 587 598 602 603 606 609 612 615 616 621 625 631 636 638 645 649 651 653 657 661 665 674 675 679 684 691 694 695 696 707 713 716 720 723 727 728 731 735 738 741 748 753 754 755 759 760 763 768 772 775 778 782 786 790 794 798 799 802 804 806 812 816 819 822 825 828 835 839 841 845 847 850 851 858 862 865 869 870 874 884 885 887 891 896 897 901 906 907 911 913 916 920 921 923 926 928 932 936 
327 357 361 362 365 382 393 399 401 404 417 430 442 447 449 453 456 459 462 466 472 476 477 481 486 492 494 497 504 508 513 517 520 525 528 530 536 542 549 550 555 558 567 571 575 581 584 589 592 601 604 605 608 613 614 618 621 622 626 634 639 640 648 653 655 657 660 664 668 676 679 680 688 692 698 700 702 709 715 719 721 727 730 733 735 736 742 745 751 756 759 762 763 764 765 772 773 779 783 787 791 795 798 800 801 805 806 810 814 817 820 826 827 832 839 842 844 849 853 857 861 864 865 866 872 875 879 885 886 889 894 898 901 905 909 911 913 917 919 922 923 924 927 929 935 940 
331 360 363 365 367 383 395 400 404 408 418 431 443 451 453 454 460 464 468 472 474 480 481 485 490 495 499 500 507 511 514 518 524 526 529 534 538 546 553 557 558 562 571 573 576 582 585 593 594 602 606 610 611 615 618 619 625 628 632 636 640 642 652 656 657 659 661 665 670 677 682 686 691 695 700 701 703 710 716 720 724 731 732 736 737 740 746 750 755 760 762 763 764 765 766 775 779 781 787 790 793 798 801 804 805 806 810 811 816 821 823 828 829 835 841 845 846 851 857 858 862 866 868 872 873 879 880 887 889 891 895 900 904 909 911 915 916 919 920 924 928 929 933 934 936 944 
332 363 367 371 374 387 399 402 405 410 422 434 447 454 457 461 462 466 470 476 477 481 482 488 494 498 501 503 509 512 517 520 526 528 530 538 540 547 554 558 560 563 575 579 580 585 586 594 596 606 608 612 616 618 620 621 626 632 635 637 641 645 653 660 661 663 664 668 671 680 683 688 695 698 702 703 707 714 718 723 726 735 736 737 740 744 750 751 757 764 768 769 773 775 778 781 783 787 790 793 794 802 804 805 806 807 813 817 819 824 828 829 830 838 845 846 848 854 858 859 865 867 871 876 878 883 884 889 893 896 897 903 908 910 913 919 922 926 927 930 934 937 939 942 943 948 
333 365 368 375 376 390 400 405 409 412 423 436 450 455 461 462 465 470 473 478 481 485 487 492 497 501 505 509 513 516 519 521 528 529 532 540 541 549 556 559 561 566 576 581 585 586 587 598 599 608 609 616 618 622 623 624 628 635 639 641 645 647 654 661 663 666 668 670 672 683 685 689 697 700 704 706 708 715 719 725 730 738 741 743 745 748 752 753 759 768 770 773 774 779 780 785 788 792 796 798 801 806 810 814 818 819 822 826 829 830 833 835 836 842 848 849 852 857 860 862 868 870 874 877 879 887 888 892 897 901 905 908 910 912 914 922 925 929 932 934 938 940 942 943 947 951 
335 369 371 379 383 392 404 407 413 415 424 440 453 458 463 466 468 471 476 480 482 486 489 494 500 502 509 512 514 520 521 522 529 532 535 541 542 552 557 562 565 567 578 583 588 592 595 599 601 611 614 618 620 625 627 630 631 639 641 645 649 653 655 665 668 671 673 674 676 684 689 690 701 705 706 709 711 719 720 728 732 741 742 744 749 753 757 758 760 769 774 778 782 785 787 790 794 796 797 799 802 809 811 817 822 825 829 830 831 833 834 837 839 845 851 853 857 861 864 867 872 874 877 879 883 891 894 898 902 904 907 909 912 915 918 925 928 933 936 937 939 943 946 948 949 955 
337 373 374 381 385 394 405 409 414 416 427 441 454 461 466 468 470 472 479 483 484 490 492 497 504 505 510 515 518 524 525 529 530 534 536 543 547 555 560 563 569 573 582 586 591 594 596 600 602 615 617 621 625 628 629 631 634 640 643 649 652 656 659 669 672 674 675 678 679 685 691 694 702 708 711 713 716 721 724 732 733 744 745 748 753 757 758 760 761 770 776 779 783 786 790 792 795 800 801 803 804 813 815 820 825 828 831 833 835 838 839 841 845 849 852 856 858 864 865 870 874 875 878 882 887 893 896 902 905 908 910 911 914 919 921 928 930 936 937 938 942 945 947 952 955 959 
338 376 380 383 386 398 407 413 415 419 430 442 456 463 467 471 475 476 481 485 486 493 496 500 506 507 511 517 522 528 531 535 538 541 544 545 551 559 561 567 573 577 585 587 595 596 598 603 605 618 622 626 630 634 638 639 642 643 647 652 656 659 660 673 675 679 681 683 686 689 693 697 706 709 714 718 720 723 726 736 740 745 749 750 756 761 765 769 772 774 778 783 784 789 794 798 799 802 803 805 806 815 817 824 827 829 833 835 838 839 841 843 847 850 855 860 862 867 868 872 878 881 885 886 888 896 898 906 908 910 912 914 916 922 926 930 934 939 940 943 946 948 952 956 957 961 
339 379 383 386 388 400 408 417 421 424 434 445 457 464 471 473 477 478 484 486 489 496 499 502 510 512 514 519 525 532 534 536 542 543 547 551 554 562 566 568 577 580 588 591 598 602 606 608 609 621 626 630 631 636 642 644 645 646 648 654 658 661 663 677 681 685 688 690 694 697 698 699 708 713 715 722 725 729 731 740 741 749 753 754 759 763 767 773 775 776 782 785 786 792 798 799 801 805 807 811 815 818 821 827 831 833 836 839 842 844 847 851 855 859 862 863 866 871 872 873 880 883 886 889 892 898 902 910 912 915 917 919 923 925 927 933 935 940 944 946 947 949 953 960 962 965 
340 382 384 388 392 403 411 420 422 426 437 449 459 466 473 476 480 481 487 491 492 497 501 504 512 514 516 523 528 536 539 543 544 547 551 552 556 564 569 572 579 582 592 593 600 604 607 612 614 622 628 634 637 638 645 647 649 651 654 655 662 665 668 680 685 688 691 694 697 700 702 703 709 716 718 723 729 730 733 741 745 753 754 756 763 765 770 775 778 781 784 789 790 795 802 805 806 807 808 815 818 819 825 831 832 837 841 844 846 848 852 855 857 863 867 868 869 872 875 877 881 885 889 891 896 899 905 913 915 917 920 921 925 929 933 934 937 943 947 949 953 955 959 963 967 968 
343 385 389 393 397 405 413 423 426 427 439 451 460 467 476 478 481 484 491 495 499 502 503 505 514 516 519 527 530 537 542 545 549 551 552 556 557 565 571 576 580 584 594 598 601 607 608 616 617 625 631 637 641 643 647 650 652 653 655 657 666 667 670 683 686 690 693 696 698 703 706 710 711 720 723 727 731 733 735 745 746 755 756 758 765 769 772 779 782 783 787 793 795 798 805 808 812 816 820 823 825 828 831 833 834 839 842 846 848 851 856 857 858 865 869 873 876 878 881 885 887 888 891 893 898 901 908 916 917 919 924 927 928 932 935 938 942 947 948 951 954 958 962 966 968 971 
344 388 392 397 400 407 416 425 429 433 443 455 463 471 477 482 486 490 494 497 500 504 507 508 516 518 521 531 535 539 544 548 551 555 557 561 563 567 574 578 582 585 596 600 602 609 611 620 621 626 635 639 642 644 651 655 658 660 664 666 668 669 671 684 689 694 695 700 703 705 710 713 715 724 728 732 733 735 737 747 750 759 762 766 768 770 776 782 784 788 792 797 799 801 809 810 813 818 823 826 829 832 834 835 836 840 844 849 851 853 859 862 864 866 873 874 880 882 886 887 890 891 892 894 901 904 910 917 920 923 927 931 933 936 939 941 943 950 953 955 956 960 964 967 971 974 
347 390 396 401 405 409 417 426 431 436 444 458 467 475 479 484 488 494 496 499 501 507 511 515 519 520 523 535 537 543 545 552 556 559 562 563 566 569 578 581 586 590 599 604 608 613 617 623 627 629 638 642 643 646 654 657 661 665 669 670 673 676 677 688 690 695 698 701 705 709 714 715 719 725 730 736 738 742 743 751 753 760 766 768 771 774 777 785 788 789 796 800 802 806 811 814 818 821 824 828 830 836 840 841 845 849 850 851 853 857 863 866 869 872 875 876 882 883 889 893 897 899 901 902 903 907 914 920 923 926 931 932 937 940 943 947 950 953 956 960 962 965 966 968 974 978 
350 394 399 405 408 413 421 429 434 437 448 461 470 477 483 485 492 495 497 503 506 509 513 516 523 526 528 537 540 544 546 554 558 561 566 570 571 572 579 583 589 594 602 605 611 617 620 627 630 634 642 644 645 648 658 661 662 666 672 675 677 681 684 691 694 697 701 702 708 712 715 717 721 729 734 737 739 746 747 755 757 761 770 771 775 779 782 789 791 792 797 804 806 810 812 817 820 824 828 830 831 839 844 848 852 855 858 859 863 866 868 870 871 874 878 881 886 890 894 897 899 903 906 910 914 915 917 921 927 931 934 937 940 942 947 948 954 957 959 964 965 969 972 976 977 980 
353 396 400 408 412 417 423 431 436 440 449 465 471 478 484 486 494 497 501 506 509 513 515 517 524 528 530 538 543 547 549 558 562 565 569 574 575 577 582 586 593 595 604 607 614 621 625 630 632 635 643 647 650 652 660 665 666 667 674 678 682 685 689 695 698 700 705 706 712 714 717 720 725 730 737 740 742 750 752 759 760 764 772 775 778 782 785 790 792 793 798 808 811 812 814 821 824 828 829 832 835 841 848 851 856 860 862 863 867 869 870 871 874 875 880 885 888 891 898 899 900 905 907 912 918 922 924 926 929 934 935 940 944 946 948 952 955 958 961 967 969 972 975 980 982 983 
357 397 404 412 414 418 424 432 440 442 452 469 475 481 488 489 497 499 503 509 513 515 518 520 527 531 534 539 547 551 553 561 565 566 570 575 579 580 584 590 596 598 605 610 615 625 626 633 636 639 645 649 651 656 664 667 670 671 677 681 683 687 692 699 700 701 708 710 714 717 720 721 726 733 739 742 743 752 756 760 763 768 774 778 780 783 789 792 793 796 802 811 812 816 820 823 828 830 832 833 839 845 850 855 860 862 866 867 868 872 876 879 880 884 887 888 889 892 901 903 904 909 911 916 922 925 929 930 932 935 936 942 947 951 952 953 957 961 965 968 971 976 978 981 986 990 
360 398 406 413 416 422 427 433 444 446 454 473 476 485 491 494 501 504 508 511 514 519 520 521 528 533 536 541 549 555 559 562 569 571 574 576 580 583 588 594 599 600 609 613 619 627 628 636 637 641 648 650 653 659 667 670 671 675 680 684 685 689 693 700 701 705 709 713 716 719 721 723 727 734 742 744 745 755 757 761 764 771 776 779 784 786 793 797 799 802 805 815 819 823 824 828 829 831 835 837 841 848 851 859 862 866 868 872 873 874 880 881 883 886 888 892 894 897 903 905 906 913 915 919 926 928 932 934 938 942 946 948 950 953 955 958 961 965 967 969 975 977 980 985 989 992 
