4 7 11 15 19 21 24 26 28 32 35 38 41 42 44 47 50 51 54 56 57 59 63 67 68 71 72 73 77 79 83 84 86 88 90 94 97 98 101 104 105 107 111 113 115 118 119 121 122 125 129 131 133 137 139 141 145 148 149 151 152 154 157 158 162 166 167 170 174 
6 8 13 16 23 26 29 32 34 37 38 41 44 47 48 49 54 56 60 64 66 70 74 75 79 80 83 84 88 91 93 94 98 102 105 109 111 115 118 120 122 123 124 127 129 131 135 138 139 143 145 148 151 152 156 160 164 167 171 175 179 181 185 188 190 192 195 196 197 
10 11 15 19 24 30 32 33 36 40 41 44 48 50 51 55 59 60 64 68 70 71 76 77 80 81 87 89 91 94 96 97 99 104 107 110 112 119 120 124 126 129 132 133 135 138 140 142 146 150 153 157 160 164 165 167 168 170 175 176 180 185 188 190 194 196 197 200 201 
13 15 18 23 27 33 37 41 43 46 47 48 52 53 55 59 62 65 68 70 73 74 80 84 85 86 88 92 96 98 99 101 102 108 111 113 116 121 122 125 127 132 135 139 142 145 149 150 151 155 157 158 161 166 168 172 173 177 179 182 183 187 190 191 198 200 204 208 210 
14 18 22 24 30 36 40 42 45 50 51 54 55 59 61 65 66 70 71 74 78 82 85 89 93 94 96 100 102 105 108 112 113 115 117 120 123 126 127 130 132 134 137 141 143 147 153 157 161 163 164 165 166 170 173 176 178 182 186 189 190 194 196 199 201 202 208 210 212 
18 19 25 29 34 37 44 45 48 54 58 61 64 68 71 75 78 81 83 85 89 92 93 96 97 98 100 103 105 106 112 114 118 122 123 127 131 135 138 141 144 148 152 154 155 156 159 161 162 166 169 171 172 173 175 178 181 185 188 192 194 195 197 200 202 204 212 216 220 
21 22 26 31 35 39 48 52 53 55 59 64 67 71 72 76 82 85 89 92 96 98 99 102 103 106 110 112 115 119 122 126 129 130 134 138 140 142 143 145 147 150 156 160 163 164 167 168 170 174 177 179 182 184 187 191 193 194 196 199 201 202 203 204 205 207 215 219 224 
25 27 29 34 36 40 51 56 60 63 67 68 71 74 75 79 84 88 93 95 99 102 106 109 113 114 117 119 120 123 124 127 133 137 141 142 143 146 149 153 157 159 163 166 170 173 175 178 181 184 186 190 191 194 198 201 203 204 206 208 210 214 215 216 217 219 221 222 227 
26 29 33 36 38 42 54 59 63 67 68 69 73 77 79 83 88 90 97 99 100 105 110 114 116 117 118 122 124 128 132 133 135 141 143 144 148 152 153 155 161 162 164 168 173 176 177 182 185 189 190 192 194 195 202 203 204 205 209 212 214 217 220 223 224 226 228 230 233 
30 33 37 41 44 48 58 63 64 71 74 77 80 81 84 85 90 93 98 100 103 107 111 116 120 124 127 128 130 131 136 140 141 144 148 149 151 153 157 160 163 166 168 171 176 178 180 185 189 191 193 196 198 200 205 207 211 212 214 215 218 221 224 228 230 231 232 233 234 
33 35 39 42 48 50 61 67 68 75 77 78 82 85 88 92 95 97 102 104 108 109 112 118 123 125 130 131 134 138 141 144 148 152 153 154 157 161 162 165 169 172 176 177 180 183 184 187 190 195 197 199 203 204 207 208 214 217 219 220 223 224 227 232 235 238 240 241 244 
35 39 41 45 52 56 64 71 72 77 81 83 84 88 89 93 97 98 104 105 111 113 115 119 126 128 132 136 139 141 144 147 152 155 156 158 160 164 165 169 172 173 180 181 182 186 188 189 193 197 199 202 206 210 211 212 218 219 222 223 225 228 230 236 240 242 244 245 247 
36 40 42 48 55 60 66 75 78 82 86 90 92 94 97 101 105 108 110 114 118 121 124 126 128 131 134 137 141 142 148 152 156 160 162 164 168 172 173 176 178 180 182 183 185 190 192 193 196 200 203 206 210 211 213 217 221 222 224 227 231 234 237 240 241 243 246 249 250 
40 42 46 49 58 61 70 76 79 83 88 91 94 97 99 102 109 112 115 117 119 123 127 129 133 135 137 139 142 144 152 154 160 164 168 171 172 174 178 179 180 183 184 185 187 194 198 199 200 201 206 208 211 215 216 219 225 229 230 231 235 238 240 241 245 247 248 251 252 
42 46 50 52 60 65 71 77 80 85 89 92 96 98 103 105 110 116 120 122 125 126 129 130 134 138 140 143 144 145 153 156 162 166 170 172 173 175 182 184 188 189 191 195 198 202 205 206 208 209 212 214 216 217 221 223 229 231 232 234 237 240 244 246 247 249 250 255 257 
43 48 54 57 63 67 72 79 81 87 90 95 97 100 105 106 113 118 122 125 128 131 132 136 139 140 141 144 145 148 156 159 163 169 172 176 179 181 183 187 191 195 198 199 202 203 206 209 210 214 216 217 219 222 225 229 233 234 237 239 242 246 250 253 254 257 261 264 268 
45 51 55 60 65 68 74 82 84 90 94 96 98 104 107 111 114 122 123 126 131 132 133 138 143 147 148 152 153 155 159 162 165 171 173 179 182 184 188 189 195 199 201 202 204 206 207 212 216 218 220 222 223 226 227 233 236 238 241 245 246 250 251 255 259 262 265 267 272 
46 54 57 62 69 71 76 84 85 92 95 100 102 105 111 114 116 126 127 128 133 134 136 142 145 150 151 155 157 158 162 163 167 172 176 182 186 189 190 191 199 202 204 208 211 213 214 217 219 223 226 229 231 235 239 242 244 248 249 252 256 257 260 263 266 268 271 274 277 
47 58 62 63 73 76 77 87 88 94 98 104 108 110 113 118 120 129 132 134 137 140 141 146 147 152 154 157 160 162 163 166 169 175 179 183 190 194 197 200 201 206 208 209 212 216 218 222 225 227 231 233 237 238 243 247 250 252 256 258 261 262 266 270 274 277 280 282 283 
48 61 65 67 74 78 82 89 90 95 99 107 110 111 115 121 124 130 135 138 140 141 142 149 153 156 157 160 162 163 164 170 171 179 182 185 194 197 198 204 208 212 215 218 221 222 225 228 230 234 236 239 241 244 248 251 252 254 260 263 266 270 274 278 282 283 285 287 288 
51 64 67 68 78 80 84 92 93 99 101 111 112 116 117 122 127 133 138 140 142 144 146 152 155 157 161 164 167 170 171 172 173 183 186 188 198 200 204 206 209 215 216 221 224 225 226 231 235 238 242 243 245 249 251 255 257 258 263 265 269 271 276 279 285 286 288 292 293 
52 68 71 73 80 84 85 94 96 100 102 113 115 118 122 125 129 136 141 142 144 148 151 156 159 161 163 168 171 172 173 176 180 185 188 191 202 205 206 209 210 217 220 223 228 231 235 237 241 242 244 245 249 253 257 258 262 263 265 268 270 275 279 282 286 287 289 295 299 
56 69 73 76 83 88 92 97 101 103 106 115 117 120 125 126 131 138 145 147 151 152 155 157 161 162 166 172 176 177 180 182 183 186 190 193 203 207 211 214 216 218 223 227 230 232 238 239 242 243 247 250 252 254 259 263 266 267 269 272 273 277 280 283 287 288 292 297 302 
58 70 75 80 87 89 94 98 103 105 108 117 118 123 129 133 136 139 146 150 155 156 160 161 162 166 169 176 179 181 184 185 187 190 194 195 204 210 212 216 217 222 225 229 233 237 241 242 245 249 251 254 256 258 262 265 269 270 271 276 279 282 286 289 292 294 296 298 303 
61 74 78 82 89 92 98 102 104 109 112 119 122 127 130 136 137 140 150 154 156 157 163 165 169 170 171 179 180 182 186 188 190 191 198 202 207 213 214 220 223 227 228 232 237 238 244 247 248 253 257 258 261 262 265 268 271 272 273 278 280 284 288 290 293 296 298 302 305 
65 76 82 83 93 94 101 105 107 112 115 120 125 128 132 137 141 142 153 155 160 164 165 167 171 173 175 182 183 186 187 191 193 197 201 206 210 214 218 224 225 230 234 236 238 241 246 248 252 256 261 265 266 267 271 273 276 278 280 282 283 288 289 292 294 300 302 305 306 
67 80 83 87 95 99 105 109 111 116 117 123 126 130 136 139 142 143 154 156 163 165 166 171 174 177 181 185 189 192 193 196 198 199 202 209 214 216 220 228 232 236 238 242 246 250 252 255 258 262 263 268 272 274 276 278 281 283 284 285 288 292 296 297 299 303 307 310 313 
68 82 85 89 96 101 109 113 114 119 122 125 129 132 138 141 144 147 155 159 164 169 173 176 179 181 182 186 190 196 197 200 202 206 207 211 218 219 222 232 234 237 241 245 249 252 255 256 260 263 264 270 275 277 281 282 286 288 292 293 297 300 304 306 307 308 310 311 316 
71 86 87 93 97 104 113 116 119 120 126 128 132 135 142 145 147 149 159 160 166 170 174 180 182 184 188 191 192 197 201 203 204 207 209 213 222 223 226 234 238 240 243 246 250 256 258 260 263 264 267 271 279 283 284 288 290 293 297 301 302 303 306 309 313 314 317 319 322 
73 87 90 95 98 106 116 120 124 125 129 131 135 136 145 147 150 153 162 165 168 171 176 184 186 187 191 195 199 203 207 210 212 213 217 219 224 226 228 236 240 243 245 248 253 258 261 264 267 269 273 277 283 287 288 289 293 296 299 305 309 310 314 318 319 321 324 328 331 
77 90 91 98 102 110 120 121 125 127 132 133 138 140 146 151 153 154 166 167 170 172 177 185 190 192 194 196 201 205 211 214 215 219 221 225 228 231 234 239 244 246 248 249 254 260 265 268 271 273 276 280 286 289 293 296 300 301 303 306 312 316 318 320 323 326 328 329 334 
79 93 96 102 105 112 124 127 128 129 136 139 143 147 150 153 156 159 170 172 175 177 181 188 193 195 196 197 204 208 215 216 219 220 225 226 232 235 239 240 245 247 251 252 257 262 268 270 273 274 277 284 288 290 294 300 304 307 311 313 317 318 322 323 327 328 331 333 335 
82 94 99 104 107 113 125 129 133 135 139 140 147 149 154 156 157 162 174 175 179 183 185 191 194 199 200 203 207 209 216 219 223 225 227 229 236 237 240 242 249 251 254 255 259 266 270 272 276 278 281 285 290 293 296 304 308 312 316 318 322 325 326 327 330 333 334 337 340 
84 97 100 108 111 117 126 130 136 139 143 145 150 151 157 159 162 163 175 178 183 186 190 192 198 201 204 205 210 212 217 221 226 229 232 233 237 241 243 246 251 252 256 260 263 269 272 274 278 279 285 287 293 297 299 306 311 316 318 321 323 329 333 335 339 341 345 349 353 
88 101 105 109 114 119 130 131 140 141 144 146 153 154 158 163 164 167 177 180 187 188 193 195 199 203 208 211 212 216 219 225 227 230 233 236 239 244 247 249 255 257 260 261 266 272 273 278 281 284 287 290 295 299 303 308 314 318 320 325 326 331 335 338 342 346 348 353 354 
91 103 107 111 116 122 131 134 143 147 149 153 156 159 163 167 171 173 180 183 190 192 196 198 203 206 210 215 217 220 221 227 229 231 236 237 241 245 251 253 257 259 262 263 267 274 276 280 283 286 291 292 299 302 307 310 318 319 321 328 330 333 338 341 345 350 351 354 357 
92 105 110 115 117 125 134 138 145 150 153 155 159 162 165 170 175 178 182 185 191 193 200 203 204 207 211 216 219 223 224 230 231 235 238 242 243 246 255 258 259 261 263 265 268 278 282 284 286 287 294 298 303 304 310 313 319 323 327 332 336 340 344 346 349 352 354 355 358 
94 106 113 117 119 128 135 140 147 151 155 158 163 166 168 174 177 182 184 188 193 195 201 204 208 209 215 219 221 227 230 231 234 239 241 246 250 254 256 261 265 268 271 272 273 282 283 287 291 292 298 299 304 307 312 316 320 325 329 333 338 344 345 349 353 355 358 361 363 
96 109 116 120 122 131 137 143 151 155 157 159 165 167 170 177 178 184 188 190 194 196 204 208 212 213 217 220 224 228 231 234 235 243 244 249 254 258 261 265 267 272 276 277 279 284 287 290 293 296 299 301 307 309 315 319 323 328 332 335 340 345 347 353 354 356 362 366 370 
99 112 120 121 124 135 139 144 155 157 160 162 167 168 174 179 182 186 189 193 197 201 206 209 214 217 220 223 226 231 233 236 239 246 248 253 255 261 262 268 272 275 280 283 287 291 293 296 297 298 303 305 311 315 318 321 325 331 336 339 341 346 349 357 359 362 365 367 374 
101 116 123 127 130 138 143 148 159 160 164 165 169 173 177 182 185 190 193 195 199 204 208 211 216 220 223 224 228 235 238 240 241 248 249 257 261 265 268 269 273 276 281 286 290 295 298 302 306 307 309 311 314 317 319 323 327 334 340 342 345 347 350 359 363 365 367 371 377 
103 120 124 130 133 142 145 149 163 167 169 170 173 175 178 184 188 191 194 198 202 206 209 212 217 224 225 227 230 236 240 244 246 250 253 258 262 266 271 274 276 279 282 289 293 298 299 306 307 311 313 316 317 319 321 327 331 336 341 343 349 351 353 360 366 369 372 376 380 
107 124 125 134 137 143 149 153 167 169 170 174 175 179 182 187 190 195 198 202 203 207 210 214 221 227 229 231 233 238 241 248 249 254 258 260 265 269 275 278 282 286 290 293 294 301 302 308 310 315 318 320 321 325 329 332 336 338 344 348 353 354 355 364 368 373 374 378 381 
110 125 129 135 141 146 151 155 171 175 178 181 185 187 188 189 194 196 202 203 204 210 214 217 224 229 233 236 240 243 245 250 253 256 262 265 268 272 279 283 284 288 294 295 297 304 306 312 314 317 322 325 326 329 331 336 338 342 347 349 356 360 364 367 372 376 377 382 383 
113 128 132 139 145 148 152 159 175 179 181 183 188 190 191 192 197 200 204 208 210 214 215 220 228 233 237 238 243 245 246 254 257 260 265 269 270 274 282 287 290 291 295 299 300 308 312 315 316 319 325 326 328 331 334 339 343 347 349 351 357 362 367 370 375 378 382 384 386 
114 129 133 142 146 150 153 160 176 181 183 184 190 191 193 197 199 202 205 210 213 216 219 224 232 237 239 241 246 247 250 256 258 264 268 272 275 278 284 291 295 298 299 302 305 309 314 319 321 324 329 333 334 337 339 342 344 351 353 355 360 364 368 374 378 380 384 386 389 
116 131 135 146 147 151 157 164 177 183 185 186 193 196 198 199 203 206 209 212 216 220 223 226 233 238 243 246 248 249 252 257 260 266 269 276 278 280 285 294 296 299 300 303 309 313 318 322 326 327 330 334 335 340 341 345 349 353 357 359 363 365 370 375 382 383 386 389 390 
118 132 139 150 154 157 159 166 179 185 187 191 196 199 200 202 204 210 213 214 217 222 225 230 235 239 244 248 252 256 259 261 262 268 270 278 282 283 289 298 301 303 307 309 312 317 321 325 327 328 334 337 338 343 347 350 354 357 360 361 364 369 373 379 386 387 391 393 395 
119 133 143 154 158 160 161 167 182 187 190 195 199 202 205 208 209 213 214 215 221 226 227 232 238 241 246 251 254 257 263 266 267 271 275 279 284 288 290 302 306 307 311 315 319 322 323 328 330 334 336 338 339 347 351 355 357 358 361 362 367 371 377 382 389 391 394 398 402 
120 136 147 157 161 163 165 168 183 191 194 199 203 205 206 210 211 217 218 222 223 229 230 233 242 243 250 252 257 261 267 271 274 276 279 280 285 292 295 303 309 313 316 317 322 325 326 329 333 338 339 341 344 351 355 356 361 365 369 371 374 375 379 386 393 397 401 402 405 
122 138 148 160 164 165 166 171 187 193 197 201 206 207 208 212 213 219 223 226 227 231 234 238 246 248 253 257 259 264 268 272 276 279 280 283 288 295 296 304 313 316 317 320 324 328 330 333 335 340 341 342 345 354 357 361 363 367 370 375 376 378 383 390 397 401 405 407 411 
124 141 150 162 165 169 173 177 189 196 201 202 209 213 215 218 222 223 227 231 233 237 238 239 248 249 256 261 262 268 272 276 277 281 282 286 290 297 298 307 317 319 323 324 326 332 333 337 340 344 345 348 349 357 360 362 365 371 375 378 382 383 387 392 400 405 408 410 412 
126 145 154 163 168 172 176 179 191 198 203 204 212 214 218 221 224 227 231 234 238 242 243 246 250 252 258 264 268 269 275 279 282 284 288 290 293 301 305 309 321 322 327 329 330 334 336 339 344 348 352 356 358 362 365 366 368 374 379 383 387 391 394 396 403 408 412 415 417 
130 148 158 166 172 175 180 184 192 202 205 207 215 219 222 223 227 228 234 235 242 246 248 252 253 254 262 267 270 273 279 281 284 285 292 295 298 302 308 310 325 326 331 335 336 339 343 346 348 349 353 360 364 368 370 371 373 378 383 384 389 394 398 399 404 409 414 416 420 
131 150 161 167 176 179 182 186 195 203 206 210 216 220 225 229 232 235 239 241 246 249 250 254 257 259 265 269 274 275 283 287 289 293 296 297 301 305 310 312 328 332 333 339 340 341 347 348 351 355 358 361 366 369 373 377 381 384 388 389 391 397 402 404 408 410 418 419 421 
133 153 162 168 177 182 184 188 197 205 209 214 220 221 228 230 235 238 240 245 248 250 252 258 261 263 268 272 277 280 286 290 291 296 298 299 302 307 314 315 330 333 337 340 342 345 349 351 352 357 362 364 370 371 377 381 383 388 389 392 393 399 404 406 410 411 419 421 425 
134 155 164 171 180 185 188 191 199 208 212 216 222 223 231 233 239 240 242 246 249 251 256 260 265 269 270 274 278 284 290 292 294 297 301 305 307 311 317 319 331 336 340 344 347 349 350 355 357 358 364 365 374 378 379 382 385 390 392 394 397 401 406 407 412 414 422 426 427 
136 156 167 174 182 189 191 195 203 210 214 217 226 230 233 234 243 247 248 252 253 255 257 262 267 271 275 277 279 286 291 296 299 302 303 309 311 314 320 321 335 337 341 348 351 353 354 356 361 363 367 371 376 382 383 384 388 393 396 398 399 405 410 414 417 421 424 428 432 
137 158 171 177 185 193 194 196 204 211 216 221 230 232 235 237 245 248 251 256 260 262 266 267 268 275 277 278 282 287 293 300 302 303 304 310 315 319 321 324 336 341 344 350 353 356 359 361 362 366 371 373 380 384 385 387 390 397 401 402 403 407 414 418 420 424 425 432 433 
141 162 175 179 188 194 197 198 208 212 219 222 233 236 237 239 247 251 252 257 261 263 270 271 273 278 282 284 288 291 294 302 305 306 309 312 318 321 325 328 339 344 348 352 357 359 362 364 366 368 372 374 381 386 388 389 394 398 404 407 411 413 417 422 426 427 428 434 438 
144 165 178 180 189 197 199 203 211 214 222 226 237 238 242 243 248 254 256 258 262 266 271 273 276 281 284 285 292 293 296 304 308 312 313 317 319 324 327 329 343 347 351 353 360 363 367 369 372 375 376 380 382 387 390 393 398 402 408 412 413 416 419 426 429 432 433 435 439 
145 166 182 183 190 201 202 204 212 215 223 227 238 240 245 247 250 255 259 260 266 267 275 278 281 284 285 286 295 297 299 306 312 313 314 318 320 327 329 332 344 349 352 356 363 366 370 371 375 377 381 384 388 391 392 395 402 405 412 414 417 418 421 430 431 436 438 442 446 
147 167 186 190 191 202 204 206 215 219 225 228 240 244 249 250 252 257 262 266 268 271 278 279 282 288 291 292 299 301 303 307 315 318 320 323 327 329 332 333 347 353 355 360 364 369 372 374 378 379 383 388 391 395 397 401 406 407 415 416 419 422 426 433 437 439 443 445 449 
150 170 188 192 195 205 207 210 217 221 226 232 243 246 250 251 254 258 264 268 270 275 279 283 286 291 292 294 300 303 305 309 317 322 326 327 331 335 337 338 348 357 361 363 366 373 375 378 379 381 386 391 394 396 400 404 409 410 419 423 425 428 432 436 441 443 444 447 451 
151 172 190 193 197 207 211 212 218 224 230 234 244 247 254 256 259 262 266 272 276 278 282 287 291 294 298 299 304 305 306 310 319 325 329 330 335 336 340 341 351 361 362 366 368 376 380 383 385 389 393 397 400 403 404 405 412 414 423 424 428 430 434 439 445 447 450 454 455 
153 176 194 197 200 211 214 217 220 226 232 238 247 249 258 261 262 264 268 275 279 280 286 291 295 297 301 302 305 307 310 313 323 326 331 333 336 340 341 345 353 365 367 368 371 379 381 384 389 393 396 401 404 408 410 411 414 416 426 429 431 432 436 441 449 450 452 458 460 
155 180 198 200 203 212 215 218 223 229 233 240 250 251 259 264 268 271 273 277 283 287 288 295 299 300 304 308 310 313 316 320 324 328 334 338 342 346 347 351 356 366 369 373 376 382 383 388 391 397 401 405 409 413 417 418 422 424 428 430 433 436 438 445 452 456 457 460 462 
159 182 202 203 205 216 217 219 227 231 234 244 252 256 262 267 271 275 278 281 287 288 292 296 303 307 308 309 311 317 320 324 327 330 336 340 345 349 352 354 359 369 373 374 380 385 389 391 394 398 402 406 412 416 421 422 423 428 429 431 437 440 444 446 455 460 464 465 466 
161 183 206 210 213 217 219 223 231 232 236 247 254 258 264 269 275 277 282 283 289 290 293 300 305 308 312 314 315 318 321 326 331 333 337 343 347 353 357 360 361 370 377 378 381 386 393 395 398 400 404 407 415 418 424 425 428 432 433 437 438 444 447 449 457 464 466 467 468 
