4 5 7 9 13 14 16 20 24 27 29 31 32 33 34 36 39 42 46 48 52 56 60 64 68 70 74 78 82 86 90 91 93 94 98 102 104 106 109 113 117 121 124 125 126 130 133 137 140 144 145 149 153 154 158 160 162 164 165 169 171 175 176 180 182 185 189 193 194 198 199 202 204 206 207 208 210 214 215 216 219 223 225 227 231 232 235 237 240 241 242 246 249 250 252 253 255 257 259 261 262 266 267 270 274 277 279 281 282 284 286 287 288 291 294 298 300 301 304 305 309 313 316 317 320 322 324 327 330 331 333 335 339 342 343 345 346 349 351 353 355 357 358 361 362 365 369 373 377 379 380 383 387 
7 9 10 13 14 17 18 22 28 29 30 34 35 37 38 40 42 46 50 51 56 60 63 65 71 74 75 82 84 89 91 94 95 96 102 105 106 110 114 117 121 125 128 132 133 137 141 144 148 149 153 154 157 159 162 166 169 172 175 177 179 180 182 185 189 193 196 198 202 205 208 209 213 214 215 217 218 220 222 226 227 230 232 235 236 237 240 244 245 246 249 252 253 257 260 261 265 266 269 271 274 278 279 283 284 287 290 291 293 296 298 301 303 304 305 309 310 312 313 317 318 320 324 325 329 331 335 338 341 345 348 352 356 360 362 366 370 374 377 379 381 382 384 387 389 391 395 398 400 401 402 405 409 
11 12 15 16 19 20 22 23 31 33 35 36 39 43 44 47 49 50 51 54 59 63 67 69 73 76 77 86 88 93 96 98 99 101 103 107 110 112 115 121 124 128 132 134 136 140 143 145 149 153 155 157 161 165 166 168 171 173 179 182 184 187 189 192 195 197 200 202 206 207 209 213 214 218 222 223 225 227 228 229 233 234 237 240 242 246 250 251 254 256 260 263 267 271 275 278 279 280 282 286 289 293 297 300 301 302 304 307 308 310 313 315 319 323 324 325 326 329 330 334 338 339 341 345 348 349 352 354 358 362 364 366 370 373 375 379 382 385 389 392 394 396 399 403 406 407 408 409 413 414 417 419 422 
15 19 22 26 27 30 31 33 35 38 41 43 47 51 54 55 58 59 61 65 68 71 72 74 75 78 79 88 89 94 99 103 106 107 110 114 116 117 118 125 127 130 135 138 141 145 147 151 152 155 157 160 162 167 169 173 175 178 182 184 187 190 193 194 196 200 204 208 212 214 218 222 225 227 231 235 237 241 244 248 252 254 258 260 263 266 268 270 271 274 275 278 281 283 287 290 291 292 293 295 296 299 301 302 305 308 311 314 318 320 322 325 328 330 334 337 338 339 343 345 348 349 352 354 357 361 365 367 370 371 375 377 381 382 383 384 386 390 391 394 395 400 402 404 407 408 411 412 415 417 419 421 425 
19 22 23 30 32 36 38 41 45 49 50 51 52 53 55 56 61 65 66 67 71 75 78 82 84 86 87 92 94 95 103 107 109 113 116 118 121 125 129 133 135 138 140 142 145 149 152 156 157 161 163 164 168 172 176 177 180 181 183 188 192 194 197 201 202 204 206 210 215 219 223 226 228 229 234 239 243 247 249 250 256 257 260 262 266 269 270 273 277 280 283 287 290 292 294 296 298 301 302 303 307 308 310 313 316 317 319 323 327 331 334 338 340 342 344 346 347 349 350 352 354 357 358 359 360 365 369 370 372 376 380 384 385 386 389 393 394 398 400 402 405 409 411 413 416 418 421 425 428 431 434 435 436 
20 26 28 34 38 40 43 44 48 51 53 54 58 59 63 65 67 70 71 72 73 79 83 87 89 92 96 97 99 102 106 109 112 116 120 123 126 129 132 136 138 139 143 144 149 152 154 158 161 164 167 170 173 176 179 180 181 184 185 189 193 197 199 205 207 208 210 214 218 222 224 229 230 233 236 240 244 250 252 255 258 260 261 264 269 270 273 274 278 281 287 288 292 294 295 299 303 304 308 310 312 316 320 324 325 327 329 330 331 333 338 342 346 348 350 353 357 360 361 364 368 369 372 375 377 379 380 382 383 386 388 391 393 397 398 401 404 405 409 412 415 417 419 421 422 423 427 431 433 436 438 439 440 
21 27 29 38 41 44 48 49 53 54 56 59 61 65 67 70 74 77 78 80 84 87 88 92 94 98 100 103 104 106 107 111 116 119 123 124 130 132 135 138 141 143 147 151 153 156 157 161 163 167 169 174 177 178 183 186 189 192 195 197 198 202 204 206 211 215 218 221 223 226 228 233 234 236 240 241 246 251 256 258 259 261 263 268 273 275 279 283 284 286 290 291 294 295 297 302 305 308 311 315 319 320 324 325 326 330 331 334 335 339 341 344 347 351 354 355 358 362 363 366 372 375 376 378 380 384 387 389 393 394 395 398 399 401 404 405 408 412 413 414 418 420 423 427 429 432 434 437 440 444 445 447 449 
22 31 33 40 45 49 51 55 58 62 66 67 71 75 79 80 84 85 89 90 93 96 99 103 107 111 113 114 115 117 120 123 125 127 129 131 133 136 138 141 143 145 148 154 155 159 160 165 168 171 175 176 180 183 185 187 191 196 200 204 206 208 211 213 214 218 220 224 227 231 233 235 238 239 241 242 250 252 259 261 265 269 272 275 276 277 280 284 288 290 294 295 296 300 303 306 307 311 313 318 320 324 327 329 330 334 337 338 342 346 349 350 354 356 358 361 364 366 367 368 373 379 383 384 386 388 391 394 395 399 403 406 408 410 413 414 417 421 424 427 430 431 433 435 439 442 443 445 448 449 451 454 457 
23 33 35 41 48 52 55 58 60 64 68 72 74 78 81 83 85 86 92 93 94 100 102 105 111 114 118 119 122 126 127 131 134 136 140 142 144 146 147 151 154 155 159 162 163 166 167 171 174 178 181 182 186 190 191 192 196 200 201 207 210 212 214 216 220 222 223 225 231 235 237 240 241 244 245 249 253 256 262 266 269 273 275 277 281 282 285 288 289 294 297 300 304 305 309 313 314 316 320 321 322 326 329 330 331 336 341 342 346 350 352 356 360 363 364 366 367 370 371 373 377 383 384 387 388 390 394 398 399 402 404 409 411 414 416 420 421 424 426 431 434 438 440 441 445 447 450 454 455 458 462 465 467 
27 37 41 45 52 56 58 60 62 67 69 73 75 80 84 85 88 92 95 99 100 102 104 108 115 119 120 124 127 130 134 136 137 138 141 145 148 151 155 156 160 164 166 170 173 175 179 181 183 185 189 190 192 194 195 199 201 204 208 209 211 215 218 222 226 229 230 232 236 239 242 243 244 245 247 252 255 260 266 269 270 276 280 281 285 288 291 295 298 300 303 304 308 309 311 316 317 319 324 326 327 331 334 335 338 342 346 349 353 356 357 358 362 367 369 370 373 375 377 379 381 386 387 391 394 396 398 402 405 408 412 416 418 422 426 428 429 431 435 438 441 443 444 447 451 454 455 456 458 460 466 467 470 
31 39 43 49 54 60 63 65 67 71 75 79 83 87 89 93 96 97 100 103 105 109 112 114 118 122 124 128 129 133 136 140 141 144 148 149 153 154 157 161 162 167 170 174 177 179 180 184 187 190 194 197 199 202 204 208 211 214 216 218 222 226 230 234 238 239 242 244 247 249 252 256 257 258 262 263 265 268 270 271 272 280 281 285 288 290 295 296 301 302 306 308 310 314 316 317 319 320 328 330 333 337 341 344 348 351 355 356 360 364 368 369 372 373 374 378 379 381 384 385 387 390 393 394 398 399 400 405 409 410 413 419 421 423 429 432 433 436 437 441 444 447 448 452 454 455 456 457 460 462 469 473 475 
34 40 45 52 58 63 64 67 69 73 79 81 84 91 92 97 100 104 107 109 112 114 117 121 124 128 129 132 133 134 140 142 146 147 149 153 155 158 159 165 169 171 174 176 178 181 182 188 189 194 195 199 202 204 208 209 214 216 217 219 225 230 232 237 240 241 244 245 249 253 257 258 262 264 266 268 271 273 275 279 283 285 287 288 292 294 296 300 305 307 310 311 314 317 319 321 322 324 330 334 335 340 343 346 350 355 356 357 363 368 369 373 374 378 379 380 384 387 390 391 392 394 398 399 402 405 408 412 413 415 419 421 422 424 433 435 439 440 443 445 447 451 453 454 457 461 465 469 473 475 477 481 485 
37 42 46 53 60 67 68 71 73 76 83 86 89 95 96 100 102 108 109 110 116 117 119 125 129 130 131 136 137 140 141 144 149 152 156 158 160 161 163 166 173 175 179 183 187 190 192 194 197 199 202 204 205 208 209 212 217 221 225 229 233 234 237 240 243 245 246 250 252 256 258 260 265 268 272 275 276 277 280 284 286 290 294 297 299 303 307 309 312 316 317 318 319 321 325 326 327 329 334 338 341 342 345 347 352 358 359 363 367 371 373 375 376 380 383 384 388 389 393 396 399 400 401 405 407 410 412 414 416 417 421 423 424 428 434 437 441 444 448 449 453 456 457 461 464 465 468 470 475 476 479 484 487 
39 44 47 57 62 70 72 73 77 80 87 91 92 99 100 104 107 110 114 116 118 119 121 128 131 134 136 138 139 141 143 147 153 154 159 161 164 168 171 172 176 177 182 185 188 194 196 198 201 204 205 209 213 214 217 218 220 225 228 230 237 239 243 246 247 250 252 254 255 258 261 263 268 269 273 277 278 281 284 288 289 294 295 298 300 304 311 313 317 319 323 325 328 332 333 334 336 338 340 342 343 344 348 352 356 359 362 366 370 375 378 379 383 387 391 392 395 398 401 404 408 411 412 413 416 417 421 422 425 427 429 432 435 438 440 443 446 450 453 455 457 460 464 466 470 474 476 477 479 480 482 486 489 
41 45 51 58 64 73 75 78 80 82 90 93 96 100 102 106 110 111 117 119 121 122 125 130 135 137 141 145 149 152 155 157 158 162 165 168 170 171 175 177 178 179 185 186 189 195 198 201 202 206 210 212 215 219 222 225 226 230 233 236 239 240 245 249 252 256 259 260 261 262 264 265 271 273 277 281 284 288 291 294 296 299 302 303 304 308 312 317 318 322 326 328 332 334 336 340 341 345 348 352 355 359 362 366 368 370 373 375 379 380 382 384 387 391 392 393 397 399 404 407 412 413 416 417 419 422 425 429 430 433 437 440 442 445 448 452 456 458 461 465 469 473 475 479 480 483 485 486 489 492 493 497 501 
42 47 55 62 66 75 78 82 83 87 92 94 98 101 104 107 111 113 119 120 125 128 131 135 136 138 143 148 152 154 158 160 163 165 166 169 174 178 179 181 185 189 190 192 194 196 202 203 204 207 211 213 219 222 226 230 231 233 234 240 242 245 247 250 255 260 262 265 266 269 271 273 277 280 284 285 289 290 292 298 300 303 307 308 311 313 314 319 321 324 330 332 333 335 337 343 347 350 352 354 359 361 366 369 371 374 376 378 381 385 387 391 392 395 398 402 406 409 411 412 414 418 419 420 423 427 428 430 431 434 441 444 448 450 453 454 460 461 463 467 470 475 477 483 487 488 492 493 497 500 501 505 506 
43 49 56 66 69 78 81 83 85 91 93 96 102 106 107 108 112 116 123 125 126 129 133 139 142 143 147 150 154 155 161 162 165 168 172 174 175 180 184 187 189 192 193 194 196 197 206 209 211 215 218 222 226 230 234 235 238 240 241 243 246 250 251 255 257 264 267 270 274 275 278 282 286 289 290 293 294 297 298 300 301 306 310 312 315 318 322 326 327 328 333 336 340 341 345 347 351 353 357 361 362 365 367 370 372 376 380 383 385 387 388 392 395 399 402 404 410 411 412 415 418 421 425 428 431 434 435 438 442 443 447 450 453 455 458 459 464 466 468 471 473 479 480 485 488 491 496 498 502 505 506 507 511 
47 50 59 70 71 80 82 87 90 93 94 100 105 109 112 116 119 123 125 129 132 134 138 143 145 149 152 153 158 162 165 169 171 175 178 182 184 186 188 189 191 193 195 196 199 201 210 211 212 216 219 223 230 234 235 237 241 244 248 252 253 257 261 263 266 269 272 273 278 281 284 287 291 294 298 300 302 303 304 308 310 312 315 319 323 327 331 332 336 339 342 346 347 350 354 356 359 361 363 367 369 372 376 380 383 387 390 393 396 398 400 402 406 409 410 411 414 418 420 421 425 428 432 436 438 442 446 449 450 452 454 455 456 458 461 465 468 471 475 476 479 483 486 490 494 496 499 502 504 506 510 512 515 
48 53 62 72 75 82 84 91 95 99 101 104 106 112 113 118 123 125 127 133 136 137 141 146 150 152 155 157 161 165 167 173 174 178 180 184 185 189 190 193 196 200 201 202 204 207 211 214 215 218 220 225 231 236 238 242 245 246 249 256 258 261 263 267 271 272 275 276 282 283 285 290 292 298 299 301 303 305 309 311 313 317 321 325 328 329 334 335 340 344 345 348 352 354 357 360 363 366 367 371 372 376 377 381 387 389 394 397 399 400 402 404 407 412 413 415 417 421 422 423 428 429 436 439 440 445 450 454 455 458 460 463 464 466 468 472 473 474 477 478 482 485 489 494 495 500 504 506 510 514 515 518 522 
50 57 66 74 77 84 85 92 99 101 103 105 110 115 116 120 124 129 130 134 139 142 146 147 153 156 158 159 163 167 171 175 179 182 183 187 188 190 191 195 199 202 203 205 207 209 214 217 219 221 224 226 235 238 240 244 249 250 251 258 259 264 265 269 272 274 279 281 283 284 288 291 293 299 301 303 305 307 311 314 317 318 323 326 329 330 336 339 343 347 348 352 355 356 358 363 365 370 374 377 379 380 383 384 388 393 395 398 401 405 408 411 415 418 420 422 424 427 428 431 432 434 437 443 445 449 454 456 457 459 464 466 470 471 473 474 478 479 480 481 484 489 492 498 502 503 506 509 512 518 520 524 528 
53 60 67 76 80 87 89 96 103 104 106 107 114 117 119 123 127 131 134 138 141 145 149 151 154 157 162 163 165 168 175 178 182 185 186 191 192 195 196 200 203 205 206 209 213 214 216 218 222 224 226 229 238 242 246 249 251 254 256 260 264 267 268 273 277 281 285 288 289 293 294 297 300 303 307 308 310 311 312 315 319 320 324 329 330 331 338 343 345 349 353 356 359 363 365 366 368 373 376 381 385 388 389 393 397 401 403 406 410 413 417 420 421 422 424 427 429 432 436 440 444 446 450 453 456 459 463 467 470 474 477 480 482 484 488 492 496 497 498 501 504 508 510 512 515 519 523 526 529 531 535 536 540 
56 64 70 80 82 90 91 98 106 109 111 115 119 123 125 126 131 134 138 140 142 147 150 153 156 159 165 168 172 175 177 181 184 189 192 196 198 200 204 207 209 210 211 212 214 216 220 224 225 228 229 233 239 243 250 254 255 258 261 265 268 269 270 275 278 282 289 292 295 299 301 305 306 308 309 312 314 318 321 323 326 328 330 334 336 338 342 345 349 350 355 359 360 367 368 370 374 378 380 384 386 389 392 395 398 404 406 409 413 415 419 423 425 426 427 428 431 436 438 444 446 450 454 458 461 463 467 471 472 478 479 481 484 488 490 495 497 500 503 504 507 512 515 516 520 522 525 527 533 537 538 540 542 
59 67 72 83 86 91 94 102 110 113 117 119 123 127 131 133 136 137 139 142 143 148 151 154 159 160 167 169 173 178 179 183 186 191 194 198 202 206 210 213 217 221 223 224 226 230 233 235 237 240 244 247 249 253 254 257 260 261 262 269 271 275 276 280 284 286 293 297 300 301 304 308 311 314 315 316 319 322 325 328 331 334 338 339 342 344 347 348 353 357 360 361 362 371 374 378 379 380 381 386 387 391 395 396 400 407 408 410 416 418 423 427 431 434 435 438 440 443 445 446 449 454 458 460 463 467 469 474 476 482 484 488 489 492 493 499 500 504 505 509 511 513 519 522 526 529 531 532 534 538 541 542 545 
63 70 76 84 88 95 98 103 114 118 120 121 124 128 134 135 137 140 141 145 146 149 152 157 163 165 170 172 176 182 185 187 191 193 198 200 204 209 212 214 221 223 225 226 227 233 235 238 239 241 248 250 254 256 259 262 263 267 268 271 274 276 280 283 285 289 295 299 304 307 308 311 315 316 317 318 321 325 328 331 333 336 341 344 345 346 351 354 355 359 363 364 366 375 376 382 384 388 392 394 396 397 401 404 405 408 410 414 417 421 427 430 432 438 440 443 444 446 450 454 457 459 461 462 464 468 473 475 478 485 486 490 491 493 495 502 505 509 512 515 516 517 521 526 530 534 538 541 544 545 548 550 553 
64 72 77 88 92 97 99 106 116 121 122 125 129 133 138 142 145 146 150 151 155 156 160 162 167 171 175 179 182 186 187 190 194 196 200 202 206 213 217 221 225 228 232 236 238 241 242 245 249 253 256 259 261 264 266 268 272 274 275 279 280 282 286 290 294 298 299 301 306 310 311 312 316 318 322 324 325 326 332 334 337 338 344 348 351 355 359 360 363 367 371 375 379 383 387 390 392 395 399 401 405 409 411 415 416 418 421 422 423 426 431 432 436 439 444 447 448 449 453 457 458 461 463 464 467 471 475 476 481 486 487 491 495 496 498 505 508 510 515 517 518 520 523 530 533 538 541 543 548 552 553 555 559 
65 73 80 91 94 98 103 108 118 125 126 127 131 135 142 146 147 149 154 155 156 160 163 164 168 173 177 181 184 187 189 194 195 198 201 204 210 216 218 223 228 231 233 237 241 243 244 246 253 257 259 263 264 266 268 272 276 277 280 283 285 289 291 292 297 301 305 307 308 314 317 319 323 326 328 330 331 335 338 341 345 348 352 353 356 358 362 365 366 370 373 378 380 387 391 394 396 399 400 405 408 411 413 418 422 426 428 431 432 435 439 443 447 451 454 455 457 461 464 468 470 474 476 480 484 488 491 494 496 499 501 502 506 508 509 512 515 518 520 523 526 528 531 533 535 540 545 549 551 553 557 558 560 
68 76 84 93 98 102 104 110 119 129 130 133 137 138 143 150 154 155 159 163 166 167 170 173 174 175 180 184 185 190 192 198 201 203 204 206 213 220 221 225 231 232 234 238 242 245 247 251 257 260 264 267 270 273 274 277 279 281 284 288 289 293 295 296 300 302 309 313 317 321 325 329 332 333 337 338 340 341 345 348 351 353 354 356 359 360 364 367 371 373 375 382 386 391 393 397 400 402 406 407 410 413 416 420 423 430 434 435 438 442 445 447 449 453 458 459 463 466 470 471 472 478 481 483 487 490 494 497 498 501 502 505 508 511 515 516 517 522 526 527 531 533 536 539 542 546 550 552 554 558 562 566 568 
71 80 87 97 99 106 109 114 123 133 135 139 141 145 148 154 156 157 163 166 167 171 175 178 179 182 184 187 191 194 197 201 202 204 207 210 214 224 225 229 233 234 236 241 244 248 249 254 258 262 265 268 273 276 277 278 281 285 288 291 295 297 298 300 304 307 311 314 318 322 328 332 335 339 342 345 348 351 352 354 356 357 359 360 363 366 369 373 375 378 379 384 389 392 397 401 405 407 410 413 415 417 418 421 424 433 435 438 439 444 449 451 453 454 461 464 468 470 471 472 476 481 485 488 490 492 496 501 505 506 508 509 510 513 517 521 524 525 530 534 537 538 540 544 545 548 553 557 560 563 567 571 573 
72 83 89 100 102 108 110 116 125 134 137 141 143 149 153 155 158 159 165 167 168 174 179 180 184 188 190 194 195 198 202 206 207 208 209 212 216 227 229 233 237 241 244 246 250 254 257 260 261 265 267 271 276 280 284 288 292 294 298 302 303 307 309 311 312 315 317 320 322 323 330 336 339 341 346 349 352 356 359 362 363 366 367 368 369 372 373 374 378 382 384 387 393 397 398 403 409 412 416 418 422 425 429 430 431 437 441 443 444 446 451 452 456 457 463 468 471 475 479 482 485 487 491 494 495 499 501 505 508 509 511 515 516 520 523 524 527 531 533 536 541 545 549 551 552 556 560 563 567 570 571 573 577 
74 85 91 103 107 109 114 120 128 135 138 144 147 153 155 159 161 165 167 171 174 176 182 183 186 192 193 195 196 202 204 207 208 212 216 220 222 231 235 239 240 244 247 248 252 257 261 263 267 270 273 277 280 282 285 290 295 296 299 303 306 309 311 313 314 316 318 321 326 327 333 339 342 343 347 351 356 359 360 365 366 367 371 375 376 378 379 380 383 386 387 388 394 401 403 406 410 414 417 421 423 428 430 433 437 439 445 447 450 452 454 455 458 460 467 469 472 478 483 486 490 491 492 498 502 506 509 510 511 514 515 516 518 523 524 528 532 533 535 538 543 547 553 557 559 562 566 570 571 572 576 577 579 
77 87 94 106 111 115 117 121 130 137 139 146 150 155 158 163 167 171 173 174 177 180 185 186 187 193 197 201 205 208 210 213 217 220 221 222 224 233 239 241 244 248 251 253 255 260 263 267 271 272 275 281 284 287 289 294 297 299 301 306 310 311 315 319 322 326 327 330 334 338 339 340 345 346 351 354 358 361 362 366 368 372 375 378 381 383 385 387 391 393 395 399 402 404 405 408 411 416 421 423 426 432 434 437 438 442 446 450 452 454 456 457 459 464 470 472 473 482 485 487 493 497 501 505 509 512 516 519 521 522 524 528 532 535 538 541 544 547 551 554 556 557 559 561 562 564 567 572 574 577 579 583 584 
78 91 97 107 113 116 119 122 134 139 142 149 154 159 160 164 168 175 178 179 181 184 189 191 194 196 200 202 209 211 213 216 219 222 223 224 226 237 240 242 248 252 256 258 259 262 264 271 275 278 279 283 288 290 291 296 298 300 305 309 314 315 317 321 323 328 331 333 338 340 342 346 348 351 352 356 359 363 366 370 374 377 381 385 386 388 391 392 394 395 398 403 406 410 411 412 413 419 423 425 428 435 439 440 444 448 449 452 453 455 457 459 461 466 474 477 480 483 486 491 494 498 504 507 511 513 519 521 523 527 530 532 535 536 539 543 546 548 555 559 562 565 568 571 575 578 580 583 585 589 590 594 595 
79 95 101 111 115 120 124 126 138 141 145 151 158 160 164 168 169 176 181 182 183 186 193 194 198 199 202 203 211 213 216 218 222 223 226 229 231 238 244 247 249 253 259 260 261 263 265 272 278 280 284 288 291 295 299 300 301 303 309 312 318 319 323 325 326 330 332 335 341 345 348 349 350 355 359 360 361 365 370 373 376 379 385 388 389 391 395 398 402 403 404 405 408 412 413 415 418 422 424 428 429 436 440 444 447 450 454 458 459 462 465 468 472 475 477 480 481 486 487 492 498 499 505 511 515 518 520 523 527 529 533 534 536 540 544 548 551 552 558 561 564 566 569 574 578 580 584 585 589 592 595 597 600 
83 96 102 114 119 121 126 128 141 145 149 154 162 166 168 169 170 178 185 187 191 192 197 199 200 201 203 204 215 217 221 225 226 229 231 233 237 239 248 249 253 254 263 267 271 273 274 275 281 282 287 289 293 297 300 303 306 308 310 314 319 323 326 329 331 333 336 340 345 346 351 354 358 359 363 364 367 370 374 375 378 383 388 390 392 395 398 400 403 407 411 412 416 418 421 424 426 429 430 433 434 439 442 445 448 453 455 459 460 466 467 472 475 479 480 484 486 490 492 494 502 505 508 514 516 519 523 527 528 533 536 540 542 546 548 550 553 556 561 562 568 570 573 578 579 584 588 589 590 595 599 603 606 
87 97 106 116 121 123 128 129 143 148 151 158 164 169 173 176 179 181 186 191 192 196 199 201 204 207 211 214 219 220 224 229 230 231 233 234 241 245 251 253 255 256 267 270 275 277 278 281 282 284 288 290 294 300 302 306 308 309 312 317 322 325 327 330 332 335 340 341 349 352 353 358 359 360 365 367 371 372 377 379 383 387 390 394 396 397 402 403 404 409 413 414 417 421 425 426 429 430 434 436 437 441 443 449 451 454 457 462 464 467 471 474 477 481 483 488 492 494 498 502 503 508 512 515 520 521 524 530 531 535 538 542 546 547 550 551 556 557 562 564 572 574 578 582 586 588 589 590 593 598 600 604 607 
89 99 109 119 125 128 130 132 144 150 152 159 167 173 175 179 182 184 190 195 196 200 202 206 208 211 213 216 221 225 228 231 234 237 241 244 247 248 254 256 258 262 269 271 276 281 285 286 290 294 295 297 299 303 307 309 313 314 316 320 324 328 330 331 334 337 344 348 353 354 355 362 366 370 373 376 377 379 381 385 386 390 394 396 399 403 406 407 410 411 415 416 418 423 426 428 433 437 441 444 447 451 452 454 456 459 460 463 466 468 473 476 480 484 485 490 495 498 499 506 510 514 516 520 521 522 528 532 534 538 539 543 547 551 552 554 557 558 566 570 576 579 581 586 589 591 595 599 603 604 606 608 612 
93 103 111 123 127 130 132 135 147 153 157 163 168 176 177 182 185 187 194 198 202 205 208 210 212 216 220 221 225 228 232 233 235 238 244 246 248 251 256 258 262 263 270 274 277 283 286 287 294 295 299 303 307 309 311 314 317 320 321 324 327 329 332 333 337 341 347 350 354 355 358 365 367 374 377 378 379 381 383 389 390 391 396 398 402 406 410 414 415 417 419 421 424 426 428 432 436 441 444 448 451 453 457 459 463 465 469 470 471 472 474 479 481 487 489 492 498 500 502 508 512 518 521 524 527 528 530 535 538 540 544 548 552 554 558 560 562 563 570 572 577 583 586 588 592 595 598 602 607 610 612 616 619 
94 105 112 125 131 134 135 139 151 156 158 166 170 180 182 186 188 189 195 200 203 206 211 214 215 219 224 227 230 232 234 238 239 243 246 249 253 256 259 261 265 269 274 275 278 285 288 291 295 299 302 307 311 313 316 319 321 324 328 331 333 335 337 338 340 344 349 352 355 359 362 368 371 376 379 382 386 387 388 393 396 398 400 402 405 407 414 416 418 422 425 429 430 433 436 439 440 442 445 449 454 456 460 462 467 470 474 476 477 478 481 485 487 489 492 494 502 504 506 512 516 522 524 527 528 529 532 538 541 542 546 550 553 555 560 561 565 566 573 574 581 584 589 593 597 599 601 606 610 614 616 620 624 
96 107 113 127 132 136 137 141 155 159 161 169 171 182 185 187 192 194 197 203 207 210 214 218 219 222 227 231 234 235 237 240 242 246 249 250 256 260 264 268 272 275 277 281 284 287 292 293 296 303 304 309 315 319 321 325 327 329 331 334 336 337 338 339 344 346 353 354 356 360 365 369 375 379 382 385 388 392 393 397 399 400 404 407 409 411 416 418 421 423 426 432 435 439 443 447 451 455 457 461 465 466 469 473 476 480 482 483 486 490 491 493 494 495 497 499 503 508 512 514 518 525 528 531 535 537 540 542 543 547 548 552 554 556 562 566 568 572 576 580 585 586 590 594 598 603 607 610 611 616 618 623 627 
100 108 114 131 136 137 139 144 156 161 162 171 172 183 186 188 193 198 200 204 209 212 218 219 221 223 229 234 237 241 245 249 252 255 259 262 263 265 266 271 274 276 279 282 288 292 293 297 301 304 308 310 317 322 325 329 332 336 338 341 343 347 351 355 357 361 365 366 369 372 375 378 381 385 387 389 392 395 399 403 405 408 410 412 414 417 419 421 425 428 432 435 436 441 445 451 452 459 461 464 467 470 471 474 478 481 483 487 489 494 497 500 503 504 505 507 511 513 517 519 521 528 532 534 538 541 543 545 546 551 554 557 561 565 567 568 570 574 579 584 587 590 594 596 602 604 608 612 613 619 620 624 629 
103 112 115 134 138 141 144 148 157 164 166 174 175 186 189 193 196 201 204 206 212 215 220 223 224 225 231 236 241 245 248 253 254 258 261 264 267 271 275 278 281 285 287 289 293 296 298 299 305 307 312 314 318 324 328 330 334 339 343 344 346 349 353 359 360 365 368 369 371 375 376 382 385 389 390 392 396 398 400 406 410 411 415 418 420 424 427 431 435 437 441 445 449 451 453 455 459 461 463 465 471 475 477 479 482 484 487 490 492 496 499 501 507 509 513 517 521 524 526 527 531 532 534 537 542 545 548 549 551 554 557 560 564 569 571 572 574 576 581 587 588 591 598 602 606 608 612 614 618 623 627 630 632 
105 113 117 138 140 143 145 151 160 166 168 175 177 188 190 196 198 203 207 210 213 216 223 224 227 231 234 238 245 246 251 256 258 259 263 268 271 273 276 280 283 288 290 294 297 299 300 302 308 312 315 319 322 325 330 331 337 343 344 345 348 352 355 360 364 367 369 372 374 378 382 385 386 393 396 400 403 406 407 409 412 413 418 420 423 425 428 432 439 441 445 448 453 457 460 464 468 470 473 476 480 484 487 489 491 493 495 498 501 503 504 508 511 514 515 521 522 526 527 529 532 535 536 538 543 549 552 553 554 555 559 564 566 571 573 574 577 580 585 590 593 594 601 603 610 614 618 621 622 624 630 633 637 
107 117 119 140 142 147 148 154 161 170 172 179 180 190 193 197 199 206 209 212 214 218 225 229 231 232 238 242 246 250 252 259 260 263 265 270 272 275 279 281 285 290 292 296 301 304 307 309 313 317 320 321 323 327 333 336 340 346 348 352 356 360 364 366 367 370 373 377 381 384 386 388 391 396 399 401 407 408 412 413 415 418 419 424 426 430 431 433 443 446 449 450 455 461 465 469 473 477 480 481 482 488 492 496 498 502 506 509 513 517 518 521 524 527 531 535 538 539 541 543 547 548 552 553 554 556 558 561 565 568 572 573 577 579 581 582 586 588 589 593 595 596 602 604 611 617 621 624 628 630 633 635 641 
109 118 121 142 145 149 151 158 162 174 175 180 181 192 194 198 200 208 211 214 218 221 228 233 235 239 241 244 249 252 253 261 263 266 270 274 275 278 281 284 286 293 297 299 305 306 309 311 314 320 324 326 330 334 335 339 342 349 352 354 358 364 368 372 374 375 379 383 387 389 393 395 397 400 401 403 411 413 416 420 422 423 427 429 431 434 438 441 447 448 453 456 459 463 468 473 477 479 484 486 487 491 496 497 500 504 509 512 514 521 525 526 530 534 536 537 540 542 546 549 553 556 558 562 563 564 567 569 570 572 575 578 579 581 585 586 590 593 594 597 600 601 604 606 614 618 625 626 630 633 634 639 644 
112 120 123 145 147 150 152 161 166 176 178 181 185 194 197 201 205 209 213 217 221 225 229 235 239 243 244 245 253 254 255 263 264 270 271 275 277 281 282 285 290 296 298 300 307 309 312 316 320 322 327 331 333 338 340 343 345 353 354 358 362 365 372 376 378 380 381 384 389 392 395 398 400 401 402 406 412 415 417 423 425 427 429 430 434 437 442 445 451 453 457 458 463 466 471 474 478 481 485 487 491 492 499 501 503 505 510 516 517 524 526 528 533 538 540 541 543 544 548 553 554 558 561 566 568 571 574 575 578 581 582 583 584 585 587 591 594 595 597 599 604 606 607 608 615 619 627 631 635 636 637 642 647 
114 122 126 147 149 152 153 164 168 177 182 184 186 196 201 204 206 213 216 218 225 229 232 236 241 245 247 248 256 257 259 267 270 272 275 276 281 283 286 289 291 299 300 304 309 313 315 319 322 324 329 334 336 342 346 349 350 354 358 361 363 368 376 380 384 386 388 389 391 393 398 401 405 408 411 412 413 416 421 427 429 431 432 435 437 438 446 448 452 457 461 464 468 471 475 477 482 484 486 491 493 494 500 505 509 512 514 518 520 525 529 530 534 539 544 545 546 548 549 556 559 563 566 568 569 575 577 581 585 589 590 593 595 599 603 604 608 610 614 617 618 621 624 625 626 630 631 633 638 639 643 647 651 
117 125 129 150 151 155 159 165 170 180 185 186 187 200 203 207 211 216 218 220 227 231 235 238 243 246 251 255 258 262 264 268 272 274 279 282 286 290 294 298 302 303 307 311 312 317 320 322 324 327 333 335 339 343 350 354 358 362 363 364 367 371 380 384 387 391 394 395 399 402 403 404 407 409 414 418 420 422 423 429 431 433 436 438 440 442 448 449 456 461 464 466 469 475 477 479 485 487 488 495 499 502 503 507 513 516 517 519 521 527 533 534 538 541 548 551 555 557 561 565 566 569 571 573 577 578 582 583 587 590 593 597 599 601 604 605 612 613 616 619 620 625 627 628 630 632 636 638 641 645 646 649 654 
121 126 130 152 154 159 161 169 172 181 186 189 193 203 206 211 214 218 219 224 231 235 237 241 246 248 253 259 260 264 266 271 276 280 282 286 287 291 296 301 304 306 309 313 316 320 324 327 329 331 336 338 340 347 353 355 362 365 366 367 368 372 381 386 388 394 398 400 404 406 410 413 414 418 420 423 424 426 430 434 436 437 440 443 447 450 453 456 457 463 465 469 473 476 478 481 486 488 489 496 502 503 504 510 515 517 519 523 526 530 536 538 542 544 550 554 559 560 563 569 573 577 580 582 584 586 587 588 589 594 596 599 601 603 608 610 616 617 618 621 624 626 631 632 636 640 643 644 647 650 654 657 659 
123 129 133 154 157 160 162 172 174 182 190 193 195 205 210 214 215 222 226 227 233 239 241 243 250 252 254 263 265 267 269 272 277 281 286 287 291 293 298 305 306 307 312 317 318 322 328 330 331 334 339 341 344 348 356 359 364 369 370 374 377 380 382 390 391 397 402 404 407 408 414 418 421 425 428 431 434 438 441 445 448 451 454 456 459 460 464 468 469 470 474 478 481 484 486 487 489 493 497 499 504 507 509 512 517 521 522 524 530 534 537 541 545 549 552 556 561 565 569 571 576 578 582 585 588 591 593 595 596 597 600 604 605 606 610 613 620 623 624 628 630 633 634 637 639 641 644 648 651 655 659 660 664 
127 132 137 155 160 162 164 175 178 183 192 197 199 209 212 218 219 226 230 232 237 243 247 248 251 256 260 266 269 273 277 278 279 285 290 292 294 298 301 307 309 311 313 318 320 325 330 331 334 336 342 346 348 350 357 362 365 370 373 376 380 383 386 392 393 400 403 406 408 409 415 421 424 426 429 435 438 440 442 449 453 455 456 457 461 464 468 470 471 475 477 482 483 488 491 494 497 498 501 505 509 510 511 513 521 525 529 532 533 537 538 544 547 553 557 559 563 568 572 574 579 582 585 588 591 594 595 597 599 603 605 606 609 610 612 614 623 626 629 630 633 634 638 639 643 645 649 650 655 658 661 662 668 
131 136 140 159 161 164 168 177 181 185 195 200 202 211 215 222 225 229 232 235 238 244 248 251 255 257 262 270 274 276 278 282 285 286 294 295 297 299 304 308 312 316 318 319 321 326 331 335 338 341 346 349 352 356 361 363 366 371 376 378 381 386 387 393 394 404 407 410 413 414 419 424 425 430 432 437 442 443 446 450 455 458 462 464 468 471 472 473 474 478 480 485 486 490 492 495 499 503 507 511 513 517 521 522 525 528 530 536 538 540 542 548 550 554 561 565 567 571 576 577 582 584 587 592 593 595 596 598 600 605 606 607 611 613 617 620 624 628 631 634 638 641 645 647 648 649 653 654 658 662 663 665 672 
132 139 141 161 163 168 172 180 183 189 196 201 206 214 217 226 230 234 235 239 241 245 249 253 256 258 263 273 276 278 282 284 289 292 297 299 300 302 306 312 316 318 319 322 324 330 334 338 341 345 348 350 356 359 363 366 369 374 377 381 382 387 391 397 401 406 408 414 417 419 421 427 431 433 437 438 443 447 450 453 456 460 465 466 472 476 477 481 484 486 487 488 490 491 494 497 500 504 510 514 518 522 524 528 531 535 538 540 541 543 547 549 553 557 564 567 570 575 580 584 585 588 591 593 595 599 603 604 605 607 610 613 614 617 619 621 625 630 633 637 640 644 646 651 653 655 658 660 662 664 666 668 676 
136 140 144 162 164 171 173 183 187 190 199 203 207 218 220 228 234 237 239 241 244 248 252 256 259 262 266 277 279 280 286 290 292 295 301 304 308 312 314 317 318 321 324 325 327 332 335 342 346 349 352 356 360 362 367 368 371 375 379 384 385 389 393 400 404 409 413 415 420 423 425 429 432 437 440 444 446 450 452 457 458 461 469 472 475 478 482 486 487 491 493 495 498 502 506 510 513 517 519 522 523 527 529 533 537 538 541 543 546 548 551 552 554 558 566 568 573 576 583 588 592 596 599 602 605 607 610 612 616 618 622 626 627 630 631 634 637 640 643 647 648 652 655 656 660 662 663 665 666 669 670 672 677 
139 141 145 163 168 173 177 184 189 194 200 207 209 220 222 230 236 239 240 245 249 253 257 258 260 263 267 280 284 287 289 292 296 297 302 308 309 316 317 320 321 325 329 331 334 335 336 343 350 352 354 359 362 364 370 373 374 376 381 385 386 391 395 401 406 410 414 417 424 425 428 430 434 440 441 446 449 454 455 459 460 463 473 477 478 482 484 490 491 492 494 496 502 506 508 512 515 518 523 525 526 530 533 536 541 544 546 547 551 553 555 558 560 562 569 572 577 580 585 591 594 598 603 604 609 611 613 615 617 622 625 629 633 635 638 640 643 644 648 651 654 655 657 658 664 668 672 676 677 678 680 682 685 
142 143 146 167 172 176 178 186 191 198 204 210 214 224 226 232 240 243 245 247 251 256 258 259 262 264 271 282 286 289 290 296 297 301 304 312 313 318 321 323 324 329 330 332 338 340 344 348 354 357 359 363 365 368 371 377 379 383 386 388 391 392 399 402 407 411 418 419 428 430 434 438 439 444 448 452 454 456 457 463 464 465 474 478 480 484 487 492 495 499 500 503 507 511 513 515 517 519 525 529 533 535 538 542 545 549 553 556 559 562 563 567 570 574 577 581 585 587 591 595 596 602 605 606 611 615 618 620 624 626 630 632 636 640 644 648 649 652 655 657 659 663 665 666 669 670 675 677 678 681 682 685 687 
145 146 147 171 175 180 182 188 192 201 208 213 218 225 227 233 242 244 247 250 252 259 262 264 268 271 272 284 288 290 293 300 304 307 311 316 318 320 323 326 327 331 333 337 340 341 348 351 356 361 362 365 369 371 373 379 380 387 388 389 395 396 401 403 411 414 419 423 430 434 438 439 440 447 450 455 459 460 463 466 469 472 477 482 485 489 490 496 500 501 504 508 510 512 517 518 521 525 526 533 536 540 543 544 547 550 556 558 560 563 565 570 572 578 581 582 589 592 594 597 598 606 609 612 614 619 623 624 625 630 634 636 640 642 646 649 650 654 658 662 666 670 672 674 677 679 681 683 684 688 692 696 698 
148 151 154 175 178 182 185 191 194 203 209 215 221 228 229 237 246 250 254 257 259 260 265 266 272 273 274 285 291 295 298 301 306 308 315 319 320 323 325 327 329 333 334 339 342 343 351 354 357 362 365 369 371 372 375 382 385 388 392 394 398 400 404 405 413 415 422 425 432 437 441 443 445 450 452 456 460 462 464 468 471 476 480 485 488 493 496 498 504 508 511 512 515 516 518 522 526 528 530 534 537 541 546 547 551 553 559 563 566 570 573 574 578 579 583 584 592 594 597 598 602 608 612 615 619 623 626 629 630 634 636 637 643 647 649 650 654 656 659 664 667 671 674 677 680 683 684 688 689 693 695 697 702 
152 156 160 177 182 186 187 193 197 205 212 216 222 232 234 240 249 251 255 259 262 266 270 273 276 279 282 288 293 299 300 303 307 309 318 322 326 327 330 332 336 338 339 342 346 347 353 357 360 364 367 373 376 378 380 386 388 390 393 395 400 401 407 411 417 419 425 427 436 440 445 448 452 453 456 457 462 465 469 470 474 478 484 487 491 495 500 502 508 511 514 517 518 520 523 526 529 531 535 538 540 542 547 551 552 554 563 567 568 572 577 579 582 586 587 591 594 595 599 601 604 612 613 618 620 625 630 632 634 637 641 644 648 649 652 656 658 662 664 667 670 674 678 681 684 687 691 694 695 696 698 701 705 
153 160 164 180 183 189 192 194 201 206 213 220 223 234 238 241 251 252 256 263 266 268 274 277 278 282 286 292 296 302 305 307 311 312 320 324 328 332 336 338 341 344 348 349 353 354 358 362 363 365 369 374 378 379 382 390 392 395 397 400 403 404 410 413 420 421 427 429 439 441 449 451 456 460 462 465 469 471 474 477 480 481 486 491 492 498 503 506 509 514 518 522 523 525 529 532 533 535 539 540 543 545 548 552 553 557 567 570 571 574 578 582 583 588 591 592 595 596 602 605 606 615 616 620 621 627 633 636 638 641 642 646 650 653 657 659 663 667 670 672 673 675 682 685 688 691 694 695 698 700 703 704 707 
155 164 166 183 186 190 193 196 203 209 214 222 224 238 242 246 254 256 259 267 270 272 276 281 283 287 289 294 297 303 306 309 315 317 321 327 330 335 340 341 342 346 349 351 357 360 364 367 371 372 375 376 382 383 384 394 395 396 398 404 407 410 414 415 422 425 428 433 440 443 452 456 460 463 465 468 472 475 479 483 485 486 490 492 495 499 506 509 513 515 519 523 526 528 531 533 537 539 541 542 547 551 552 555 559 561 568 573 575 577 582 585 586 590 595 598 600 603 604 609 611 618 622 624 628 629 634 638 639 643 644 648 652 655 660 662 665 668 672 674 675 676 684 687 690 695 697 700 703 706 710 712 716 
159 166 170 187 190 194 196 199 206 213 217 226 227 240 245 247 257 259 262 269 274 277 278 282 286 291 294 298 299 306 309 312 316 318 322 329 333 337 342 344 346 350 352 353 361 363 366 368 373 377 381 382 384 385 388 396 398 402 403 407 408 413 416 417 424 426 429 434 441 445 453 457 463 465 469 470 474 477 480 486 487 491 494 496 498 500 508 510 516 519 523 527 529 530 535 536 538 541 542 546 549 552 553 556 561 563 571 576 579 583 585 587 591 592 598 602 604 605 606 610 615 620 626 629 632 633 636 641 642 647 649 652 655 658 663 664 666 670 675 676 680 684 685 690 693 699 703 704 708 712 713 716 720 
163 168 174 189 194 195 197 203 209 216 220 230 232 243 246 248 261 265 268 270 276 278 279 285 287 292 297 302 303 308 312 315 319 323 325 331 336 340 344 346 350 351 353 356 362 364 369 373 375 380 385 386 388 391 392 400 404 405 407 411 412 415 419 421 426 428 431 435 443 447 456 460 464 469 472 473 478 479 484 489 493 496 500 504 508 509 510 511 519 523 527 529 531 533 537 541 545 546 548 552 554 556 559 560 563 565 574 578 583 585 587 591 594 598 600 603 606 609 611 614 618 624 627 632 635 636 637 643 647 651 652 654 656 659 667 671 672 676 678 681 682 687 688 691 696 702 706 710 711 716 720 722 726 
166 171 176 190 198 202 205 207 212 218 222 234 236 247 249 253 264 269 272 276 277 280 282 287 290 296 298 305 309 313 317 319 320 326 329 332 340 343 348 352 353 356 359 361 363 368 370 376 378 384 386 390 391 395 399 402 406 407 408 412 416 420 422 424 428 431 433 436 446 448 458 461 468 472 473 477 479 482 488 493 497 499 503 508 510 513 514 518 523 525 530 533 535 536 539 545 546 548 551 555 559 561 562 564 568 571 575 581 587 589 590 595 598 599 602 607 611 612 613 618 620 628 631 636 639 640 643 644 649 653 657 659 661 664 669 673 674 679 682 683 684 688 689 692 700 706 707 714 718 722 726 729 730 
168 174 179 192 201 204 209 210 216 222 226 237 239 248 252 254 268 271 275 280 284 286 287 288 291 299 301 307 310 314 318 320 323 327 333 336 342 344 351 355 357 361 365 366 367 369 372 377 381 386 389 391 392 399 400 405 410 412 414 416 417 422 423 428 430 433 435 438 450 452 460 464 472 473 475 480 482 483 490 496 498 500 506 512 516 520 524 528 531 532 535 539 540 543 546 549 552 554 557 560 564 568 569 572 573 575 577 582 588 593 596 600 601 602 603 611 613 614 615 621 622 632 634 640 643 645 646 648 651 654 658 660 664 666 671 677 678 683 687 691 693 695 698 701 702 709 711 715 722 724 729 733 735 
172 177 183 195 202 208 212 215 218 225 228 241 244 249 254 258 269 272 277 281 287 288 292 293 295 301 303 308 312 317 320 323 325 328 336 337 346 350 354 356 359 365 368 371 374 375 379 381 383 388 390 392 393 402 404 407 412 416 417 420 424 425 429 432 436 440 441 442 452 453 464 467 475 476 478 484 486 487 491 499 501 503 508 516 518 521 528 531 535 538 539 540 542 544 547 552 554 556 559 562 568 572 576 579 582 584 588 590 592 594 599 603 606 607 609 612 614 615 616 624 627 634 638 644 647 651 653 656 659 660 664 667 669 673 674 680 684 686 691 693 695 697 702 705 706 712 713 718 725 726 731 737 739 
175 180 184 199 203 211 215 218 220 229 230 243 247 250 256 260 271 274 280 285 288 291 296 299 302 303 304 310 314 318 323 327 331 333 339 342 349 351 357 359 363 368 369 372 378 379 383 386 387 391 394 395 396 406 409 412 415 418 420 424 428 432 433 434 439 444 447 448 454 458 467 470 477 481 485 486 490 492 496 500 503 507 509 517 520 525 531 532 539 543 547 548 550 554 558 560 564 565 566 568 572 575 578 582 583 586 592 593 595 598 600 606 610 613 617 618 621 625 628 630 633 636 642 647 648 652 654 658 662 665 669 672 674 676 678 681 688 690 694 696 699 703 705 707 710 716 719 721 727 731 734 738 741 
177 181 187 201 207 214 217 221 225 230 232 247 248 252 260 262 275 276 284 286 289 295 297 303 305 307 308 314 318 321 324 330 332 335 343 346 351 354 359 360 364 372 374 377 382 386 390 392 393 396 397 398 399 407 411 416 420 423 424 428 430 433 435 437 443 448 451 455 457 459 471 472 481 483 489 493 495 496 499 503 507 511 515 518 524 528 535 539 540 545 551 552 554 555 560 563 568 572 575 578 580 581 584 587 591 595 598 601 602 604 607 608 612 614 618 621 624 628 632 634 638 641 646 651 654 657 660 664 666 667 670 673 676 679 682 685 691 693 698 699 701 705 708 711 713 719 722 725 730 733 736 739 745 
181 183 188 202 211 217 221 225 228 233 234 249 251 256 263 265 276 277 288 290 292 296 301 304 309 313 317 318 321 323 326 332 334 339 345 348 352 358 362 364 366 376 380 382 386 387 392 395 399 401 404 408 410 412 416 420 424 427 430 431 434 436 438 441 445 452 453 457 459 461 474 477 483 484 490 497 499 502 505 508 510 515 516 521 526 530 539 542 544 549 552 556 557 559 563 566 570 573 577 582 584 586 588 589 594 599 602 606 608 610 611 612 613 617 620 623 626 632 636 637 640 643 648 652 655 661 662 666 667 669 672 675 679 680 684 687 693 696 699 702 706 708 712 714 718 722 726 729 734 738 739 741 746 
182 184 192 206 214 218 224 229 232 237 238 253 254 258 266 269 277 278 292 296 298 299 304 307 311 315 318 322 326 329 331 334 336 341 347 350 353 359 365 369 371 379 382 386 389 393 396 397 401 403 405 410 412 416 420 424 426 428 431 435 439 443 447 448 451 455 459 461 465 466 476 479 486 488 494 498 502 504 508 510 511 517 519 524 527 533 542 543 548 551 554 559 560 562 565 570 572 576 579 584 586 589 592 596 600 603 605 610 612 615 617 619 623 624 626 627 629 634 637 641 644 645 651 656 660 665 666 668 671 672 674 678 681 682 685 688 695 699 703 704 709 710 713 716 722 726 728 733 738 742 744 745 747 
185 187 194 208 218 219 228 230 235 240 242 255 259 262 268 270 279 280 294 299 300 304 307 309 314 317 321 324 329 330 334 335 340 342 351 352 354 362 368 372 375 382 383 389 393 397 401 404 407 409 411 414 416 420 424 428 429 433 436 440 443 447 451 452 453 456 462 465 468 472 480 483 490 492 498 500 504 508 512 515 518 521 524 527 530 534 546 548 552 555 559 562 563 567 570 573 574 579 583 585 587 592 596 599 602 606 610 611 615 617 618 622 627 628 632 636 640 641 644 648 651 654 655 659 663 669 672 676 678 679 681 684 687 691 694 696 697 703 705 707 710 712 715 720 723 727 731 734 739 746 747 751 752 
186 191 197 209 222 223 231 234 236 244 247 259 261 264 272 274 280 284 297 302 304 307 308 310 318 319 325 326 330 333 338 340 344 347 352 354 356 366 370 376 378 386 387 392 396 398 405 409 411 414 416 417 421 425 429 430 434 437 440 441 447 448 452 454 458 462 466 469 472 474 484 486 491 495 500 502 508 509 514 519 521 522 525 528 532 536 547 552 556 558 560 564 568 570 574 577 581 582 584 588 591 596 598 602 606 610 611 612 616 619 621 625 628 632 634 638 643 644 648 650 655 656 659 661 665 670 676 680 681 683 687 690 691 693 696 697 698 706 709 710 711 716 719 722 725 728 732 735 742 748 751 752 754 
189 195 198 213 226 227 232 238 241 245 251 261 264 265 275 277 284 285 300 305 307 309 312 314 321 322 329 331 335 338 342 343 348 350 356 359 361 368 372 379 382 389 392 393 398 399 408 410 413 416 417 419 423 426 430 434 436 440 442 443 450 453 457 461 465 469 471 473 475 477 487 491 492 499 504 505 512 516 520 524 526 527 530 531 536 538 549 555 558 562 566 568 572 576 579 580 582 584 586 589 595 597 600 605 608 612 615 619 621 624 626 628 632 635 636 641 645 649 652 653 656 657 662 663 666 672 680 684 688 692 696 697 698 699 703 704 705 708 711 712 714 719 722 725 728 732 734 737 743 749 754 757 759 
192 199 201 216 228 230 236 241 242 248 252 262 266 269 278 279 288 290 303 307 309 313 314 315 322 323 330 334 337 340 343 346 350 351 359 360 363 371 373 381 385 391 396 398 400 403 412 416 419 421 424 426 428 429 434 438 439 441 443 447 454 456 460 464 466 471 473 477 481 482 488 494 498 502 507 508 515 519 523 528 530 532 535 536 538 542 552 556 560 565 567 571 575 580 584 586 590 593 597 601 604 607 608 609 610 616 617 622 626 630 633 635 637 640 641 643 647 653 654 656 658 662 663 666 667 676 681 685 690 694 698 700 702 706 708 710 711 715 716 718 721 725 727 728 730 736 738 740 744 750 755 761 765 
193 200 205 219 232 233 240 243 246 252 254 263 267 271 280 282 289 293 305 308 313 317 318 320 323 325 332 335 341 343 345 347 353 355 361 364 365 374 375 385 387 393 398 402 403 406 414 417 423 424 426 428 432 435 438 440 444 445 449 452 457 461 465 467 469 472 474 478 485 486 492 497 502 503 508 510 518 523 526 532 533 534 537 540 543 545 554 559 562 567 571 575 577 582 585 590 592 597 600 604 605 609 610 613 616 619 621 624 629 632 637 638 642 646 647 650 653 655 659 663 666 667 668 670 674 680 685 686 691 695 701 703 706 707 711 712 715 718 719 722 725 729 731 734 735 737 739 744 747 753 757 762 766 
197 202 208 222 233 237 241 245 249 255 259 267 268 274 284 287 291 294 309 312 317 318 319 323 326 328 334 337 345 348 350 351 354 357 364 367 368 376 377 388 392 394 401 404 408 409 416 418 427 428 429 432 436 440 443 447 448 451 455 456 458 463 466 470 474 476 477 482 489 493 494 498 504 507 511 513 521 527 530 536 538 540 543 544 548 549 557 563 564 571 574 577 578 586 587 594 595 598 601 605 606 613 617 619 622 624 628 629 632 634 641 644 647 650 651 653 657 659 661 667 671 673 674 675 676 684 688 692 696 697 702 705 707 708 714 715 716 719 721 723 729 732 735 738 742 744 745 748 752 757 760 763 768 
201 204 209 223 235 240 242 248 250 257 260 270 273 277 288 291 294 298 312 316 321 322 325 329 330 331 335 340 348 350 351 354 356 358 365 368 370 377 379 389 396 399 403 405 410 412 420 421 430 432 434 435 438 444 445 448 449 452 456 458 460 466 470 474 477 481 482 483 492 496 498 500 507 510 512 517 523 528 531 537 541 544 548 549 551 554 559 567 570 573 578 580 583 589 590 597 598 599 605 607 609 616 620 624 628 632 634 638 641 642 646 650 651 655 657 658 659 663 665 668 674 676 680 684 685 686 691 696 697 701 706 708 709 711 717 718 721 724 725 726 731 735 739 741 744 747 748 749 755 759 762 766 770 
205 206 213 227 236 243 245 249 254 258 262 271 276 279 290 294 298 302 314 317 325 329 333 336 339 340 342 346 350 353 355 357 360 362 367 369 371 380 382 391 400 402 404 407 413 417 424 426 432 436 437 441 445 449 451 453 455 459 460 464 467 469 471 477 480 483 484 486 496 498 502 504 509 511 513 518 525 532 535 539 543 547 551 552 553 555 560 568 573 575 582 586 589 590 594 601 604 606 607 610 611 617 624 627 630 636 638 640 644 647 648 651 653 656 658 659 661 664 669 671 676 677 683 685 686 689 692 698 701 704 707 709 713 714 719 722 725 728 729 733 736 738 743 747 748 750 752 756 759 760 763 768 774 
209 213 214 229 238 246 248 251 257 259 263 275 278 283 293 298 300 306 316 319 328 333 334 339 341 345 346 347 352 357 361 364 365 367 368 372 374 381 383 393 404 408 409 413 414 419 428 430 434 439 440 444 447 450 455 456 459 460 464 467 470 474 475 480 482 485 486 487 497 500 504 505 510 512 514 522 528 533 538 540 547 550 555 558 561 563 564 570 576 579 586 587 591 595 599 603 607 610 613 614 617 618 627 631 634 638 640 642 648 650 651 655 657 659 663 665 666 668 671 675 677 680 686 687 688 691 693 699 703 707 708 712 714 716 723 726 728 732 736 740 744 745 749 751 753 754 755 758 761 765 769 772 777 
213 217 219 233 241 250 253 254 260 261 266 279 280 285 297 299 301 309 318 322 329 336 337 342 345 347 349 353 356 361 364 368 370 371 375 379 383 387 390 395 405 412 414 418 422 423 432 433 437 443 445 448 452 454 457 458 460 461 466 470 472 476 479 483 486 489 492 493 500 503 508 511 514 516 519 523 529 536 540 544 549 552 557 560 564 568 569 574 578 583 587 589 595 599 602 607 611 613 616 618 622 626 628 635 638 641 643 647 651 655 659 662 664 665 669 673 674 675 677 678 680 681 688 689 691 693 696 701 704 708 710 714 717 719 724 727 730 733 740 744 746 748 752 754 756 759 762 764 768 772 773 777 778 
215 219 220 236 245 251 256 257 262 263 268 283 287 290 298 302 305 312 319 326 332 340 342 345 349 350 352 354 360 365 366 372 373 374 376 380 384 388 394 398 407 414 416 419 424 427 434 435 440 444 447 449 456 460 462 463 464 465 470 472 475 478 480 486 489 490 494 496 501 505 511 512 517 519 521 526 531 539 544 548 552 554 561 563 567 570 574 577 582 586 589 592 596 601 605 609 613 614 617 619 624 629 631 638 639 642 645 651 654 658 663 666 670 673 676 680 681 682 683 687 691 694 698 699 701 702 706 710 711 712 716 718 722 725 728 732 733 737 742 745 750 753 755 757 759 763 764 766 769 775 777 779 781 
217 220 222 238 246 254 257 261 263 267 270 287 289 291 301 306 307 315 320 328 333 343 344 346 353 354 355 358 361 369 372 374 378 382 383 386 389 391 398 400 411 416 418 423 425 430 437 441 442 445 450 451 457 461 463 466 469 470 474 476 479 481 485 490 492 496 500 503 505 506 512 514 518 522 525 529 534 541 546 550 556 560 565 569 572 575 578 579 586 587 593 595 600 604 606 612 614 615 621 624 626 632 635 640 644 647 650 653 656 660 667 669 674 675 680 682 683 684 686 688 694 697 700 703 707 710 711 713 714 718 721 724 726 730 731 734 737 739 744 749 752 755 756 759 762 765 768 772 775 776 780 784 786 
221 223 226 240 250 258 259 264 265 269 272 290 291 293 303 308 312 316 322 329 337 344 347 350 357 360 362 364 367 372 376 380 381 383 384 390 392 395 402 403 413 419 421 424 427 434 440 443 444 449 454 456 460 462 466 470 471 472 477 478 482 484 488 494 498 500 504 507 508 510 515 519 523 525 529 531 538 545 550 552 560 561 567 570 573 578 580 581 590 594 597 601 603 608 609 615 618 622 625 629 633 636 640 643 648 652 656 659 660 662 671 672 678 681 685 686 688 689 693 694 698 700 701 706 709 712 713 716 719 723 726 730 733 735 737 741 744 748 750 753 755 757 758 762 764 767 772 776 777 779 783 785 787 
225 226 227 241 253 259 262 266 269 273 276 294 298 299 305 311 316 318 323 333 340 347 350 354 358 361 363 366 370 376 380 382 384 387 391 393 397 399 405 406 417 422 425 429 431 438 441 445 447 451 458 462 465 468 470 471 473 477 479 482 483 488 490 496 500 501 507 510 512 516 517 520 524 529 530 534 541 548 554 558 561 565 569 574 575 581 585 587 593 595 598 602 606 610 612 618 619 626 628 632 636 639 644 645 650 653 657 662 663 664 673 676 679 682 687 691 693 695 698 702 706 709 712 715 717 721 722 726 728 730 732 733 736 740 744 746 749 752 755 758 759 763 765 767 771 775 779 782 783 787 790 792 794 
226 227 230 245 254 263 265 270 274 277 281 296 300 301 307 315 320 323 325 337 342 348 353 357 359 364 367 369 373 379 382 384 387 390 394 396 399 403 409 411 421 423 428 433 437 441 443 447 449 455 460 463 466 472 473 476 478 480 484 487 490 494 495 498 502 506 509 513 515 520 523 527 528 530 533 537 543 552 556 559 565 568 572 576 577 583 589 593 594 598 601 604 607 611 613 622 623 630 633 634 639 643 646 648 654 655 659 663 664 667 677 678 682 685 689 693 694 697 700 704 710 712 714 717 719 724 726 727 731 735 737 740 741 743 747 750 753 756 757 760 763 764 768 769 773 778 780 783 786 788 791 794 796 
228 230 232 248 258 265 267 272 277 278 282 298 302 305 310 318 324 328 332 338 344 351 356 360 361 365 370 371 374 380 384 388 392 393 395 400 403 404 413 417 422 427 432 436 440 445 446 451 454 457 462 465 467 475 476 478 482 486 487 491 493 495 497 499 505 507 513 516 517 521 524 529 532 533 536 540 545 555 559 563 568 569 574 577 581 587 590 596 597 599 602 608 609 613 615 623 624 631 636 638 643 647 650 654 656 658 662 664 665 670 678 679 684 689 691 697 698 700 703 705 711 713 717 719 720 725 730 732 733 736 740 743 745 746 750 753 757 761 764 765 767 770 774 776 780 783 786 787 788 791 792 795 798 
231 233 236 252 259 266 268 273 280 282 285 299 305 309 314 320 325 332 335 341 346 353 358 361 364 366 374 377 381 382 387 392 396 400 402 406 407 409 415 420 424 430 433 439 443 449 453 455 457 459 463 466 469 479 483 487 491 495 498 499 502 506 508 512 516 518 521 525 528 531 535 538 542 545 546 549 550 558 561 567 572 575 579 583 587 591 592 597 600 601 603 612 615 617 621 624 628 632 639 640 646 648 652 655 660 664 668 671 674 677 681 685 688 690 692 699 701 703 705 706 712 714 719 722 725 727 734 735 737 738 741 747 749 750 753 754 761 764 766 767 768 772 776 780 781 785 789 791 795 799 801 805 807 
232 237 238 256 260 268 271 274 283 284 289 301 307 310 317 324 327 336 337 345 347 355 359 363 367 371 377 379 383 387 390 394 397 404 407 411 414 417 420 424 426 434 437 440 447 450 456 458 460 462 465 469 472 481 486 490 493 496 501 502 506 508 510 514 517 522 525 526 532 533 538 539 543 546 547 553 554 559 562 570 573 579 580 587 590 594 597 598 603 607 610 615 616 621 623 625 632 636 640 642 647 650 653 657 662 667 671 673 678 682 685 687 689 693 694 702 704 708 711 715 717 718 720 723 728 731 737 739 740 742 743 751 755 758 759 762 763 765 767 769 770 775 779 784 788 789 791 795 799 803 804 807 811 
235 241 242 258 264 272 273 275 287 289 290 303 310 312 319 327 328 337 338 349 350 359 361 364 371 374 378 381 387 388 393 395 399 407 409 415 419 421 425 428 430 437 441 442 448 451 458 462 465 469 470 474 477 485 487 494 495 497 503 506 507 512 514 518 520 524 528 529 534 536 541 545 547 551 552 554 556 561 564 574 576 583 584 590 592 596 601 604 605 610 613 616 618 624 625 626 634 638 641 646 651 654 655 661 666 668 674 677 681 685 689 692 695 699 702 705 707 712 714 718 721 723 725 726 729 734 741 742 745 749 751 753 757 761 765 769 773 774 778 781 784 787 790 792 796 798 799 803 805 807 809 811 815 
238 244 246 261 267 274 275 278 291 295 297 305 314 316 320 328 331 338 342 350 353 362 365 368 375 378 381 384 391 392 396 400 402 410 413 418 421 422 427 430 433 440 443 446 451 455 461 463 466 471 475 476 480 489 491 496 499 500 504 507 510 516 518 519 521 527 532 533 536 540 542 546 550 552 554 558 559 562 568 575 579 584 587 592 595 597 604 606 607 611 614 617 619 626 629 630 636 640 642 648 653 658 659 664 668 671 676 681 682 689 691 695 697 700 704 706 708 714 718 720 723 724 728 731 734 736 744 748 752 755 759 762 764 765 767 773 776 779 780 782 785 789 794 795 800 801 803 806 808 809 813 814 817 
240 245 247 262 270 276 279 280 293 297 299 306 317 321 325 332 334 339 343 352 357 363 366 372 377 382 384 388 392 395 400 401 403 413 414 419 422 426 431 434 437 442 445 450 455 458 463 466 467 472 479 482 483 490 494 498 501 504 505 509 514 517 520 524 526 530 535 538 541 545 549 550 554 556 559 562 563 565 571 576 583 588 590 596 599 603 606 607 608 614 616 620 621 628 632 633 638 644 646 651 657 662 664 667 669 672 677 683 684 690 693 698 699 704 706 707 712 716 720 722 725 726 729 734 736 739 746 749 754 758 761 764 765 766 771 775 779 782 785 788 789 793 797 799 804 806 809 812 816 819 821 822 825 
241 248 252 265 271 279 283 285 295 301 304 307 318 325 328 334 335 340 344 356 359 366 368 376 378 386 389 393 394 398 402 406 409 417 421 425 427 429 434 436 441 445 446 454 459 461 466 470 472 474 482 485 489 491 495 500 505 509 513 514 516 519 522 528 531 533 539 542 545 548 550 554 558 559 560 563 566 569 573 577 585 592 595 599 603 606 609 610 614 615 618 622 624 631 636 638 642 645 647 652 659 666 669 671 673 676 681 687 688 694 696 700 701 705 708 709 713 718 723 725 728 730 732 738 740 741 748 751 756 762 766 767 768 770 775 778 780 785 786 790 793 795 799 800 808 811 813 816 818 821 823 826 829 
244 249 254 268 273 282 287 289 296 305 308 312 319 329 331 338 340 341 347 359 361 368 370 378 382 388 390 396 398 400 404 409 411 418 424 427 430 431 435 439 445 449 451 455 462 465 467 472 473 478 485 486 490 495 497 501 509 512 515 518 520 524 526 531 534 538 540 545 548 550 552 557 559 561 563 567 569 571 574 581 587 595 597 600 605 610 612 615 617 620 621 625 627 632 640 643 644 648 650 654 661 669 671 674 677 680 683 689 690 695 699 703 707 709 712 713 714 722 724 726 731 735 738 741 743 746 750 752 758 763 767 770 771 775 776 779 782 786 788 793 794 798 803 806 812 816 818 821 825 827 831 832 835 
247 251 257 271 276 284 290 294 299 308 312 314 321 330 334 342 344 348 352 362 365 370 373 380 385 389 394 398 402 406 410 413 417 420 426 430 433 437 438 440 449 451 453 456 465 466 470 474 477 479 489 492 494 497 499 505 510 514 517 520 522 526 527 533 538 542 544 546 551 553 557 561 562 566 570 572 574 575 577 583 588 596 598 603 609 612 613 616 621 625 627 628 631 634 641 644 645 651 654 657 663 671 674 676 680 683 686 690 693 696 701 705 708 712 714 716 719 724 727 729 733 739 741 744 746 747 752 754 762 765 769 773 777 779 783 786 790 791 792 797 798 801 806 809 816 817 822 823 826 830 832 833 839 
248 254 259 272 279 288 292 296 300 310 315 318 322 334 337 344 346 349 354 364 368 371 375 381 388 391 395 400 406 408 412 415 419 422 430 431 437 440 444 447 453 454 457 461 467 468 474 478 481 483 492 494 497 498 502 509 513 516 519 521 526 530 532 535 542 546 549 550 555 559 563 567 568 572 576 579 580 582 583 586 592 600 604 607 613 614 617 620 622 629 632 636 639 640 644 646 649 653 657 660 666 674 677 678 682 686 688 693 697 701 704 708 709 714 715 720 722 726 728 732 737 742 744 745 750 753 755 756 763 766 772 774 779 782 787 789 791 792 795 801 802 805 808 811 817 820 826 830 832 835 839 842 845 
252 256 261 274 283 290 296 298 302 313 316 319 324 338 342 345 350 351 356 365 369 375 376 385 389 395 399 402 410 411 416 417 423 426 433 437 438 442 448 452 455 457 459 464 470 474 477 481 484 488 495 498 500 504 508 513 517 519 522 523 530 533 537 539 543 548 553 555 558 561 565 571 574 576 578 583 584 585 586 587 595 601 606 608 614 617 621 625 626 631 635 638 642 646 650 651 655 657 658 662 668 675 680 681 685 690 691 694 699 704 706 711 714 715 716 721 726 727 730 733 738 744 746 749 751 756 757 758 765 769 776 777 780 784 790 794 796 799 802 803 807 808 812 814 819 821 829 833 835 836 840 846 847 
256 259 264 275 287 294 297 302 305 315 320 321 327 341 345 348 353 356 359 369 370 376 377 386 393 399 402 404 412 414 419 422 426 430 436 441 445 447 451 455 459 462 466 467 473 477 481 485 488 489 498 500 501 506 510 514 519 522 524 528 531 534 538 542 545 551 554 557 559 562 568 572 576 577 581 584 585 586 589 593 598 602 610 612 615 620 625 629 633 636 639 642 643 650 653 655 657 660 663 666 669 676 683 686 690 694 698 702 704 706 708 712 717 719 721 722 730 731 733 735 739 745 749 750 752 758 759 760 766 770 777 781 784 788 792 795 797 800 806 808 810 814 817 821 824 827 832 835 836 837 844 849 853 
260 264 267 276 289 297 298 306 310 318 324 326 331 342 349 351 356 360 364 372 375 379 380 390 396 401 406 407 414 417 421 426 429 433 440 444 446 448 454 457 462 464 469 472 474 478 484 487 489 491 501 504 508 509 511 518 523 524 528 531 535 537 541 543 548 553 557 560 562 564 571 575 580 581 582 587 588 592 593 595 601 603 613 614 616 622 627 630 635 640 643 645 647 654 657 658 660 662 664 668 672 677 684 690 691 696 702 706 708 711 714 716 721 724 728 730 731 732 736 739 742 749 752 755 758 760 764 768 770 773 779 783 786 791 794 799 800 804 809 810 813 816 820 825 829 833 836 839 842 844 845 852 856 
263 267 269 278 292 300 301 309 313 321 326 329 335 345 352 353 359 362 368 373 376 380 382 394 399 402 409 412 416 420 423 428 432 437 443 445 449 450 458 459 463 466 471 474 476 479 487 490 494 497 503 505 512 514 515 520 526 529 533 537 541 543 545 549 552 554 561 564 566 569 573 576 582 583 586 590 593 597 598 600 604 605 614 617 621 625 629 633 636 642 644 648 651 657 661 665 666 670 672 674 675 678 685 691 692 698 705 710 712 713 715 718 722 725 732 736 740 744 745 749 751 752 756 759 760 763 766 769 774 775 780 784 789 795 799 802 806 807 810 811 815 820 824 826 833 837 839 840 846 849 850 854 859 
266 270 273 279 294 303 305 312 315 323 327 330 338 348 353 354 361 366 369 375 377 383 386 397 401 404 412 413 418 422 426 429 434 441 445 447 453 456 460 462 467 468 474 476 478 483 490 494 495 498 507 509 516 517 521 522 530 534 537 538 543 545 547 553 555 557 563 567 571 573 577 580 583 585 589 593 597 600 603 605 606 608 616 618 624 626 632 636 640 644 646 651 654 659 662 668 669 672 674 675 676 679 688 693 696 700 706 714 716 718 721 725 728 729 733 740 741 745 746 753 757 761 764 768 772 775 778 780 783 785 789 791 794 798 803 807 808 810 813 815 817 823 825 830 835 838 842 843 849 851 853 855 863 
267 273 276 280 297 307 310 315 316 325 330 333 340 352 355 358 362 367 373 378 382 385 388 401 404 405 414 415 422 424 427 433 438 443 448 451 457 459 461 463 468 472 475 479 482 485 492 497 500 503 511 514 519 520 524 527 533 535 541 545 547 549 550 557 559 563 564 569 573 576 580 584 587 588 592 596 601 605 607 610 612 614 619 623 627 631 636 639 643 645 648 653 657 662 663 670 672 675 676 678 679 680 690 697 701 705 708 717 719 723 725 728 731 733 737 742 743 747 748 755 759 764 768 770 774 777 782 786 787 791 795 797 799 800 804 810 813 817 818 820 821 826 830 833 839 843 845 847 853 855 857 860 864 
268 274 279 283 300 309 311 319 323 328 333 336 344 353 359 363 367 370 374 381 386 390 393 403 406 408 418 421 425 426 428 434 442 447 450 453 461 464 466 467 472 474 476 480 484 487 493 498 503 504 513 515 522 525 526 529 536 537 544 547 550 554 557 560 563 566 570 571 575 580 581 586 590 592 593 600 605 607 610 611 615 616 620 626 628 634 639 643 645 649 652 656 660 664 667 674 675 679 681 685 689 690 694 699 705 707 711 718 722 727 729 732 736 737 738 743 744 748 750 756 763 768 770 772 775 781 784 790 792 794 799 800 801 802 805 812 817 819 820 822 823 829 834 835 843 847 850 854 856 859 862 866 868 
272 278 281 287 303 313 317 322 327 330 335 339 348 354 362 364 368 372 377 383 388 393 397 407 409 412 422 423 427 428 429 437 443 449 451 457 462 468 472 473 476 479 481 482 486 490 495 502 504 506 517 518 523 528 532 536 540 541 545 549 552 556 560 562 567 571 574 578 580 584 588 591 592 594 596 604 608 610 612 615 616 620 622 630 631 635 641 647 649 651 655 658 663 665 670 677 678 682 685 689 693 695 697 701 709 713 716 721 726 729 732 735 738 739 740 745 749 753 754 759 767 769 774 775 779 784 786 791 795 797 802 804 808 809 811 815 819 820 821 826 828 831 838 842 844 848 853 856 857 863 865 869 873 
274 279 285 288 304 317 319 326 331 335 339 341 352 357 365 369 372 373 380 387 390 395 400 410 411 413 423 427 429 430 434 441 444 450 452 458 464 470 473 475 478 482 486 487 488 492 499 503 507 508 521 522 525 530 533 539 544 545 547 552 554 558 564 565 569 574 575 580 584 586 592 593 594 596 600 606 610 613 617 619 622 624 627 634 637 638 642 648 652 653 656 659 666 669 671 679 680 683 689 693 696 697 701 703 711 714 719 723 730 732 735 738 740 743 745 748 750 754 758 763 768 771 778 779 781 785 787 792 796 798 804 808 812 813 815 818 823 825 826 830 832 834 842 845 847 850 855 857 861 865 869 873 875 
275 283 289 292 307 318 323 329 333 338 343 345 354 360 368 371 373 374 384 389 391 397 404 412 413 417 424 429 433 437 438 443 445 454 457 462 466 471 474 479 480 485 490 494 495 498 503 506 511 513 523 526 530 531 535 543 545 547 551 556 558 559 568 569 570 578 579 584 586 587 594 595 598 602 605 608 614 615 621 624 625 626 629 638 641 645 648 649 654 656 658 661 669 670 672 680 682 687 693 694 700 702 703 705 712 716 721 724 733 736 737 739 741 746 749 751 752 757 759 764 770 774 780 784 786 788 792 794 799 801 807 810 815 816 817 820 827 828 829 834 838 839 845 847 850 853 856 861 865 869 872 874 879 
276 286 290 295 309 321 324 330 336 341 345 349 358 363 370 374 375 379 387 393 394 400 408 416 417 418 428 430 435 438 439 445 449 457 458 465 467 473 477 483 487 490 494 495 499 503 506 508 512 515 527 529 533 537 538 545 546 551 552 560 563 564 570 572 576 580 584 587 588 591 596 597 599 606 609 611 615 619 623 627 631 635 638 639 645 648 652 654 658 660 662 664 671 675 676 681 683 690 694 696 704 706 708 709 714 718 724 725 734 739 741 743 747 750 751 755 759 761 763 766 773 778 781 788 791 792 795 797 802 806 809 814 819 822 825 826 828 829 832 837 842 843 848 850 853 857 858 862 867 873 874 877 880 
278 289 293 299 311 324 326 334 339 345 347 352 360 364 372 376 377 381 389 394 395 404 410 419 422 425 430 431 436 439 440 446 451 458 462 469 470 474 479 487 491 494 498 499 503 504 510 514 515 516 530 531 536 539 540 547 548 554 557 562 564 566 574 577 580 584 587 590 592 593 600 601 602 608 610 612 617 622 627 630 632 637 641 642 647 651 656 660 664 667 668 669 675 676 677 684 685 691 695 699 706 710 711 715 719 723 725 728 736 740 742 744 748 753 757 760 764 766 768 771 776 781 784 792 793 796 797 798 806 809 813 816 821 826 827 828 829 832 836 841 846 848 851 855 859 861 862 866 868 874 877 878 881 
282 293 294 301 315 327 329 336 343 348 351 355 362 367 373 379 380 385 390 397 401 407 412 423 424 428 432 435 439 442 446 448 452 461 466 473 476 477 480 490 494 496 500 502 507 508 514 515 518 519 532 536 540 543 544 550 551 558 561 565 566 570 578 580 583 586 590 591 593 595 604 606 608 609 614 617 618 625 631 635 637 638 645 649 653 655 658 662 665 671 673 677 681 684 688 691 692 696 697 702 709 711 712 717 720 727 729 733 740 744 748 751 755 759 760 761 765 768 772 773 777 784 785 795 799 803 806 807 810 814 816 819 824 830 833 837 839 843 847 851 853 855 858 859 860 864 865 870 872 876 880 882 886 
284 297 300 303 318 329 331 339 346 351 355 357 366 370 374 381 382 389 391 400 402 409 416 425 429 433 435 437 440 443 449 451 453 465 469 476 480 484 487 491 495 500 502 506 509 510 516 517 522 525 534 539 542 546 550 551 552 562 563 569 571 574 581 582 586 588 592 595 597 598 608 612 615 619 620 623 624 627 633 637 640 643 647 652 655 656 660 663 668 672 674 680 685 686 689 692 693 698 701 704 713 717 721 725 727 730 733 734 741 745 752 756 759 763 767 769 772 774 777 778 780 785 787 796 802 804 807 811 815 819 820 823 825 832 837 841 845 846 849 852 857 859 861 863 864 866 870 873 874 880 884 886 889 
286 298 302 304 319 331 334 343 350 352 356 361 367 373 377 382 383 390 393 401 406 411 418 427 430 434 437 438 443 446 451 453 455 469 470 479 483 488 489 492 497 501 506 510 513 517 520 521 524 529 538 541 543 547 553 556 560 565 569 570 573 575 582 584 588 591 593 597 599 602 609 615 617 621 623 625 628 632 637 640 644 645 651 656 660 663 667 670 671 675 676 682 688 692 696 699 702 703 705 708 714 720 725 727 728 733 736 737 745 748 755 760 762 765 769 770 776 778 780 782 785 788 789 798 806 807 808 813 819 823 824 827 829 836 840 845 848 850 853 854 860 861 864 867 868 871 872 874 875 881 886 890 891 
289 300 304 305 322 335 337 344 354 355 357 365 368 377 379 384 387 393 397 403 407 413 420 429 433 438 439 441 444 447 454 456 460 473 477 483 485 489 493 496 501 504 509 511 514 518 524 526 530 531 540 545 547 548 555 557 561 567 573 575 577 578 584 587 591 595 599 602 605 606 613 617 621 624 626 630 631 635 638 643 646 650 655 659 663 665 670 671 674 679 681 686 692 695 697 703 704 707 711 714 718 721 726 731 733 734 737 739 747 749 759 761 765 766 773 776 778 782 783 784 787 789 791 801 807 810 814 818 820 827 828 830 833 837 844 847 849 854 858 861 864 868 872 873 876 877 878 881 883 887 889 893 896 
290 301 308 312 326 339 343 348 357 358 361 369 371 379 382 385 388 394 401 407 408 417 421 433 436 439 440 442 448 452 458 460 462 477 479 486 488 490 495 500 503 506 511 513 515 520 527 530 531 534 542 549 552 555 557 559 564 571 575 576 579 581 586 591 594 596 600 606 608 612 615 619 622 625 629 631 633 637 640 645 647 654 658 662 664 669 673 676 677 681 682 687 696 699 701 704 708 709 713 715 722 725 728 734 736 740 741 745 750 752 761 763 766 768 775 779 780 785 789 793 795 799 801 804 810 812 816 819 824 829 833 835 838 840 845 850 852 855 861 863 867 872 873 875 878 881 882 885 889 892 895 899 900 
294 305 310 315 330 341 344 351 359 361 365 371 372 380 383 387 390 395 405 408 409 418 425 436 437 440 441 443 449 453 460 463 466 479 483 488 491 492 497 504 508 510 515 516 517 524 528 534 537 538 544 552 555 558 562 563 568 573 576 578 583 587 590 594 598 600 604 608 612 616 619 622 626 628 631 632 636 641 645 648 652 655 659 665 668 673 676 680 682 685 686 690 699 702 706 709 710 713 714 719 725 729 733 738 742 745 749 751 755 757 764 768 771 772 776 781 785 789 793 795 798 800 805 808 811 813 817 821 827 830 836 838 840 841 849 853 856 858 865 868 870 875 879 881 882 886 889 893 896 897 898 900 904 
298 309 311 318 332 345 347 353 362 366 369 375 377 381 384 390 393 399 406 411 413 421 428 439 442 444 447 448 451 455 463 466 468 483 484 491 494 496 499 507 510 514 516 517 520 527 532 536 539 541 547 554 557 561 566 568 570 574 578 580 586 591 592 597 599 604 608 609 613 620 622 623 629 631 634 636 638 642 647 651 653 659 660 666 671 676 679 682 683 689 691 694 703 706 709 712 714 715 716 721 729 733 734 739 743 749 752 756 759 760 768 771 774 776 779 783 787 790 795 796 801 803 806 812 815 819 820 825 829 832 837 841 842 843 852 854 859 861 866 872 874 879 880 885 887 889 893 895 897 899 902 903 907 
302 312 315 319 334 347 348 354 366 369 372 379 381 384 387 393 396 402 408 413 414 425 429 440 443 447 449 451 453 457 466 469 472 487 490 494 498 502 503 508 512 515 519 521 525 528 534 540 543 544 549 557 558 564 570 571 574 575 582 583 590 593 597 600 602 605 612 614 615 623 626 628 633 637 638 642 643 647 649 652 656 661 663 667 674 678 682 686 688 692 693 697 704 708 713 714 718 721 725 726 730 734 735 743 745 753 754 758 763 765 771 774 776 779 782 787 789 792 799 802 804 806 810 816 819 822 825 826 833 834 838 843 846 848 856 857 860 863 868 876 879 880 883 886 891 895 899 901 905 907 911 912 914 
305 316 320 324 336 348 349 358 369 371 374 381 384 388 390 394 400 403 411 415 416 429 432 443 447 451 454 456 460 462 470 473 474 488 492 498 500 506 510 514 515 518 523 525 528 530 538 544 547 549 550 561 565 566 573 577 578 581 585 588 593 595 599 604 607 611 613 615 619 626 627 631 635 639 640 645 647 648 650 654 658 665 669 672 678 680 683 688 691 695 699 701 707 711 716 720 723 724 726 727 734 738 740 744 747 754 756 761 765 767 773 778 779 782 783 788 791 793 801 805 808 810 814 819 820 823 827 830 834 835 839 846 849 851 857 859 863 864 872 878 881 883 886 888 895 897 900 903 908 910 914 915 917 
306 317 323 325 337 349 351 361 372 376 378 382 385 392 393 398 403 407 413 419 423 431 433 447 448 452 455 457 462 463 471 474 475 490 494 499 501 507 514 516 518 521 525 526 531 532 541 548 551 555 558 562 569 572 576 581 583 587 589 592 596 599 602 605 610 614 618 620 622 628 632 633 638 643 647 648 651 652 656 660 664 666 671 673 680 682 684 691 695 696 701 703 709 713 718 721 727 729 733 734 738 741 745 749 750 756 758 765 769 770 775 780 783 784 788 790 795 798 802 808 812 814 816 822 826 827 828 833 837 840 843 847 852 853 858 863 866 867 875 881 882 886 889 892 898 901 905 908 910 913 918 922 923 
310 321 327 328 339 352 356 362 375 380 381 383 388 395 398 401 405 409 414 422 426 434 435 449 453 457 460 463 464 467 474 477 479 492 495 503 507 509 516 517 520 525 526 527 535 539 544 549 552 557 561 565 571 576 579 582 584 590 591 595 599 603 604 609 613 617 619 621 623 631 633 637 641 645 650 654 656 659 660 664 667 671 672 674 683 687 689 692 697 700 705 708 712 715 719 724 730 734 736 740 744 747 748 752 756 759 763 768 771 775 776 784 788 789 792 794 796 799 806 811 813 816 818 824 827 830 833 835 839 842 844 851 855 859 862 864 868 872 876 883 884 890 893 895 899 903 909 911 915 918 920 924 927 
312 322 329 332 341 353 359 363 379 381 383 386 390 398 399 403 407 412 418 423 429 436 440 451 454 461 464 466 470 474 478 479 481 496 498 507 509 511 517 521 524 527 529 531 539 543 548 553 555 558 562 568 573 578 583 586 590 592 596 597 602 606 608 613 615 621 623 624 627 635 637 638 644 647 652 655 659 661 662 665 670 672 675 676 685 688 693 694 698 703 706 710 713 717 723 725 734 736 740 743 745 751 754 756 757 761 764 772 775 779 780 788 791 795 796 798 802 806 810 814 817 819 821 826 830 832 835 837 843 844 847 854 856 862 863 868 870 874 878 886 887 892 896 898 903 904 911 913 917 919 923 925 931 
313 324 330 336 345 356 363 367 383 385 389 393 397 402 406 410 413 416 421 426 431 439 441 455 458 464 468 469 472 477 479 482 486 498 499 508 510 514 521 522 525 530 531 533 543 547 549 554 556 562 564 569 574 580 586 587 591 595 600 602 605 610 614 618 622 625 627 628 629 639 640 644 646 651 655 656 662 665 666 670 671 673 676 677 688 691 695 699 703 705 708 712 715 720 727 728 736 739 742 745 748 753 756 758 759 763 768 775 778 781 784 790 793 799 803 807 809 813 814 816 821 824 827 830 832 835 836 838 845 848 849 857 858 863 867 871 875 877 882 889 892 894 898 899 906 907 912 917 921 923 926 929 933 
314 328 331 339 346 358 367 368 386 389 392 395 400 405 408 412 417 421 422 429 435 441 443 457 461 468 471 473 477 480 484 485 488 502 503 510 511 515 524 526 528 532 536 537 546 551 553 558 562 566 570 572 576 583 589 592 595 599 601 606 610 614 616 620 625 629 631 635 636 641 645 647 648 652 657 660 663 669 672 676 678 680 684 687 690 695 698 700 706 709 711 714 718 724 728 729 738 741 746 750 753 757 759 763 766 768 771 776 779 785 787 791 797 803 804 808 813 816 820 822 823 826 828 831 836 840 842 846 848 850 851 859 863 866 868 874 877 878 885 893 896 899 903 905 908 912 913 921 925 929 930 934 935 
318 332 335 340 350 359 369 373 388 393 395 396 403 407 409 416 420 422 423 430 438 443 446 461 463 471 472 477 480 484 487 488 492 506 510 514 517 519 528 531 533 536 538 541 547 555 559 560 566 567 572 576 578 587 593 595 596 600 604 608 614 616 617 621 627 631 635 637 640 644 649 652 655 659 661 663 665 673 674 679 681 684 688 691 695 697 702 706 709 713 714 716 720 725 731 733 742 744 748 754 758 762 766 768 769 772 775 779 781 789 790 794 801 804 807 811 817 820 824 828 830 831 834 835 838 841 843 850 851 852 854 863 867 871 872 875 879 883 887 897 898 903 905 908 911 913 917 922 926 931 934 938 941 
321 335 337 341 354 360 373 377 389 397 401 405 407 408 411 418 423 427 430 433 440 446 450 465 468 475 477 480 481 488 490 493 496 508 511 517 518 522 531 534 536 537 539 544 551 559 560 564 570 573 577 580 581 590 595 597 600 601 608 610 618 621 625 628 630 632 638 641 642 645 653 657 659 662 664 666 670 676 677 680 685 687 691 693 696 701 706 707 711 715 716 720 721 726 734 736 745 749 753 757 759 764 767 770 774 777 778 783 786 790 794 795 802 806 809 814 821 825 827 831 832 836 837 840 842 844 848 854 855 859 862 867 870 874 876 878 880 886 890 898 900 907 910 913 917 918 921 923 928 933 938 939 944 
322 339 343 344 358 361 377 379 391 398 404 406 409 413 414 421 427 430 434 435 444 449 451 467 471 476 479 481 484 491 492 497 499 512 516 518 521 524 534 535 540 544 548 552 555 563 567 569 572 574 580 583 585 593 598 599 601 602 610 614 620 624 629 630 632 635 641 642 643 646 657 659 660 663 667 671 672 680 684 685 687 691 692 696 699 704 707 710 714 716 720 723 725 729 738 741 747 753 757 758 763 768 770 772 775 778 782 787 790 791 798 801 803 807 810 816 823 827 830 835 839 843 844 845 849 853 855 857 860 861 866 868 871 876 879 882 883 889 891 899 904 908 914 916 918 920 922 927 932 935 942 946 949 
325 340 346 350 359 364 379 381 392 399 406 409 413 417 421 422 429 433 435 438 445 452 454 469 472 480 481 482 487 492 493 500 501 513 518 519 522 528 537 538 543 545 552 556 560 567 570 571 574 578 581 587 589 597 602 606 610 614 616 619 624 626 632 634 635 637 645 649 652 653 659 662 664 666 668 674 676 684 687 688 692 695 699 701 705 706 711 714 715 720 723 726 728 731 739 743 751 754 758 759 764 772 774 777 779 782 785 788 791 794 802 804 808 810 813 818 824 831 835 837 841 845 849 853 855 856 858 861 863 865 867 870 873 880 883 885 889 893 895 900 906 912 918 922 925 928 931 932 933 939 944 949 950 
329 341 347 353 360 366 380 384 396 401 407 413 415 419 424 426 431 434 438 439 447 454 456 473 474 482 484 485 488 496 500 503 507 515 522 525 527 530 541 545 548 551 555 559 564 568 572 574 578 579 582 591 592 601 604 608 611 617 620 621 627 631 636 638 642 645 646 651 654 658 662 665 666 669 671 675 678 685 688 690 695 697 701 704 706 708 712 716 720 721 726 730 734 738 742 746 755 757 761 762 765 773 775 781 785 789 790 793 794 798 805 807 809 811 817 822 827 834 839 842 846 847 853 857 859 862 866 870 872 873 877 878 882 884 887 889 893 895 898 904 907 915 919 925 927 930 934 935 937 943 948 952 954 
332 345 351 355 363 368 382 387 398 402 411 415 417 423 425 429 432 437 441 442 448 455 460 474 477 483 488 491 495 500 501 504 508 516 525 528 532 533 545 548 550 555 558 562 566 571 574 578 579 581 583 593 595 603 605 612 615 621 624 628 630 632 638 642 643 648 650 652 658 659 666 667 668 672 675 679 681 687 689 694 696 699 702 705 708 710 713 718 723 725 728 731 738 741 746 749 756 761 763 765 768 777 780 782 786 792 793 797 799 800 809 812 814 817 820 826 831 835 840 846 849 850 857 859 860 864 868 871 876 879 882 883 886 887 889 890 895 899 902 906 910 917 920 926 930 931 936 937 940 947 951 956 957 
335 348 354 356 365 372 383 389 402 404 412 418 422 425 427 431 436 440 445 448 449 459 463 478 481 487 491 492 497 502 506 508 511 517 529 532 535 539 547 551 555 557 560 564 570 575 577 582 584 586 588 597 599 606 609 614 617 623 628 631 632 634 639 643 645 651 652 653 662 666 670 673 675 678 679 683 687 689 692 697 698 703 707 708 711 713 716 721 726 729 732 733 739 744 748 752 757 765 767 770 774 781 785 789 790 796 797 801 803 807 812 813 816 821 825 829 835 836 843 847 853 854 861 865 866 870 873 875 878 882 883 885 890 891 895 896 897 901 906 909 912 919 923 930 932 933 940 944 945 948 955 960 961 
339 350 358 361 369 373 384 392 403 405 413 422 423 427 431 434 438 444 449 451 452 460 465 481 483 488 492 493 499 506 509 510 514 518 530 535 536 541 550 553 559 563 567 570 571 578 579 586 589 591 594 600 604 609 613 616 620 626 631 633 635 636 640 645 649 654 655 657 664 670 672 675 676 680 683 685 691 695 698 700 704 707 709 711 714 715 720 725 727 732 733 735 743 747 752 753 759 768 772 776 778 783 788 791 795 798 802 806 807 808 814 815 820 822 829 830 836 839 844 850 857 861 862 868 869 873 874 878 879 883 887 888 893 896 897 901 905 908 911 912 915 920 925 932 936 940 941 948 951 952 957 964 968 
341 354 359 365 370 377 385 393 407 408 416 423 427 429 433 435 442 447 453 457 458 463 468 483 487 492 495 496 500 507 513 517 518 521 532 536 538 544 554 557 561 564 569 572 576 582 585 589 593 595 597 601 606 610 617 621 624 629 634 637 641 644 645 648 651 656 658 659 665 673 677 679 682 685 689 691 695 698 702 703 708 711 713 716 717 720 724 729 732 733 735 739 746 749 753 757 763 769 774 780 783 786 790 794 799 802 806 810 814 815 819 822 825 828 831 835 838 843 845 854 860 864 866 871 873 877 881 883 887 890 891 894 898 902 905 907 910 914 915 917 920 924 929 933 938 943 946 949 954 955 961 966 970 
345 356 360 368 372 378 386 394 409 411 418 424 429 433 435 436 444 450 457 458 461 465 469 486 491 496 499 500 501 508 516 519 523 526 533 537 540 548 556 560 565 566 572 573 577 586 590 594 596 597 598 604 607 613 620 622 627 633 637 641 644 648 650 654 656 658 662 665 667 675 678 681 686 690 694 697 698 702 703 706 710 715 719 722 724 727 731 732 736 737 738 740 748 753 754 759 767 772 777 782 787 789 791 798 803 805 807 811 817 821 825 827 830 834 835 838 842 847 848 856 864 866 869 875 876 878 882 887 889 891 892 897 899 906 907 911 912 917 920 923 926 929 931 935 942 945 948 951 955 956 964 969 971 
346 358 362 371 376 381 389 397 411 413 421 425 431 436 437 439 446 451 459 461 462 469 472 488 492 499 502 506 508 511 520 522 525 529 535 538 544 552 557 561 567 570 575 578 581 587 592 597 601 603 604 605 610 616 622 624 629 636 640 642 647 650 654 656 659 661 666 669 670 679 682 683 687 691 697 699 700 704 705 707 713 719 721 724 725 731 733 734 740 744 745 749 752 755 756 761 768 773 779 786 788 792 793 801 807 809 812 813 821 822 827 828 831 837 841 844 848 849 852 860 866 867 873 878 881 885 886 891 894 897 899 902 906 908 909 912 916 920 921 924 930 931 932 939 944 949 950 955 956 959 968 970 973 
349 361 364 373 379 383 391 400 412 415 423 427 434 438 440 444 447 454 463 464 467 471 473 491 496 502 505 508 510 512 524 526 527 531 537 542 548 554 559 562 570 574 579 582 585 591 596 601 603 605 609 610 614 617 623 626 631 639 644 648 650 654 658 660 662 666 670 673 676 682 684 685 688 692 701 704 708 711 712 715 718 720 723 725 729 733 735 736 744 747 750 752 753 759 762 765 769 776 783 790 793 794 798 805 810 813 816 820 824 827 829 833 834 838 842 847 850 853 856 861 870 873 876 880 882 888 891 892 895 898 901 903 907 910 913 916 920 923 926 928 933 936 939 941 946 950 952 956 958 960 971 972 976 
350 362 367 374 381 386 392 404 416 420 426 429 436 439 443 448 450 457 464 466 468 473 477 492 500 503 506 512 514 516 526 529 532 534 541 546 552 558 562 566 571 575 580 585 586 592 600 605 607 609 610 613 615 619 627 631 634 641 647 649 651 655 660 664 665 670 671 675 680 686 689 691 695 698 704 708 712 715 717 718 722 724 725 729 733 736 737 740 746 749 753 757 759 762 764 768 770 780 784 792 797 800 804 808 811 817 819 823 826 831 835 837 841 843 845 848 853 855 857 863 872 877 879 884 888 892 894 895 898 899 905 908 912 914 918 922 925 926 928 932 936 939 943 944 948 953 954 958 961 964 974 976 980 
351 364 370 376 382 387 394 407 417 423 428 432 438 440 445 450 451 461 465 467 470 477 480 493 503 504 508 516 520 524 527 533 535 539 542 549 555 559 563 568 572 579 584 586 587 593 603 609 611 612 613 614 618 620 628 633 637 645 648 653 656 660 661 668 671 674 677 679 683 689 693 695 699 700 708 711 715 719 722 725 728 729 732 736 737 738 740 744 747 751 754 759 760 763 765 770 773 781 786 795 801 805 809 813 814 819 820 824 830 833 839 842 843 844 846 851 856 860 861 864 873 880 884 885 890 894 897 901 903 904 906 910 913 918 921 926 930 934 938 939 941 944 948 952 956 960 963 966 968 972 976 979 984 
354 367 373 380 383 388 398 408 420 427 431 435 441 443 447 451 452 463 468 471 474 479 482 495 506 508 509 519 523 525 531 534 537 542 544 553 559 562 567 570 575 583 588 590 592 594 604 613 617 618 621 625 627 630 632 634 639 646 651 657 661 663 665 671 673 678 679 682 687 692 697 698 702 704 711 713 719 721 725 729 731 733 734 739 743 747 748 752 753 754 756 762 766 770 772 776 778 783 788 798 803 806 811 817 820 823 824 828 834 835 842 846 850 852 855 858 860 861 864 866 877 882 886 888 891 895 901 904 907 910 914 915 917 921 923 928 931 938 941 942 945 949 950 954 958 961 965 967 972 975 980 983 987 
355 368 374 383 386 391 402 411 423 428 434 436 445 446 449 455 456 467 470 473 476 483 487 496 510 512 516 520 525 529 533 537 538 544 546 556 562 563 570 574 578 584 590 593 596 597 605 617 620 621 625 628 630 634 637 638 642 650 655 661 665 667 671 673 677 680 684 687 691 696 699 703 704 708 715 719 723 724 728 733 737 738 740 744 746 751 753 755 758 762 764 766 770 771 775 777 780 786 791 799 804 807 814 819 823 825 828 831 837 839 845 848 852 853 856 859 862 863 866 867 879 883 888 892 894 898 904 905 909 913 915 919 921 923 925 930 935 940 944 947 949 951 953 957 961 965 969 970 976 978 981 984 989 
359 370 378 386 390 395 406 414 427 431 438 440 446 449 451 457 460 468 471 476 479 485 488 497 514 518 519 523 527 530 534 541 545 548 549 560 564 567 574 578 580 585 591 595 598 600 606 620 621 622 627 631 634 636 640 643 644 651 656 663 667 671 673 676 680 682 688 690 693 700 703 707 711 715 716 722 725 728 732 735 739 740 744 747 749 755 757 759 761 765 767 771 772 775 779 782 786 789 793 802 805 809 817 823 827 830 831 832 838 840 847 850 854 855 859 860 866 867 871 872 881 884 891 893 897 902 908 912 915 916 920 921 922 927 931 934 937 943 948 949 952 953 954 960 965 967 970 971 980 982 986 989 990 
363 374 381 388 394 399 409 417 431 432 439 441 449 453 454 459 463 472 473 477 482 488 489 500 518 522 526 529 531 532 538 544 548 552 555 563 565 568 577 582 585 589 593 597 599 602 607 622 623 625 629 635 636 637 641 646 650 652 659 665 671 674 677 679 682 685 692 694 698 702 707 709 713 719 722 725 728 729 733 737 740 744 745 751 752 756 761 764 765 769 772 774 775 778 782 786 788 790 795 805 806 812 820 825 829 834 836 839 843 846 849 851 856 859 861 862 868 872 875 878 885 889 894 898 902 905 910 915 916 920 924 925 927 931 933 938 942 944 951 953 955 956 958 962 966 968 971 974 983 984 987 992 996 
367 378 383 392 398 402 412 421 433 434 442 445 450 455 456 460 465 473 477 481 486 489 492 502 522 524 527 533 534 537 541 548 552 556 559 565 567 571 581 583 589 591 594 599 600 604 609 624 627 631 632 639 642 644 646 650 654 656 662 666 675 678 682 686 687 691 696 697 702 705 709 711 715 723 725 729 733 736 739 743 745 746 749 755 759 760 762 768 769 772 776 777 781 782 784 789 793 795 799 806 808 814 823 828 831 838 840 844 847 849 851 853 860 863 864 866 872 876 878 881 888 891 895 901 903 906 912 917 920 923 925 926 931 934 935 939 945 946 953 956 957 959 962 964 967 969 973 978 986 990 992 994 999 
368 382 387 393 400 403 416 423 436 440 446 449 451 457 459 462 468 475 478 485 490 493 497 506 523 528 529 534 538 542 544 550 555 560 561 566 570 575 583 586 593 594 598 601 604 605 610 625 628 635 637 642 645 647 651 655 658 662 663 669 679 681 684 690 694 697 701 705 707 708 710 714 716 726 727 730 737 739 741 744 747 750 754 758 762 763 767 772 775 779 783 787 789 793 796 800 802 804 806 810 812 818 824 831 832 839 841 848 852 854 856 858 862 864 866 870 876 878 882 884 889 894 899 902 904 908 916 920 921 924 929 932 935 939 942 944 948 951 957 961 963 967 968 969 971 973 976 980 989 992 995 997 1002 
370 383 390 395 402 404 418 425 439 444 447 451 452 460 463 465 472 478 482 489 493 495 500 508 527 530 531 538 541 546 547 554 557 561 565 567 571 576 584 587 594 595 602 606 607 609 613 629 633 638 641 644 648 650 652 659 663 665 667 671 682 685 686 693 695 701 702 706 709 713 717 719 720 727 731 732 739 741 745 749 751 754 755 762 766 767 771 775 778 783 787 791 792 797 800 801 806 807 811 813 817 819 828 834 835 840 845 849 853 857 859 860 864 865 868 871 877 881 884 885 892 895 900 906 907 910 917 922 923 927 930 936 940 943 944 948 949 953 959 963 965 970 973 975 978 980 981 985 993 994 999 1003 1004 
373 387 391 396 404 405 419 427 440 448 449 455 458 462 465 468 474 479 485 491 494 496 503 509 528 531 534 540 543 549 551 558 561 565 568 569 572 577 586 589 598 599 604 607 609 612 617 633 634 642 646 649 653 656 660 663 666 668 669 675 684 687 688 696 700 705 706 708 710 715 718 721 724 730 734 735 741 743 746 751 755 759 761 764 768 769 772 777 781 786 790 792 793 801 803 805 809 812 813 815 821 823 832 838 840 844 849 852 855 859 862 864 868 871 873 874 879 885 886 887 894 897 902 907 909 912 920 924 926 930 932 938 942 947 949 953 955 957 960 965 967 971 976 979 980 981 985 987 996 998 1000 1004 1005 
376 390 394 399 405 406 422 430 441 452 454 458 460 464 469 473 478 481 486 495 499 500 506 510 529 535 538 543 545 552 556 560 562 567 569 571 576 581 588 591 600 602 605 609 612 614 618 636 637 643 650 651 656 660 662 665 670 673 674 676 685 688 689 699 702 706 707 711 713 719 720 722 726 734 735 739 745 749 753 755 756 763 767 768 770 772 776 780 785 788 794 798 800 804 806 810 814 815 816 819 825 826 835 841 842 848 853 855 858 861 863 866 869 873 874 878 880 887 890 891 896 901 906 909 912 913 924 925 927 932 936 939 946 949 951 954 958 959 964 968 970 973 980 982 984 985 988 990 998 1000 1002 1008 1011 
378 392 395 401 406 408 425 431 444 456 459 462 466 469 471 476 479 484 489 497 502 505 508 513 531 538 541 545 548 556 559 561 566 569 571 574 580 585 591 592 601 605 609 611 616 619 623 640 641 645 651 654 659 663 665 668 672 677 679 680 689 692 696 702 705 708 712 715 716 720 724 726 727 738 742 745 747 751 755 757 758 766 768 772 775 779 783 784 788 792 795 800 801 807 809 813 817 821 823 826 828 831 839 842 845 852 857 859 860 865 866 869 873 874 875 879 881 888 892 894 897 904 907 913 917 918 926 930 931 935 940 944 948 950 953 957 961 965 968 971 975 976 981 984 985 987 989 991 1000 1002 1003 1012 1016 
382 394 397 405 410 411 428 432 447 457 462 465 467 472 475 477 481 485 490 498 504 508 512 516 532 539 542 546 550 558 563 565 567 571 575 576 581 586 595 598 602 608 610 615 617 623 625 643 645 647 652 656 661 666 668 670 675 681 682 684 691 694 698 703 709 711 716 720 721 725 729 732 734 741 746 747 751 753 757 760 763 769 772 774 776 782 784 786 789 794 798 804 805 811 813 814 819 825 829 830 834 835 840 846 848 856 859 863 867 869 871 874 875 877 878 883 886 891 894 897 900 908 910 914 921 924 928 934 938 942 944 945 952 956 957 958 963 966 971 974 976 980 985 987 990 994 998 1001 1005 1008 1010 1016 1018 
384 398 400 409 414 416 430 434 449 461 463 467 470 473 476 479 484 489 494 499 506 512 516 518 533 541 543 550 552 560 566 569 570 574 579 581 584 589 599 603 607 609 612 619 622 625 626 644 649 652 655 657 664 669 672 674 679 683 685 686 694 698 701 705 713 716 720 722 725 728 730 733 735 745 748 749 754 756 758 764 768 771 775 779 780 786 787 788 793 796 799 808 809 812 814 815 821 826 830 834 836 838 844 850 851 858 861 866 868 873 874 877 878 880 884 888 889 893 897 899 903 912 916 917 923 927 929 937 941 945 946 949 954 957 958 960 967 968 974 977 980 981 988 991 992 996 999 1002 1007 1010 1012 1020 1021 
387 401 403 413 418 420 432 435 450 464 466 470 474 475 477 482 488 493 495 503 509 514 520 523 536 545 549 553 556 562 570 574 576 579 583 584 585 591 602 607 611 615 617 623 625 626 628 646 653 655 657 660 666 672 673 675 682 685 689 693 698 702 704 706 716 718 721 726 730 734 735 739 741 746 751 755 756 758 762 766 771 773 776 781 785 787 788 791 796 798 800 810 813 814 815 817 825 829 832 836 839 840 845 854 857 862 864 869 873 874 876 881 885 886 888 892 893 895 900 903 906 913 918 920 925 931 932 941 944 949 953 956 959 962 966 970 974 975 976 981 984 988 990 995 996 999 1000 1006 1008 1014 1018 1023 1026 
390 403 407 417 421 423 434 437 454 467 468 471 478 481 482 485 491 496 498 505 512 517 521 527 538 546 551 555 560 566 574 577 580 584 585 586 589 593 604 609 612 619 620 625 626 629 633 648 657 658 662 664 669 675 679 681 685 689 693 694 700 706 710 712 717 721 723 729 732 738 741 742 746 747 755 757 761 765 769 771 774 776 780 782 787 791 794 798 799 801 803 813 815 818 822 823 826 830 834 837 843 846 849 856 860 865 868 870 876 880 884 886 889 891 893 895 899 902 906 908 912 917 921 922 926 935 938 944 946 951 957 961 964 966 968 974 976 978 982 986 989 990 992 998 1002 1004 1005 1009 1013 1018 1021 1025 1029 
394 406 411 418 423 427 437 438 458 469 473 475 479 483 486 487 493 498 501 507 515 521 525 531 542 548 553 557 564 570 578 581 583 587 588 590 594 598 605 613 616 621 622 626 630 634 635 651 660 664 666 670 674 679 680 682 689 692 694 695 702 708 712 713 721 724 725 733 736 740 745 749 750 754 758 761 765 766 773 776 779 783 785 788 791 793 798 800 802 804 806 815 818 821 825 828 829 831 838 840 846 847 852 859 861 868 869 873 877 883 888 891 893 895 896 898 900 905 908 909 913 918 925 926 929 939 940 947 948 955 960 962 966 970 972 976 979 981 983 988 991 995 999 1003 1005 1008 1010 1014 1015 1019 1023 1029 1031 
396 409 412 422 427 428 439 443 459 472 474 479 483 486 487 491 495 502 504 509 519 522 526 532 543 551 555 561 566 574 581 583 585 590 592 595 597 599 608 614 619 624 625 630 631 635 636 655 663 668 671 673 677 680 682 686 691 696 699 701 705 709 715 719 724 728 732 736 740 741 748 753 757 761 762 763 769 771 777 779 783 784 787 790 793 797 802 805 806 809 812 817 822 823 827 829 832 833 839 841 848 852 854 861 863 869 870 874 879 887 890 892 895 896 898 902 903 909 913 917 918 919 926 927 932 942 943 951 954 959 962 964 970 973 977 981 982 983 986 990 993 997 1003 1004 1006 1010 1012 1015 1018 1021 1024 1030 1033 
397 412 416 423 430 431 440 444 460 474 478 482 484 489 493 494 498 505 507 513 523 525 528 536 544 553 556 565 568 577 582 584 586 594 596 597 600 601 610 616 623 625 628 631 634 638 640 657 664 670 672 675 679 683 686 688 692 698 700 703 706 712 718 720 728 731 736 740 743 746 751 756 758 764 765 767 770 774 781 785 787 791 792 795 796 799 806 809 813 816 820 822 824 828 832 834 836 838 840 845 852 856 858 862 866 870 874 878 883 890 891 894 899 900 902 906 909 913 914 920 924 925 930 934 937 945 948 955 958 963 967 968 972 974 981 982 983 986 987 991 994 999 1007 1008 1010 1013 1014 1019 1020 1022 1025 1032 1036 
401 413 420 424 434 436 441 445 464 476 482 483 486 491 496 500 504 507 511 517 526 528 532 537 545 556 557 567 572 579 583 585 587 596 600 601 603 605 613 620 626 629 632 635 638 641 642 661 668 671 676 679 683 685 689 692 694 700 703 705 707 716 720 723 729 734 737 742 744 749 755 758 760 768 770 774 778 781 785 787 791 792 795 798 801 803 807 813 814 818 824 825 827 832 836 840 841 844 848 851 856 859 861 865 869 873 878 880 886 892 893 896 903 907 910 912 916 920 923 926 927 928 934 937 939 949 951 956 962 967 968 969 973 978 984 988 992 996 999 1000 1003 1004 1010 1011 1013 1016 1020 1021 1025 1029 1033 1036 1039 
402 415 423 428 437 438 444 446 467 478 485 488 492 496 497 501 505 509 515 521 530 534 538 540 546 558 559 569 573 580 586 588 590 598 602 606 610 613 615 621 628 630 636 638 640 642 645 665 670 673 678 683 685 689 692 693 698 701 706 707 708 718 721 724 733 735 739 745 748 751 758 760 762 772 776 780 782 785 788 791 793 797 799 802 803 804 808 814 818 819 826 828 832 833 838 844 847 851 852 856 857 862 866 870 874 878 881 883 889 894 897 898 907 911 912 913 920 922 925 927 931 935 938 940 941 950 953 959 963 970 974 977 979 980 986 992 995 998 1001 1002 1005 1007 1011 1013 1015 1018 1023 1026 1030 1034 1037 1038 1040 
