3 5 9 10 11 15 17 21 22 23 26 28 31 34 38 40 43 47 50 51 53 57 59 63 66 67 68 72 73 77 78 81 83 86 88 89 91 92 95 98 102 106 107 110 112 113 114 115 119 122 126 128 129 133 136 140 143 147 148 152 154 158 162 164 165 169 172 173 176 177 181 182 186 188 189 192 196 198 201 
5 8 12 15 18 19 23 25 26 30 32 34 36 40 44 45 46 48 51 55 59 63 65 68 69 70 72 75 77 78 80 82 84 88 92 95 97 98 99 103 106 110 112 116 117 118 120 122 123 127 128 129 133 136 140 142 144 151 154 158 159 161 165 166 167 172 173 174 177 180 184 185 190 194 197 198 201 204 205 
8 9 16 17 22 23 24 29 30 31 36 39 43 45 48 51 53 55 57 60 64 68 71 73 75 78 82 86 87 90 93 96 98 100 103 106 108 111 114 118 121 124 125 129 130 132 136 140 141 145 147 150 153 157 160 161 162 163 164 167 168 172 176 178 181 182 184 186 187 189 192 196 197 201 204 205 208 212 214 
11 15 17 20 23 27 30 31 32 36 37 40 46 49 50 55 57 58 61 62 68 71 73 75 77 80 83 87 91 94 97 101 102 104 108 111 115 116 117 120 122 125 127 131 135 139 143 145 147 150 153 154 155 161 165 168 171 173 177 180 181 185 187 189 192 193 194 198 201 204 205 207 209 211 212 215 218 220 221 
15 19 22 25 26 31 32 33 37 39 43 47 48 50 52 57 59 62 66 69 73 74 75 79 82 85 87 90 94 98 99 105 109 113 115 116 117 120 124 126 127 128 132 134 137 143 145 147 148 153 157 158 162 165 167 172 175 179 183 185 189 192 193 194 196 200 201 202 204 205 209 213 217 219 221 222 226 228 232 
17 20 25 27 30 35 38 39 42 46 48 51 53 57 61 62 63 64 69 71 77 79 83 85 89 91 93 95 98 99 100 107 111 116 119 122 126 128 130 133 134 136 137 141 143 144 146 151 154 155 159 160 164 167 169 174 176 182 186 187 192 193 194 196 200 202 203 205 208 209 210 214 219 223 226 229 233 234 236 
19 24 27 31 35 38 40 43 47 51 55 57 61 64 66 68 70 71 75 76 81 84 87 91 92 96 99 102 105 109 113 115 118 122 123 125 128 132 135 136 137 139 141 142 145 149 150 153 155 159 162 164 167 171 173 178 182 183 187 188 196 198 201 205 209 212 213 214 217 221 222 224 225 229 233 235 239 241 243 
20 26 31 35 39 43 45 49 51 53 58 61 65 66 70 73 77 79 80 81 84 88 92 96 98 99 101 105 108 113 114 119 122 126 128 132 136 140 144 147 148 151 155 156 157 158 161 162 163 165 169 173 175 178 182 186 190 193 197 200 204 207 208 210 213 214 217 221 225 227 231 235 236 239 242 243 246 250 254 
24 29 33 38 41 47 50 54 56 59 62 63 67 69 72 74 80 83 86 87 91 94 98 102 105 106 110 111 114 115 118 122 124 127 129 133 137 141 148 151 154 158 162 164 167 170 172 174 177 178 179 182 185 188 192 194 197 198 200 203 206 209 211 215 219 222 224 228 229 230 235 238 240 242 243 245 249 253 257 
28 31 37 42 43 48 51 55 60 63 66 67 71 74 78 80 84 85 89 91 93 96 101 106 108 111 115 118 121 123 125 127 128 130 133 134 139 144 151 152 158 160 165 169 170 172 176 180 181 183 185 187 191 193 197 198 200 204 207 210 211 214 218 221 225 226 227 229 231 233 238 241 243 246 247 248 250 254 260 
31 34 39 46 47 52 54 59 61 65 70 73 75 78 82 85 88 91 94 96 99 101 104 108 111 113 118 122 124 128 129 132 133 135 138 139 143 146 152 154 159 162 169 172 173 176 177 184 186 189 193 194 196 199 201 203 207 209 213 216 218 222 224 225 228 231 235 238 239 241 243 244 248 250 251 252 256 258 261 
33 36 40 50 53 57 60 61 63 67 74 75 76 79 85 88 89 92 97 101 102 106 107 110 114 118 120 125 128 130 131 133 134 136 139 143 147 149 153 156 162 166 171 173 174 180 183 187 190 193 196 200 202 203 206 210 214 217 220 223 225 227 231 235 237 238 241 242 246 247 250 252 256 258 262 264 265 266 268 
34 40 42 52 54 58 63 67 68 70 77 80 81 83 89 90 94 97 100 103 106 110 112 113 116 120 122 128 129 131 132 135 136 140 144 147 148 151 154 159 163 169 175 178 179 182 184 189 193 194 198 203 205 207 209 214 218 220 222 225 227 231 235 238 241 242 245 248 249 253 257 259 260 264 267 269 273 275 278 
37 42 44 53 55 60 64 68 70 72 81 84 86 89 90 92 98 99 101 104 109 113 115 117 120 121 125 130 132 133 136 139 141 145 147 150 153 154 158 163 165 172 176 182 184 185 189 192 195 198 201 205 207 210 213 218 220 223 225 227 231 232 237 241 244 246 250 254 258 262 264 266 267 268 272 274 275 278 281 
41 45 47 54 59 63 65 69 73 76 84 85 88 91 92 96 102 106 110 113 116 119 120 122 124 126 127 134 135 137 140 142 144 148 149 152 156 160 161 165 169 176 177 185 188 191 194 197 198 200 205 206 210 211 215 220 224 227 228 230 234 237 241 245 246 248 254 255 260 263 266 269 270 274 278 281 283 285 288 
44 49 50 58 60 67 71 74 78 79 85 86 90 93 97 101 105 109 111 117 121 124 125 126 129 130 132 135 139 140 141 145 146 150 152 154 158 163 164 168 171 177 180 188 192 195 198 201 205 209 210 213 214 218 221 224 226 230 232 235 236 238 242 248 251 252 257 258 264 265 269 273 276 279 282 285 287 288 292 
48 52 55 60 64 71 74 77 80 83 89 91 94 96 101 104 109 110 112 118 123 125 129 132 136 140 144 145 149 153 157 161 163 167 170 173 177 178 182 185 186 190 192 194 197 200 202 203 208 211 213 214 217 222 226 228 231 234 236 239 243 245 246 250 254 257 259 263 266 268 272 277 280 281 286 288 291 293 297 
50 53 56 63 65 74 78 80 83 86 92 95 98 100 102 107 112 116 118 119 127 128 133 137 138 143 148 150 151 156 160 162 167 170 174 176 181 184 186 189 190 191 193 196 199 202 204 207 212 214 215 217 218 226 227 229 235 236 238 243 246 250 253 255 256 258 263 267 270 273 277 281 282 286 287 292 296 298 299 
53 57 61 67 69 78 82 84 86 88 96 99 100 101 105 108 114 117 122 124 129 133 136 140 142 147 149 154 155 159 161 163 169 174 178 182 184 187 189 193 197 200 203 204 207 210 211 212 216 219 222 223 225 227 231 235 239 243 246 249 251 254 258 260 262 266 269 270 273 275 279 283 285 287 290 295 298 299 300 
56 60 62 68 73 79 84 87 88 92 97 103 105 107 110 114 116 119 125 129 131 135 140 142 144 150 152 156 160 163 166 168 170 175 179 185 187 189 190 194 198 202 205 208 209 212 215 219 222 223 225 227 231 234 237 241 245 247 249 250 255 257 260 263 267 268 270 273 274 277 282 285 287 288 293 296 301 304 308 
58 62 65 71 74 81 87 91 92 96 98 107 111 115 119 120 123 127 129 131 135 139 142 145 147 154 156 158 161 167 168 169 171 176 183 187 188 190 191 196 201 203 207 210 211 213 218 221 226 230 232 235 238 241 244 246 247 250 253 257 258 260 262 265 270 273 276 277 281 282 284 288 289 290 294 300 304 306 310 
62 64 68 72 75 82 91 94 97 100 103 108 113 118 122 123 126 129 131 134 139 141 146 148 150 158 159 160 162 168 171 175 176 180 186 189 192 194 197 200 205 207 208 214 216 220 223 224 229 231 236 240 244 248 249 253 255 259 262 265 269 272 273 274 278 279 282 284 285 286 289 291 294 298 302 303 308 312 314 
66 70 72 74 77 83 95 96 100 104 106 112 116 120 124 128 129 133 136 139 143 145 148 151 154 160 164 167 171 174 177 181 184 185 190 193 197 200 201 205 209 213 217 220 223 227 228 229 231 233 237 244 246 251 254 258 261 263 264 269 273 276 277 281 285 286 289 292 293 295 299 303 307 310 312 314 315 316 317 
70 72 74 77 79 87 99 103 107 110 113 116 120 121 128 132 135 138 140 142 146 149 151 153 155 162 165 171 174 178 179 182 186 189 193 196 198 204 207 210 214 217 221 223 224 229 230 232 234 236 241 248 252 256 259 262 263 267 269 272 276 280 284 285 286 288 293 296 300 301 305 307 308 314 318 319 323 327 331 
73 77 78 79 80 90 101 106 108 114 116 119 124 126 129 134 136 142 143 146 147 150 155 158 162 165 168 174 178 180 182 184 189 191 195 199 200 206 211 215 218 219 224 226 228 232 233 236 237 238 242 250 254 257 263 264 267 269 273 277 279 282 288 292 293 295 297 298 304 308 311 312 313 316 320 324 325 331 332 
75 81 82 85 88 91 104 109 110 118 122 126 130 133 135 137 139 145 146 147 151 152 157 162 164 169 171 175 181 183 187 189 193 197 198 200 202 209 215 219 221 224 226 230 234 238 241 243 247 248 250 254 256 261 264 267 269 272 277 278 281 286 289 296 298 301 305 307 309 311 313 315 319 320 321 326 329 334 337 
77 85 86 87 91 93 106 110 111 122 124 127 131 135 138 139 140 148 152 153 157 160 164 166 169 171 173 178 185 186 190 194 197 201 203 207 211 212 218 223 224 228 231 235 238 241 244 246 248 249 252 257 260 263 267 269 273 274 279 283 286 287 292 299 302 304 309 312 315 316 320 323 324 325 326 327 330 337 338 
78 87 88 90 92 96 108 112 113 123 126 129 134 137 139 143 146 150 155 159 162 165 169 171 173 176 178 181 186 190 194 197 201 204 207 210 214 218 222 225 228 232 234 236 242 245 246 248 251 253 255 259 263 265 270 271 274 278 280 287 290 292 295 301 305 309 313 317 320 322 323 327 331 333 336 338 342 343 344 
79 90 92 95 98 99 112 114 118 126 128 131 138 142 143 146 148 154 159 163 165 168 172 176 178 181 182 184 189 193 197 198 205 208 209 214 217 220 225 228 230 233 235 238 244 246 247 252 256 259 260 264 265 266 271 275 279 283 285 289 291 296 297 305 309 312 315 320 324 328 330 332 333 336 339 342 344 346 349 
82 91 93 96 100 104 116 120 122 130 134 135 141 144 146 150 154 158 161 166 168 169 175 178 182 184 186 188 193 195 201 203 208 212 215 216 220 221 228 231 234 237 240 244 246 247 251 256 260 264 267 271 273 277 281 284 288 291 295 297 301 302 303 309 313 317 319 324 325 331 332 336 338 339 341 345 346 350 351 
86 93 96 100 103 107 120 123 124 133 136 138 143 145 148 151 155 161 162 169 171 175 177 182 183 185 190 191 196 197 203 207 212 213 219 222 226 229 230 232 237 240 241 245 249 253 257 259 263 268 271 274 276 279 282 288 290 294 296 301 305 309 311 313 314 318 322 328 331 333 336 340 341 342 343 347 350 351 355 
88 95 100 103 104 109 121 124 127 137 141 144 146 147 152 154 157 164 165 173 175 177 178 183 184 187 193 195 198 201 205 209 214 216 221 225 227 231 235 238 239 244 248 250 253 254 259 261 266 269 272 275 279 282 284 289 293 295 298 303 307 311 315 316 318 320 323 330 335 338 342 346 348 351 352 355 358 360 361 
89 97 101 107 110 114 125 126 131 141 145 149 153 155 157 160 164 167 171 177 181 182 184 187 188 190 196 198 199 204 209 213 215 217 225 226 231 233 236 241 243 246 251 255 256 257 261 264 270 274 275 277 281 284 288 292 296 297 300 304 308 312 316 320 321 322 326 334 337 341 345 350 353 357 358 362 364 365 366 
93 99 104 109 111 117 127 129 133 142 147 153 157 160 164 168 171 175 176 179 184 186 187 189 193 196 198 201 204 207 213 214 218 222 229 230 232 234 239 242 245 248 252 256 259 262 264 267 272 278 280 284 288 291 294 298 302 305 309 312 315 318 322 324 325 328 329 337 341 342 347 353 356 360 361 363 368 372 376 
95 103 108 113 115 118 128 132 137 145 151 157 159 164 168 171 172 177 179 180 186 187 188 192 194 199 201 205 209 213 216 219 220 225 231 235 237 238 243 245 249 253 254 259 260 264 265 269 273 282 285 288 291 294 295 300 305 309 310 313 317 322 325 328 331 333 335 339 343 344 348 356 360 364 368 370 372 376 378 
99 107 110 115 119 120 129 135 141 147 153 158 163 168 169 174 178 180 182 186 190 194 197 199 203 207 208 211 212 216 219 223 226 229 232 239 243 245 246 248 250 255 256 263 265 267 269 272 276 286 288 292 294 297 300 302 306 311 315 318 320 326 328 331 332 335 339 340 345 346 350 357 361 366 372 373 376 377 380 
102 111 114 118 122 123 133 139 144 150 154 160 166 170 172 176 179 183 185 187 193 197 201 205 209 212 216 220 223 227 231 232 234 237 238 243 244 246 248 249 251 257 259 265 269 273 277 280 282 288 292 295 297 301 305 306 307 313 319 321 323 329 331 335 336 340 344 347 351 355 358 360 363 367 374 377 378 382 383 
104 115 118 120 124 128 136 140 148 152 158 162 167 174 177 181 184 185 187 189 194 199 204 206 211 215 218 221 226 230 235 236 238 242 243 244 248 249 253 254 256 261 264 266 272 275 278 281 285 292 296 299 301 302 307 310 313 316 322 324 328 333 336 339 343 344 348 351 353 356 359 363 364 370 375 379 383 387 388 
106 117 122 126 128 130 137 142 152 156 160 163 168 178 180 182 185 187 189 191 196 201 208 212 216 219 221 223 228 231 237 241 245 248 250 254 256 259 262 265 267 268 272 275 279 282 285 289 291 295 297 303 305 308 311 313 316 320 326 328 331 335 338 343 347 348 352 356 358 361 363 367 368 374 376 380 386 391 392 
107 121 123 130 132 134 138 145 154 158 161 164 172 181 184 185 188 192 194 198 201 203 210 216 219 223 227 231 233 234 240 242 247 252 255 258 261 264 265 268 269 270 273 276 283 286 290 293 295 297 301 305 309 311 312 317 318 323 330 332 333 336 340 347 348 351 354 360 364 368 370 374 375 379 380 384 390 394 398 
110 124 127 131 134 135 139 146 156 161 164 165 174 182 188 191 192 196 197 201 203 204 213 220 223 225 230 233 237 239 244 245 248 255 259 263 266 268 271 274 277 279 280 282 286 289 294 297 300 301 302 307 313 314 318 321 323 325 331 336 339 342 345 350 354 355 358 362 367 371 372 378 379 383 385 388 392 397 402 
114 127 128 132 136 140 141 148 157 162 165 166 177 185 192 193 194 199 203 207 210 212 216 222 225 228 234 236 240 243 245 248 252 259 263 265 267 271 273 278 279 282 283 284 288 290 297 300 301 305 308 310 316 317 322 326 329 333 336 337 341 345 347 352 357 361 363 367 371 372 376 382 386 388 390 391 396 398 404 
116 128 129 134 137 142 145 152 159 164 167 170 179 187 196 198 200 204 205 208 213 216 218 223 228 230 237 241 245 249 251 253 254 263 266 269 271 273 276 282 286 287 290 294 295 297 301 303 305 308 310 311 319 322 324 327 333 336 338 339 344 346 348 353 358 363 367 370 375 377 380 383 388 392 396 400 401 405 409 
117 130 132 138 139 145 147 155 161 168 170 174 182 188 200 202 204 207 210 213 214 219 223 225 230 231 238 245 247 250 255 256 260 266 269 270 273 274 278 284 287 291 294 298 301 305 309 313 315 316 317 318 322 324 326 328 336 340 344 347 350 352 354 357 362 365 368 372 377 380 384 387 389 393 400 403 407 408 413 
118 131 135 139 141 148 149 158 162 172 174 176 184 192 204 207 210 212 216 220 224 226 227 229 233 234 242 246 251 253 259 261 264 268 272 276 279 283 284 285 289 293 296 299 305 307 312 316 318 322 324 325 328 330 332 334 340 343 345 348 352 356 358 359 364 367 370 374 381 383 388 391 393 397 402 405 408 409 414 
120 135 137 140 143 150 153 160 163 176 179 183 185 194 206 208 212 216 219 222 227 231 232 235 238 239 245 248 254 256 263 266 269 271 275 278 283 286 289 291 295 296 300 301 309 312 314 320 322 325 327 329 330 332 333 336 342 344 346 351 354 358 359 363 368 370 372 378 385 387 391 394 398 401 406 408 409 412 416 
122 137 140 142 147 154 157 162 164 179 182 185 188 197 208 209 215 220 224 228 230 233 237 241 242 245 248 251 258 259 264 270 272 275 277 281 286 289 292 295 299 300 301 302 312 314 316 322 323 327 331 333 337 340 342 343 346 348 349 355 359 361 364 366 371 373 377 381 389 393 394 395 399 405 408 410 411 414 418 
124 140 144 147 151 157 159 163 165 182 185 186 189 200 209 212 217 223 226 230 232 234 241 243 244 247 251 254 259 262 267 272 273 278 282 284 290 292 296 299 303 305 309 311 316 319 320 323 325 330 332 334 338 344 345 347 351 352 355 358 363 367 369 372 375 378 379 382 392 394 398 401 405 406 411 415 416 419 421 
126 144 148 150 154 160 163 167 170 183 188 189 192 204 211 214 221 227 230 231 235 238 244 247 249 253 254 255 261 264 271 274 276 282 284 288 291 295 297 300 304 308 313 314 319 321 324 328 330 333 335 338 341 345 346 351 353 354 357 361 365 371 373 375 377 381 382 384 396 397 402 404 407 408 415 417 420 424 425 
129 145 152 153 156 161 167 168 173 187 191 193 194 208 215 219 222 228 232 236 239 240 248 251 255 256 258 261 262 267 275 278 280 285 288 291 293 299 302 303 307 311 314 316 323 325 327 332 335 339 343 346 350 351 355 357 358 360 363 366 369 373 376 377 381 385 386 387 400 404 406 410 413 416 420 424 426 429 430 
130 148 153 155 160 164 171 175 179 189 192 195 196 212 216 222 223 229 234 237 242 245 251 252 258 260 263 267 268 269 277 281 282 289 293 295 297 302 304 305 309 313 318 320 325 328 330 333 339 342 346 350 353 355 358 362 366 368 372 374 378 381 385 386 387 390 392 395 401 408 409 413 415 418 424 426 430 434 438 
132 150 155 157 161 168 174 177 182 190 196 197 198 214 218 225 229 231 238 239 246 250 253 255 260 261 265 269 270 274 279 285 289 292 297 300 302 303 308 309 312 314 319 323 329 330 334 338 341 346 348 351 357 361 363 364 370 371 373 377 381 385 389 390 393 396 400 401 404 412 413 414 417 419 425 428 431 436 442 
136 153 159 163 164 172 176 181 183 193 199 203 205 217 221 228 233 234 240 244 249 251 255 256 264 266 267 271 273 277 280 289 291 296 298 304 308 311 313 314 318 319 322 324 330 332 335 342 343 348 352 354 359 365 368 372 376 378 382 386 387 388 390 392 395 397 403 404 408 416 420 424 427 428 430 434 436 440 445 
138 156 163 164 168 175 180 183 187 196 201 207 210 221 225 232 237 239 241 248 250 252 258 262 267 271 275 277 280 284 285 293 297 299 303 307 312 314 315 317 322 324 326 327 332 334 339 344 346 350 353 358 362 366 372 374 379 383 384 388 390 394 397 400 401 405 406 409 411 419 422 426 428 431 432 438 442 446 447 
141 157 166 168 170 177 182 185 191 197 205 209 212 225 229 235 241 243 244 250 252 253 259 266 271 275 276 279 281 287 290 294 300 301 305 311 314 317 320 323 324 326 330 332 334 336 342 347 348 352 357 359 365 369 374 375 380 387 391 393 397 400 404 408 411 415 417 420 424 426 430 433 435 438 442 443 447 450 451 
142 158 168 169 174 179 186 188 194 201 206 213 214 227 231 237 245 248 249 252 253 256 262 270 275 276 280 282 284 288 293 297 303 305 308 312 315 320 322 327 330 331 332 333 335 339 346 348 351 355 358 361 367 370 375 377 384 388 395 396 401 402 407 409 415 417 418 423 425 427 433 437 439 443 446 449 453 454 455 
145 160 170 171 177 183 188 191 195 202 208 217 221 230 235 241 246 252 255 258 259 260 265 273 278 282 284 286 287 290 295 300 306 309 310 313 316 324 326 329 332 336 338 340 344 347 350 353 356 357 360 362 369 372 376 379 388 391 397 401 404 406 409 412 419 420 424 427 430 433 437 439 441 447 449 453 457 458 459 
149 163 173 176 178 185 190 192 199 206 209 221 225 234 238 243 249 253 259 260 263 267 270 274 281 286 288 292 296 297 299 302 307 311 313 314 319 327 331 335 338 339 340 343 346 351 355 356 358 362 366 369 373 375 378 382 389 393 398 405 409 412 416 419 423 427 430 431 435 437 441 442 444 449 452 457 459 463 466 
151 166 174 177 182 188 193 196 200 210 211 225 228 236 239 244 253 254 260 262 264 268 272 278 283 289 291 295 300 303 305 307 310 312 315 319 321 329 333 336 341 345 349 353 356 358 359 361 364 365 370 374 378 379 381 385 390 394 401 409 412 415 420 423 426 429 433 435 437 441 442 445 447 453 454 459 461 466 469 
155 167 178 179 186 191 196 198 202 212 213 227 231 237 242 247 254 256 261 266 268 270 276 282 287 290 295 297 302 305 306 310 313 317 319 322 323 332 334 340 343 346 353 354 357 361 362 363 366 368 374 375 381 382 383 388 392 398 403 410 413 416 422 425 429 431 434 436 438 442 446 449 452 457 461 463 465 469 473 
159 168 179 181 189 195 199 203 207 213 214 229 232 238 246 249 258 259 262 270 274 278 281 285 289 293 297 298 303 307 309 312 316 321 322 324 327 336 338 341 347 348 354 357 359 364 365 367 371 373 378 381 382 386 387 389 395 400 407 411 415 419 423 427 431 433 435 440 441 446 450 452 456 459 463 467 469 473 474 
162 171 183 185 190 199 203 204 208 215 219 233 235 239 250 253 262 265 269 273 276 282 286 288 290 297 300 303 305 311 313 316 319 324 326 328 331 340 343 347 349 350 355 358 363 365 366 370 372 374 381 385 387 390 391 393 397 404 410 412 417 423 427 428 435 439 442 446 448 451 452 453 457 463 465 469 473 476 477 
166 175 186 189 193 202 207 211 212 217 223 235 237 240 251 255 266 270 272 276 277 284 288 292 296 301 304 305 307 314 316 318 322 326 330 332 334 341 345 348 351 354 356 359 364 369 371 375 378 382 386 387 388 394 396 398 402 406 413 415 418 427 429 433 439 443 445 449 453 455 456 459 460 467 470 472 475 478 481 
169 178 190 193 196 205 211 212 214 221 225 237 238 241 254 258 267 272 274 280 283 288 292 296 300 305 309 310 314 316 318 320 325 330 332 334 337 345 349 353 357 359 360 363 368 373 375 379 380 383 388 392 396 400 404 407 411 412 415 417 420 429 432 437 442 447 451 454 455 458 461 465 468 471 473 475 478 482 486 
173 181 192 194 199 207 213 216 217 222 227 240 242 245 257 260 268 275 278 282 284 289 295 298 301 308 310 312 315 317 321 324 329 331 333 338 340 348 352 354 359 363 365 366 372 375 378 381 382 386 390 393 400 401 408 412 415 417 418 421 425 430 435 440 445 451 454 456 458 460 464 466 472 473 477 480 482 484 487 
176 185 193 196 202 209 215 217 219 225 230 241 243 247 258 261 271 276 281 284 288 292 297 301 302 309 313 316 317 318 323 326 331 333 337 339 342 351 354 356 362 366 369 373 376 378 380 383 387 390 393 395 403 404 411 414 416 420 423 426 428 433 436 444 446 453 458 461 462 466 468 471 476 480 483 487 490 491 494 
178 186 195 200 206 213 218 222 223 227 234 244 246 248 259 263 275 280 283 287 290 296 298 303 305 312 317 320 324 327 329 331 333 336 338 342 344 352 356 357 364 368 370 374 380 382 386 388 389 392 397 401 404 407 413 416 419 422 424 427 432 436 437 445 450 454 461 465 467 469 471 473 479 483 486 489 491 492 498 
182 188 198 201 210 214 220 223 224 230 237 248 251 255 263 267 278 284 286 291 293 300 302 306 309 314 318 322 327 328 330 334 337 341 344 346 348 355 358 359 365 371 373 376 382 385 387 392 393 396 399 403 406 410 414 418 420 426 430 434 438 442 444 449 451 457 465 467 468 472 473 477 480 487 491 492 493 494 500 
186 190 202 206 214 217 221 225 226 232 240 251 252 259 265 269 279 287 289 294 296 303 306 310 313 317 321 323 331 335 338 342 345 347 349 352 356 357 360 362 366 373 375 378 384 386 390 396 399 402 406 408 410 412 417 420 422 429 433 436 440 445 449 453 457 458 467 469 472 473 476 481 485 489 494 497 498 501 502 
190 193 206 207 216 221 223 227 230 234 241 254 258 263 267 273 281 291 294 296 297 305 307 312 315 320 324 326 332 336 341 346 350 351 355 358 360 361 364 366 367 374 376 380 386 388 393 398 402 403 407 411 413 415 421 423 424 430 437 440 441 449 450 454 458 462 469 471 474 477 481 482 486 493 496 498 499 504 508 
191 195 210 212 217 222 227 230 232 236 245 256 260 266 268 275 284 292 296 299 300 306 309 313 317 322 327 330 336 339 345 347 354 355 357 361 362 365 366 370 372 377 380 382 390 391 396 399 406 407 411 412 414 417 423 424 427 434 441 443 444 450 454 458 460 465 471 475 478 482 483 484 488 497 500 504 508 511 512 
195 199 212 213 220 226 229 232 235 240 246 259 261 267 269 277 287 293 300 301 303 308 313 315 319 325 331 335 337 343 347 348 356 359 362 365 367 370 373 374 375 378 382 385 393 396 398 400 410 412 416 417 420 424 426 428 430 438 442 445 449 454 456 459 462 468 474 477 481 486 489 490 492 498 502 507 511 514 515 
197 200 215 218 223 229 233 235 236 242 248 263 265 269 273 279 289 296 302 305 309 310 316 318 320 328 333 337 341 345 348 349 357 363 365 369 370 372 374 378 380 384 386 388 395 400 402 404 411 413 420 424 426 427 430 434 436 442 446 449 450 458 461 465 467 471 478 480 483 489 493 496 499 500 504 510 512 517 518 
198 204 216 219 225 230 236 239 240 246 250 266 268 272 277 281 292 299 304 309 313 317 321 323 324 332 334 339 342 346 350 351 360 365 369 371 373 374 377 382 385 387 390 392 397 402 403 405 414 416 423 427 428 430 434 435 440 443 447 452 453 461 463 469 472 474 481 483 484 493 497 501 502 506 508 512 514 518 520 
201 208 219 221 227 233 239 243 247 248 252 268 270 274 278 283 293 302 308 313 317 321 322 327 331 336 340 342 343 350 353 356 361 369 371 375 379 380 382 383 386 391 395 397 401 403 405 409 416 419 425 431 435 436 437 438 441 444 448 453 455 462 466 472 473 476 484 486 488 497 501 504 506 507 511 514 518 520 524 
203 210 221 222 228 235 242 245 249 252 256 270 273 275 280 285 295 306 310 314 320 325 329 333 337 341 342 344 345 351 356 358 364 371 372 379 380 382 385 386 388 395 399 400 405 409 410 412 419 420 426 432 436 439 443 445 447 449 453 454 459 463 469 475 478 482 485 488 492 500 502 508 509 510 512 516 520 523 526 
205 213 223 225 231 236 246 247 251 253 259 271 277 280 282 288 299 307 312 318 321 327 333 335 339 342 343 347 351 355 358 359 368 372 375 381 384 388 392 394 398 399 401 403 406 410 413 417 420 424 427 435 438 443 446 447 449 451 457 459 461 467 473 478 481 483 486 490 496 501 506 511 512 515 519 522 526 527 531 
209 215 225 228 232 238 248 249 253 257 262 275 280 283 284 292 302 309 316 322 325 331 337 338 343 345 346 350 354 358 362 363 372 375 378 384 388 390 396 398 400 404 406 410 411 413 417 420 424 427 428 439 443 447 448 451 454 457 461 464 466 469 477 481 483 487 491 492 497 502 510 513 517 520 524 527 529 531 535 
212 218 229 231 234 241 250 251 256 259 264 278 282 286 290 294 306 311 318 324 327 332 340 343 344 348 352 355 357 360 366 367 374 379 380 386 391 395 397 399 403 407 409 411 412 416 419 423 427 430 431 442 445 451 454 457 461 462 465 469 472 473 480 484 485 490 493 497 498 504 512 515 521 522 528 529 530 535 537 
