2 5 9 13 14 17 21 25 26 28 30 33 35 38 41 45 46 48 50 54 58 62 65 68 70 74 77 81 85 87 91 93 96 97 101 102 106 109 110 112 114 115 118 121 125 126 127 129 130 131 132 135 137 138 139 143 147 151 154 157 158 161 165 168 171 174 175 179 183 184 188 191 192 193 197 199 200 202 203 204 205 209 211 212 213 214 216 220 223 225 227 228 229 232 236 239 242 245 247 249 250 251 255 259 260 261 264 266 268 272 275 279 283 286 290 293 297 300 302 303 305 
5 9 11 15 18 19 23 28 30 34 38 41 44 47 51 53 56 59 61 64 67 70 71 75 79 83 86 89 90 93 97 99 103 104 108 111 113 116 118 119 123 125 126 128 131 133 136 140 144 145 149 150 152 153 154 155 159 162 163 166 167 171 175 179 180 182 185 186 188 192 196 198 202 206 209 211 215 219 220 222 224 228 231 233 235 237 240 243 246 247 249 253 255 256 259 261 264 265 266 268 272 276 277 279 283 285 289 290 292 296 300 301 304 305 307 310 313 317 321 322 323 
9 13 15 19 21 22 24 29 34 36 40 43 45 49 55 57 60 63 64 66 68 74 76 80 84 86 88 93 96 99 100 103 106 110 111 112 115 120 122 123 124 126 127 130 135 139 142 144 146 150 151 155 157 161 163 165 167 168 170 171 175 179 180 183 186 189 190 193 197 201 202 203 204 208 213 215 217 221 223 225 226 232 234 237 238 241 244 246 248 249 251 255 256 260 264 267 268 270 271 273 277 281 282 283 285 288 291 293 297 300 304 306 308 310 313 314 317 321 322 326 329 
13 16 17 20 22 26 30 34 36 38 44 45 48 53 59 60 61 66 70 71 73 77 78 82 86 88 91 95 100 101 105 106 108 113 115 117 121 122 123 125 129 131 132 133 136 142 143 146 147 153 155 158 160 165 167 170 173 175 179 180 183 187 189 193 195 197 199 200 202 205 206 208 212 214 218 220 224 227 228 231 232 234 235 240 243 246 247 251 255 256 258 261 263 267 271 274 278 282 286 290 294 295 297 299 300 304 305 307 310 311 314 317 321 325 329 333 337 340 344 348 351 
15 19 23 25 29 33 37 40 42 46 49 51 53 57 63 65 67 68 74 76 79 81 83 86 90 92 96 98 102 105 108 112 113 115 116 118 125 126 128 131 134 137 140 143 146 150 152 153 155 158 162 165 168 169 170 174 175 176 181 183 185 191 195 198 201 205 208 210 213 215 216 220 221 225 229 230 232 233 234 238 240 243 246 247 248 252 256 257 259 260 262 263 266 269 275 278 280 284 289 293 295 297 298 301 302 307 309 313 314 317 320 322 326 328 331 334 338 344 347 351 353 
17 20 24 26 33 35 39 42 45 50 52 54 57 61 64 67 69 71 78 81 85 89 92 94 98 102 106 108 110 111 112 116 117 120 121 124 127 129 132 134 135 140 142 145 150 152 156 159 162 166 169 171 173 177 180 182 185 188 189 191 193 196 200 204 207 208 210 212 214 218 221 224 228 229 231 233 237 238 240 242 243 244 249 252 254 257 260 263 264 268 271 273 275 279 283 287 291 292 294 297 300 302 304 306 308 311 313 317 318 321 323 327 328 331 334 338 341 346 349 355 359 
18 24 26 27 34 39 40 45 46 51 56 58 60 63 67 70 71 73 80 83 86 92 94 95 101 103 108 112 116 120 123 124 126 130 134 137 140 143 144 145 146 147 148 149 154 156 157 162 164 169 173 174 177 181 182 184 189 193 197 200 203 205 208 210 214 215 216 218 220 224 226 230 231 233 236 239 243 247 250 252 253 257 261 264 267 271 272 275 279 282 283 285 286 287 291 293 294 296 299 300 302 303 306 307 309 315 319 322 326 329 330 331 333 337 339 341 344 349 351 358 362 
19 27 29 33 37 43 45 46 47 54 60 61 65 67 70 71 72 77 83 87 90 93 95 97 105 107 109 116 119 122 124 127 128 134 135 141 142 145 146 149 152 155 158 161 165 169 171 173 174 178 181 182 186 188 192 194 198 199 201 204 207 209 211 214 216 219 222 224 226 230 234 236 239 240 242 244 247 249 252 254 257 258 264 265 271 274 278 280 282 283 284 288 292 295 296 300 303 304 307 309 312 315 316 320 324 328 330 333 334 337 338 342 346 348 351 355 359 362 364 366 369 
23 30 31 37 40 47 50 53 57 61 64 65 67 68 71 75 78 79 85 90 94 97 99 101 109 113 115 120 121 125 128 131 134 136 138 144 146 148 149 151 154 159 160 162 168 171 175 178 180 182 183 184 189 193 196 198 200 202 205 208 209 210 214 215 219 223 224 226 228 232 237 240 243 245 247 250 252 256 258 262 265 267 269 271 272 277 282 283 284 286 287 292 293 297 298 301 307 309 313 314 318 319 322 323 326 331 334 335 336 340 342 345 349 353 356 357 361 365 369 372 373 
25 32 35 39 43 51 54 55 61 62 67 69 73 75 78 80 81 82 86 91 95 101 105 106 110 115 117 122 124 127 132 136 138 139 143 148 149 153 157 160 161 164 167 170 171 172 177 182 185 186 189 190 194 195 198 201 205 208 211 215 218 220 221 222 225 229 231 235 236 238 239 244 246 250 251 254 257 261 263 266 268 272 275 279 283 286 290 294 296 300 301 302 305 308 309 310 311 315 319 323 326 330 331 333 334 338 342 344 347 350 354 358 360 363 367 369 372 374 378 382 383 
27 33 39 40 44 52 55 57 65 69 72 73 77 80 82 83 84 86 88 92 98 104 106 108 114 119 123 124 126 131 136 139 143 147 151 152 153 155 160 163 165 167 169 171 175 177 179 184 187 190 191 193 198 199 200 202 206 209 212 217 220 224 225 226 230 234 235 236 240 244 246 249 253 255 259 261 265 268 269 270 273 275 278 282 287 289 293 298 302 304 308 309 312 316 319 323 325 329 332 334 336 339 340 342 343 346 347 348 349 351 357 359 361 365 370 374 376 377 379 384 386 
28 35 43 44 47 53 57 59 67 73 74 77 78 81 85 89 90 94 95 97 101 108 110 112 118 120 125 127 131 134 139 143 144 148 152 153 157 161 163 165 166 169 171 175 177 178 181 187 190 192 194 197 201 202 206 208 211 214 217 218 222 226 230 234 235 237 239 241 245 247 249 251 254 256 260 262 268 269 272 276 277 278 281 284 290 294 296 299 305 307 309 312 313 317 320 326 328 332 334 336 338 340 341 344 347 351 355 358 360 361 365 366 370 374 376 379 382 386 389 390 392 
30 36 44 45 48 55 60 61 70 76 79 81 83 84 86 92 96 99 100 104 105 112 114 116 120 123 128 129 133 135 143 147 148 152 155 157 159 165 167 170 173 174 177 180 184 185 187 189 191 193 196 198 204 205 208 212 214 217 219 221 224 228 234 238 242 243 245 249 253 255 259 262 265 266 269 272 274 276 280 284 288 289 293 294 296 299 303 305 308 311 314 315 319 320 322 328 331 334 337 338 342 346 348 349 351 354 359 361 365 368 369 373 377 381 385 386 389 390 392 393 396 
32 40 47 48 51 58 64 67 72 78 83 84 85 88 91 96 98 100 104 108 110 116 118 122 124 128 131 134 137 140 145 149 152 153 156 159 163 167 168 172 176 177 179 181 186 187 188 192 194 196 200 201 206 210 213 217 221 224 227 228 231 234 236 239 246 248 249 252 256 258 262 263 268 272 275 278 279 281 282 285 290 291 297 299 300 303 306 308 312 313 316 318 321 322 324 330 333 337 340 341 345 349 350 351 354 358 360 365 368 371 372 375 381 384 388 390 394 396 397 398 402 
33 44 48 52 56 62 66 71 73 79 84 86 90 92 93 98 99 104 107 112 116 117 122 125 126 131 132 135 139 141 148 151 155 159 161 165 168 171 175 177 178 181 184 188 192 196 200 204 208 211 215 217 219 223 226 229 231 232 235 238 239 240 244 246 250 254 257 259 260 264 266 267 271 273 277 279 281 285 287 291 295 297 299 301 303 307 308 312 313 315 317 321 325 326 327 331 337 340 343 346 347 352 355 356 359 363 364 366 372 376 377 379 382 386 390 391 397 398 400 404 405 
37 45 51 56 58 65 69 73 76 81 87 89 91 96 97 100 101 106 108 114 118 120 124 126 128 133 134 139 143 145 151 154 159 161 162 168 171 173 176 179 180 184 187 190 194 199 204 207 209 212 218 222 224 227 229 233 235 239 243 244 248 252 254 258 261 262 265 266 268 271 272 276 278 282 283 285 289 292 296 300 303 307 308 310 311 312 314 317 320 323 326 330 334 335 337 340 342 346 349 352 354 358 359 360 364 366 367 371 373 378 382 383 386 389 392 396 398 402 406 410 414 
41 49 54 59 62 68 72 76 77 83 91 92 94 97 98 103 104 109 113 117 121 125 127 129 131 134 137 141 147 151 155 157 160 165 167 172 174 178 179 183 184 187 189 191 195 201 206 210 214 216 219 224 225 231 233 236 240 242 245 246 249 253 258 261 262 266 267 269 273 277 280 283 286 287 290 293 295 299 302 306 310 313 314 318 322 324 328 329 332 336 340 342 343 344 347 351 355 357 359 361 364 367 368 369 372 373 376 378 379 380 386 389 390 394 396 400 404 406 408 413 418 
45 53 58 61 65 69 76 78 82 84 92 93 95 101 102 106 110 111 116 119 122 129 131 133 134 137 140 142 150 155 158 160 162 168 172 176 179 181 184 185 186 190 191 194 199 203 210 214 217 218 220 228 231 235 237 238 243 245 247 248 251 257 260 262 263 270 273 277 280 284 288 292 293 297 300 303 305 307 309 310 311 315 317 321 326 327 330 332 336 339 343 346 350 353 354 355 358 359 363 367 369 373 374 376 377 380 384 388 391 392 394 398 399 403 407 411 415 416 420 424 428 
46 54 62 63 66 71 80 83 84 85 94 97 99 104 108 111 115 117 120 122 124 132 135 138 141 142 144 145 152 156 161 162 164 172 173 177 183 185 187 190 192 195 198 201 203 206 211 215 221 222 225 230 234 238 242 246 249 250 254 256 260 261 265 269 272 273 274 278 283 287 289 294 296 298 302 304 309 312 314 316 317 321 325 327 331 332 336 337 338 340 344 347 351 354 358 362 363 366 370 372 376 378 381 384 386 390 392 393 394 395 399 401 405 407 410 415 416 420 424 428 431 
50 55 64 67 71 73 82 87 89 92 97 101 102 107 110 114 117 121 125 127 130 135 139 143 144 148 149 153 154 160 163 165 166 176 177 181 184 189 192 195 196 198 200 203 207 209 215 217 222 226 228 231 237 241 246 250 254 255 257 261 265 268 271 274 278 280 281 284 286 290 291 297 298 302 305 308 312 316 318 320 324 326 329 330 335 338 341 342 343 346 349 351 352 358 361 365 366 369 372 375 378 379 383 386 388 391 393 397 399 401 402 406 410 414 418 422 425 428 431 432 433 
51 58 68 69 74 76 86 91 92 95 101 104 106 109 111 116 119 123 129 131 134 137 142 146 149 153 155 158 160 162 166 169 170 178 180 185 189 193 194 199 202 206 210 213 214 217 220 223 227 229 230 234 241 242 250 253 255 258 261 262 269 272 276 278 282 284 287 291 295 298 299 300 303 304 307 309 314 319 322 325 329 330 334 338 339 342 345 348 352 354 358 361 365 367 369 372 373 374 376 380 383 386 390 392 393 397 401 403 406 408 411 414 418 420 424 428 431 433 434 436 437 
53 60 72 75 79 83 87 95 97 101 103 108 109 111 115 118 122 126 131 135 139 143 147 150 154 158 159 162 166 167 171 172 174 182 183 186 192 196 199 202 205 208 214 215 217 221 223 225 228 232 233 236 244 248 251 256 257 259 262 265 273 276 279 281 286 287 291 293 298 299 300 304 308 312 316 319 321 324 327 331 332 336 340 341 345 346 350 353 354 356 359 365 367 371 374 375 379 380 381 382 386 388 394 395 396 401 404 405 407 412 415 416 421 423 427 432 435 437 439 442 443 
56 64 76 80 83 85 88 98 101 104 105 109 112 115 116 122 125 128 135 137 140 145 151 152 155 160 164 166 167 171 174 175 177 186 187 188 193 199 202 206 207 209 215 216 220 223 227 231 232 236 237 241 247 252 256 259 260 263 264 266 277 280 284 288 289 292 293 294 300 301 304 308 311 315 319 320 322 328 330 333 337 339 343 347 351 355 358 362 364 365 366 370 372 373 375 376 380 382 385 387 389 392 395 398 400 405 409 412 414 418 419 423 426 428 430 436 437 438 441 444 445 
58 67 80 83 84 87 92 102 106 107 109 111 113 117 121 126 130 133 138 142 146 149 154 157 158 164 168 170 171 174 178 181 185 187 191 195 199 202 204 208 212 214 217 221 225 228 230 234 236 239 241 242 249 255 259 260 263 267 268 271 279 281 288 289 291 294 296 300 301 305 308 312 316 319 322 323 325 332 336 337 338 343 345 348 355 359 360 366 369 373 374 378 380 382 386 389 393 396 398 400 401 405 407 408 410 411 415 419 423 425 429 432 436 440 441 442 444 448 449 453 455 
59 71 83 84 87 89 95 105 110 112 114 115 116 118 122 128 133 136 139 146 147 151 156 160 161 165 171 174 178 179 183 187 190 194 196 199 203 207 209 211 216 219 223 224 229 232 234 235 238 240 243 244 253 257 262 263 266 271 272 276 280 285 289 290 292 295 298 302 305 306 312 315 319 320 323 327 331 333 340 342 345 348 350 352 356 360 361 367 372 377 381 385 389 391 392 394 396 397 401 403 405 407 408 412 416 417 421 423 425 427 433 435 440 442 443 446 449 450 454 455 458 
63 73 86 90 93 97 101 107 111 113 116 118 122 124 126 129 135 139 143 149 152 155 158 163 164 168 174 177 180 181 187 189 192 195 200 204 207 209 213 217 221 224 226 229 233 235 237 239 241 242 245 246 255 259 263 267 269 274 277 280 283 289 291 293 294 297 302 305 307 311 316 317 321 323 327 331 332 335 342 345 346 350 352 353 360 364 366 368 375 380 383 386 392 396 397 398 402 404 408 411 415 418 421 424 425 427 431 434 435 439 440 442 443 447 451 452 454 456 457 458 459 
64 77 87 91 94 101 105 109 115 118 121 124 127 131 134 136 139 141 145 152 156 160 163 164 168 172 177 181 183 187 191 193 194 198 204 206 211 215 216 218 223 227 229 232 235 237 240 242 245 248 250 252 256 263 266 270 272 276 280 282 284 292 293 297 301 302 305 307 308 314 317 321 323 326 329 334 337 338 346 350 353 354 355 356 363 368 371 374 376 381 385 390 394 399 401 405 409 411 415 418 420 424 425 428 430 434 436 437 440 444 448 450 453 454 457 459 462 465 469 470 473 
68 81 91 94 95 104 106 110 117 120 123 127 129 134 137 139 141 143 147 156 157 163 164 166 170 175 179 182 185 189 193 197 198 199 208 210 212 216 218 222 226 228 232 234 236 239 243 245 246 250 252 256 259 266 268 274 278 282 286 288 289 295 297 298 305 309 310 312 314 316 318 325 326 330 332 335 340 343 349 351 355 358 359 360 366 370 372 376 380 384 386 391 396 402 406 408 411 413 417 422 423 426 429 432 435 438 442 443 445 449 452 453 454 455 461 465 466 468 472 475 477 
71 84 95 98 102 106 109 113 121 124 127 130 131 135 139 140 143 146 151 160 161 165 166 169 173 177 183 184 188 191 195 200 201 204 209 214 218 219 222 223 227 229 235 236 238 240 245 249 252 253 256 257 262 269 273 275 279 284 287 292 296 300 303 306 307 312 314 318 322 326 329 332 333 335 336 340 341 347 350 355 359 362 364 368 371 374 377 378 384 387 391 394 400 406 408 412 416 417 419 425 427 431 435 436 437 441 445 448 451 453 454 456 460 464 465 469 473 476 480 484 486 
72 87 99 100 105 109 111 114 124 126 129 131 134 137 143 144 148 152 154 161 162 166 170 174 177 181 187 191 195 196 197 203 205 206 211 217 221 224 228 229 232 234 238 241 245 246 248 253 254 257 261 262 266 271 276 278 282 285 291 295 299 302 305 309 310 313 318 322 326 327 330 336 337 341 343 346 347 348 352 359 362 363 365 369 375 376 379 381 388 389 393 395 404 408 409 416 420 422 424 428 431 435 438 440 443 444 446 449 453 456 457 460 462 468 471 473 476 478 482 486 490 
76 89 101 104 106 111 114 115 127 129 133 137 141 145 149 151 152 154 156 165 166 169 171 178 181 185 188 194 198 201 202 205 206 210 214 221 224 225 229 230 236 237 241 244 248 249 250 256 260 263 267 271 275 277 279 283 285 288 292 298 300 305 306 310 314 316 319 326 327 331 333 339 341 343 344 348 351 354 357 361 365 367 370 372 376 379 383 384 392 394 398 402 408 410 414 420 421 424 425 430 434 437 442 445 449 451 453 456 459 461 465 466 467 472 475 478 480 482 486 488 494 
78 90 104 105 108 113 115 116 131 135 139 143 145 149 150 154 155 156 157 166 167 173 174 179 183 188 191 196 200 204 208 211 214 217 220 222 228 232 235 239 240 242 243 247 249 252 253 260 263 264 268 272 279 283 286 287 288 291 294 300 304 309 313 314 315 320 322 328 332 333 337 341 343 347 351 355 358 361 363 367 371 375 378 379 382 385 388 392 396 399 400 403 409 412 415 423 425 428 430 431 437 438 446 447 452 455 458 459 462 465 467 470 474 478 480 482 486 490 491 495 499 
81 91 107 108 112 115 117 120 135 137 140 145 147 152 156 159 160 163 164 169 170 177 180 182 186 191 192 197 204 207 212 216 219 223 225 226 232 236 238 243 246 250 251 254 257 261 262 263 266 268 270 273 280 287 290 293 296 300 301 303 307 311 315 316 320 321 326 331 333 336 338 344 347 350 354 356 359 364 366 368 372 376 379 383 386 387 391 394 400 404 405 408 413 414 416 425 427 430 432 436 439 442 449 452 456 459 462 464 465 469 470 471 476 479 482 486 490 491 495 497 501 
84 94 110 112 114 117 119 124 137 138 142 147 149 155 160 163 164 167 168 171 174 179 183 184 188 192 194 200 208 210 214 217 220 227 231 234 238 240 243 245 247 251 253 255 260 264 268 271 274 275 278 282 283 290 293 297 299 302 304 306 310 315 316 318 323 324 328 334 335 337 342 348 351 354 356 360 363 366 370 372 373 379 380 384 390 393 395 396 401 406 407 412 417 420 423 429 430 432 434 438 440 446 453 456 458 462 463 466 468 470 474 475 478 483 487 491 493 494 497 498 504 
85 97 113 115 118 121 122 127 138 139 143 151 153 156 161 167 169 173 176 178 179 181 186 189 192 193 198 203 209 211 216 221 223 230 235 239 242 245 247 248 249 254 258 261 262 265 271 275 276 278 279 285 286 293 295 298 302 306 308 310 312 317 321 325 329 330 333 337 338 342 346 352 353 355 360 362 367 371 375 379 382 383 384 388 392 396 398 400 404 408 411 414 418 421 425 430 431 435 436 442 443 449 455 457 462 466 467 471 474 478 480 481 484 486 491 495 498 501 503 505 509 
89 98 114 117 122 124 127 131 139 142 144 154 158 162 164 171 173 177 178 180 181 184 189 193 195 198 199 205 210 212 219 222 224 233 237 241 244 249 251 254 258 259 261 265 266 268 275 277 281 284 286 288 292 295 299 303 306 310 311 313 317 320 324 329 330 334 336 339 342 343 349 356 358 361 364 365 370 374 376 381 386 390 394 396 397 398 401 403 405 410 415 416 419 425 429 431 433 436 439 445 448 452 457 458 463 468 472 474 478 481 484 486 489 491 495 497 502 504 507 510 512 
91 100 117 121 126 127 128 134 143 146 149 157 160 164 168 174 177 181 185 189 192 193 197 200 202 204 208 209 212 214 222 223 226 236 238 243 247 251 253 255 262 265 268 272 274 276 280 282 283 287 289 290 296 298 300 306 309 312 315 318 319 324 328 330 333 335 337 342 346 348 353 358 360 362 365 367 372 378 379 382 389 391 395 398 399 400 403 406 407 413 418 422 426 428 432 435 437 440 441 448 451 454 460 463 465 469 474 478 482 485 487 489 492 493 499 502 504 505 509 512 515 
95 103 121 123 130 134 138 141 144 150 151 160 164 165 171 178 179 182 187 190 193 197 200 204 206 210 211 214 217 221 226 227 230 237 242 247 251 252 254 259 266 268 272 276 280 282 285 287 288 290 291 293 300 301 302 310 314 318 322 325 329 332 334 337 341 345 347 348 352 353 354 362 363 365 366 371 374 380 384 388 392 396 400 401 402 405 409 410 411 417 421 425 428 431 436 440 444 446 447 451 452 458 464 466 469 473 476 482 485 489 492 495 496 498 500 505 506 507 513 514 518 
96 104 125 129 133 138 139 145 148 154 155 164 166 169 174 181 184 187 191 193 194 199 204 208 212 215 218 221 225 228 232 235 238 241 243 248 252 253 258 260 269 270 275 277 281 284 286 290 292 295 298 299 303 304 307 312 317 322 326 328 331 335 338 341 344 347 351 353 354 357 360 363 367 371 372 375 376 384 388 391 394 399 402 406 408 410 411 415 417 421 425 426 432 434 439 443 445 447 448 452 456 462 468 472 475 478 479 486 487 492 494 499 501 505 509 510 511 512 515 519 523 
100 105 126 131 137 140 141 148 150 155 157 166 169 171 176 182 187 189 195 197 201 202 207 211 216 219 222 224 227 231 235 238 242 243 247 251 254 258 259 263 273 276 280 284 286 288 289 293 294 298 299 301 304 307 310 314 319 324 330 331 335 338 342 343 347 349 354 355 356 359 362 364 370 372 373 377 379 385 391 394 396 401 403 408 411 412 414 419 421 425 429 430 436 440 442 444 447 451 453 454 458 466 471 473 476 479 480 490 494 497 501 504 505 507 513 517 518 522 525 528 529 
103 106 129 132 141 143 146 152 155 159 162 168 173 175 180 184 190 191 199 202 205 209 210 215 217 223 226 230 231 232 237 242 246 247 248 253 256 261 263 267 275 279 282 285 289 291 292 297 299 302 303 306 310 311 315 318 322 325 333 336 340 342 343 347 349 353 355 357 361 362 363 366 374 376 380 381 382 386 394 396 400 403 404 411 415 418 419 423 427 429 433 435 438 443 447 450 454 455 456 459 462 468 472 475 478 482 484 494 495 501 505 507 509 512 514 518 519 526 527 532 534 
106 107 130 134 144 146 150 154 158 162 166 170 175 179 183 187 192 194 200 206 209 210 211 218 221 227 229 232 235 236 238 244 248 251 253 256 260 263 266 269 278 281 285 288 291 294 297 298 303 307 309 310 314 315 316 320 324 326 336 338 344 346 350 354 355 357 359 362 365 369 371 374 376 380 383 386 388 389 397 399 403 407 409 412 418 422 424 425 431 434 436 440 443 446 450 453 456 460 464 465 468 472 473 479 483 487 489 495 498 505 506 510 514 517 518 522 524 530 532 534 536 
107 109 132 137 145 147 152 157 159 163 167 174 178 182 186 190 194 198 201 209 210 211 214 221 223 231 233 236 238 242 243 246 250 255 259 260 261 264 267 273 279 283 288 290 294 297 300 303 305 310 311 315 317 319 321 325 328 330 338 341 347 350 354 356 360 361 363 367 368 371 372 377 379 383 385 387 390 391 398 400 405 410 413 416 422 423 427 428 435 437 440 443 446 449 454 455 458 462 465 469 473 474 478 480 486 488 492 497 501 509 513 515 519 521 524 525 527 532 535 536 540 
108 112 136 139 148 152 153 160 162 165 171 177 182 186 190 191 198 201 202 210 214 218 222 225 228 234 236 240 243 247 251 254 256 257 262 263 264 265 270 277 281 285 289 291 297 301 303 307 308 311 312 316 321 325 329 331 335 339 341 342 348 352 358 360 361 364 366 368 370 373 374 380 381 386 388 391 392 393 399 404 409 412 417 420 423 424 428 429 436 441 443 444 448 450 456 459 460 463 469 473 474 477 479 484 489 490 496 501 502 513 514 516 523 526 530 534 536 537 540 543 544 
110 114 139 141 150 156 157 162 164 167 172 181 183 190 191 193 202 203 204 214 216 220 224 229 231 238 239 242 246 251 255 257 261 262 263 265 267 270 272 279 283 286 291 294 300 304 308 309 311 315 318 319 322 328 332 336 337 340 344 346 350 356 362 364 368 372 376 380 381 383 386 387 388 389 390 395 398 400 401 406 411 415 419 424 427 431 435 437 440 443 447 449 451 452 460 462 466 467 473 475 479 481 482 485 492 493 500 503 507 517 518 522 524 528 533 536 538 541 545 549 552 
112 118 140 142 151 158 162 165 169 170 175 183 187 194 196 200 203 204 206 217 220 221 226 230 235 242 246 250 252 253 259 261 263 264 266 270 273 275 276 283 287 288 294 296 303 308 311 314 317 319 321 323 326 331 336 337 338 341 345 348 352 358 363 367 370 374 377 383 386 390 391 394 397 401 402 406 409 410 411 412 414 418 423 426 429 433 438 441 445 449 450 452 456 460 463 464 470 472 474 477 482 485 487 490 496 500 502 505 508 518 521 526 529 531 535 539 543 546 549 550 556 
116 121 142 145 152 162 163 168 171 175 176 187 191 196 197 204 205 208 212 221 222 223 228 233 237 244 250 254 258 262 265 268 272 273 277 278 281 282 286 288 290 292 296 297 306 311 315 319 320 324 327 331 333 334 338 340 341 345 348 350 354 360 365 371 374 376 378 387 390 394 398 399 401 403 407 410 413 416 420 424 428 430 432 434 435 439 441 444 447 452 456 460 462 463 464 466 471 473 475 479 483 489 493 494 500 503 506 507 509 520 523 527 531 535 536 541 544 550 551 554 559 
120 122 146 150 154 165 167 169 173 176 177 190 193 197 198 205 206 211 216 225 227 231 232 237 238 248 252 258 260 264 266 272 275 279 280 281 284 288 292 295 298 300 301 304 308 314 319 321 325 329 332 335 338 340 341 343 345 346 350 354 356 361 366 373 375 379 381 390 392 395 401 404 406 408 410 411 417 421 424 426 429 433 436 437 439 441 445 449 453 454 460 461 465 468 471 475 479 483 485 489 490 491 495 497 501 504 508 511 514 522 527 528 534 538 541 545 548 552 556 558 562 
123 125 150 154 157 169 171 174 176 180 184 192 194 199 201 209 211 214 217 226 228 232 233 240 244 251 253 260 264 268 272 275 277 282 286 287 290 291 294 296 302 303 304 307 311 317 323 325 328 333 335 338 342 345 349 350 353 357 359 361 363 367 371 374 376 380 383 391 393 397 402 407 411 415 416 420 422 426 428 431 432 434 437 441 444 446 448 453 456 459 464 468 469 470 473 476 482 487 488 492 496 500 501 504 508 512 514 516 520 523 530 533 535 542 545 549 553 555 560 564 567 
127 128 154 156 158 172 176 177 180 183 185 196 200 201 202 211 213 215 220 229 232 234 235 244 247 252 255 262 266 270 274 278 280 285 288 290 294 298 299 302 305 307 310 314 316 321 326 327 330 337 341 343 346 347 353 357 358 362 363 367 368 370 375 376 377 382 384 392 396 399 405 409 413 419 423 424 428 432 436 437 441 444 447 449 450 452 455 459 460 461 465 469 473 474 477 480 483 491 492 495 497 504 506 507 510 514 518 521 525 528 534 536 537 545 547 550 554 559 562 565 568 
128 129 155 159 161 174 178 180 183 185 188 200 202 206 207 215 216 219 222 233 235 239 241 248 251 253 258 264 268 272 277 281 282 288 291 292 297 299 301 305 309 310 313 317 321 324 328 330 331 341 343 346 348 350 355 360 362 363 364 369 370 371 379 381 382 383 385 395 399 401 408 413 414 423 424 425 430 435 440 444 446 447 448 453 455 456 459 461 463 467 471 472 476 478 482 484 488 495 496 497 498 505 508 512 513 518 520 523 527 532 535 537 538 548 551 552 555 563 565 567 572 
131 135 156 160 162 178 179 181 185 187 191 204 206 208 211 219 221 225 229 236 238 241 242 251 255 256 259 265 271 275 281 285 287 289 292 295 299 303 306 308 310 312 316 320 324 327 329 333 337 343 345 348 350 352 357 362 366 369 372 375 378 382 384 388 392 394 396 398 401 402 411 417 419 425 427 431 435 437 441 448 449 453 456 457 461 463 464 466 470 472 476 478 479 480 485 486 491 498 502 503 504 507 511 513 514 522 524 528 532 534 538 541 543 550 553 556 559 564 567 568 575 
135 137 159 162 163 179 182 184 189 190 195 206 207 211 214 222 226 229 233 240 244 248 252 255 257 260 262 269 273 277 282 287 289 291 296 297 303 305 309 311 314 318 320 323 328 330 332 334 339 346 347 351 352 355 361 364 367 371 375 377 380 383 385 389 395 399 403 406 408 409 413 418 421 428 432 434 439 443 446 450 452 455 458 459 462 467 470 471 475 476 477 479 482 484 489 492 496 500 506 507 508 509 515 517 520 526 530 534 537 540 543 546 549 552 555 557 563 568 572 574 577 
136 141 162 164 165 181 186 187 192 193 198 207 211 214 216 226 228 232 236 241 247 252 253 258 261 265 266 270 277 280 284 290 292 294 297 298 306 307 311 313 318 321 322 326 332 335 337 340 344 347 351 353 355 359 363 367 370 375 379 380 383 387 389 391 398 402 404 407 412 414 416 419 423 429 435 436 441 447 449 452 456 459 461 464 465 469 473 477 481 483 486 488 491 494 497 499 501 503 507 508 510 511 518 522 524 528 534 537 540 541 545 550 552 554 558 560 566 570 575 578 580 
138 142 164 168 172 185 188 191 196 199 203 209 214 218 219 229 231 233 238 244 248 254 258 260 264 267 271 275 280 282 286 292 295 299 301 303 309 313 317 321 322 325 326 330 335 338 341 344 348 350 353 355 358 360 367 369 372 378 383 386 389 391 395 399 400 404 407 410 415 419 420 424 426 432 438 439 442 448 453 455 459 462 465 466 468 471 474 479 484 485 488 489 494 496 498 502 503 506 511 512 516 517 520 525 526 530 538 541 545 548 549 551 555 556 561 565 568 572 577 582 586 
141 144 165 171 174 186 189 195 197 202 205 213 216 222 224 232 235 236 241 246 249 256 261 263 266 269 274 278 283 286 287 293 299 303 305 307 313 317 318 325 326 328 330 332 338 342 345 349 353 355 356 359 361 363 368 371 374 381 384 388 390 395 397 401 404 405 408 411 416 423 427 428 431 435 439 442 444 452 455 458 462 463 467 469 470 472 477 481 488 492 494 498 501 502 505 509 513 515 517 518 519 522 525 528 532 536 539 543 546 549 552 556 560 563 564 568 570 575 578 586 588 
145 148 168 175 179 188 191 199 200 206 207 216 220 224 226 236 239 240 245 249 251 257 262 267 271 272 275 282 287 289 290 294 300 305 307 310 316 320 324 327 331 333 336 339 343 345 349 352 357 360 362 366 370 371 372 374 377 385 386 392 394 397 398 402 407 409 412 414 417 425 428 431 434 439 443 444 446 456 459 462 465 469 471 474 476 477 479 484 491 496 497 499 503 506 507 512 514 516 521 525 528 529 533 536 539 540 543 547 548 551 555 558 561 566 570 572 575 576 579 590 593 
147 150 171 178 181 191 195 203 204 210 213 218 221 228 229 239 241 245 247 253 257 260 263 271 275 277 278 283 291 294 298 302 305 309 312 316 320 321 328 330 335 336 338 341 346 349 353 356 358 363 364 367 372 374 375 378 382 387 390 394 398 400 403 404 408 413 417 418 420 429 431 434 437 440 446 449 453 457 460 463 468 470 472 476 477 479 483 487 495 497 500 501 504 510 512 514 518 522 526 530 533 537 541 544 545 546 548 551 552 556 559 563 566 570 573 575 578 579 581 593 595 
150 151 174 180 183 192 198 206 209 212 214 220 225 231 232 242 243 247 249 256 261 263 267 275 276 280 283 284 292 295 302 306 307 312 316 317 323 324 330 332 339 342 346 347 349 350 357 358 359 365 369 370 375 376 379 382 385 390 391 395 402 403 404 407 409 417 421 423 427 430 435 437 439 441 447 452 454 461 464 466 470 473 476 478 482 484 488 492 496 499 501 504 508 511 513 518 520 524 527 531 536 540 543 546 550 552 554 558 562 563 566 570 571 573 577 580 582 586 587 595 598 
154 157 176 182 187 194 200 208 210 216 220 221 227 234 238 243 246 248 252 260 265 268 271 277 278 282 286 289 295 297 303 310 311 316 320 321 326 327 332 333 341 345 350 352 356 359 362 363 364 369 371 374 377 380 384 388 390 391 392 399 405 408 412 414 416 419 423 426 431 435 437 440 441 442 449 453 457 465 467 469 473 477 481 482 483 486 489 495 498 503 505 508 510 515 517 520 521 525 531 532 538 542 545 550 551 554 558 561 565 568 572 576 580 583 584 586 589 592 594 598 601 
158 159 178 186 188 197 201 210 212 219 224 226 230 237 240 244 247 250 254 261 269 271 275 278 282 286 290 292 296 300 304 311 313 317 324 325 327 329 334 336 343 349 351 354 359 362 364 367 369 371 375 379 382 386 387 392 394 398 401 405 409 411 413 416 417 422 426 430 435 439 441 442 444 447 453 456 459 469 473 476 480 483 485 488 489 491 495 496 499 504 507 510 513 518 520 523 527 529 535 537 539 543 546 553 555 557 560 562 569 573 577 578 582 585 588 592 595 596 598 601 604 
162 165 181 189 193 198 202 214 215 222 227 229 232 240 243 246 250 254 257 265 273 275 276 282 286 289 293 296 299 301 307 312 316 321 328 332 335 338 342 343 347 353 356 359 362 365 366 368 371 374 376 380 386 387 391 396 399 402 406 409 411 414 415 419 421 426 427 433 436 440 443 446 450 454 458 460 464 471 475 478 481 487 488 489 491 495 496 498 500 506 509 512 517 522 525 526 530 531 538 542 543 547 548 557 560 562 566 568 570 576 580 582 583 586 590 595 599 602 605 608 611 
164 168 184 193 194 200 204 215 219 223 229 232 233 243 244 247 252 258 262 267 275 277 278 283 287 292 297 298 303 307 311 314 320 325 331 334 336 340 343 346 350 356 360 362 366 367 369 373 376 377 380 383 387 389 394 398 400 403 408 411 414 415 419 420 422 428 430 434 440 443 446 449 451 457 459 462 466 474 477 480 485 488 489 491 492 497 501 505 508 509 511 515 518 523 526 528 533 536 539 546 548 550 553 558 561 564 567 572 574 579 581 584 585 587 593 599 603 604 606 611 615 
168 169 185 197 199 202 205 216 221 225 230 233 235 246 249 252 255 260 264 270 276 278 279 284 291 294 299 300 304 308 315 318 321 329 335 336 340 342 345 348 353 360 364 366 370 371 373 376 377 379 381 385 390 394 395 399 401 404 412 414 416 417 421 425 427 431 434 436 444 448 450 453 455 459 461 465 468 475 481 484 487 489 491 492 495 501 505 509 510 513 514 519 523 527 531 535 539 543 544 550 554 555 559 563 565 566 571 574 578 582 583 588 590 592 594 600 605 608 609 615 618 
169 170 187 198 203 204 209 220 224 226 231 235 236 248 250 256 257 263 265 274 280 283 284 287 294 295 302 305 308 309 316 321 323 330 337 338 344 345 346 350 355 364 366 367 374 376 377 381 384 386 387 388 391 395 399 403 407 411 416 419 421 424 425 428 430 435 439 443 447 449 453 455 459 463 464 468 472 477 483 486 489 492 496 498 499 503 507 510 512 514 516 520 524 529 532 539 542 546 549 551 557 559 563 564 568 572 573 576 580 586 590 593 594 597 601 602 606 609 612 619 622 
172 174 189 199 205 207 210 222 226 230 233 239 242 249 253 260 264 268 270 276 283 286 290 292 298 301 303 307 310 314 317 323 327 333 341 343 348 351 353 354 359 368 370 371 377 378 379 385 386 387 390 393 397 401 403 407 410 415 419 423 424 425 428 430 431 437 443 444 450 454 456 459 461 467 470 472 474 481 485 490 492 495 500 501 505 506 508 513 517 518 520 523 526 532 536 543 547 549 550 555 561 564 565 567 571 574 576 580 582 587 593 596 599 600 602 603 609 612 615 623 625 
176 179 190 203 206 209 213 224 227 233 235 242 246 252 254 263 265 272 275 279 285 290 293 296 301 302 307 309 312 317 318 326 328 337 343 347 349 354 357 360 362 372 376 379 383 387 388 389 393 394 395 399 401 402 404 408 413 416 420 424 427 429 433 434 437 439 444 445 454 456 459 461 462 468 471 475 476 485 489 494 497 501 505 506 510 511 514 515 520 521 522 525 528 536 537 545 550 553 554 558 564 568 571 572 573 577 581 585 588 590 594 600 601 603 606 610 613 616 620 625 628 
180 182 191 204 208 210 215 225 231 235 236 246 248 256 257 267 268 276 280 282 289 294 298 299 303 306 309 311 315 318 320 328 332 338 346 351 352 356 361 363 366 374 380 383 385 388 390 391 397 399 403 404 405 407 410 414 418 421 424 425 431 435 439 442 445 448 452 454 457 460 461 462 463 470 472 477 478 488 491 498 502 503 506 507 513 515 516 518 521 524 527 530 531 539 541 546 553 555 557 559 568 570 574 578 580 583 587 588 591 593 596 601 603 605 610 614 618 621 623 627 632 
182 183 193 207 212 215 218 226 234 239 242 247 252 259 262 271 273 280 281 285 291 295 301 303 307 311 313 314 319 321 323 329 334 340 349 353 357 361 365 369 373 376 384 385 389 390 393 395 398 400 406 410 414 418 420 424 425 427 428 429 432 437 442 446 449 450 456 459 462 465 467 468 472 475 476 480 483 491 492 502 506 510 513 515 519 520 522 524 525 526 528 531 532 542 545 548 555 557 560 562 570 571 578 579 584 587 590 592 595 598 600 602 605 607 612 616 622 623 627 629 634 
186 189 194 208 213 218 221 229 235 240 243 249 255 261 264 274 275 284 287 290 292 297 302 304 308 312 315 319 323 324 325 330 335 341 350 356 360 362 369 372 376 380 388 390 394 395 396 400 401 404 407 414 418 420 421 426 427 429 433 435 438 440 445 450 454 456 459 462 463 469 471 472 473 479 481 482 487 494 495 505 510 513 516 517 522 525 529 530 531 534 537 539 542 545 549 551 556 559 564 567 574 577 579 581 585 589 593 595 597 600 603 604 609 611 616 620 626 627 630 632 635 
187 190 196 212 215 221 224 230 236 241 246 253 258 264 267 277 280 285 291 293 294 298 303 308 310 313 319 321 325 327 331 333 338 342 352 360 362 364 372 376 380 381 389 394 396 398 400 404 407 411 414 418 422 423 424 430 431 435 438 440 443 445 446 453 456 459 461 464 466 472 473 476 480 483 485 486 489 495 499 506 513 515 519 522 524 526 531 534 537 541 543 547 551 554 556 559 563 565 569 573 577 578 581 584 587 592 594 596 601 603 607 609 610 613 618 622 628 632 636 637 641 
191 194 198 216 218 223 228 234 240 245 248 256 260 267 268 279 281 286 294 297 300 302 304 309 312 315 322 324 327 331 334 336 339 346 355 364 365 367 373 379 383 384 390 397 400 401 402 406 410 413 416 419 424 425 426 434 438 441 443 447 450 452 455 457 458 460 463 465 468 474 476 479 482 484 488 491 495 499 502 507 516 517 523 525 528 529 534 535 538 543 547 551 555 559 563 566 567 570 571 575 579 580 585 586 588 595 596 599 604 608 610 612 614 615 622 623 631 636 639 640 643 
193 196 201 219 221 227 229 238 244 249 253 257 261 269 272 281 283 290 295 298 304 308 311 315 318 319 323 327 329 333 335 337 340 350 356 366 370 374 378 381 387 391 394 400 404 406 407 410 411 417 419 422 425 429 432 437 442 443 444 450 452 453 458 462 466 470 473 474 476 480 484 488 492 496 497 499 501 503 504 509 518 520 524 526 531 535 539 542 545 548 552 553 557 563 565 570 572 573 574 576 581 584 588 592 593 597 599 602 607 609 611 614 618 619 625 628 634 640 642 646 650 
196 198 202 222 224 228 231 242 247 252 257 259 262 270 275 283 286 294 297 302 305 312 314 319 323 326 329 331 334 336 338 340 344 354 357 367 371 377 379 384 389 393 396 401 408 409 411 413 414 421 423 424 429 430 435 438 446 447 450 454 458 462 466 467 469 474 475 477 479 482 488 492 494 500 503 507 511 512 516 517 520 523 526 530 533 538 540 546 547 549 554 556 560 565 569 573 577 580 581 582 585 587 590 593 596 599 603 606 610 611 614 615 622 626 628 632 636 642 644 648 654 
198 200 206 225 227 232 233 244 248 255 259 261 263 272 276 284 290 298 299 305 307 315 316 323 327 329 332 335 339 341 342 346 348 358 360 371 373 381 383 388 393 396 399 402 411 413 416 418 421 423 424 427 430 431 439 440 450 451 452 457 459 465 467 471 472 476 477 481 484 488 491 493 495 501 504 509 513 517 520 524 528 531 534 538 540 544 545 548 552 555 557 559 561 567 571 575 580 583 587 589 593 594 595 596 600 603 605 607 614 616 620 622 626 628 629 635 639 643 646 649 658 
201 202 207 226 229 233 236 246 252 257 262 266 270 276 278 286 293 300 301 309 312 318 320 325 329 333 336 338 340 344 347 348 350 359 361 374 376 382 384 390 396 397 400 406 414 417 419 422 425 426 427 430 434 436 440 442 454 455 458 461 463 469 473 475 479 480 482 484 488 491 493 495 497 503 506 513 517 518 524 525 530 534 536 540 542 547 549 553 554 558 561 562 565 569 575 579 582 587 590 592 595 599 602 604 605 606 608 611 617 619 624 627 628 629 630 639 642 646 649 650 662 
203 206 210 229 230 236 237 248 254 259 263 268 273 277 281 289 296 301 304 310 314 319 321 327 333 336 340 341 344 348 351 353 356 362 364 376 379 385 387 391 399 401 404 407 415 420 422 426 430 434 437 438 441 445 447 451 456 459 460 463 465 473 476 479 480 482 484 486 492 495 499 500 504 506 510 514 521 523 525 526 531 535 537 541 544 550 553 554 555 560 564 567 570 572 576 581 585 588 593 595 598 601 604 606 609 611 614 618 619 620 625 628 631 634 636 641 643 649 653 655 664 
205 207 213 233 237 238 241 252 258 262 264 271 277 281 282 292 297 304 305 311 316 322 323 331 336 338 342 346 350 354 357 361 363 367 368 379 381 389 392 394 403 404 406 411 419 422 423 427 433 437 439 440 443 446 449 454 459 463 465 466 470 477 478 482 484 487 491 493 496 498 501 503 508 510 511 518 522 526 527 530 535 539 543 544 547 552 556 560 564 567 571 575 578 579 581 582 588 591 595 598 601 605 607 608 612 613 615 620 623 627 631 635 637 639 640 645 648 653 657 659 665 
206 209 216 234 241 245 246 256 261 264 268 275 278 282 286 293 299 305 309 313 320 323 327 332 338 340 346 350 351 358 361 363 365 371 373 381 384 391 396 397 406 409 413 415 420 425 429 432 436 441 444 446 449 451 455 456 460 464 469 472 473 479 483 484 485 489 492 495 500 501 505 508 512 516 519 521 524 527 529 532 539 540 545 546 549 556 559 563 565 571 573 578 581 584 588 591 593 595 599 600 604 608 609 613 616 618 622 626 628 629 632 639 642 645 647 651 653 654 658 663 666 
207 213 220 238 242 248 250 258 262 268 271 278 279 285 288 297 301 306 312 316 322 325 328 334 341 345 349 353 354 361 364 368 371 372 374 383 385 395 397 398 409 410 415 419 424 428 431 434 439 442 445 449 453 455 457 460 463 468 470 476 479 480 484 487 491 492 495 499 503 504 507 509 514 520 522 526 528 530 533 535 540 542 546 550 553 560 561 567 568 575 579 581 583 588 590 595 596 597 603 605 606 611 614 615 620 622 624 630 634 637 641 645 648 651 653 655 656 657 662 667 670 
211 215 222 241 243 251 254 259 264 269 273 282 284 286 290 299 304 309 314 320 324 327 332 337 344 349 352 357 359 363 365 372 375 379 380 385 387 397 401 402 412 414 416 420 426 431 433 437 442 446 449 450 456 459 463 466 468 471 475 480 482 485 486 491 495 498 502 505 509 512 514 518 521 523 524 530 533 537 539 542 543 547 551 554 558 564 568 570 572 579 581 582 586 590 592 596 597 598 605 606 608 615 619 621 625 626 627 632 637 640 645 647 652 654 658 659 662 664 665 670 673 
213 217 226 244 247 255 258 261 266 273 275 284 285 288 291 303 306 311 318 322 326 331 333 339 347 350 354 359 363 366 370 373 376 380 384 388 390 401 405 406 413 416 417 424 429 435 439 442 443 447 452 455 459 462 466 467 471 473 478 481 483 489 491 492 496 502 503 506 512 515 519 523 524 525 528 532 536 539 541 543 547 551 552 556 560 565 571 574 577 581 583 584 587 594 597 598 602 604 609 611 613 619 620 623 628 629 633 637 641 645 646 650 653 655 661 662 665 667 670 672 675 
216 220 228 248 249 257 262 265 270 274 276 285 287 290 292 305 307 313 320 324 328 334 336 340 350 354 355 363 364 369 373 374 380 382 387 392 393 404 409 410 414 417 421 427 432 439 443 446 448 450 454 456 461 463 468 472 474 478 479 484 488 490 494 498 500 504 505 509 516 519 521 527 529 533 534 535 540 542 546 548 550 552 555 557 561 568 572 576 581 585 586 587 591 598 599 603 605 606 610 614 615 620 624 626 632 635 638 642 645 649 650 652 655 657 664 666 668 669 674 677 679 
218 224 229 251 253 259 263 266 273 278 282 288 290 292 296 307 310 314 323 327 329 338 342 346 352 355 358 364 365 370 375 379 383 386 388 394 396 407 413 417 418 421 422 431 434 441 445 449 451 453 457 461 464 465 469 475 476 479 480 485 489 492 498 499 502 507 509 510 518 520 523 531 534 535 536 539 544 548 551 554 557 558 559 562 566 571 576 579 584 588 592 595 596 602 603 605 606 607 614 615 617 621 627 629 635 638 640 645 647 651 655 656 658 660 668 670 672 673 678 679 683 
222 227 232 254 257 261 265 267 275 280 283 290 291 295 300 311 315 319 325 329 331 340 343 350 353 359 361 366 370 373 379 382 387 390 393 397 401 408 416 418 419 425 428 433 438 442 449 452 454 458 460 462 467 468 473 476 480 482 484 489 490 496 500 504 506 511 512 513 519 522 527 533 537 539 541 543 546 551 553 556 561 564 566 567 571 573 577 580 585 590 595 597 598 604 606 609 612 614 616 619 621 624 631 632 638 641 644 646 649 652 656 658 660 663 670 673 677 679 683 686 687 
224 230 235 257 259 262 266 269 278 284 288 292 293 296 304 313 316 322 328 331 333 343 344 351 357 362 365 369 373 375 380 383 388 393 394 400 402 412 419 422 423 429 433 437 442 443 451 455 456 460 464 465 471 475 479 480 483 484 485 492 493 499 501 508 509 515 519 523 525 527 528 535 538 541 543 544 547 552 554 557 565 566 568 569 574 576 578 581 588 594 597 598 601 606 609 613 616 619 621 622 625 627 633 636 642 643 646 648 651 656 658 661 663 666 673 674 679 682 684 689 690 
227 232 237 259 260 263 267 273 281 287 292 295 298 300 305 314 320 323 332 333 334 347 351 355 358 363 369 373 376 377 381 384 392 397 400 403 405 416 421 424 428 433 436 440 445 447 452 457 459 461 467 469 472 476 480 484 486 487 488 495 497 502 504 511 514 519 520 524 528 529 533 537 541 544 548 551 552 555 557 560 566 569 573 576 577 581 582 586 590 597 598 600 602 608 612 617 619 623 625 628 631 634 638 639 644 645 648 652 654 657 662 665 667 670 675 678 682 683 687 693 694 
228 236 239 261 265 267 271 276 285 290 294 299 302 305 307 317 323 324 333 335 339 348 355 358 359 365 372 375 380 384 385 388 396 400 403 406 407 420 423 428 432 437 441 445 447 448 454 459 461 465 469 471 475 480 483 488 491 492 494 498 501 505 508 514 516 520 523 525 531 533 535 541 543 547 551 555 558 562 563 565 567 570 574 578 582 583 586 588 593 600 602 606 608 609 614 621 624 626 630 631 633 636 641 643 647 648 651 653 658 661 664 668 669 672 676 679 686 690 691 694 697 
232 238 241 265 268 269 272 278 288 291 298 300 306 310 314 321 327 328 337 341 344 351 359 362 366 369 373 378 382 386 387 392 397 401 404 409 411 424 426 432 435 440 445 446 450 453 456 461 465 466 471 472 478 482 486 489 492 496 498 499 503 506 509 515 520 521 527 529 533 536 540 542 546 551 555 557 562 563 566 568 569 573 577 579 584 588 591 594 596 604 607 609 611 612 617 624 628 632 636 637 639 643 646 647 648 651 652 657 662 665 666 672 674 676 678 681 690 692 693 697 699 
234 239 242 267 270 272 275 281 292 294 300 302 310 311 315 322 330 333 338 345 347 353 361 363 370 372 375 380 383 389 391 395 399 404 408 413 416 426 430 434 438 443 448 449 452 457 461 462 469 470 474 476 480 485 489 491 496 497 500 503 507 509 511 519 523 524 529 532 536 538 543 547 550 554 558 560 564 565 569 570 574 575 579 581 585 591 594 595 600 605 608 612 613 614 619 626 630 636 637 638 643 647 649 651 652 655 657 658 666 667 670 675 677 680 682 683 693 695 698 700 704 
238 240 244 271 272 274 276 285 293 295 301 304 311 315 318 325 334 337 341 346 348 355 364 368 371 374 376 384 388 392 393 396 401 408 409 415 418 430 433 435 442 444 449 453 456 461 463 467 473 474 475 478 483 487 491 494 499 503 506 508 511 514 515 522 527 530 532 535 537 540 545 551 552 558 560 562 566 570 574 578 579 583 586 587 590 594 595 596 601 607 611 614 618 622 625 630 631 637 640 643 647 651 653 654 658 660 661 663 670 672 674 676 678 683 684 686 697 700 702 706 710 
241 243 248 273 275 276 279 288 296 298 302 308 313 319 322 328 338 341 345 350 352 356 368 370 372 375 377 386 389 393 395 397 403 411 412 416 422 434 438 440 444 445 452 455 460 464 466 471 475 476 478 479 484 488 495 499 502 507 511 513 516 519 520 524 529 533 537 540 541 544 547 553 557 561 565 568 569 573 575 579 581 584 589 592 596 597 600 603 606 610 614 617 619 626 627 631 632 639 641 644 651 652 655 656 662 663 667 671 672 676 679 680 684 688 690 694 700 703 705 708 714 
242 247 251 276 278 280 282 292 298 300 304 311 317 322 326 329 339 345 347 351 353 360 371 373 376 378 380 387 391 397 399 400 405 412 416 420 423 437 442 446 447 448 455 457 463 466 467 474 479 481 485 486 489 493 499 501 506 509 513 514 520 523 525 526 531 536 540 542 543 545 550 556 560 562 568 569 571 575 576 580 584 585 590 595 598 601 604 606 608 611 618 622 624 627 631 634 636 642 643 645 655 658 660 663 665 668 672 673 676 679 680 684 687 691 694 697 703 707 711 712 718 
243 248 254 280 283 287 290 296 301 303 308 312 321 323 328 330 341 348 352 356 357 362 373 376 377 379 384 389 394 400 404 407 410 414 419 424 428 439 445 449 452 453 458 461 464 470 471 476 482 486 487 490 492 495 503 507 508 511 517 519 521 526 528 530 535 540 544 546 549 550 551 559 564 567 571 573 575 577 578 584 585 586 592 596 602 604 608 612 613 615 620 624 626 628 634 638 640 645 646 650 658 662 665 669 671 672 673 676 680 683 685 686 690 695 698 701 704 709 715 717 720 
245 251 257 282 285 288 292 300 305 306 310 316 324 326 331 335 345 350 353 358 362 366 374 380 384 385 388 391 398 404 405 411 414 415 420 426 429 440 446 450 456 459 461 463 466 472 474 479 483 489 492 494 495 499 507 511 512 514 519 521 525 529 531 533 536 543 548 550 551 553 554 561 567 570 572 575 579 580 583 585 587 590 594 597 603 606 609 615 617 618 622 625 627 632 636 641 644 648 649 654 661 664 669 673 676 678 681 684 685 689 692 693 694 696 701 705 708 711 719 722 726 
248 253 260 284 286 289 294 301 307 311 315 318 328 331 332 339 346 351 354 361 363 370 377 382 387 391 392 395 402 405 406 412 415 416 424 427 433 442 449 452 458 460 463 466 468 476 477 483 485 493 497 501 504 507 510 512 514 518 522 525 528 531 535 536 539 546 552 553 556 558 561 562 570 572 576 579 582 585 587 591 593 596 600 602 606 609 611 619 623 626 627 628 632 633 637 642 647 652 656 657 662 668 670 674 677 681 684 687 691 693 696 698 699 700 703 709 711 712 722 724 729 
250 256 262 286 289 293 295 303 308 314 316 319 331 334 337 341 349 354 358 365 369 373 378 384 391 395 398 400 404 407 409 413 418 420 427 430 436 446 452 456 460 463 466 468 471 479 481 486 488 494 501 504 507 508 514 516 518 519 526 529 532 535 536 537 543 547 554 558 559 562 563 565 574 578 581 583 587 590 592 596 599 601 604 607 609 610 612 621 624 627 631 635 636 638 639 646 650 656 657 660 665 669 674 675 680 683 685 688 692 696 698 701 704 705 706 712 716 719 724 727 731 
252 258 265 287 292 295 298 305 310 316 320 322 335 337 341 344 353 357 361 369 373 374 381 388 393 397 399 401 408 410 413 416 422 426 428 434 439 448 453 459 462 467 470 474 477 481 484 487 491 496 504 505 508 510 516 520 522 525 529 531 535 536 538 539 545 548 557 561 565 566 569 573 577 581 583 586 590 592 593 597 601 603 607 611 614 616 619 623 626 629 632 637 638 641 643 649 653 659 662 664 669 672 675 678 681 686 689 692 694 699 703 704 705 709 710 715 720 722 727 728 734 
254 259 269 290 296 299 300 309 314 320 324 326 336 339 343 347 355 359 363 373 377 380 384 390 394 401 405 406 412 414 418 422 423 430 433 435 442 450 455 461 463 469 471 477 479 484 487 489 494 497 508 511 514 517 520 522 526 529 530 533 536 540 541 543 546 552 560 564 566 568 570 576 580 584 586 587 591 594 596 601 605 606 610 613 618 621 622 626 627 632 636 641 645 646 648 650 657 661 663 668 670 674 677 679 682 688 691 693 695 703 707 710 713 717 718 719 724 727 729 731 735 
255 261 272 294 297 302 305 310 316 321 328 331 337 341 347 350 357 363 367 376 379 382 387 391 395 403 409 411 414 416 421 426 430 432 434 437 445 451 457 462 467 471 473 481 485 488 491 492 498 499 509 515 518 519 521 525 527 530 534 537 541 544 545 547 549 555 563 567 568 571 574 580 582 588 589 592 593 597 601 605 608 611 612 615 621 622 626 628 630 635 638 642 648 650 651 655 659 664 667 672 675 676 680 682 683 689 693 695 696 704 709 712 717 720 721 723 727 730 733 735 739 
256 264 273 296 299 305 308 311 320 323 332 336 341 343 350 354 361 367 371 377 380 383 390 393 398 406 413 415 416 419 422 429 431 435 436 438 447 452 458 464 468 472 474 483 487 491 492 494 502 503 511 518 522 523 524 528 530 534 536 541 545 549 552 555 558 562 567 568 572 573 575 581 586 592 596 597 598 599 602 607 612 615 616 619 624 628 631 633 636 639 642 644 649 651 654 656 662 665 668 674 677 679 681 686 689 692 696 698 702 706 710 714 721 722 723 727 731 734 737 741 743 
260 266 274 299 302 307 310 312 321 324 336 338 343 344 352 357 364 369 374 380 382 384 391 395 402 408 416 417 421 422 424 431 432 437 441 442 449 455 461 468 469 475 476 484 491 492 496 500 505 507 513 521 523 527 530 532 535 536 538 545 548 553 555 557 559 566 568 570 573 574 578 584 589 596 598 599 600 604 605 610 614 618 622 626 629 633 636 640 643 645 647 651 652 654 658 661 663 668 669 676 679 681 685 687 691 693 700 702 705 708 714 715 722 726 727 728 735 738 742 746 748 
263 270 276 303 305 311 312 315 325 327 337 339 346 350 355 361 368 373 375 383 387 391 392 396 403 411 418 419 422 425 428 435 437 440 443 444 452 457 464 472 474 477 478 486 492 493 498 502 507 508 515 522 527 528 534 537 541 543 544 548 551 554 556 560 563 569 570 574 577 580 583 586 591 598 599 602 603 608 611 615 618 620 624 629 632 635 640 643 645 648 652 653 655 656 662 666 669 670 674 680 681 682 687 691 693 694 703 705 708 711 715 719 726 730 732 733 738 740 745 748 749 
265 273 277 304 308 314 316 318 328 330 338 341 348 354 359 365 369 377 378 387 389 392 394 399 407 414 420 424 428 431 433 439 440 442 446 447 454 458 468 473 477 479 482 487 496 500 504 506 510 514 518 523 529 533 535 541 543 547 549 551 552 558 561 564 567 572 576 580 583 585 587 588 595 599 603 605 606 610 615 617 621 624 625 631 636 637 644 645 649 652 653 655 657 660 664 669 672 676 679 684 685 686 690 693 694 697 706 708 711 712 717 723 728 731 736 739 741 743 748 749 752 
269 274 281 306 309 318 320 324 330 333 341 342 351 355 360 366 373 379 383 390 394 398 401 404 410 416 423 427 432 435 437 441 443 447 450 452 456 459 469 477 478 483 485 490 497 503 505 509 512 516 522 526 533 534 538 545 549 551 555 556 557 561 565 567 570 573 578 581 585 586 589 593 596 601 607 610 611 612 619 623 624 625 626 632 639 643 645 647 651 654 658 659 660 661 668 673 674 680 682 687 689 692 693 696 698 702 707 711 712 716 720 724 731 735 738 740 743 746 750 753 754 
273 275 282 309 313 321 323 326 331 334 342 345 352 359 363 369 377 382 387 391 397 400 404 407 411 419 426 431 435 438 440 442 444 450 452 456 459 460 471 478 479 485 489 491 498 504 506 511 513 519 526 527 534 537 541 548 552 556 558 560 561 564 567 571 573 575 580 584 588 592 594 598 600 605 608 613 616 617 620 625 629 630 632 633 640 647 650 652 656 659 660 661 663 665 671 676 678 684 688 690 694 698 699 700 701 703 708 715 717 721 725 727 734 739 743 745 747 749 753 754 755 
275 276 285 313 317 325 327 328 333 336 344 348 353 361 365 373 379 386 390 392 399 403 406 411 413 421 428 433 437 442 443 447 450 451 454 458 462 464 473 480 484 486 492 494 499 505 507 514 517 522 529 533 537 541 545 552 553 558 561 564 568 572 575 576 578 582 586 590 594 597 600 603 604 607 612 617 621 623 625 629 632 635 639 642 646 649 652 654 659 661 663 665 668 671 673 679 682 688 691 693 698 699 700 704 705 706 709 716 721 722 726 730 738 742 747 750 752 756 760 763 765 
279 283 289 314 321 329 330 334 337 338 348 351 357 364 368 375 382 389 394 396 402 406 408 413 416 424 432 434 440 445 447 449 454 455 459 460 465 467 476 483 488 491 494 498 501 508 510 517 519 525 532 537 540 545 547 554 557 562 565 567 569 576 580 581 583 584 589 592 598 599 601 605 606 608 615 621 625 627 628 630 633 639 640 645 649 653 656 658 663 666 668 670 671 672 674 681 686 689 694 695 699 702 703 708 709 713 714 719 723 725 729 732 741 745 750 751 754 760 764 767 770 
283 286 292 316 325 332 336 340 344 347 350 353 361 368 370 379 383 393 398 400 405 408 411 414 417 428 433 437 442 446 450 451 456 457 461 463 467 470 478 485 491 494 498 499 504 512 516 520 521 528 534 539 541 546 549 555 559 563 567 569 573 580 582 584 587 588 591 593 600 602 603 609 610 612 617 622 629 632 635 639 642 645 647 649 653 657 660 662 664 670 672 673 677 680 682 683 687 690 697 700 701 704 705 710 713 716 719 722 725 728 733 737 742 747 751 752 756 763 767 768 774 
284 290 294 320 326 333 338 344 347 349 351 354 364 372 373 382 386 396 401 402 409 410 415 416 421 432 437 438 446 448 454 455 460 462 463 467 468 473 482 489 494 496 499 502 505 516 517 522 523 531 535 542 543 549 553 558 562 565 570 571 575 583 587 590 594 597 599 601 602 605 607 612 614 618 622 626 630 636 637 643 646 647 649 653 654 658 664 665 667 671 673 676 678 681 685 687 691 694 700 702 705 709 711 712 717 721 722 723 726 731 736 741 745 748 752 756 759 764 771 772 776 
287 291 295 323 329 334 340 348 352 354 357 358 367 376 380 384 388 400 404 407 410 412 417 419 423 436 441 444 450 454 455 456 461 463 467 470 473 477 484 490 498 502 503 506 507 519 522 526 527 534 536 545 547 553 554 560 563 569 572 576 577 587 589 591 598 599 603 607 610 614 616 619 622 626 629 632 636 638 641 646 649 652 653 654 658 659 667 670 671 673 675 677 679 683 686 690 694 697 703 705 706 711 712 713 721 722 723 725 729 734 738 743 749 750 754 759 760 766 773 777 780 
291 294 298 326 330 335 342 350 354 358 362 364 369 377 381 388 391 402 406 409 414 416 421 425 426 440 445 446 452 457 458 462 464 465 468 471 476 478 488 491 502 505 507 508 511 523 525 527 530 535 538 547 548 557 558 564 566 571 576 580 581 591 595 598 601 605 609 612 614 616 619 622 624 629 633 634 640 644 646 647 651 656 657 658 661 665 670 672 676 678 682 684 688 692 695 697 701 704 705 707 709 713 717 720 724 727 729 731 733 736 740 745 751 753 755 761 765 768 776 779 784 
294 298 301 327 333 338 345 353 358 360 366 369 370 378 382 390 395 404 407 412 418 419 423 429 432 441 448 451 455 458 462 465 469 472 473 477 481 484 490 493 504 509 510 511 515 527 529 530 534 539 541 549 553 561 563 567 568 573 580 581 584 594 596 599 604 609 611 613 618 621 622 623 628 633 635 638 641 646 648 651 655 658 660 662 663 667 674 677 681 682 686 688 690 694 697 701 703 707 710 713 715 717 718 723 726 728 732 735 736 738 743 749 754 756 759 762 768 772 779 780 787 
297 300 305 331 335 342 346 354 361 364 369 372 376 379 383 391 398 406 409 413 421 425 429 433 435 445 449 452 458 461 466 469 472 476 478 481 483 487 494 497 505 513 514 518 519 530 531 535 539 540 544 552 556 565 569 570 572 577 584 587 591 598 602 606 608 610 614 615 620 624 628 632 636 640 644 648 652 653 655 659 660 661 662 664 665 670 677 680 685 688 691 694 696 698 700 705 707 708 711 714 716 721 722 725 728 730 734 739 740 742 744 752 757 761 762 763 771 775 782 786 788 
301 305 309 333 338 346 348 355 362 365 370 374 379 382 384 392 399 408 411 414 422 426 432 434 436 447 453 454 459 464 469 470 476 480 482 485 486 490 497 501 506 515 516 522 523 533 535 537 542 546 548 553 558 567 571 572 576 578 588 589 592 602 604 609 611 614 618 620 621 627 629 635 640 641 648 649 653 656 658 663 667 668 672 676 678 680 682 685 689 690 693 697 699 701 705 707 711 712 715 716 720 722 726 729 733 736 738 743 747 750 754 756 760 763 767 768 773 776 784 789 790 
303 308 313 337 339 350 352 356 363 367 372 376 381 386 387 395 401 409 414 415 424 430 433 435 440 450 457 458 460 467 471 472 479 483 487 488 489 494 501 505 510 519 521 525 529 535 539 541 545 548 549 556 562 570 572 576 578 580 589 590 595 604 608 612 615 616 622 623 625 631 634 636 644 647 650 654 658 659 660 666 668 670 676 679 682 684 685 686 693 697 698 701 702 703 708 709 713 715 717 718 721 725 728 730 737 741 743 744 750 753 758 759 762 766 770 771 775 777 785 793 796 
306 312 317 339 342 351 356 357 365 368 373 377 384 387 389 397 404 411 417 421 426 432 434 437 444 452 458 459 463 469 474 475 481 487 490 491 495 499 505 507 512 520 525 529 531 537 541 543 548 550 551 558 563 573 576 579 581 585 591 592 598 605 611 616 617 621 623 625 628 634 637 641 645 649 653 658 660 661 664 669 673 677 679 683 685 686 690 692 697 698 702 705 707 708 711 712 717 720 721 724 728 732 736 738 742 746 749 750 752 755 760 763 766 768 771 775 778 780 786 794 797 
307 316 320 341 344 353 360 364 368 371 375 380 388 390 394 401 405 414 418 424 429 433 438 441 446 454 460 463 466 470 478 479 482 491 494 495 497 503 509 513 516 523 528 532 534 538 544 546 550 553 556 561 565 577 580 581 584 587 594 598 602 607 612 617 619 624 628 632 636 637 641 645 647 651 656 659 663 664 667 670 676 678 680 686 690 693 695 698 702 704 706 707 710 712 714 716 721 724 725 727 731 734 740 743 746 748 753 756 759 760 761 767 769 773 777 780 781 783 789 797 800 
308 317 323 344 345 356 364 367 369 372 377 383 389 394 397 402 408 417 421 427 431 435 439 443 450 458 462 464 469 472 482 484 485 492 497 501 503 507 512 514 520 527 532 534 537 541 548 551 554 555 558 563 568 579 582 584 588 590 595 599 606 610 614 619 621 626 632 636 640 643 644 648 650 655 657 662 667 668 670 673 679 683 684 688 694 696 699 703 705 708 710 711 714 717 719 720 724 727 730 732 734 738 742 746 748 749 755 760 761 763 767 768 770 777 779 783 784 788 791 800 802 
312 320 324 347 348 359 367 369 370 373 380 386 393 398 399 404 412 419 425 430 435 437 443 447 454 461 465 467 471 474 484 487 490 494 499 505 509 510 513 516 522 530 536 538 540 542 552 556 559 563 567 570 572 581 583 587 592 594 596 600 610 613 615 621 623 630 635 640 642 646 650 653 655 657 659 664 669 671 675 677 683 684 688 692 698 699 700 705 708 711 713 714 716 721 725 726 727 730 732 736 740 744 746 749 751 752 758 763 767 769 772 774 775 781 784 786 789 793 796 804 806 
314 322 326 350 352 361 371 374 377 378 382 388 396 400 401 407 414 421 429 431 437 439 445 450 458 464 466 468 475 479 485 489 491 496 501 506 513 517 519 521 524 532 539 540 542 546 556 559 563 564 571 572 573 583 585 590 593 596 599 602 614 616 619 625 626 634 638 642 645 649 653 657 660 661 662 667 671 674 676 680 685 686 691 694 701 702 704 706 710 712 715 716 717 722 727 730 732 734 738 740 744 745 747 751 752 753 761 767 769 773 776 778 782 783 788 789 790 794 797 805 807 
