5 8 10 13 15 19 21 24 26 30 31 32 35 37 39 42 46 48 50 52 56 59 63 64 66 69 72 76 80 81 84 88 91 93 97 100 103 106 108 109 112 116 117 118 121 123 126 130 134 138 140 141 145 148 152 155 159 163 165 169 173 176 178 180 182 185 186 189 190 191 194 195 199 201 205 207 211 215 219 220 224 228 231 235 238 241 242 245 247 251 
7 10 14 18 22 23 26 28 29 34 36 37 41 42 44 47 49 50 51 53 60 62 67 68 69 72 73 77 81 85 88 91 92 94 99 103 107 111 115 118 122 123 124 127 130 133 134 136 137 141 142 144 147 149 153 159 163 166 168 171 176 178 179 183 186 187 188 193 196 199 201 203 205 207 209 212 216 218 221 225 228 231 233 237 242 245 248 252 256 260 
11 13 18 21 26 29 30 33 35 36 37 41 44 45 46 50 52 53 54 55 61 65 70 74 75 76 77 81 84 88 92 94 95 98 101 106 108 115 117 119 123 125 126 128 132 137 140 143 147 149 151 152 154 155 157 161 164 167 172 175 180 184 185 189 193 197 201 203 205 208 209 213 215 218 221 225 229 230 231 233 236 239 243 247 250 252 256 260 263 264 
12 17 20 25 28 30 32 35 36 39 42 45 47 50 53 54 58 59 60 64 66 70 74 76 78 80 81 85 86 92 96 99 103 106 107 111 114 118 120 122 124 126 127 131 136 140 142 146 150 154 158 159 161 165 166 170 174 177 178 179 181 187 188 190 195 198 202 207 209 213 214 216 218 220 225 226 232 236 240 241 243 244 247 248 254 257 261 263 264 266 
13 21 24 26 29 34 37 41 43 46 50 53 54 55 57 60 61 62 65 66 70 73 77 81 82 83 86 89 91 95 97 103 104 109 112 115 116 120 123 126 127 130 134 135 137 142 143 148 153 157 160 164 168 170 171 172 178 181 185 187 188 190 194 197 200 204 206 208 212 215 216 217 220 222 226 227 233 240 244 246 247 250 252 255 257 258 264 266 270 271 
17 25 26 28 30 37 39 44 47 48 53 57 61 63 66 70 74 75 76 79 83 85 89 90 93 95 98 102 105 108 110 113 115 119 121 125 128 131 134 136 139 143 147 151 153 157 158 161 164 166 168 170 172 174 176 177 180 182 188 191 192 193 197 199 204 207 208 210 215 219 222 225 228 229 232 234 238 244 246 250 254 256 260 263 265 266 270 271 272 273 
18 27 28 32 34 40 41 47 50 54 58 59 65 69 73 76 79 80 82 84 88 91 93 96 99 102 106 107 109 113 114 117 120 121 122 126 132 135 138 139 143 147 149 153 156 158 159 164 167 170 171 174 176 177 179 182 183 185 190 195 199 201 202 204 205 208 209 212 216 222 226 228 229 232 233 236 242 247 249 253 255 260 263 265 269 272 275 279 283 286 
19 28 29 33 38 44 47 50 52 55 62 65 68 72 74 80 84 86 90 91 94 95 97 100 102 106 108 110 112 115 119 120 124 128 131 134 135 138 141 144 148 151 152 156 157 161 165 167 171 173 174 177 181 185 188 191 194 195 197 198 202 203 207 211 212 214 215 217 219 225 230 234 238 242 245 249 253 257 260 264 265 268 271 275 279 280 284 285 287 289 
22 32 33 34 42 46 49 54 58 59 66 69 70 74 75 84 88 91 94 98 100 103 104 107 110 113 116 120 121 123 127 129 133 134 137 139 140 144 148 152 156 158 159 163 166 167 169 172 175 177 181 183 187 191 193 197 201 202 205 208 209 212 213 214 215 216 220 224 228 232 236 239 240 245 248 250 257 260 262 268 269 273 274 277 281 283 285 286 291 294 
23 36 37 41 45 49 53 55 60 64 67 73 74 75 79 86 90 94 98 101 102 107 108 110 111 114 120 124 128 129 133 137 141 144 148 149 152 154 156 160 163 165 168 169 172 176 179 181 185 186 187 190 191 194 197 200 202 204 209 211 213 217 218 221 222 224 225 226 231 235 238 242 245 248 251 255 259 263 267 271 275 277 278 280 284 285 286 290 295 297 
25 38 40 45 47 51 54 56 62 66 69 77 81 82 86 89 93 95 102 104 108 110 113 116 119 121 122 128 132 135 136 140 143 147 151 155 156 157 159 164 168 172 175 178 179 182 183 184 188 189 193 196 200 203 205 208 209 212 213 215 216 218 221 225 228 229 231 232 234 238 240 243 247 249 253 258 261 266 271 274 276 280 284 288 292 293 296 297 299 303 
28 41 43 46 51 52 58 59 63 70 73 80 83 84 90 94 95 96 103 105 112 115 117 120 123 125 127 131 134 138 140 143 147 149 155 157 158 159 163 168 169 173 177 180 184 188 191 193 195 198 199 203 204 207 208 209 213 216 218 220 222 224 227 228 229 233 236 238 242 246 250 253 254 256 260 264 268 271 273 276 277 282 286 292 296 299 300 304 307 308 
29 42 46 50 53 54 59 60 65 71 75 81 87 90 91 97 98 99 107 110 115 116 120 121 124 129 131 132 136 139 143 144 148 153 158 159 161 162 165 170 174 175 181 182 185 192 196 199 203 205 209 213 214 217 219 221 224 225 229 232 236 238 240 241 245 249 251 252 255 256 260 263 266 268 270 272 273 275 276 278 279 283 287 293 298 302 303 305 308 310 
31 43 47 51 55 59 62 64 66 72 77 83 91 92 94 100 103 106 111 114 117 119 122 125 127 130 134 138 139 141 147 148 149 157 160 163 166 168 171 173 175 178 182 184 186 194 200 201 207 208 212 215 219 221 222 223 228 230 232 233 238 242 243 247 249 252 254 255 256 259 261 267 269 272 274 278 282 286 290 293 296 299 303 307 308 310 311 313 317 319 
33 46 50 55 58 62 63 68 70 75 80 85 92 94 95 101 106 109 113 116 119 121 125 126 131 134 136 142 143 145 149 150 152 159 163 164 167 171 172 176 179 182 186 188 191 195 203 204 209 211 213 216 223 224 226 227 232 234 238 241 243 246 250 254 257 261 264 266 269 271 273 274 275 278 280 283 287 290 294 295 300 302 307 308 309 313 314 315 320 324 
36 48 51 56 59 66 70 72 76 78 83 89 96 98 100 103 109 112 115 117 123 124 127 129 134 136 140 146 150 153 157 160 162 165 167 171 174 176 180 183 187 191 194 197 201 205 206 208 212 214 215 219 226 230 233 237 240 243 245 248 251 253 257 260 264 268 272 275 279 282 283 285 287 290 293 297 301 305 308 310 311 315 316 318 319 320 323 324 327 329 
37 50 54 60 62 67 72 74 79 80 84 93 98 100 103 105 111 116 119 120 127 130 131 133 138 141 144 147 153 157 160 161 166 167 170 172 177 179 181 185 190 195 196 199 205 209 212 215 218 220 224 225 230 234 236 241 242 245 248 250 252 256 260 264 265 270 274 279 282 286 290 292 293 296 299 301 303 308 309 314 318 321 323 326 327 331 332 333 336 339 
41 52 57 62 66 70 75 79 83 86 88 94 101 103 105 109 115 118 122 125 130 131 132 137 142 146 149 152 155 158 162 164 169 170 173 177 180 183 184 187 192 196 197 201 208 213 217 218 222 225 228 232 236 237 238 244 248 251 254 256 257 259 264 268 269 274 278 282 283 287 293 295 296 299 301 305 309 311 313 317 321 322 325 330 332 336 339 343 347 350 
44 53 59 66 67 71 76 82 86 87 89 96 102 107 111 113 117 121 125 126 133 137 141 143 145 150 154 158 162 166 169 170 171 174 176 179 184 187 189 191 193 197 200 202 210 216 218 221 223 229 230 234 238 241 243 248 250 254 257 261 263 265 269 272 276 280 281 285 287 288 295 296 297 301 302 309 311 315 318 320 323 324 328 331 333 340 344 345 351 353 
46 57 63 67 70 75 79 85 90 94 98 100 105 111 115 119 123 126 130 134 135 138 144 145 148 152 157 162 166 167 173 177 179 181 185 188 189 190 192 193 197 201 202 205 212 218 221 225 227 233 236 237 239 242 247 250 252 257 261 263 266 268 270 275 277 283 285 286 291 294 297 301 305 307 311 313 315 319 323 327 330 332 333 334 338 343 347 350 355 358 
47 59 67 69 73 78 83 87 93 97 100 103 106 115 117 121 124 127 133 135 136 141 145 149 151 156 159 164 170 172 175 179 181 185 188 191 192 195 196 198 199 204 208 210 213 220 225 227 231 237 239 241 242 244 248 251 254 259 265 269 271 275 278 281 285 286 287 289 294 296 298 302 307 309 312 317 318 322 326 330 334 337 338 340 342 344 348 354 359 362 
50 62 68 70 77 81 87 91 96 100 104 107 111 118 119 123 127 129 135 139 140 144 147 151 155 157 161 165 171 176 180 183 186 190 191 193 196 199 200 204 205 206 212 213 217 221 226 231 233 239 240 245 248 250 253 254 258 260 267 271 275 278 281 283 289 290 293 296 300 301 304 307 308 310 315 319 323 326 329 334 338 340 344 346 347 348 350 357 363 365 
52 64 71 72 80 83 89 93 97 103 107 111 115 120 122 127 131 132 137 143 144 148 151 152 157 161 165 168 174 177 181 184 190 194 197 200 201 204 208 211 215 216 218 221 223 225 227 233 237 240 241 247 249 254 255 259 261 264 271 274 277 281 282 286 293 295 297 300 304 308 309 313 317 320 322 325 328 331 334 338 342 346 347 351 352 356 360 363 366 367 
53 67 72 76 82 86 90 94 99 106 110 112 117 122 124 129 133 134 140 147 148 149 152 153 161 165 168 172 178 179 185 188 193 198 199 202 203 208 211 212 218 221 222 224 228 230 234 236 238 241 244 248 251 258 259 263 266 270 272 278 282 286 287 291 297 299 301 305 309 311 314 315 320 323 327 330 334 337 339 342 343 350 351 352 356 360 361 367 370 374 
57 69 73 77 85 90 94 98 100 108 114 117 120 126 130 133 137 141 142 151 154 155 159 160 162 167 172 174 179 183 188 189 195 201 202 204 206 209 215 216 220 223 224 226 232 234 238 241 245 248 252 253 255 260 261 265 270 271 275 279 284 289 291 292 299 303 306 307 312 314 318 322 325 327 331 335 336 340 342 346 349 354 357 358 361 364 366 368 374 377 
61 70 76 81 87 93 96 101 105 111 117 118 122 128 133 134 140 145 146 152 157 159 163 164 168 169 174 175 182 185 190 191 197 204 207 208 210 213 218 219 223 224 225 227 236 238 240 244 246 252 254 258 260 261 262 268 272 274 279 283 288 293 295 297 300 304 307 311 315 316 319 326 327 329 332 339 342 344 348 349 352 357 360 362 365 366 369 372 378 380 
63 73 77 84 88 96 97 102 108 113 119 122 125 130 137 140 143 146 148 154 159 163 166 170 174 176 180 183 185 186 194 198 199 205 211 214 216 217 221 222 226 229 233 235 237 240 243 248 251 256 258 260 263 267 269 272 273 276 283 285 290 295 299 301 302 308 312 315 318 321 323 328 332 336 337 340 346 348 352 354 356 360 363 367 370 373 376 378 382 383 
66 75 79 87 90 98 101 104 112 115 120 126 130 134 140 144 147 148 149 156 160 165 167 173 178 182 186 187 191 193 196 202 205 208 215 217 218 221 224 226 229 233 237 240 244 246 247 250 252 259 260 262 264 270 272 274 275 280 285 288 292 299 300 305 309 313 314 316 322 323 327 330 334 340 344 348 349 352 355 356 358 363 367 370 372 375 378 381 384 388 
70 78 82 90 92 99 104 106 114 119 121 128 134 138 141 147 150 151 154 157 163 168 171 176 179 184 187 190 192 195 199 205 208 212 216 221 225 229 233 236 239 240 241 242 247 249 252 255 256 261 265 268 271 275 277 281 284 286 287 289 294 301 303 307 313 315 316 317 326 327 331 335 337 343 346 349 352 354 356 359 362 365 370 371 373 377 380 384 385 391 
71 79 83 92 93 100 106 108 115 120 125 131 135 141 142 150 152 153 158 161 166 171 172 180 183 185 189 194 198 202 203 206 212 213 220 223 228 233 236 238 241 242 244 245 248 251 255 256 260 264 266 272 275 276 281 283 286 289 292 293 296 302 307 310 315 318 322 326 330 334 336 337 340 345 347 351 353 358 362 364 367 368 374 377 381 383 387 391 393 396 
75 83 84 95 99 104 107 111 118 122 128 134 136 144 148 154 158 159 161 163 169 174 176 183 187 191 194 196 200 203 206 210 215 217 222 224 229 236 238 239 245 248 250 253 257 258 261 264 266 270 274 278 281 285 287 288 289 293 294 296 300 303 311 314 318 320 324 330 332 338 341 343 344 349 353 356 359 360 366 370 373 374 377 378 385 388 389 393 395 400 
76 85 87 96 101 108 112 116 121 126 132 136 139 145 152 156 161 164 167 171 175 179 180 184 188 193 195 199 203 204 207 212 217 221 226 230 232 237 242 245 248 252 255 258 261 265 266 270 274 276 277 282 285 286 289 290 292 297 299 303 306 307 312 318 319 321 325 334 337 342 344 347 349 350 356 359 361 363 368 374 378 380 384 385 388 389 391 394 398 403 
80 88 89 98 104 111 115 117 122 128 135 138 143 146 156 159 162 165 171 174 178 183 185 189 193 195 198 202 207 209 213 217 218 224 229 232 234 238 243 249 251 255 257 262 266 267 270 272 278 280 283 287 291 295 297 299 303 304 307 308 312 313 316 321 323 325 326 338 342 345 346 349 350 351 358 363 365 369 373 378 382 383 387 390 394 395 396 397 399 405 
82 91 95 100 106 114 116 120 126 132 137 139 147 150 159 160 166 167 172 175 182 184 188 190 197 200 202 205 209 211 216 220 221 228 230 233 237 239 245 253 255 258 262 266 268 270 273 277 280 284 287 291 295 299 301 302 306 310 313 315 319 320 324 325 329 333 337 341 344 347 348 351 355 356 359 366 368 373 375 381 386 389 392 396 399 402 405 407 408 410 
86 92 99 102 109 116 117 123 128 136 141 142 149 152 163 166 168 170 175 179 185 187 189 191 200 203 204 206 210 214 218 221 225 232 236 237 239 243 247 257 259 262 266 268 270 273 275 278 283 287 291 294 299 303 307 311 313 314 318 319 323 324 326 330 333 336 338 345 346 348 352 356 357 359 361 370 372 374 378 382 387 390 395 398 402 403 406 411 413 416 
89 95 102 104 112 118 119 127 130 140 145 147 152 155 164 169 173 177 178 183 188 189 193 194 203 204 207 208 212 218 220 224 229 233 239 241 244 246 248 261 262 266 269 270 273 277 280 283 286 289 292 298 300 307 309 312 314 315 320 323 327 330 331 335 338 342 344 349 352 356 358 359 361 364 367 374 378 380 384 387 390 391 396 399 403 405 407 415 419 422 
91 96 105 108 114 119 121 129 134 144 149 151 154 158 165 173 174 179 180 187 191 193 196 199 206 207 208 209 213 219 223 226 232 234 242 244 248 250 253 263 267 270 272 274 278 279 284 287 291 292 294 300 304 308 310 313 316 319 322 324 329 334 336 339 340 346 347 352 355 359 363 366 368 371 372 375 379 384 388 392 393 395 400 401 405 408 409 418 421 424 
92 100 106 109 117 120 125 132 136 145 153 154 158 159 169 177 179 180 182 189 194 196 200 202 208 210 214 218 219 222 226 228 234 237 245 247 251 254 258 266 271 273 275 277 280 281 285 288 294 298 302 303 308 310 311 317 320 323 327 329 333 338 340 344 348 352 355 356 360 362 367 370 372 374 377 379 382 385 391 394 398 399 403 405 406 412 414 420 422 425 
94 103 109 110 121 123 126 133 139 148 155 158 159 160 170 181 183 186 187 193 197 199 201 205 211 214 215 219 223 227 230 232 237 240 249 252 253 258 261 270 275 279 280 282 285 288 290 291 298 300 306 310 313 315 316 318 321 327 328 332 335 341 343 345 349 355 358 362 364 366 371 372 373 377 378 381 385 388 393 395 401 402 406 408 409 413 415 423 427 428 
95 104 110 114 123 127 128 136 142 151 157 160 164 166 174 183 184 188 190 197 199 201 204 207 212 215 216 221 225 228 233 234 240 242 253 255 258 259 264 271 276 280 284 287 290 293 297 298 300 303 310 311 317 318 322 323 327 328 329 335 336 342 344 348 352 359 362 365 368 372 376 377 380 384 387 391 394 396 398 402 405 406 410 414 417 421 422 426 429 431 
97 106 111 115 125 129 131 140 144 154 161 164 165 168 177 185 187 192 194 200 202 205 207 209 213 216 217 223 227 231 236 238 241 243 255 256 259 263 267 274 279 284 288 291 292 297 301 302 306 310 311 312 319 322 326 330 333 335 339 340 341 343 345 352 355 363 366 367 371 374 378 380 382 388 389 393 396 398 401 405 408 410 413 415 419 422 426 427 433 437 
98 108 114 116 126 131 134 143 147 157 162 168 169 172 180 189 190 195 198 201 203 206 210 211 217 218 219 225 231 234 239 242 244 246 259 263 267 270 273 278 281 285 290 293 295 300 305 308 309 314 316 318 321 324 329 334 337 339 342 346 350 351 354 358 361 366 369 373 375 378 379 381 383 390 393 397 401 402 406 410 411 412 417 421 422 423 428 431 434 441 
99 112 116 117 127 134 136 145 148 160 165 169 173 176 184 193 197 198 201 205 208 212 216 220 223 226 227 228 235 239 243 245 249 252 263 266 269 274 275 280 282 287 291 295 299 304 308 309 312 317 321 322 323 328 332 338 341 343 345 347 353 357 358 359 364 367 372 377 381 385 386 388 389 392 397 398 405 409 413 414 418 421 425 427 430 432 436 439 442 446 
103 113 119 121 128 137 141 149 151 162 166 172 174 177 186 197 198 201 202 207 212 213 217 224 228 230 234 236 239 243 246 249 250 254 267 270 271 275 277 282 286 288 292 296 301 306 312 313 317 321 325 327 331 334 336 340 343 347 348 349 355 359 362 363 366 368 376 380 383 387 391 395 397 401 403 405 407 412 416 419 420 425 428 430 433 435 438 442 443 449 
106 116 123 125 130 140 143 153 155 165 167 173 177 179 187 200 202 206 208 210 214 218 220 226 232 236 237 240 243 245 250 253 254 256 270 273 276 280 283 284 289 293 296 300 302 309 314 315 318 323 326 329 332 338 341 343 347 350 351 352 357 360 366 370 371 375 379 383 386 390 395 398 401 403 405 409 410 413 419 422 424 427 430 433 435 439 442 444 447 452 
109 118 126 129 132 142 147 155 158 166 169 177 179 182 188 204 208 209 212 213 218 220 224 228 235 237 241 245 246 247 251 255 256 259 271 275 277 283 286 288 292 294 300 301 304 313 316 317 322 326 330 331 335 341 342 347 350 353 354 358 360 361 367 371 373 379 383 387 391 395 397 401 402 406 407 411 415 419 423 426 427 428 433 434 439 442 445 449 452 454 
112 122 127 130 134 145 150 158 162 167 171 181 185 186 192 205 212 215 218 222 226 230 234 236 238 240 244 247 249 251 252 258 260 264 274 277 278 285 287 291 296 298 302 306 307 316 317 318 324 327 332 334 336 344 345 349 352 354 357 359 364 368 370 373 376 382 385 391 395 396 400 405 406 410 411 413 417 422 424 427 430 434 437 440 441 444 448 451 454 455 
113 125 129 131 136 146 153 162 165 171 174 183 186 187 193 209 215 217 222 226 227 231 235 239 243 246 250 251 252 255 257 262 263 267 276 279 280 288 290 294 300 302 303 307 311 320 322 325 329 332 335 338 340 346 349 352 353 358 361 362 368 370 372 375 378 384 386 395 399 401 402 406 410 413 416 419 420 424 426 431 432 437 438 444 446 450 454 457 459 463 
115 129 130 133 140 147 157 163 166 175 177 185 189 192 196 210 217 218 226 229 230 232 237 240 246 249 253 256 258 259 260 264 266 269 279 280 281 292 293 295 301 305 309 310 313 323 324 329 333 335 338 340 344 348 351 356 360 363 365 368 369 374 378 382 383 386 389 397 400 402 404 409 412 417 421 425 429 432 434 438 442 445 449 451 454 458 461 462 465 466 
118 132 134 135 142 149 161 165 167 177 178 186 193 195 200 214 221 225 230 233 236 239 240 242 248 252 254 259 262 264 266 269 273 276 280 283 285 296 299 303 305 309 312 315 318 326 327 333 335 337 339 344 347 351 353 360 363 364 368 372 376 380 382 386 390 392 395 399 403 406 408 410 415 421 422 428 432 436 438 440 446 448 451 452 458 459 465 467 469 471 
122 133 136 137 146 153 163 168 172 181 184 189 197 201 205 218 223 228 233 234 239 243 246 247 252 256 258 260 263 267 268 271 274 280 281 286 290 298 303 307 311 312 315 316 321 329 331 336 339 341 344 347 349 353 356 364 366 367 371 373 380 384 387 391 393 395 398 402 406 407 412 414 417 424 427 431 434 439 440 443 450 452 455 456 461 464 466 470 472 474 
126 137 139 142 150 155 164 171 175 185 189 190 198 205 209 221 225 231 236 238 243 245 250 254 258 259 263 264 268 272 274 275 278 282 283 290 292 301 304 310 314 315 317 320 324 331 333 337 343 344 346 350 351 356 359 367 369 371 374 375 381 388 389 394 395 399 400 406 409 412 414 418 419 426 431 434 437 442 445 448 451 456 458 459 465 467 469 473 475 479 
130 139 140 144 154 158 165 175 176 189 193 195 199 208 212 225 226 232 237 240 247 250 254 255 262 263 267 268 270 274 276 279 282 286 287 293 296 305 307 313 315 316 318 323 327 333 334 339 344 347 350 352 356 357 361 369 372 375 378 381 384 390 393 398 399 400 402 408 413 416 420 422 426 430 433 437 441 445 449 452 455 459 460 461 466 471 473 474 479 481 
134 142 143 146 157 159 169 177 181 190 197 201 205 210 214 227 228 236 240 244 249 251 258 261 264 265 271 275 276 279 283 284 286 288 290 295 300 307 308 316 320 321 322 325 331 337 339 343 348 349 351 354 360 363 367 371 375 377 380 383 386 392 397 399 401 402 403 409 414 420 421 424 427 432 437 438 442 447 452 456 458 462 463 467 471 474 476 479 480 482 
135 145 148 150 160 163 171 178 182 193 200 203 209 213 215 230 232 239 242 245 250 255 262 263 265 267 274 278 282 285 288 289 291 292 294 299 302 308 312 317 322 326 327 328 334 338 342 347 352 356 360 361 363 367 371 374 376 380 384 387 391 396 401 402 405 407 411 414 417 421 425 426 429 433 440 444 445 449 455 458 460 464 468 469 473 478 479 483 485 486 
138 149 150 151 163 164 172 179 186 196 203 204 213 215 219 234 236 240 245 247 252 258 266 270 273 276 277 279 285 286 292 295 296 298 301 303 307 312 313 320 324 328 330 333 337 342 345 351 356 358 364 368 372 373 374 375 379 382 388 391 395 399 403 404 406 411 412 417 419 425 428 430 431 436 443 446 450 454 456 459 461 465 470 471 474 480 484 487 490 493 
139 151 154 155 167 171 176 181 187 198 207 208 216 220 222 235 240 243 249 251 254 261 268 272 274 277 280 283 288 289 296 298 299 303 306 310 311 313 315 324 328 330 333 335 341 345 346 353 360 361 366 371 376 380 381 383 386 387 391 394 398 400 404 408 409 415 416 420 423 429 430 432 433 439 446 448 453 458 461 463 465 467 474 477 479 481 487 490 492 494 
143 152 155 158 171 175 178 184 190 200 209 210 218 223 225 238 244 246 252 253 256 262 272 276 279 282 286 288 291 293 300 301 305 306 310 314 318 319 321 328 331 332 336 339 342 349 352 354 364 368 369 372 377 384 386 389 391 393 395 398 399 403 408 410 412 417 421 425 429 430 432 434 437 440 448 450 457 461 465 467 471 475 479 483 487 491 494 497 498 500 
144 153 159 161 172 178 181 186 193 203 213 217 221 225 226 239 245 247 254 255 259 264 274 279 281 283 290 292 296 299 302 304 307 308 312 315 319 321 322 331 333 334 340 344 348 351 353 355 366 371 373 377 380 386 390 391 392 395 398 399 400 404 411 415 418 420 424 428 431 435 437 440 443 447 451 453 458 463 466 471 473 479 483 485 489 494 495 500 503 506 
146 154 162 166 174 181 184 190 196 207 217 219 224 229 230 243 248 251 255 258 260 265 276 281 285 287 292 293 299 300 305 306 309 313 316 318 323 327 331 334 335 338 341 346 351 353 355 359 370 373 374 379 383 390 393 394 398 401 402 404 406 409 414 419 421 425 426 430 434 436 439 443 445 449 453 456 461 464 469 474 478 481 486 489 491 495 497 501 505 507 
147 156 164 168 176 182 187 194 200 209 221 223 225 230 233 245 249 253 257 261 262 269 277 285 286 288 293 296 301 305 306 309 313 317 320 322 327 330 335 339 342 344 348 351 354 358 360 363 371 374 377 383 386 391 395 399 401 405 408 409 411 414 415 420 425 426 430 432 437 439 442 444 446 451 455 457 463 466 473 475 480 483 490 493 494 498 499 502 508 511 
150 160 166 170 179 185 189 197 203 212 225 228 229 233 237 247 251 254 259 265 268 273 279 289 291 294 297 299 304 306 309 312 314 320 323 327 329 333 339 340 344 346 351 353 356 361 362 364 375 379 382 384 388 392 399 400 402 406 409 412 414 418 420 422 426 428 434 437 438 440 446 449 450 455 456 460 465 467 474 477 482 484 491 494 497 499 502 505 511 514 
154 161 169 174 183 187 191 200 206 215 226 230 234 236 238 251 255 258 262 268 270 274 280 292 296 300 303 307 311 315 316 320 324 328 331 334 338 342 346 350 353 355 356 360 364 365 368 371 379 383 386 389 393 394 400 403 407 409 412 416 417 421 423 425 428 430 436 438 440 442 448 453 455 457 461 465 467 471 477 480 483 485 493 497 500 502 506 508 512 518 
156 163 171 178 186 188 193 204 210 218 227 232 237 238 240 252 256 260 266 272 274 275 284 294 298 301 305 311 312 316 320 321 328 329 334 335 341 346 348 351 354 357 360 362 365 369 372 374 383 386 390 392 395 399 404 406 410 412 414 418 419 423 427 430 432 436 440 444 448 452 453 454 457 461 462 469 471 475 478 484 487 489 496 500 502 504 509 510 515 519 
160 164 173 181 189 190 194 207 213 221 230 236 238 241 244 256 259 262 268 275 276 277 287 298 300 305 306 313 315 317 323 325 330 333 338 340 343 350 353 357 360 361 362 365 369 370 373 375 384 388 391 396 400 404 405 409 413 416 418 422 424 426 428 432 434 438 443 448 449 455 457 459 462 465 467 473 477 481 482 488 490 492 497 502 504 507 512 514 517 522 
164 168 176 183 190 192 195 211 217 224 231 240 242 243 246 259 260 266 272 276 280 281 291 299 302 309 312 314 317 320 327 330 331 334 339 341 345 351 357 358 361 363 365 366 372 373 377 378 388 389 392 398 401 406 410 412 417 418 419 426 428 431 432 434 436 439 445 452 456 460 463 466 467 471 474 476 479 483 487 491 493 495 499 506 508 512 516 520 522 525 
168 171 178 186 193 197 201 213 219 228 234 242 243 245 249 262 264 269 273 280 281 285 295 303 304 313 314 317 318 324 329 333 335 337 340 342 348 355 360 361 363 365 366 368 375 376 378 381 391 392 394 399 405 409 414 418 420 422 424 430 431 435 437 439 443 447 449 455 460 461 465 467 468 472 476 477 481 486 488 492 494 498 501 509 512 514 520 524 525 527 
169 175 180 187 194 198 202 216 221 230 236 244 248 251 254 263 267 273 276 281 282 289 296 305 307 317 319 322 323 326 330 336 337 339 343 346 349 358 361 365 368 369 370 371 379 382 383 385 394 398 399 402 409 410 416 422 425 428 430 431 434 439 443 447 448 452 456 459 462 465 469 473 474 475 477 480 485 489 491 493 496 499 502 511 513 518 524 527 528 532 
173 178 183 191 196 201 206 220 224 234 240 248 249 252 257 267 271 275 278 284 288 293 300 306 309 319 321 323 326 328 333 337 340 344 348 349 353 359 365 367 372 376 379 381 385 389 391 392 395 402 404 407 410 412 418 426 429 433 435 439 441 443 444 448 450 454 458 463 464 466 470 474 476 478 481 485 487 492 494 496 499 502 505 513 516 521 525 530 533 536 
174 179 186 192 199 205 207 221 228 238 244 252 256 257 261 271 274 278 282 285 290 296 304 309 310 321 324 327 331 333 337 341 344 346 351 353 357 362 367 370 373 380 383 385 388 393 396 398 401 404 406 409 413 416 419 427 430 437 438 441 442 445 448 449 454 456 461 464 466 470 473 478 480 481 485 489 492 495 499 502 504 506 507 515 518 525 528 534 538 539 
178 180 190 195 200 209 213 222 231 242 248 254 257 259 265 275 278 280 285 288 292 297 308 311 315 322 325 331 332 337 338 344 347 350 352 354 358 363 370 373 377 383 387 390 391 396 397 399 402 407 411 412 416 418 420 428 433 438 442 443 445 448 451 453 456 460 464 465 470 472 474 479 481 482 487 493 495 498 501 506 509 512 516 520 524 528 531 536 539 541 
179 184 194 198 202 213 214 225 234 243 251 257 260 261 268 277 281 282 288 292 293 299 312 315 317 325 327 334 335 341 343 345 351 355 358 359 363 366 371 377 381 386 390 392 395 399 403 405 406 409 412 415 419 420 422 429 437 441 446 449 452 454 456 459 461 462 466 467 473 474 475 482 486 488 492 494 497 502 505 508 512 515 519 521 526 530 532 537 543 544 
183 187 197 199 203 216 220 226 235 244 254 260 261 263 270 280 285 286 290 296 299 303 314 317 318 329 332 335 337 343 345 347 353 358 362 366 370 374 376 379 384 389 393 394 399 400 404 408 409 410 415 417 422 424 426 433 438 442 447 453 454 456 458 463 466 468 472 476 478 479 481 485 490 493 497 500 502 506 507 512 513 517 522 526 528 532 533 538 547 549 
184 191 200 202 205 217 223 228 236 246 258 262 265 269 274 282 288 289 291 297 300 307 316 319 321 330 335 338 339 347 348 352 355 361 366 368 373 377 381 384 385 390 395 397 402 404 405 411 414 415 418 419 426 428 429 434 442 444 450 454 455 457 460 464 467 471 476 478 481 483 485 487 494 496 498 501 505 508 512 513 516 519 524 527 529 536 538 539 548 551 
188 195 204 206 207 220 226 230 240 249 259 264 266 270 276 284 290 292 293 298 303 310 320 322 325 334 336 339 341 350 351 356 357 362 369 371 375 378 382 388 391 393 397 398 406 407 410 414 418 420 424 425 429 432 436 438 444 446 453 457 461 464 466 467 469 475 477 479 484 485 489 490 495 500 504 506 509 512 516 519 522 525 527 530 534 540 543 545 552 555 
190 196 208 211 213 224 227 234 243 252 260 268 270 273 278 286 292 296 297 302 306 314 324 328 329 338 340 344 345 351 352 359 363 364 373 377 378 382 384 390 394 398 400 402 408 410 411 418 421 424 426 428 432 435 437 440 448 449 455 461 465 466 469 471 472 476 478 480 488 491 493 494 499 501 506 508 512 516 517 522 526 530 534 538 539 543 545 547 553 558 
191 200 210 212 215 226 228 236 245 255 263 272 276 280 281 287 295 300 302 303 310 317 327 331 332 342 343 346 347 354 356 362 365 366 376 379 383 386 388 394 398 401 404 407 412 413 414 422 425 428 429 432 435 438 441 444 450 452 457 465 468 471 473 475 477 479 482 485 489 494 496 498 503 506 508 510 513 520 521 524 527 534 536 541 543 547 550 554 558 559 
192 203 214 216 219 227 229 237 249 259 267 273 278 284 286 291 296 303 307 310 313 321 330 332 334 343 344 349 350 356 359 366 367 368 379 381 386 390 391 398 402 404 405 411 415 417 418 425 427 432 433 436 438 442 445 449 452 455 461 468 469 475 477 478 481 485 489 493 497 501 502 504 508 511 515 517 520 524 525 527 531 535 540 542 545 550 554 556 561 564 
196 206 215 217 223 230 231 239 252 260 270 277 281 286 289 292 298 304 311 313 314 325 331 335 338 347 351 354 357 360 361 368 371 372 383 385 387 391 395 401 406 409 411 415 416 418 419 427 430 435 439 442 445 448 449 453 457 460 463 470 473 477 479 483 486 490 494 498 499 503 506 508 509 512 518 522 524 528 529 533 534 537 544 547 549 552 557 559 564 566 
198 207 217 221 227 232 235 242 253 263 271 278 282 288 293 295 300 305 313 315 318 329 334 337 342 349 355 356 358 361 365 370 374 376 385 388 391 393 397 405 407 410 412 418 419 421 422 428 434 439 440 446 450 452 453 454 461 463 467 471 477 479 482 485 490 491 498 499 503 507 510 511 515 518 521 524 528 529 533 537 541 545 549 552 555 557 560 563 567 570 
202 211 221 223 228 233 236 244 254 265 273 279 284 292 297 300 301 307 315 316 321 332 335 339 343 350 358 362 366 368 369 373 376 378 389 393 395 398 400 409 413 415 419 423 425 429 430 434 436 442 444 449 451 455 459 463 467 469 473 477 479 481 484 489 492 494 502 505 509 510 511 514 517 519 525 526 530 532 536 541 545 548 550 555 559 560 562 567 568 571 
205 213 225 229 230 236 239 248 256 268 276 280 286 296 298 302 305 309 316 319 324 333 337 340 345 351 362 363 368 369 370 377 380 384 393 396 400 404 408 412 416 420 422 424 427 432 433 435 438 446 447 452 454 459 462 466 468 470 476 478 480 482 485 490 495 498 504 509 513 517 521 525 526 527 531 533 534 535 539 543 549 553 556 559 563 566 568 570 574 576 
208 214 226 230 233 238 240 251 259 272 279 282 288 298 302 305 308 313 319 320 328 337 339 341 346 354 363 364 371 375 376 381 382 388 394 400 403 405 409 415 418 424 425 429 433 436 440 442 444 448 452 455 456 462 463 469 471 474 477 481 483 487 490 493 496 501 508 511 514 520 525 526 528 529 533 534 536 540 543 546 553 557 560 564 566 567 570 572 576 580 
211 216 230 234 237 241 244 252 263 275 283 284 290 299 305 307 310 314 320 324 330 341 342 346 349 358 365 366 374 376 378 385 387 392 398 401 406 409 413 417 420 427 429 433 435 439 441 446 450 451 455 459 461 463 466 473 474 475 481 482 484 491 494 496 499 505 509 512 516 524 528 529 530 532 534 536 538 542 545 550 555 560 563 567 571 573 575 578 580 582 
214 220 234 235 239 244 245 255 267 277 284 288 291 301 306 309 313 315 324 326 332 345 347 350 352 359 367 368 375 378 379 389 393 394 400 403 408 410 415 421 423 431 435 437 440 443 446 450 452 456 459 463 464 466 467 475 479 483 484 487 488 492 498 500 503 508 512 514 520 525 530 533 534 538 541 544 546 549 553 556 560 564 565 569 573 574 576 581 585 589 
216 223 237 241 244 248 249 258 270 281 285 292 294 305 310 312 317 318 328 329 334 346 348 353 354 361 368 370 377 382 383 392 397 398 404 408 411 413 419 424 428 434 438 442 444 447 448 452 456 458 460 467 471 473 475 478 481 485 486 489 491 495 499 503 506 512 514 517 523 528 531 536 539 541 544 547 550 552 555 559 563 567 570 574 575 576 579 584 589 592 
220 227 241 245 248 252 256 262 272 282 288 294 297 306 314 316 319 323 331 335 338 350 351 357 358 362 371 374 378 385 389 396 400 404 408 411 415 419 420 427 431 437 439 445 446 451 453 456 457 462 466 468 472 474 477 480 485 487 489 491 492 498 500 507 508 516 517 518 524 532 533 540 543 544 546 550 551 556 559 562 566 571 575 576 577 581 585 587 592 595 
223 230 243 248 250 253 259 265 276 286 290 298 299 308 317 318 322 326 335 337 339 351 352 360 363 367 372 377 381 386 392 397 403 407 409 414 417 421 425 428 433 439 441 448 450 453 454 460 464 466 468 471 476 479 480 481 488 490 492 493 494 499 503 511 512 517 520 523 528 534 535 543 547 551 552 556 558 561 564 566 569 575 579 580 584 588 591 595 599 600 
224 233 247 252 255 259 261 269 280 289 291 301 303 309 320 322 326 330 337 341 342 353 354 363 366 368 375 380 383 388 394 401 405 410 414 416 421 425 426 429 436 443 444 451 454 456 459 463 466 468 470 472 480 482 485 486 490 492 496 497 500 503 507 515 519 522 523 525 531 537 540 547 551 552 553 557 560 564 566 570 571 576 583 587 588 589 595 596 600 603 
226 235 248 256 257 261 264 271 281 291 293 304 307 313 322 325 327 331 339 342 346 357 359 365 367 370 378 381 387 391 397 402 407 412 416 419 422 427 428 431 439 444 446 453 455 458 462 465 469 473 475 478 484 487 489 490 494 497 499 500 501 506 510 516 521 523 526 529 532 541 545 549 553 556 558 562 565 568 572 576 580 581 585 589 590 592 596 600 601 606 
