5 9 12 15 19 20 24 28 31 32 36 38 42 44 45 48 50 53 57 59 62 65 69 72 74 76 77 79 81 85 88 90 94 96 100 103 105 107 108 111 114 118 119 121 122 123 125 128 132 134 138 142 144 148 151 154 155 159 160 162 165 166 167 171 172 174 175 178 179 182 186 188 189 193 195 197 199 200 202 205 209 213 215 219 220 224 225 228 230 234 236 237 241 243 244 248 249 251 255 256 258 262 266 268 271 274 277 278 279 281 285 288 291 295 298 300 303 306 307 308 312 313 314 318 319 322 
6 11 15 17 23 26 29 31 35 36 38 40 45 46 50 51 55 56 60 61 63 67 72 75 78 82 85 87 89 91 93 96 98 99 101 107 110 111 115 117 121 122 126 128 131 134 137 139 142 143 147 150 151 154 155 158 160 161 164 166 170 174 176 178 182 185 187 188 189 192 196 197 198 199 200 201 204 205 207 210 211 214 217 223 227 230 234 238 242 243 246 249 252 254 258 260 264 265 266 270 273 274 277 278 280 284 288 291 294 295 299 302 304 308 311 314 318 319 323 325 329 332 334 338 341 345 
7 13 19 23 25 29 31 34 38 39 41 44 48 51 53 56 59 61 63 67 71 75 76 79 80 85 89 90 92 93 97 100 102 103 107 109 111 113 116 118 124 128 130 134 137 140 143 146 149 151 153 154 156 159 160 161 164 166 167 169 171 178 182 186 190 192 195 198 199 203 207 210 214 215 219 222 224 226 229 232 233 235 239 241 243 246 250 251 254 256 257 259 261 263 265 266 270 274 277 278 282 283 286 288 292 294 296 298 302 306 308 309 313 314 318 322 326 329 330 332 335 336 340 344 345 348 
9 15 23 25 29 33 36 37 41 42 45 47 49 52 54 60 61 65 67 68 74 77 80 81 83 86 90 91 94 98 101 102 105 108 110 112 114 115 120 124 128 132 134 137 140 142 145 147 151 153 156 157 159 160 161 164 167 168 169 172 176 180 186 187 191 194 199 201 202 206 208 214 215 217 221 223 225 228 233 234 236 237 242 244 245 248 254 258 259 263 266 270 273 274 277 278 279 283 284 286 289 292 295 298 299 302 305 308 309 312 313 315 317 321 322 325 327 333 336 337 340 341 344 346 348 352 
13 16 27 28 31 34 40 43 44 46 49 50 52 55 58 64 67 70 72 75 78 79 81 82 86 87 93 96 100 104 108 109 111 112 116 119 123 124 126 129 131 136 137 141 142 144 149 150 154 155 160 162 163 164 165 166 169 172 175 176 177 183 187 188 193 195 200 202 204 210 212 218 220 223 226 229 232 235 239 240 241 244 246 247 250 254 258 262 264 266 269 274 276 279 282 285 287 291 292 294 296 298 301 305 308 309 312 315 316 320 323 324 326 330 334 338 341 342 346 348 349 351 355 356 359 363 
17 18 28 29 33 37 42 44 47 50 54 55 56 59 60 67 70 72 76 78 82 85 89 92 93 96 100 102 106 108 109 111 115 116 120 122 127 131 132 135 136 137 140 143 147 148 151 155 157 161 164 168 171 172 174 175 177 179 182 184 187 190 192 193 194 196 204 205 208 213 217 220 221 227 230 234 236 239 243 244 247 249 251 253 257 259 262 263 267 269 273 277 280 281 285 286 291 295 299 300 301 304 308 311 313 317 321 322 323 327 329 332 333 334 335 340 344 347 349 352 354 357 358 360 361 365 
19 23 31 35 37 38 44 47 49 51 56 60 63 66 68 72 75 78 82 85 86 90 94 98 102 104 107 108 109 112 114 115 116 117 124 128 131 133 134 138 141 142 145 147 151 155 156 157 158 162 165 171 172 174 175 178 181 182 186 187 189 194 197 199 201 203 207 209 213 215 220 222 226 230 233 237 239 242 245 246 250 251 255 256 258 261 264 265 268 270 276 281 284 287 291 295 297 300 301 305 309 311 313 314 316 318 324 327 330 333 334 335 338 342 343 347 349 351 355 356 357 361 362 366 369 371 
21 27 33 38 39 43 45 48 52 53 57 62 67 70 71 73 76 81 84 88 90 94 97 101 105 106 108 109 110 113 115 117 118 121 127 129 132 137 139 143 147 150 152 156 158 159 160 163 165 168 172 174 175 176 180 183 184 187 188 190 194 198 201 205 209 212 214 216 220 221 225 228 231 233 235 238 243 247 250 254 257 259 263 266 268 271 272 273 274 277 279 282 287 291 294 299 302 306 310 313 315 319 322 324 328 329 333 337 338 342 344 347 350 353 356 359 363 367 368 370 372 373 375 378 382 386 
24 29 34 41 45 47 48 52 56 60 61 63 71 72 75 78 82 84 88 92 96 98 101 102 107 108 110 113 115 119 121 125 129 132 133 137 141 145 149 150 153 157 160 162 165 168 169 173 175 179 183 186 187 189 190 192 196 200 204 207 208 210 211 215 218 219 223 225 229 230 234 236 240 241 245 248 251 255 256 260 263 265 266 269 270 274 275 276 277 279 282 286 290 293 295 302 306 309 313 315 319 322 326 330 332 335 337 341 344 346 350 353 357 361 364 366 368 372 374 376 380 382 386 390 392 394 
25 30 37 45 46 49 53 54 57 61 63 65 72 76 79 82 84 85 92 93 99 102 105 108 109 113 116 118 121 124 127 129 133 135 139 143 145 146 150 152 155 159 164 167 171 175 179 181 183 184 188 189 192 195 197 200 202 206 208 210 211 212 213 217 219 222 227 230 233 236 240 243 244 246 247 250 254 258 259 264 266 269 270 272 274 277 279 280 284 285 286 287 294 297 298 306 310 311 314 318 322 325 330 331 333 338 340 345 349 352 355 358 362 365 368 372 376 379 383 386 389 390 392 396 398 400 
29 31 38 46 48 51 56 57 61 63 65 66 74 79 81 86 90 93 97 101 103 107 108 111 112 117 119 123 124 128 129 130 134 138 141 145 146 150 152 154 156 163 167 170 172 176 182 183 186 190 194 197 198 202 206 207 208 210 213 215 217 219 222 223 226 229 231 234 235 237 241 244 247 251 252 253 255 262 266 267 270 273 277 278 282 283 287 288 291 293 294 298 299 303 306 307 312 315 319 320 326 327 333 337 340 341 342 346 352 355 358 359 364 369 371 374 378 380 386 387 393 397 401 403 406 409 
32 34 40 50 53 57 61 64 65 67 70 74 75 82 84 88 93 97 101 102 107 108 111 113 117 118 120 124 127 131 133 134 138 142 146 149 151 154 158 162 164 166 169 172 173 179 184 188 190 192 198 200 204 207 210 211 212 215 218 220 221 222 225 228 231 232 236 240 243 247 249 252 255 258 262 263 265 269 271 275 279 280 281 284 288 291 293 295 296 298 302 304 308 309 311 312 313 316 322 323 327 331 334 339 343 345 348 350 353 359 361 365 367 373 374 378 382 383 387 390 397 400 405 408 409 410 
33 35 44 53 55 58 65 68 71 74 76 77 79 83 88 91 94 99 102 103 108 111 112 115 119 122 123 128 129 134 135 137 139 143 148 150 155 158 162 164 165 169 173 175 179 183 188 189 192 193 200 201 205 211 214 217 221 222 223 226 230 232 235 238 239 240 241 243 246 250 251 254 259 263 266 268 269 270 275 277 281 285 288 291 292 293 297 299 300 302 305 308 312 316 320 323 325 329 333 334 336 340 343 346 348 352 353 357 358 362 363 368 372 374 378 380 383 386 388 394 398 404 407 410 412 414 
36 38 47 56 60 62 66 69 73 77 78 81 85 88 90 92 98 103 106 110 112 114 116 120 121 124 127 131 134 136 140 142 145 148 149 154 157 161 163 165 169 171 174 178 181 186 189 191 196 199 201 204 208 215 219 220 223 227 229 233 236 239 240 242 245 247 249 251 255 259 261 263 266 270 274 276 278 279 280 281 283 286 290 295 297 301 304 306 309 313 317 319 322 325 326 327 328 333 335 337 338 343 346 349 352 356 357 358 362 364 366 369 374 377 379 382 385 388 389 398 400 408 410 412 415 419 
38 41 51 60 63 66 68 71 76 79 81 85 88 92 93 95 100 105 108 114 115 118 120 122 124 125 129 134 135 140 143 146 148 150 151 157 159 164 165 167 172 174 176 179 182 187 190 194 197 201 204 205 209 219 222 223 226 228 233 236 237 240 244 248 251 252 253 254 256 262 265 266 269 272 276 277 279 282 285 287 288 290 294 296 298 303 307 308 312 317 319 320 323 326 329 332 335 339 340 341 344 345 347 352 353 360 364 367 368 369 372 375 379 382 385 387 391 394 395 402 404 411 413 415 417 423 
40 42 55 63 67 71 72 76 79 81 82 89 91 95 98 100 101 106 111 118 121 122 126 128 131 134 138 139 142 145 146 148 152 153 154 161 162 167 171 173 175 176 180 182 186 189 194 197 199 202 206 209 211 221 226 227 231 232 235 238 240 244 246 249 253 256 260 262 265 269 273 275 278 282 286 290 293 295 296 297 298 299 300 302 306 309 311 314 318 319 320 324 328 329 332 336 338 343 344 347 350 351 355 356 357 364 368 369 371 373 376 377 380 384 387 390 392 395 396 406 408 412 416 417 421 424 
43 47 56 67 69 75 78 80 82 83 87 92 95 99 103 107 109 111 112 119 125 126 128 129 134 135 139 143 144 148 151 152 153 155 158 162 163 170 174 177 181 183 186 189 192 196 198 202 206 208 209 212 214 223 228 231 234 236 237 242 245 248 250 252 256 259 261 264 268 271 274 279 280 285 290 292 295 296 299 300 303 305 306 308 311 315 318 319 322 326 328 330 333 337 340 344 345 346 349 353 354 357 359 362 363 366 369 371 373 377 380 381 384 387 389 391 393 397 401 409 412 413 419 422 425 426 
44 48 60 71 75 77 82 83 86 88 92 93 96 100 106 109 113 115 118 123 128 129 130 134 135 136 140 147 151 155 159 163 166 169 171 175 176 180 181 184 187 190 191 193 197 201 202 205 207 212 216 220 221 225 231 235 238 242 246 250 253 256 257 259 260 263 266 267 270 274 277 283 285 286 291 295 297 301 305 309 311 315 319 320 324 328 332 336 338 339 343 345 347 351 354 356 360 364 365 366 368 370 371 373 376 377 380 381 384 386 389 391 392 396 398 401 402 404 406 411 414 415 422 425 427 429 
48 50 63 72 78 82 86 89 92 94 95 96 98 102 108 113 116 120 124 127 131 134 135 138 139 143 145 149 152 159 163 167 171 172 176 177 178 184 186 187 189 192 194 197 199 203 204 207 209 213 217 224 228 232 233 237 239 245 248 254 258 261 265 266 269 272 274 276 278 279 281 285 289 292 295 296 298 305 306 313 316 320 324 326 330 331 336 338 341 343 344 349 350 354 357 359 361 367 369 370 372 373 377 380 381 384 385 389 390 391 392 395 396 399 400 405 406 408 409 413 418 422 424 426 431 434 
51 52 66 73 81 86 87 90 96 100 101 104 107 108 109 117 120 122 128 129 135 137 139 140 142 147 149 151 155 162 165 168 173 174 179 181 183 185 187 190 192 193 196 200 204 206 207 210 214 217 218 228 232 234 235 241 245 247 251 255 261 263 269 270 273 275 279 281 282 286 287 289 291 294 297 300 302 307 308 315 318 321 328 332 334 338 341 344 345 349 350 352 356 360 363 367 369 372 373 377 381 385 389 390 392 396 399 401 404 408 411 412 415 417 420 421 423 427 430 431 434 438 441 445 447 451 
52 53 67 75 85 89 90 91 100 102 103 108 110 112 116 118 122 123 130 133 138 140 143 147 150 152 154 155 158 166 168 172 176 177 180 182 186 187 190 191 193 197 200 202 207 208 209 213 216 220 222 230 233 238 241 244 248 250 255 259 264 265 270 271 275 277 281 284 285 290 294 296 300 302 303 306 309 312 313 319 321 322 331 335 336 342 343 345 349 353 355 356 359 364 365 369 373 374 378 382 385 386 392 393 394 397 401 404 407 410 414 418 421 425 427 428 432 435 437 439 440 442 445 446 449 452 
55 58 71 77 87 90 91 95 103 105 108 111 115 118 119 120 124 126 133 135 141 143 147 151 154 155 156 160 162 168 171 176 178 179 184 188 189 190 193 196 197 198 203 205 208 211 213 215 217 222 224 234 237 242 244 245 251 253 258 263 267 269 271 275 277 281 284 286 287 292 295 297 302 303 305 310 313 316 319 321 325 328 332 339 343 347 348 349 351 357 361 362 363 367 371 372 375 379 383 387 389 391 394 395 397 400 402 408 411 414 416 421 423 426 429 432 433 439 442 446 448 451 453 455 459 461 
59 63 73 79 89 93 96 100 105 109 110 112 117 119 121 125 129 132 136 139 143 144 151 154 155 157 160 162 163 170 175 179 182 183 186 190 191 192 197 198 199 200 206 209 211 213 217 220 223 226 228 236 239 246 250 253 255 259 261 264 271 273 275 278 279 285 289 293 295 297 299 300 303 305 306 313 317 320 322 325 329 331 335 341 344 348 349 350 352 361 365 367 368 370 373 374 377 383 384 390 392 395 396 397 400 404 408 411 415 419 421 422 425 429 433 437 441 445 448 451 455 457 461 465 469 471 
61 64 76 82 93 97 99 104 107 110 112 113 118 121 125 126 131 133 139 141 144 146 152 156 160 163 165 166 170 173 177 182 185 187 188 193 196 198 200 203 205 208 209 210 214 216 218 223 225 230 234 239 241 248 251 256 258 263 265 266 272 275 279 282 285 287 292 296 297 299 301 303 304 307 309 314 318 324 327 329 331 334 339 345 346 351 353 354 357 363 368 370 374 378 379 383 385 388 389 393 396 397 398 402 403 406 409 415 417 423 425 426 429 432 435 439 444 446 451 454 457 460 462 467 473 477 
64 68 77 85 97 100 104 107 109 111 115 117 120 125 129 133 135 139 143 145 148 151 156 157 164 165 166 167 174 175 179 185 187 189 192 196 197 201 204 206 208 211 214 215 216 218 220 224 229 231 237 241 245 251 254 257 260 266 267 271 274 276 282 286 290 291 294 298 301 305 307 309 312 315 319 323 327 328 329 330 334 338 342 346 350 353 355 357 359 365 370 372 377 381 384 388 389 390 391 395 400 401 405 406 407 410 413 419 423 424 426 427 433 437 440 444 447 448 454 458 460 463 465 469 475 481 
66 71 79 86 99 101 105 111 113 116 118 120 121 128 131 137 139 141 146 148 152 155 160 161 167 171 172 176 180 182 186 188 190 192 195 200 203 206 208 210 211 212 218 219 223 226 230 233 236 237 239 243 246 252 256 261 264 269 271 273 278 282 286 290 291 294 296 302 303 308 311 313 316 317 321 327 330 334 336 339 343 347 348 349 352 355 357 360 364 367 373 374 381 384 387 392 395 396 400 401 403 405 407 411 414 417 418 422 424 426 427 431 434 439 444 445 448 450 457 462 466 467 471 473 479 483 
70 75 80 90 100 102 109 114 118 122 125 129 132 134 135 141 142 143 148 152 155 159 164 167 168 174 178 179 181 184 188 192 193 196 199 201 204 210 212 213 217 219 220 224 225 228 234 238 239 240 243 246 249 253 258 265 266 271 274 276 280 284 289 291 295 299 303 304 305 311 313 316 318 322 324 328 332 336 340 341 345 349 350 351 353 356 361 364 366 368 377 378 384 385 389 394 398 402 405 407 411 413 417 421 425 427 431 435 437 438 441 443 447 450 454 458 460 463 466 468 472 476 478 479 481 484 
71 76 81 94 103 105 110 117 122 125 128 130 136 138 141 142 144 148 149 155 159 163 167 168 170 178 181 184 188 192 196 197 198 199 200 203 208 213 216 220 222 225 227 230 232 234 236 241 244 246 249 253 255 259 263 269 273 275 277 279 283 286 291 292 299 303 306 309 310 312 316 319 322 323 326 331 336 338 344 345 349 353 354 356 359 360 362 365 368 372 381 385 386 390 392 396 402 405 408 412 415 417 421 425 427 430 434 438 439 443 447 448 449 454 455 462 466 469 472 473 475 480 484 486 489 490 
75 80 84 96 105 108 111 121 123 127 132 133 137 142 145 149 151 155 158 162 166 170 172 173 177 180 183 186 190 196 197 201 202 204 207 211 214 215 220 224 225 226 231 235 238 241 243 245 246 249 252 254 257 263 266 273 274 279 280 281 285 287 295 296 303 304 310 312 313 317 319 321 326 328 331 332 340 341 348 352 353 355 356 358 363 367 368 369 370 376 382 387 391 393 397 401 406 410 414 417 420 422 425 428 430 431 437 439 441 446 448 452 456 457 458 463 469 471 475 476 477 483 485 490 491 493 
78 82 85 100 107 109 115 125 128 131 133 137 140 143 148 151 154 156 159 166 169 171 174 178 179 182 187 188 192 198 201 204 205 209 213 214 215 218 224 228 232 233 234 236 242 246 248 252 253 257 258 262 265 268 272 274 275 283 284 288 292 296 297 298 307 309 314 316 318 319 323 326 328 329 335 337 343 347 350 356 357 361 362 366 368 371 374 377 379 380 386 388 392 394 398 405 407 411 418 422 423 426 430 431 432 435 441 443 445 447 452 454 460 464 468 471 474 478 482 483 485 486 488 494 497 499 
80 85 87 102 110 113 119 126 132 134 137 138 143 147 152 154 158 161 162 170 174 176 177 179 180 184 191 195 198 201 203 206 207 212 216 218 220 221 225 230 234 237 238 242 244 247 252 254 255 260 262 266 270 272 274 278 282 286 287 289 293 298 301 304 311 313 315 318 319 323 326 328 330 334 339 343 347 350 353 360 362 364 367 370 372 374 377 379 383 387 389 392 394 396 401 406 409 415 420 423 426 430 434 438 439 441 445 447 450 453 455 458 461 466 472 476 477 482 485 488 492 496 497 501 502 504 
84 87 89 104 114 115 122 128 134 138 142 145 146 148 154 158 159 163 167 173 175 179 183 187 190 194 198 199 201 204 208 209 210 214 220 221 223 224 229 232 237 238 242 244 245 249 255 259 263 267 268 272 275 277 279 282 285 290 291 295 299 300 304 306 312 314 318 322 323 324 328 332 336 338 342 347 348 354 357 363 366 370 371 374 378 382 384 388 390 392 395 396 397 399 402 410 411 417 423 426 429 431 437 439 441 445 449 450 452 455 457 461 465 467 475 478 480 483 487 490 496 500 502 503 505 509 
85 88 90 108 115 118 123 129 136 142 144 146 148 151 156 161 165 166 169 175 176 182 186 189 193 197 200 203 205 207 210 212 214 217 224 227 230 233 234 235 240 244 247 251 253 256 259 263 267 269 273 275 279 282 286 289 293 297 298 302 305 306 310 312 314 317 320 326 327 328 331 333 340 344 348 351 355 357 359 364 370 374 375 377 382 385 388 390 392 394 397 400 403 407 409 414 417 420 426 429 431 435 439 442 444 449 450 454 457 459 460 464 466 468 479 480 482 487 491 494 500 502 506 509 510 513 
86 92 96 111 118 120 127 133 140 146 150 151 154 158 159 162 166 168 172 176 177 183 187 190 197 198 203 204 208 210 214 215 217 219 227 229 233 235 239 242 246 248 252 256 260 264 265 269 272 274 278 279 281 286 289 292 297 300 303 304 307 309 313 314 318 321 325 329 331 332 333 337 342 345 351 353 356 361 365 368 372 378 379 382 385 386 390 393 397 400 401 405 407 411 415 416 418 424 429 432 436 438 443 444 447 451 454 456 458 463 466 470 474 477 480 483 486 489 494 498 503 507 511 512 514 518 
88 93 98 113 120 123 130 135 141 150 154 156 160 164 165 166 168 170 176 179 181 186 188 194 198 202 204 206 212 215 217 219 221 222 231 235 237 241 244 246 248 251 254 259 263 266 270 272 274 275 280 284 288 292 293 294 299 304 308 311 314 316 319 322 326 327 330 331 335 336 337 340 344 346 355 358 360 362 368 372 375 381 384 388 389 391 394 397 398 403 404 406 410 415 418 419 420 425 433 435 438 439 445 446 450 452 455 460 464 466 467 472 477 479 482 484 487 493 496 501 505 509 514 516 520 521 
92 97 101 114 123 124 134 138 144 152 157 159 163 168 172 174 175 177 178 181 185 187 189 198 200 206 207 210 214 217 218 222 223 224 235 237 239 243 245 247 249 252 258 261 265 268 272 275 279 283 286 288 290 293 294 297 302 307 312 313 316 319 321 325 329 331 332 336 339 342 343 345 346 347 357 360 361 366 370 376 379 382 385 391 392 394 396 398 401 405 409 412 414 416 422 425 429 432 434 439 441 444 446 448 454 457 460 464 465 470 474 477 479 482 483 485 489 496 500 502 509 510 515 519 523 524 
95 101 104 116 126 127 135 139 145 156 160 161 167 170 175 176 177 181 183 186 189 193 194 199 204 210 211 213 216 220 222 226 228 230 237 238 241 246 247 251 254 257 259 264 266 269 273 277 281 287 291 292 296 298 300 301 303 310 316 317 319 320 324 326 333 337 341 342 345 346 348 351 352 355 361 365 367 370 373 378 381 384 389 393 397 399 401 402 403 409 410 414 415 418 426 429 431 436 440 443 446 449 451 453 456 460 463 465 467 471 478 482 485 488 489 490 491 498 503 506 512 515 516 521 526 529 
98 103 107 117 129 133 136 141 148 158 162 165 170 173 179 183 184 186 188 190 193 197 201 205 208 211 213 214 219 224 226 227 230 232 240 241 243 249 251 254 258 260 262 265 268 272 275 278 282 290 292 296 297 300 303 304 308 314 317 321 322 323 326 329 336 338 344 347 348 352 356 359 363 367 368 371 373 377 378 382 385 387 393 394 398 400 404 408 409 412 415 416 417 421 427 431 432 440 442 444 449 450 455 457 458 463 464 467 471 472 481 485 489 492 493 495 499 503 505 510 514 518 520 522 529 533 
101 105 111 121 130 135 137 143 151 161 164 169 173 176 181 186 188 190 192 194 197 200 203 209 212 214 216 218 222 225 227 231 233 235 243 244 247 252 256 258 262 265 266 269 272 274 279 282 286 293 295 299 300 302 304 305 310 315 319 323 327 331 333 336 337 341 347 349 351 355 358 362 367 370 372 375 377 381 383 384 388 390 396 398 399 401 407 410 411 413 417 418 419 424 430 433 435 442 445 446 451 455 456 458 460 464 466 469 472 476 484 486 491 494 496 497 503 504 507 512 517 519 524 526 530 537 
103 106 115 122 134 138 139 145 153 164 165 172 175 178 184 189 192 196 200 204 206 208 209 211 214 215 217 222 223 229 230 232 236 240 245 248 250 255 258 262 264 268 269 272 276 280 282 285 290 297 299 303 306 310 312 316 318 321 325 329 332 335 336 339 341 344 348 352 353 359 363 367 371 375 378 381 382 383 386 390 392 396 400 401 404 405 409 413 416 420 421 425 428 431 432 436 438 444 447 448 452 458 461 462 466 468 469 471 476 478 488 490 493 496 500 503 507 509 513 516 520 524 528 532 535 539 
106 107 117 126 137 141 145 146 157 165 169 175 179 183 188 191 193 200 201 208 212 214 218 220 222 224 226 227 231 232 235 236 238 243 246 249 251 259 262 263 265 270 272 273 280 282 285 289 294 300 304 308 312 316 317 318 321 322 327 331 335 337 340 344 346 349 350 356 359 360 366 369 373 379 381 385 389 392 396 400 401 404 408 412 416 419 421 424 427 428 432 433 435 438 440 442 444 447 449 450 454 462 466 470 474 476 478 480 481 484 489 491 494 498 502 507 509 511 514 517 524 525 532 534 537 543 
108 110 118 127 141 145 148 150 161 169 172 179 182 186 190 193 194 201 203 212 213 216 220 224 228 229 233 235 238 239 241 243 247 250 251 254 255 262 264 267 268 273 275 279 284 285 288 291 297 304 308 310 315 318 322 323 327 329 331 332 337 339 343 345 347 351 355 358 361 365 367 370 375 382 386 388 390 396 397 403 407 409 411 413 417 422 425 429 433 434 438 439 442 444 445 448 449 450 452 456 460 464 467 473 477 480 483 485 486 490 491 493 497 502 506 510 511 514 518 520 525 529 535 537 539 547 
109 113 121 128 143 148 149 151 164 170 175 181 184 189 192 195 198 205 208 213 216 218 224 228 232 236 240 242 246 248 250 252 254 255 257 259 260 264 266 268 270 276 279 281 285 288 289 293 298 307 311 315 318 321 326 327 329 330 333 337 339 341 345 347 348 352 357 360 365 369 371 373 378 385 387 390 392 400 401 404 408 410 414 417 418 423 429 431 436 440 441 442 444 446 449 450 451 455 459 463 466 470 473 475 480 483 484 489 491 493 494 496 499 506 510 514 515 518 520 522 526 531 536 541 542 548 
110 114 123 129 147 149 153 155 168 173 176 183 185 190 196 197 200 206 212 217 218 220 228 229 234 239 241 244 250 253 255 259 261 264 267 271 274 275 277 280 282 284 287 291 292 294 296 300 301 308 314 316 321 322 328 331 333 334 335 340 341 344 348 349 350 353 359 362 369 373 374 378 380 386 389 393 396 403 406 407 411 414 416 419 423 424 432 435 438 442 446 448 450 453 455 458 460 461 465 466 470 472 474 479 482 487 488 492 494 496 500 501 502 507 512 515 518 521 523 525 529 532 537 543 546 550 
114 118 126 133 148 151 155 156 170 175 179 184 186 191 197 199 201 209 215 221 222 224 232 236 237 241 244 247 253 256 258 260 263 266 271 272 276 278 281 282 286 290 292 296 298 300 302 306 309 313 315 318 325 327 332 334 337 339 342 343 346 348 349 351 353 355 360 365 371 375 379 383 386 389 391 396 399 407 409 413 415 417 420 423 427 429 435 439 440 445 449 453 454 458 462 463 466 468 471 473 477 479 482 486 488 491 492 495 498 501 502 506 509 512 514 516 519 522 525 529 531 534 541 546 548 554 
116 121 129 136 151 152 158 162 173 177 180 188 189 195 200 202 205 211 218 225 227 231 233 240 243 246 247 249 254 257 260 262 265 269 274 277 280 281 282 285 288 293 297 301 304 307 308 312 316 319 321 322 329 331 334 335 339 340 343 346 347 349 353 354 356 358 361 368 375 376 381 384 387 390 393 400 403 411 413 417 419 423 426 430 431 434 436 443 445 447 450 455 457 460 464 465 470 473 475 479 481 485 488 489 490 494 496 498 500 504 506 508 511 514 517 520 522 525 527 530 532 537 544 547 551 555 
118 125 131 137 154 158 160 166 174 179 183 192 195 198 202 205 208 215 222 226 229 232 235 244 246 248 251 254 255 261 262 264 268 272 275 280 281 283 287 288 289 297 299 303 308 309 312 316 320 322 326 328 332 334 338 339 343 345 349 353 354 355 358 359 363 364 367 372 376 377 384 385 389 394 396 403 404 415 419 423 425 429 433 437 440 442 444 447 451 453 454 456 461 465 467 470 473 477 481 485 488 491 493 497 501 502 503 505 509 512 515 519 521 524 526 530 531 534 538 542 543 545 547 549 554 559 
119 126 132 141 158 162 164 170 177 181 186 194 198 199 204 209 211 219 223 229 232 234 239 248 250 254 255 259 261 263 264 266 272 273 277 284 285 288 291 292 296 298 303 307 312 316 317 320 323 327 328 331 334 338 339 343 347 348 353 354 355 357 361 362 364 368 369 374 380 381 387 391 393 397 399 405 408 417 421 425 427 431 436 439 441 445 446 448 455 459 463 464 468 471 472 474 476 478 482 486 489 495 499 503 507 511 512 515 516 517 521 523 527 529 530 533 537 539 540 544 547 551 554 558 560 562 
121 128 136 144 160 163 165 171 181 183 189 195 199 201 207 210 215 223 225 233 234 237 243 249 252 257 258 260 264 268 272 274 275 278 280 285 288 290 293 297 300 304 306 309 316 318 321 324 328 329 332 336 338 341 343 345 348 351 357 360 362 363 365 369 370 372 375 377 381 385 390 394 398 400 403 407 412 421 422 429 432 433 440 443 447 450 451 453 459 460 464 468 469 473 477 479 482 485 488 492 494 498 503 507 508 513 517 521 525 528 532 536 538 541 544 546 549 551 552 555 559 563 565 567 568 569 
125 132 138 148 162 164 167 172 183 187 190 196 202 203 209 211 216 227 228 234 235 240 247 250 253 258 260 262 267 271 275 277 279 283 284 289 291 295 297 300 302 306 307 312 319 322 323 327 329 331 334 337 339 343 344 349 350 355 361 365 368 372 376 378 379 383 387 390 391 395 398 402 406 407 410 413 417 423 425 431 433 436 444 447 448 454 457 459 463 467 471 472 473 475 481 484 486 489 492 493 498 500 506 511 514 516 520 523 527 532 536 537 542 543 546 550 553 554 555 557 560 567 570 571 572 576 
128 135 142 149 166 167 168 173 184 190 191 197 204 206 213 215 219 228 230 238 241 244 251 252 257 261 262 266 271 273 276 281 284 288 289 293 296 299 300 302 305 308 312 313 320 324 325 329 332 335 337 340 343 344 346 351 353 358 362 367 371 375 377 381 382 384 388 394 396 397 399 404 409 411 414 416 421 427 431 435 436 438 446 449 452 456 460 463 465 471 473 476 480 483 487 491 492 494 497 498 499 502 509 514 518 520 522 525 530 535 540 542 546 549 551 552 554 558 561 565 569 572 576 580 583 585 
130 137 145 150 168 171 172 177 187 192 196 200 208 209 215 217 221 230 233 240 245 247 254 256 259 263 266 269 272 276 280 285 287 290 293 297 299 301 304 307 309 311 316 317 321 328 331 334 335 336 339 342 344 348 350 355 358 362 365 369 372 379 382 383 386 390 391 395 400 401 402 405 412 416 419 422 424 430 432 439 443 444 447 450 454 457 463 465 466 472 476 477 484 487 490 494 498 499 502 506 510 511 513 518 519 524 528 532 535 538 543 545 547 553 557 561 564 568 569 573 574 575 580 582 587 590 
131 140 148 152 171 175 179 182 188 193 199 204 209 212 217 218 224 232 235 242 247 249 255 259 260 267 268 271 274 277 281 289 292 293 297 299 301 305 306 310 313 315 320 321 325 330 332 337 341 343 347 351 352 353 355 356 361 366 370 372 373 382 384 387 390 394 398 402 405 406 409 413 417 420 424 425 428 433 435 441 445 448 450 451 455 459 464 467 469 476 477 480 486 490 491 495 502 504 505 510 511 513 516 522 524 528 532 535 537 541 547 550 553 557 561 562 565 570 571 576 580 584 585 588 590 593 
132 141 152 154 175 177 183 186 190 197 201 205 212 215 220 221 227 233 237 245 248 251 258 263 265 268 271 272 278 281 285 292 294 297 299 303 307 311 315 319 320 321 322 325 327 334 335 339 342 345 349 352 353 355 357 360 363 370 371 374 376 386 388 390 392 398 399 406 407 410 411 417 421 422 427 431 432 437 440 444 448 450 453 456 458 462 465 470 471 480 481 485 489 491 495 498 503 505 506 513 517 521 524 526 530 534 538 539 540 543 551 553 556 558 565 568 570 573 574 579 581 586 589 592 596 600 
133 145 156 157 177 178 187 191 193 201 203 207 213 217 224 227 231 237 241 246 252 256 262 265 269 272 274 275 280 285 287 293 298 300 303 305 309 314 318 322 323 325 326 329 331 337 338 340 345 349 351 354 356 357 359 362 364 374 375 377 380 388 391 393 395 401 404 407 410 412 416 421 425 426 428 435 436 440 441 447 452 455 458 461 462 465 466 473 475 483 484 486 492 494 496 500 504 508 509 517 519 523 528 531 535 538 540 543 546 549 555 558 559 560 566 570 572 576 580 583 587 591 594 598 601 604 
134 149 157 158 181 185 188 194 197 205 209 211 217 219 226 228 234 240 243 249 254 257 265 267 272 275 276 280 284 287 289 295 300 303 304 309 311 318 320 324 328 332 333 334 335 339 343 346 350 351 354 358 362 366 367 370 371 376 377 378 382 389 395 397 398 405 408 412 416 418 420 424 428 430 431 436 437 442 443 449 453 459 463 464 465 466 468 477 479 487 488 490 493 495 498 504 505 511 514 520 523 524 529 534 539 543 544 546 550 551 557 560 564 565 567 573 574 580 584 587 591 594 598 600 603 606 
137 150 161 165 183 189 191 196 201 206 211 215 218 221 230 234 235 242 245 251 255 259 267 270 273 278 282 284 285 290 294 299 302 307 311 314 318 322 323 325 331 335 336 337 341 342 345 350 354 355 356 360 366 370 374 376 378 382 383 387 390 392 398 400 401 408 411 416 419 421 424 426 430 433 435 440 444 445 446 451 455 460 465 466 468 471 472 479 482 491 494 497 500 504 508 509 513 515 519 522 525 527 530 536 542 546 547 550 554 556 561 564 567 569 573 575 579 584 586 588 592 595 599 602 604 608 
140 153 164 167 184 193 196 197 204 208 213 218 219 225 233 238 241 244 248 255 257 263 270 274 278 282 284 287 291 294 296 303 305 308 312 318 322 323 325 327 334 337 339 343 345 347 351 352 357 358 360 362 370 374 376 379 383 384 386 388 394 396 400 404 405 411 414 418 421 425 427 430 431 436 439 442 447 450 453 454 457 461 468 470 472 476 477 482 484 493 496 498 501 508 512 514 516 517 522 524 527 529 534 539 546 547 548 553 555 560 564 568 571 574 577 581 584 586 589 590 596 599 601 603 608 612 
143 155 168 171 187 195 199 202 208 211 215 221 223 226 235 242 246 249 253 256 261 266 274 276 282 285 286 290 292 298 302 305 307 310 313 321 326 328 332 335 339 342 344 347 348 350 355 357 360 363 364 365 374 376 377 383 385 386 387 391 395 399 403 406 408 413 415 421 425 427 431 432 435 437 441 443 449 453 456 460 462 465 469 474 475 477 479 483 487 497 499 502 505 512 516 520 521 525 526 528 531 534 535 542 547 550 551 555 559 563 565 569 574 578 582 586 588 592 593 595 599 601 602 605 612 615 
144 157 171 173 188 196 200 204 211 213 219 223 225 228 237 243 250 253 256 260 265 268 275 280 285 286 288 293 294 300 303 307 308 313 315 325 330 332 336 339 343 345 348 351 355 358 361 362 366 367 368 369 377 381 383 386 387 390 393 394 397 403 404 410 414 415 418 424 428 431 434 435 437 441 442 444 452 456 459 461 464 469 473 478 481 484 487 489 492 500 504 507 510 515 519 522 525 528 529 531 534 537 540 543 548 552 555 557 560 565 568 571 576 581 585 589 592 593 594 597 602 606 607 609 614 616 
145 158 173 177 189 198 204 206 214 218 221 224 226 229 238 247 253 256 260 264 269 271 278 281 287 291 292 296 297 303 306 310 314 316 317 326 331 335 337 341 345 348 350 352 358 362 364 368 371 374 378 382 384 388 391 394 395 397 398 399 403 406 409 413 416 417 420 425 432 433 437 439 442 443 446 449 456 457 462 463 468 471 476 480 483 486 491 493 495 502 508 511 512 516 520 524 528 531 532 535 538 540 542 547 552 556 560 563 567 570 573 575 577 583 589 590 593 597 598 601 605 610 613 615 619 623 
148 160 176 180 192 199 207 211 216 219 225 226 227 231 239 250 256 257 262 268 270 273 281 283 289 292 293 300 302 305 307 312 318 319 322 330 335 338 341 342 346 351 355 358 359 365 367 370 375 377 382 383 387 389 392 396 400 402 405 406 410 411 412 416 420 424 425 428 436 437 441 443 444 445 450 452 459 463 466 468 469 472 479 481 484 487 494 495 498 505 509 512 514 518 521 527 529 534 536 537 540 544 548 550 556 557 563 567 570 572 575 579 582 586 590 593 597 599 602 606 607 614 615 618 621 627 
151 163 177 183 196 201 209 213 220 221 226 230 231 234 243 252 260 261 264 269 274 275 282 284 290 295 296 303 305 307 309 315 322 325 329 332 337 339 344 347 350 352 359 363 364 368 370 373 379 382 385 388 392 396 399 401 402 404 406 408 411 413 417 418 424 428 429 432 440 441 445 446 447 450 451 454 460 466 469 472 473 474 483 487 490 492 496 497 499 508 513 514 518 521 524 530 533 536 538 540 541 545 552 556 557 558 567 571 572 573 577 582 584 588 593 595 599 601 606 608 610 615 619 621 625 631 
152 164 179 187 198 205 210 214 221 224 230 231 233 235 247 254 264 266 270 272 275 277 285 288 293 299 300 305 306 308 311 319 323 329 330 334 338 341 346 349 351 354 363 367 371 372 373 377 382 386 390 393 394 398 403 406 407 410 412 416 420 423 427 430 432 434 438 442 443 444 449 452 453 455 458 460 462 468 473 476 477 480 486 491 493 495 499 501 502 510 517 518 519 524 528 533 537 540 542 545 547 550 554 559 563 566 569 574 575 578 579 584 585 592 594 596 602 605 610 611 615 619 622 623 628 633 
153 166 182 191 201 208 212 216 223 226 231 232 235 238 250 256 268 269 273 276 278 279 289 293 295 302 303 308 310 313 314 323 324 333 334 337 341 344 349 351 354 358 364 368 372 373 374 379 386 390 392 396 398 402 405 408 412 416 420 424 427 428 431 432 433 438 441 444 446 450 451 455 456 457 460 462 464 469 476 479 480 482 490 492 495 498 502 503 505 512 518 519 522 528 532 534 541 545 549 551 553 557 558 560 566 570 573 578 579 581 584 585 589 593 596 597 605 607 612 616 617 622 625 627 630 637 
154 169 183 193 204 210 213 220 227 228 235 237 241 243 251 259 269 271 277 280 281 285 291 296 299 304 306 310 314 318 321 324 326 337 339 343 346 349 353 355 359 362 367 369 373 377 378 380 388 394 397 398 402 403 409 413 415 419 424 428 431 435 436 437 438 442 444 446 450 453 454 459 462 463 467 468 471 474 479 480 483 485 491 496 497 502 505 506 507 513 519 520 526 531 533 537 542 547 553 555 556 558 562 566 570 572 577 581 584 587 589 591 594 596 598 600 606 611 616 618 619 625 626 631 633 639 
155 170 184 196 208 212 214 221 230 233 236 241 243 247 252 260 272 274 281 284 285 286 293 298 300 305 309 312 315 322 326 329 331 341 343 347 350 352 355 359 363 365 371 372 374 378 380 383 389 396 400 404 406 410 413 415 418 423 427 432 435 436 438 440 441 443 445 449 451 454 458 460 466 467 471 472 474 477 480 481 484 489 494 499 501 503 508 509 512 514 521 523 528 534 535 540 546 549 554 556 559 563 565 569 574 575 580 583 587 589 591 592 598 602 605 607 611 613 619 621 622 628 629 632 637 643 
158 174 185 197 212 215 219 223 232 236 239 242 246 249 256 261 275 277 282 288 291 295 296 301 303 308 312 314 316 325 330 332 333 345 348 349 352 356 358 361 365 369 373 374 376 381 382 385 391 399 401 407 409 413 417 421 424 427 430 435 437 438 439 444 446 449 451 454 458 460 463 467 471 472 473 477 479 481 485 489 491 493 498 503 504 506 510 514 517 521 522 525 531 538 542 543 547 550 558 559 563 564 569 571 575 578 582 584 590 593 594 598 601 603 607 608 615 618 622 626 628 630 631 633 640 646 
160 178 189 201 213 218 222 224 233 237 240 243 249 253 259 263 278 279 284 290 293 297 300 303 307 310 316 318 319 328 332 335 339 349 353 357 358 359 361 364 368 370 377 379 382 383 385 389 394 403 406 408 410 414 421 425 426 431 433 439 442 446 447 448 451 454 457 460 461 462 464 469 474 476 477 478 483 487 489 491 494 498 501 505 506 508 511 516 518 524 526 527 532 541 543 547 548 554 560 564 568 571 575 579 581 585 588 589 593 595 597 601 602 606 608 611 617 622 624 628 630 634 638 639 641 649 
161 180 193 202 216 222 223 226 234 238 243 245 253 254 260 265 281 282 287 291 296 299 302 307 309 311 320 321 323 331 335 339 343 350 357 358 360 364 365 368 369 374 381 382 386 389 390 394 395 404 407 410 412 416 425 428 429 435 437 442 444 448 452 456 457 461 465 469 473 475 479 482 485 489 493 495 499 503 506 510 513 514 516 518 521 523 526 527 529 530 534 535 539 545 546 548 550 557 564 568 569 575 579 583 587 591 593 595 597 599 603 606 610 611 615 618 621 625 626 631 635 637 642 644 648 652 
162 181 194 204 220 226 227 228 235 242 245 248 256 258 261 267 284 286 290 294 300 304 307 309 311 314 322 323 327 335 336 342 346 353 360 364 366 369 373 376 379 382 383 386 388 393 397 399 400 408 412 415 418 422 428 431 433 439 442 444 447 452 455 457 459 462 469 471 475 479 482 483 488 491 496 499 502 506 508 511 514 517 519 523 525 529 532 534 538 539 541 542 544 547 549 551 554 558 566 572 574 576 580 586 590 592 594 596 601 604 607 608 613 616 617 622 625 629 630 632 638 642 643 645 652 653 
164 183 197 205 223 227 230 232 239 246 247 250 257 261 265 270 287 290 294 297 301 308 311 314 317 318 325 326 329 336 338 344 348 357 364 367 368 371 377 378 381 384 386 387 390 395 400 402 405 411 416 420 424 426 430 434 438 440 444 446 451 453 457 460 461 463 471 474 478 482 486 487 492 494 498 500 504 508 509 514 518 520 523 527 529 531 536 538 540 542 543 546 550 552 555 558 562 563 569 573 575 577 584 590 591 596 597 599 605 607 611 612 614 617 618 623 627 632 635 638 641 644 648 650 653 655 
165 185 198 206 224 228 233 234 242 249 252 256 260 263 268 271 289 293 296 298 302 310 314 318 320 324 328 332 336 339 342 346 349 359 366 368 370 374 379 382 383 385 389 390 392 398 403 407 410 414 419 424 425 430 434 436 439 441 448 452 456 459 462 464 466 470 472 476 482 483 488 492 493 497 502 505 507 509 512 515 522 525 526 528 530 535 539 540 544 547 548 549 554 557 558 560 563 566 572 575 576 578 588 592 596 598 599 601 609 610 612 615 619 621 625 627 628 634 639 643 644 646 652 654 656 657 
169 187 202 209 228 231 234 235 243 251 254 259 264 265 269 275 293 295 297 301 304 313 316 321 325 329 331 333 340 343 347 350 354 360 369 373 375 376 382 385 389 393 396 398 401 404 406 410 411 415 423 425 426 433 435 440 443 444 452 453 459 462 465 469 472 476 478 481 483 486 489 495 498 502 504 506 508 510 516 520 525 526 529 532 535 536 543 545 546 549 550 553 557 561 563 566 570 571 575 579 581 584 591 594 598 601 604 606 610 611 616 617 621 622 627 629 630 636 640 646 648 650 656 657 658 660 
171 191 205 211 231 234 236 237 244 252 258 260 268 271 273 276 297 301 304 308 312 316 319 322 326 332 333 334 343 347 349 351 357 363 371 375 378 381 384 386 390 395 399 401 404 407 409 411 412 417 425 427 430 434 437 444 446 449 456 458 462 466 470 473 477 480 481 484 486 487 491 497 502 504 506 508 511 513 519 524 528 532 534 536 539 543 545 546 550 551 553 557 559 563 566 568 571 572 576 580 584 588 594 597 599 602 606 607 612 613 617 619 625 629 631 633 637 641 644 650 653 657 658 660 663 665 
173 192 206 214 234 235 238 240 248 254 259 264 272 274 275 279 298 303 307 311 315 319 323 327 328 336 338 341 347 351 354 358 362 366 373 377 380 383 388 391 395 396 402 405 409 413 414 415 417 419 428 429 431 435 441 447 449 453 460 461 466 467 474 478 481 483 484 487 490 493 496 501 503 508 512 516 520 523 525 528 532 533 537 540 541 547 551 554 557 560 562 564 568 570 574 575 578 580 581 584 587 589 597 598 600 605 608 610 613 616 618 621 629 633 636 638 642 645 649 651 656 659 660 664 667 670 
174 193 208 216 236 238 240 241 250 256 263 268 274 276 277 280 300 304 311 312 318 321 326 329 331 337 339 344 351 352 355 361 366 370 377 381 382 384 392 395 397 400 404 406 412 416 420 422 426 427 429 432 433 437 444 448 453 455 461 463 470 472 477 481 484 487 488 492 495 497 498 503 505 509 513 517 522 524 526 531 536 537 541 544 546 549 553 558 561 563 565 569 572 574 578 581 583 586 589 590 592 595 601 604 608 610 613 614 615 617 621 625 630 635 638 639 643 649 652 656 659 661 665 668 670 673 
177 196 209 218 240 243 246 247 254 258 266 270 278 279 281 282 303 305 314 315 321 323 328 333 335 341 345 346 352 355 359 362 369 373 378 382 384 386 395 398 402 403 408 412 414 417 422 425 430 432 433 437 441 444 446 449 456 460 463 467 473 475 480 482 485 488 492 496 499 503 507 511 515 517 519 522 524 526 530 532 537 540 543 547 549 551 556 562 563 567 568 573 575 579 583 586 587 591 595 598 602 603 606 608 610 614 617 620 624 626 629 630 633 637 640 641 644 650 653 658 660 663 666 669 674 676 
181 197 211 219 243 244 247 251 258 260 267 273 280 282 284 285 307 311 317 318 324 325 331 336 338 344 346 347 354 358 360 364 370 374 381 383 385 390 399 401 406 407 409 413 417 421 423 429 434 438 442 443 446 450 454 458 460 461 464 469 475 479 483 485 488 489 493 499 501 507 511 513 516 520 523 524 526 530 531 534 538 542 546 551 554 558 559 564 567 568 570 576 579 580 586 588 589 595 597 601 606 609 613 617 619 621 625 626 630 633 636 640 641 642 644 647 649 652 656 662 665 669 671 675 678 679 
185 201 215 221 246 248 249 253 259 261 271 276 282 284 287 291 308 314 320 322 328 330 332 337 340 346 349 350 356 359 362 368 372 377 384 387 390 394 403 406 409 413 417 421 424 428 432 433 437 439 445 446 448 453 457 461 463 465 469 473 478 483 486 490 493 497 498 501 503 508 515 516 517 524 528 530 533 535 537 539 541 546 549 554 556 562 566 567 569 571 573 579 581 585 588 590 591 597 599 605 610 614 617 619 623 627 631 634 638 640 641 644 647 650 653 655 657 658 662 666 668 672 674 679 683 684 
187 205 217 222 249 253 255 259 262 264 274 277 284 288 292 296 309 317 322 326 329 332 335 339 343 348 350 352 357 363 366 371 375 379 386 390 392 397 405 410 411 414 420 422 427 429 436 440 444 445 446 450 451 456 458 465 466 469 472 476 480 485 487 491 495 501 505 507 510 512 519 520 522 525 531 532 537 538 540 541 542 548 550 555 559 565 568 572 575 577 581 585 587 590 593 594 597 599 601 606 612 616 620 622 626 630 635 638 641 643 647 648 649 654 657 659 660 663 666 669 673 674 677 680 687 691 
189 209 220 225 252 255 256 261 264 266 277 279 288 292 294 298 313 321 324 328 333 336 340 344 348 350 354 358 360 367 369 372 378 382 388 393 397 399 408 413 417 419 421 423 429 430 440 441 447 448 449 452 454 458 462 468 470 472 474 479 482 487 490 492 498 505 509 511 515 517 521 525 527 530 535 536 538 542 546 549 550 554 555 558 563 568 569 575 577 580 582 589 593 594 595 599 603 604 606 609 616 617 622 624 629 634 636 639 644 645 650 654 657 658 662 663 665 666 669 672 675 676 678 682 691 692 
192 210 221 227 255 259 260 262 266 267 281 282 289 296 297 301 314 324 325 330 336 337 343 347 351 353 355 362 366 370 374 375 382 386 391 396 399 401 411 416 418 423 425 427 433 434 442 443 448 452 453 455 457 459 465 472 473 474 476 482 485 488 492 493 499 509 512 514 518 520 525 528 530 532 539 541 543 546 549 551 555 556 559 563 566 569 572 579 580 584 587 592 595 599 601 603 605 609 611 615 620 624 625 629 633 636 637 641 648 651 652 657 659 663 667 671 672 673 677 681 682 683 684 685 693 695 
193 214 225 229 256 263 264 266 267 268 282 283 291 300 304 305 318 325 329 334 338 340 346 350 352 357 358 365 368 373 377 379 386 388 393 398 401 404 414 420 421 424 427 430 437 441 446 447 450 453 457 459 462 464 466 475 478 481 485 486 490 492 495 497 503 510 515 517 520 524 529 533 537 538 541 543 546 548 550 555 558 560 563 564 570 574 576 581 583 585 589 596 597 602 605 608 610 614 616 618 623 628 629 630 634 640 642 646 652 653 657 659 663 666 668 675 676 679 682 685 689 693 696 699 701 703 
196 216 227 233 258 267 269 272 273 274 284 287 295 302 308 311 321 329 330 338 340 341 350 351 355 361 364 366 370 377 379 380 387 392 394 401 404 407 417 422 423 425 428 431 438 445 447 451 455 457 458 460 465 467 468 477 481 483 488 491 492 496 497 500 507 512 516 520 524 526 532 535 540 544 547 548 552 553 554 556 562 566 570 571 574 578 580 582 587 590 592 598 599 603 609 613 614 618 619 622 625 629 630 632 638 641 646 650 653 656 661 664 667 670 671 676 678 682 684 688 692 694 697 703 705 707 
197 217 230 236 261 269 272 273 274 277 285 291 298 306 310 313 325 333 336 339 343 345 351 353 358 364 365 370 374 381 384 388 391 394 398 405 407 408 418 425 426 427 430 434 441 449 453 454 458 461 463 464 468 469 470 478 482 485 490 494 495 500 502 506 509 513 517 521 527 529 534 537 544 548 549 551 556 557 559 560 564 567 573 576 577 579 581 583 589 592 596 599 601 604 611 615 617 619 620 625 626 632 636 637 639 642 648 652 654 659 663 665 670 674 677 681 683 685 688 689 696 698 699 705 709 710 
200 220 233 237 264 273 277 279 281 282 288 293 302 310 313 315 327 336 340 344 345 348 353 355 359 368 372 376 378 385 387 389 392 398 399 406 411 413 419 427 430 434 436 438 443 452 454 457 462 466 468 469 470 471 474 482 484 489 492 496 500 503 506 508 512 517 520 522 529 530 538 539 547 550 553 556 560 563 567 569 572 575 578 579 580 582 584 585 593 594 599 600 602 606 613 618 620 623 624 629 630 634 638 641 645 646 649 656 660 663 665 666 671 678 681 684 688 691 695 699 700 704 706 707 713 715 
204 224 235 241 268 274 278 280 285 289 292 294 303 311 314 318 328 338 342 347 350 352 357 359 361 370 373 378 382 387 390 393 394 402 406 407 412 416 421 430 432 437 440 442 446 453 455 460 463 470 473 476 478 480 483 485 487 490 495 497 501 507 510 514 516 521 523 525 531 535 539 541 549 551 557 560 562 566 569 573 576 580 582 583 584 587 589 593 596 597 601 605 609 613 615 619 622 627 629 633 635 639 640 642 647 651 654 660 662 666 670 672 676 681 684 688 691 693 699 703 704 707 708 712 714 717 
207 225 239 245 272 278 281 282 286 290 293 298 307 314 317 319 332 339 346 350 353 357 358 360 363 373 376 379 385 391 393 394 398 404 410 412 414 419 425 432 436 438 442 446 450 456 459 464 467 472 475 478 479 483 486 488 490 492 499 502 503 508 513 517 521 523 525 529 534 537 542 545 552 556 561 564 566 567 570 577 579 582 583 586 590 592 594 598 600 604 605 608 613 615 616 623 625 628 631 636 639 641 643 645 650 654 655 663 665 667 673 675 677 682 687 690 693 697 701 705 707 711 715 716 717 719 
209 226 240 246 274 279 285 286 288 293 297 301 311 315 319 321 335 341 349 352 356 359 363 365 368 375 380 382 387 394 395 397 401 408 412 413 415 423 427 435 438 442 445 449 452 459 460 466 470 473 479 480 483 487 490 492 493 496 502 506 510 514 517 518 522 526 528 532 535 538 544 548 555 559 563 566 570 571 574 579 580 585 589 591 593 596 598 600 602 605 606 610 615 617 618 627 630 634 638 639 642 645 649 653 655 657 660 664 666 669 674 679 681 684 691 692 694 701 705 707 710 715 717 719 720 724 
212 230 242 248 276 280 288 290 291 294 300 304 315 317 323 325 338 343 350 356 358 362 364 366 372 379 384 388 390 398 399 401 404 409 415 416 419 426 428 438 442 445 449 451 453 462 466 469 473 477 482 483 484 489 494 498 500 502 504 507 512 515 521 523 524 529 530 536 539 540 545 551 556 560 564 567 572 573 575 581 585 586 592 595 597 600 602 603 606 608 612 613 617 620 624 630 633 635 640 641 644 649 653 654 656 659 661 666 669 673 678 682 685 688 694 696 700 703 707 708 714 719 723 725 728 729 
216 234 244 249 279 282 292 296 298 301 305 308 317 320 325 327 340 346 352 358 359 365 367 371 376 382 386 392 395 402 403 406 409 413 418 422 423 429 433 442 444 448 450 452 455 463 468 471 474 481 486 489 493 496 499 502 503 507 508 511 515 517 522 525 528 533 536 540 544 546 549 554 558 564 565 569 575 578 581 585 586 588 595 599 601 605 609 613 617 621 625 626 627 629 631 634 638 642 646 647 651 652 656 660 661 662 664 669 671 676 681 686 688 691 698 699 704 705 709 710 718 722 727 729 730 732 
219 238 246 252 283 284 293 297 299 302 306 312 321 324 329 332 344 347 353 359 363 368 370 374 379 386 390 393 397 406 408 409 411 417 420 426 430 434 435 444 446 452 455 457 459 465 469 473 477 485 487 491 497 498 501 504 507 511 513 515 518 519 524 527 530 537 539 543 548 549 553 558 561 566 568 570 577 581 582 586 587 589 599 601 603 609 611 616 621 622 626 627 630 633 636 637 641 644 650 651 655 657 658 663 664 665 669 673 677 678 684 688 691 692 701 702 706 709 710 712 720 724 731 733 737 740 
223 241 249 253 284 287 294 298 300 306 307 315 322 326 332 333 345 351 355 363 364 372 373 375 381 390 392 395 400 410 414 417 419 422 426 428 431 435 438 445 450 455 456 461 463 467 470 475 478 488 490 495 499 502 504 505 511 513 514 519 522 526 528 532 533 539 543 547 549 552 555 561 564 567 570 574 579 582 586 589 591 594 601 604 608 610 615 619 622 626 628 630 633 637 640 643 647 650 652 654 656 660 661 665 668 671 675 679 682 685 686 689 694 696 705 708 711 712 715 718 721 728 732 735 738 744 
225 245 253 257 287 290 295 301 302 309 311 319 325 330 336 337 348 354 358 366 369 373 375 378 385 393 395 396 401 411 417 420 424 425 429 431 434 436 442 446 453 456 460 464 465 471 473 477 480 489 491 496 502 505 508 511 512 514 516 521 524 530 531 535 537 541 544 550 554 556 560 565 569 572 573 578 581 585 590 592 596 599 602 606 612 616 620 622 624 627 629 634 638 641 642 646 651 653 656 660 663 666 668 670 672 673 679 683 686 689 691 694 697 701 707 710 713 716 717 722 725 729 735 739 743 747 
229 247 257 259 288 291 299 304 308 310 313 320 328 332 339 340 350 356 360 369 373 375 379 380 386 396 399 400 402 414 421 423 428 431 432 436 438 439 444 448 457 458 461 465 466 472 477 481 484 493 495 497 503 506 511 515 518 522 524 528 529 534 536 539 540 545 547 552 558 559 564 566 571 574 576 579 583 588 593 594 597 600 606 609 614 620 623 626 629 630 633 637 642 643 647 648 653 656 659 661 666 668 672 675 676 680 683 684 688 692 696 699 700 703 708 711 717 718 721 725 729 730 736 741 747 750 
230 248 260 263 289 295 302 306 310 313 315 324 331 333 341 344 352 360 364 371 377 378 381 384 387 399 402 404 408 417 422 427 431 435 439 443 447 449 453 457 461 464 468 472 473 474 481 485 486 497 500 504 505 508 514 518 521 526 528 529 532 536 538 541 544 546 550 556 559 563 568 571 573 575 578 582 586 589 594 595 600 602 607 610 617 622 624 629 630 633 637 639 645 646 649 652 657 660 662 664 668 671 674 678 679 681 686 688 689 693 697 700 702 706 709 713 719 721 725 727 730 733 737 743 748 753 
232 251 261 264 292 297 306 308 312 314 316 327 332 334 342 345 356 363 367 374 379 382 383 385 388 401 403 408 409 418 423 428 432 438 442 444 451 452 454 459 464 466 471 476 479 481 485 487 490 501 503 508 511 515 519 520 525 527 530 531 534 537 542 544 547 550 554 560 562 566 572 575 577 579 582 585 590 591 597 599 601 605 608 614 619 624 625 631 635 636 641 643 646 650 652 655 661 662 665 666 672 674 678 679 680 685 689 693 697 698 702 705 706 707 710 714 722 724 729 730 732 737 741 744 751 755 
235 252 265 266 293 298 310 312 315 316 317 328 336 339 346 347 360 367 368 376 382 384 385 386 391 402 406 412 416 419 427 429 436 439 443 447 452 456 460 464 465 468 473 478 482 486 489 492 493 505 508 509 515 516 520 523 528 531 534 535 536 540 544 545 548 554 558 562 565 568 575 578 581 582 583 587 594 598 601 603 606 608 609 616 622 626 627 632 639 641 642 647 650 653 654 657 662 664 666 669 675 677 681 685 688 690 693 696 700 701 706 707 711 715 718 720 726 728 732 735 736 738 745 746 752 757 
236 255 268 271 295 302 314 315 317 318 322 330 338 342 347 349 362 369 371 378 385 388 391 392 394 406 407 413 418 422 430 431 438 441 444 450 455 459 462 467 470 471 477 479 483 487 493 496 500 506 512 514 518 521 525 526 530 533 538 542 545 547 549 550 553 557 561 566 570 573 577 580 584 586 587 589 595 599 603 604 608 612 615 620 624 628 630 633 643 647 650 653 654 656 660 663 665 668 670 671 678 679 683 689 691 692 697 701 704 706 709 713 716 720 721 724 727 731 733 738 741 743 746 750 756 760 
240 258 272 273 297 303 316 320 322 326 330 334 342 346 351 353 366 371 373 382 389 391 395 398 401 410 413 414 419 423 434 435 441 444 448 453 459 461 465 471 473 475 478 482 484 488 494 497 501 507 514 515 520 524 528 530 534 536 540 546 548 550 552 554 557 558 565 567 573 574 579 584 587 589 592 593 599 600 607 611 615 616 619 624 628 631 632 635 646 649 651 656 660 663 664 665 669 671 674 675 679 680 685 692 693 696 700 702 707 710 711 714 717 724 728 730 734 738 741 742 744 745 748 752 757 761 
242 260 274 278 300 304 317 322 324 330 333 336 346 349 352 356 369 373 376 386 390 394 399 403 404 411 414 417 423 425 437 438 445 447 452 455 462 466 467 474 477 479 481 486 489 490 497 498 502 511 516 518 522 526 529 533 536 539 542 549 552 554 555 557 561 562 569 570 576 580 581 586 589 592 594 597 602 604 611 613 616 620 621 626 629 634 635 638 648 650 652 658 664 668 670 671 672 675 678 679 680 683 689 694 698 702 705 708 710 712 715 716 718 727 731 735 736 739 745 746 748 750 752 755 759 765 
245 262 277 280 304 305 321 324 327 332 334 339 350 354 358 361 372 374 379 388 391 398 403 404 406 412 418 420 426 430 440 441 446 450 455 456 466 467 469 475 480 483 486 488 491 493 499 500 506 514 519 520 525 528 532 537 541 544 548 552 554 556 557 558 562 565 571 573 579 583 585 588 592 595 599 601 603 608 614 618 619 621 624 628 633 637 640 641 650 651 656 661 668 670 673 676 677 681 685 686 687 690 692 698 699 703 707 710 713 717 720 723 726 731 734 737 739 741 749 750 752 753 754 756 760 767 
246 264 278 281 307 310 322 327 330 333 338 343 354 355 361 363 376 377 383 391 392 402 406 408 409 416 419 421 429 432 441 445 447 454 456 460 470 474 477 480 484 486 489 491 495 497 502 506 508 518 522 524 527 532 533 538 544 548 550 554 557 558 561 563 567 570 575 578 580 586 587 590 596 600 601 603 604 609 616 622 625 628 629 630 636 641 642 646 654 655 659 663 670 674 676 678 681 683 689 692 694 696 697 700 702 704 709 711 716 721 725 726 730 734 738 740 741 745 753 754 758 762 765 769 770 773 
248 266 281 283 309 311 324 329 334 335 340 345 357 358 365 368 377 381 387 393 397 406 407 409 410 418 422 423 431 435 445 448 449 458 461 464 472 478 481 482 488 491 495 499 500 502 503 510 511 522 524 525 529 534 536 540 546 552 553 557 560 564 568 572 576 577 579 583 585 587 588 593 599 604 607 609 610 611 619 625 627 630 632 636 640 644 648 651 657 659 662 666 673 677 678 680 685 686 693 696 697 700 702 703 706 708 711 714 720 722 728 731 734 737 741 743 747 750 754 756 761 765 769 772 775 778 
250 268 285 289 311 312 326 332 335 339 343 346 361 363 367 369 380 384 388 397 400 410 414 416 418 420 423 424 435 436 447 451 455 460 462 468 476 482 483 484 492 494 497 500 503 505 507 511 514 525 527 531 535 539 541 545 550 555 557 560 561 565 569 574 579 581 583 584 587 589 592 594 601 606 609 613 614 617 620 629 630 632 635 637 644 646 652 656 659 661 663 668 675 678 679 682 689 693 695 697 698 702 703 706 707 709 713 716 723 725 731 734 738 739 743 744 750 752 756 759 764 769 772 776 779 781 
251 270 289 290 313 315 327 333 337 342 346 349 364 366 368 370 381 387 391 401 403 413 418 421 424 425 428 429 437 441 448 454 459 463 464 470 477 484 487 490 496 500 503 507 509 512 513 517 520 529 530 533 539 543 545 548 554 558 561 563 564 567 571 576 583 586 589 592 595 598 601 603 604 607 612 617 621 623 625 631 632 633 636 638 647 651 654 660 662 664 667 669 678 682 684 688 691 696 697 698 699 704 708 712 713 714 717 720 724 727 733 736 742 743 747 750 753 757 759 760 765 770 774 779 781 783 
254 272 290 291 315 317 329 337 340 345 347 353 366 370 372 376 383 389 393 403 406 417 420 425 429 431 433 436 439 444 449 458 460 464 467 471 481 487 488 491 497 504 506 510 514 516 518 520 524 532 536 538 543 544 548 550 555 562 563 567 570 573 575 578 584 590 591 596 599 601 602 606 608 610 613 618 623 627 628 635 638 642 645 649 650 654 656 663 664 665 671 674 679 685 688 689 693 699 702 705 709 710 711 714 715 718 721 723 725 730 737 740 743 745 751 755 756 760 763 766 769 773 777 781 784 786 
257 276 291 294 319 323 331 340 343 347 349 355 369 372 375 380 387 391 396 406 407 421 423 427 433 436 438 442 446 450 452 461 462 465 469 473 485 491 493 497 501 507 510 514 518 521 522 523 527 536 537 541 545 548 551 553 557 563 567 570 571 574 579 583 585 592 594 597 600 603 607 611 615 617 621 622 625 629 632 637 642 644 647 651 653 658 660 666 668 671 674 676 682 686 691 692 697 703 706 708 711 714 717 718 720 722 724 727 728 732 740 743 747 750 755 757 760 761 766 767 770 777 779 784 787 790 
260 279 293 298 322 327 333 343 344 350 352 358 371 375 376 381 389 395 397 410 414 422 427 430 436 437 442 444 449 452 454 465 468 472 475 477 486 493 495 501 503 509 513 515 522 526 527 530 532 537 540 543 549 553 555 558 560 565 570 571 574 576 582 584 587 596 599 603 604 607 608 614 619 622 626 627 629 631 635 638 646 650 652 655 658 661 665 670 672 675 678 679 683 690 693 696 698 704 710 712 713 717 718 722 724 726 728 729 732 735 742 746 751 755 758 759 761 762 767 768 771 780 781 788 792 793 
263 280 295 300 323 331 336 346 349 351 356 362 374 376 377 383 390 398 400 414 417 423 430 434 437 441 446 450 451 455 458 468 470 473 477 478 487 495 496 504 508 512 517 519 524 527 529 534 536 539 544 546 552 556 559 561 563 569 574 575 579 581 583 588 592 597 600 605 609 610 611 617 620 625 630 631 634 637 639 640 650 652 656 658 659 663 668 671 676 679 680 682 687 694 698 700 703 705 712 715 719 720 722 725 726 729 730 732 736 737 745 750 754 756 760 763 764 766 771 772 773 784 788 792 794 795 
265 284 297 304 327 332 338 350 351 355 360 365 377 379 382 384 391 401 404 415 419 424 432 438 441 443 449 453 454 456 460 469 472 477 478 482 489 496 499 505 512 514 520 523 528 532 533 537 540 541 547 550 554 559 562 565 566 570 578 582 584 586 588 590 596 599 602 607 610 611 612 619 624 628 633 637 641 644 648 651 655 658 660 664 667 671 672 676 680 684 688 691 695 699 703 704 707 711 714 719 721 722 725 729 731 735 738 742 746 749 753 756 758 762 764 768 771 774 778 782 784 788 789 796 800 802 
268 287 299 308 331 336 340 353 354 359 364 367 379 382 386 388 393 405 409 416 423 426 433 440 445 447 452 456 459 463 464 470 473 481 482 486 490 498 503 507 513 517 524 527 529 536 539 540 544 546 549 551 558 562 563 568 570 574 580 585 586 589 591 594 597 600 606 608 614 616 617 622 628 629 636 641 645 647 652 655 657 659 662 668 669 675 678 682 684 686 689 694 696 701 705 707 710 713 716 722 723 724 728 730 732 736 740 745 748 753 756 759 761 763 765 770 772 776 782 784 785 792 793 799 803 804 
270 291 302 310 335 340 343 357 361 363 368 370 380 385 389 391 396 407 413 418 426 427 434 444 449 452 453 458 463 466 470 471 475 485 486 489 493 502 507 509 515 518 526 530 531 537 543 545 546 549 551 555 562 566 567 570 572 576 584 587 589 592 594 595 599 601 608 610 616 619 620 625 631 633 638 643 648 652 653 656 658 662 666 671 674 677 679 685 688 690 692 698 700 705 707 708 712 717 720 725 727 729 732 735 738 740 741 747 752 754 759 761 764 768 771 773 777 779 783 788 790 795 798 802 804 806 
271 295 303 314 339 341 346 360 365 367 372 375 382 389 392 396 398 409 414 422 429 431 436 446 450 453 454 461 466 467 472 473 477 486 488 491 497 505 510 513 516 521 527 532 534 538 546 550 554 558 559 563 567 571 575 577 581 582 585 588 593 596 597 598 600 605 609 614 620 621 625 629 633 636 640 645 650 655 659 660 663 667 669 675 677 680 684 688 690 691 693 700 703 709 712 716 718 721 723 727 728 731 735 738 739 741 743 750 754 755 762 765 768 770 772 775 779 780 784 792 793 797 802 803 808 812 
272 296 304 318 341 343 347 364 368 372 376 377 385 390 393 400 403 413 415 426 433 437 439 449 451 456 458 462 470 472 473 476 479 488 491 495 499 506 514 517 520 523 531 533 537 539 547 552 556 562 566 568 572 576 578 581 583 587 588 589 597 598 599 600 604 606 612 616 624 625 626 630 636 640 642 649 654 656 662 665 667 669 673 676 678 682 688 692 693 695 697 702 704 710 716 717 719 724 725 731 735 739 742 744 746 749 750 754 758 761 765 769 772 775 778 780 782 785 789 794 798 799 803 806 812 816 
276 300 306 319 345 347 350 365 371 373 378 379 387 392 397 403 404 417 419 427 437 441 445 451 455 457 461 464 473 475 477 480 484 491 493 496 503 508 517 519 524 527 532 534 540 544 549 553 559 564 569 572 575 580 582 584 586 588 591 595 601 605 609 613 614 615 619 623 627 628 630 634 639 644 648 650 655 659 666 668 669 671 677 678 681 685 689 696 700 702 705 706 708 711 719 721 722 725 728 734 739 740 745 747 748 751 752 757 759 763 766 773 775 777 782 783 786 789 793 795 802 806 809 811 816 817 
279 303 307 323 347 350 353 369 375 376 382 385 390 393 401 404 407 421 423 431 441 444 446 453 458 462 465 467 476 479 480 482 488 492 497 499 507 509 520 521 528 532 535 537 544 545 553 556 563 566 573 574 577 584 585 589 592 594 597 599 605 609 612 614 616 619 623 626 628 632 636 639 640 647 650 651 656 660 667 671 674 676 681 684 686 688 691 700 702 704 706 710 711 715 723 724 727 728 732 738 743 747 751 755 759 761 762 764 768 771 773 777 779 781 784 788 790 791 797 798 803 809 813 814 817 821 
283 307 309 326 351 355 359 370 376 378 383 389 391 394 404 405 409 422 427 432 442 445 449 454 461 463 469 473 480 483 484 487 489 493 499 501 508 511 524 527 531 536 538 541 545 549 557 560 566 569 577 578 581 587 590 591 596 597 599 601 608 612 613 618 622 623 625 627 632 635 638 643 644 648 653 657 659 663 668 674 675 677 685 687 690 694 696 702 703 705 707 714 716 718 725 727 729 731 736 741 745 751 752 759 760 762 765 768 769 775 779 783 787 791 792 794 795 799 803 804 808 811 814 818 822 823 
284 309 311 329 353 357 362 372 380 382 385 393 394 395 407 411 413 423 430 433 446 447 452 455 463 466 472 477 483 485 487 490 492 495 501 502 511 514 528 530 534 537 541 543 547 552 560 562 568 570 579 581 583 590 591 593 597 601 604 605 612 613 615 621 625 629 633 635 636 638 641 647 649 652 655 658 662 666 669 677 681 684 689 692 693 695 700 703 707 710 711 718 719 720 726 729 732 733 737 744 746 753 755 760 762 766 767 769 772 779 780 785 788 795 799 803 806 807 810 812 815 816 818 821 824 825 
285 310 314 330 357 360 363 376 382 385 389 394 397 399 409 413 416 424 431 434 449 450 455 459 465 469 476 479 486 487 490 493 494 499 505 506 513 518 531 533 536 539 545 547 551 555 561 566 571 574 583 584 586 594 598 602 605 609 611 614 617 621 624 626 627 631 635 638 640 642 644 651 653 657 659 661 663 668 671 678 685 687 690 696 700 704 708 712 716 718 719 722 726 728 730 734 738 739 742 746 748 756 759 761 765 768 769 773 775 781 782 789 792 799 803 806 810 814 817 821 824 827 828 829 830 832 
289 314 317 334 360 364 367 379 385 388 392 395 399 402 413 417 421 427 435 438 450 451 457 462 468 471 478 481 489 493 496 500 503 506 507 511 516 521 534 537 541 544 548 551 555 556 563 568 574 575 587 589 592 597 601 606 610 612 614 616 621 624 627 628 631 633 637 640 643 645 648 655 657 659 663 665 667 672 673 679 687 690 693 698 703 706 710 715 717 719 720 725 728 732 735 736 741 744 748 751 755 759 763 767 771 772 776 779 780 783 785 793 794 803 804 810 814 818 822 825 828 830 834 837 840 844 
292 315 318 336 363 368 372 380 387 391 393 396 403 404 414 419 423 428 436 442 452 455 461 464 469 475 482 486 491 495 499 503 504 510 512 513 518 523 535 540 543 545 550 554 558 561 567 569 576 577 590 592 594 600 603 610 611 613 618 621 624 625 629 631 633 637 638 641 646 650 653 659 663 667 670 674 675 676 677 683 689 694 697 700 705 710 712 716 718 720 721 729 732 735 739 741 743 746 752 753 757 760 764 768 775 779 781 784 786 787 789 795 799 804 806 811 818 821 825 828 831 834 835 841 843 847 
296 318 322 337 364 370 376 383 388 394 395 400 405 406 418 421 427 429 439 443 454 456 465 468 472 476 483 487 492 499 503 505 507 513 515 517 521 526 538 542 545 546 552 558 561 562 568 570 580 583 591 594 595 604 606 612 614 617 621 623 626 629 633 636 640 643 645 647 648 651 654 661 665 669 671 678 681 682 684 686 691 697 698 702 709 712 715 719 720 721 725 731 735 737 742 744 745 749 756 758 759 762 768 771 777 783 784 785 789 793 796 800 801 805 808 813 822 823 829 832 833 836 840 845 846 850 
298 320 324 340 367 372 380 387 391 396 397 404 407 409 421 422 429 433 442 446 458 461 467 472 473 478 486 491 494 502 504 507 508 516 519 523 525 529 542 546 548 550 553 561 564 565 569 573 584 587 595 596 597 608 612 615 616 619 624 625 630 634 638 642 644 648 650 651 653 654 658 663 666 671 672 682 686 690 691 693 695 698 702 705 710 715 717 722 725 729 732 735 738 742 743 748 751 755 759 760 762 765 770 772 781 787 789 792 794 796 799 801 803 808 810 814 823 825 830 833 835 839 843 848 850 851 
300 324 325 342 371 374 383 390 392 400 401 408 410 411 424 428 431 434 445 450 460 463 471 474 477 481 488 495 499 505 508 510 513 518 521 524 526 533 546 548 552 554 557 565 568 571 572 576 588 589 597 601 605 609 613 619 621 624 627 631 633 637 642 645 646 649 651 655 656 659 663 665 670 672 673 684 689 691 693 695 698 702 705 707 712 717 718 725 728 732 735 738 742 744 747 749 755 759 760 762 765 768 772 773 782 791 795 796 800 801 804 806 808 811 813 815 827 830 832 835 839 842 846 850 854 855 
