4 6 10 12 16 18 22 26 29 33 36 39 40 43 44 47 48 49 51 54 58 59 62 66 68 72 73 75 76 80 84 86 88 91 94 96 99 100 104 106 107 111 112 113 117 118 122 126 130 133 137 140 142 146 149 152 155 157 161 163 166 168 172 175 177 179 183 186 190 193 197 200 201 204 208 211 213 217 219 220 224 227 229 231 232 235 238 239 242 246 248 252 255 256 257 259 262 264 265 269 273 277 280 282 283 284 288 292 295 296 298 299 300 304 307 311 314 316 318 322 324 325 326 329 330 332 336 337 340 344 347 349 350 353 357 358 362 364 366 370 371 373 374 376 379 380 382 386 389 392 395 396 399 402 405 
6 9 14 17 18 19 25 30 31 35 40 42 45 47 50 51 55 58 62 66 67 68 70 74 78 82 85 86 87 91 95 96 98 100 104 107 108 110 112 115 118 119 122 123 125 129 133 134 136 137 141 144 147 148 153 157 158 161 163 166 169 170 176 177 179 180 184 189 192 194 198 203 206 207 212 214 215 221 223 227 230 231 233 237 241 245 249 250 253 257 259 263 264 265 266 267 270 272 276 279 280 283 284 286 290 292 295 296 299 302 304 307 308 311 313 314 315 317 320 323 327 329 333 337 341 343 346 350 353 354 357 361 365 369 370 373 375 379 381 383 384 387 391 395 397 400 403 405 409 410 414 417 418 419 420 
10 13 16 19 21 24 26 34 36 37 41 44 46 49 54 58 61 64 67 71 75 76 79 81 83 84 89 92 96 97 100 102 105 108 111 113 114 115 119 122 125 129 132 133 137 138 141 143 145 149 152 153 157 161 162 166 167 170 172 173 176 178 180 184 188 189 190 191 193 195 199 205 208 209 215 218 220 222 227 228 234 236 238 239 244 246 251 253 254 260 264 265 267 271 273 275 278 279 280 282 285 287 288 289 291 293 297 298 302 305 306 310 311 312 315 319 320 323 324 327 331 333 334 340 344 348 352 353 355 356 361 363 369 373 375 377 378 383 387 391 394 398 402 404 408 409 411 415 416 417 418 420 422 423 426 
12 16 20 23 27 30 33 37 40 41 44 46 48 51 57 61 63 68 71 74 76 80 82 84 88 91 92 94 98 102 106 109 113 117 121 124 127 128 131 133 136 138 142 143 145 148 150 152 155 159 163 164 167 169 172 173 176 177 181 183 185 189 193 194 195 199 203 206 207 209 212 214 215 216 217 222 224 225 228 230 237 239 242 244 245 250 253 256 260 262 266 270 271 274 275 278 282 285 288 291 295 298 299 303 307 311 314 316 319 322 323 324 326 330 332 334 337 340 342 346 347 351 354 357 358 360 361 362 365 366 367 369 370 376 378 382 384 388 390 394 395 402 405 409 413 416 418 422 424 428 431 433 437 438 441 
15 19 22 24 30 32 37 40 42 44 47 49 53 54 61 65 66 72 75 79 80 82 86 90 93 97 100 102 106 110 114 116 119 121 122 128 132 133 134 137 140 144 147 149 152 156 160 163 164 168 170 174 178 179 181 184 186 187 191 194 195 196 197 201 205 207 211 213 217 221 224 225 226 229 233 235 238 242 245 246 247 249 250 251 252 255 259 260 262 265 268 271 274 277 279 283 284 288 291 292 298 300 304 308 312 316 318 322 324 327 331 334 335 336 337 338 339 342 346 347 349 354 356 359 361 364 365 369 370 372 376 380 384 385 389 393 396 397 398 399 400 406 409 413 414 418 420 425 426 429 432 434 441 445 448 
16 23 26 27 31 33 39 43 45 47 51 55 57 58 65 66 69 74 79 81 82 86 87 92 95 99 103 104 107 111 118 121 122 125 129 131 133 135 137 141 143 148 149 151 156 159 161 167 171 172 173 175 182 186 187 189 193 195 196 197 201 202 205 206 210 214 218 221 222 224 225 226 227 232 236 238 239 245 246 250 254 256 258 259 262 264 265 269 273 277 278 280 282 285 289 293 297 299 301 305 307 311 313 315 318 321 324 325 329 333 334 338 340 344 348 352 354 358 362 363 365 368 372 374 378 381 385 388 389 392 396 400 402 405 408 410 413 414 416 418 421 424 427 430 433 436 440 444 446 447 450 452 455 458 460 
20 26 29 33 35 38 43 45 49 50 54 57 59 62 69 70 73 76 80 83 84 90 92 95 97 101 107 111 113 116 119 125 129 133 136 140 143 147 148 151 152 154 158 162 163 166 170 173 174 175 177 181 183 187 191 193 197 199 200 201 202 204 207 209 213 215 222 224 227 231 232 233 237 240 243 247 248 251 253 254 256 258 260 263 266 269 272 274 278 280 282 286 287 288 291 297 298 302 305 307 309 315 317 318 321 324 325 326 333 336 339 340 342 348 352 356 358 360 364 368 369 370 375 377 379 384 388 390 392 395 398 403 406 409 410 414 416 419 422 425 427 429 431 433 434 439 443 445 449 453 454 455 456 461 463 
24 29 33 35 39 42 45 49 53 56 58 62 63 64 70 73 77 78 83 87 90 93 95 96 101 103 111 115 116 120 123 127 132 135 140 141 146 148 149 152 154 155 159 163 165 170 174 178 179 181 184 187 190 191 193 194 199 202 203 207 211 215 217 221 223 227 230 234 237 239 240 242 244 246 247 250 252 253 255 256 260 262 263 267 270 272 273 275 280 282 283 290 291 293 294 298 300 306 307 311 312 317 320 324 325 328 331 335 339 340 341 343 344 351 355 359 363 366 367 372 375 378 379 383 385 387 392 394 396 399 402 406 410 411 415 416 417 422 424 426 431 432 436 437 438 442 446 448 452 457 460 464 468 470 474 
27 30 35 39 40 44 48 50 54 58 60 65 67 69 72 76 79 81 87 91 94 96 97 100 103 105 112 116 119 123 127 130 133 139 143 145 148 151 155 157 158 161 162 167 171 175 177 181 184 186 188 192 193 194 197 200 204 206 207 211 215 216 220 225 229 233 234 236 241 243 246 247 251 253 256 257 261 264 267 271 273 277 280 283 286 287 288 292 293 296 300 304 307 308 310 312 316 318 320 322 326 329 332 335 336 340 342 346 347 348 350 351 354 355 359 363 367 371 373 374 379 382 383 384 387 389 393 396 398 402 405 408 413 416 420 424 426 430 434 437 440 442 443 447 448 450 451 454 458 459 461 466 470 474 476 
31 35 39 40 43 48 49 53 55 59 62 66 71 74 76 78 80 82 89 92 98 100 104 105 106 107 114 117 121 125 128 134 138 141 146 149 151 153 156 161 162 165 168 169 172 177 179 184 185 189 192 196 199 200 202 203 205 210 212 213 217 221 222 227 230 237 238 242 246 250 253 257 260 264 267 268 269 270 271 272 274 279 281 285 287 289 291 293 296 297 304 305 311 313 317 318 320 324 326 329 330 332 335 339 342 345 348 350 351 354 355 356 360 364 366 368 370 372 374 377 382 385 388 392 393 396 397 399 402 405 408 412 414 417 423 427 428 432 436 440 442 443 444 448 450 452 455 456 462 465 468 470 471 478 480 
33 39 41 43 46 49 50 56 59 60 63 69 74 76 79 83 84 88 90 95 99 101 106 110 113 117 118 120 124 128 129 135 140 143 148 153 156 158 160 164 165 167 170 171 173 179 183 185 186 191 193 200 203 205 208 209 213 214 218 222 223 226 230 233 236 240 242 246 248 254 258 262 266 268 270 272 274 278 282 285 288 290 292 296 299 300 303 306 310 313 316 320 323 326 327 330 331 334 335 336 340 341 342 346 350 352 356 357 358 360 363 365 366 370 373 376 380 381 385 386 388 389 393 396 399 403 404 407 408 409 412 416 417 420 426 428 432 434 438 444 447 448 449 452 456 458 460 461 464 467 472 475 479 483 486 
37 41 42 45 47 50 51 60 63 64 65 73 76 77 83 84 87 92 95 96 102 104 108 113 117 121 125 128 131 132 135 136 143 144 149 156 157 161 164 168 172 173 174 176 177 182 185 189 190 195 197 201 204 206 211 213 214 217 219 226 230 232 236 239 242 244 246 250 252 258 259 263 268 270 274 275 277 279 283 289 291 293 296 299 301 304 307 308 311 314 318 321 327 331 333 334 335 339 343 346 347 350 353 357 361 364 366 368 372 376 379 382 385 388 392 393 396 400 404 407 409 413 415 419 422 425 428 432 433 434 436 440 444 447 448 450 454 455 458 460 462 466 469 473 477 479 481 485 487 489 491 492 494 495 499 
38 43 44 49 50 54 55 64 66 69 70 76 80 83 87 91 95 97 98 101 106 107 109 114 120 122 129 133 137 141 144 148 149 153 157 160 163 167 169 171 173 177 179 183 184 187 191 192 195 197 198 205 209 212 213 214 218 222 224 229 234 238 242 246 248 250 251 255 257 260 263 264 272 273 278 282 283 284 286 293 294 298 301 302 304 306 308 310 312 317 319 323 330 332 335 336 337 343 347 348 351 352 355 360 364 365 368 369 375 378 383 387 390 393 394 396 398 402 406 408 413 416 420 423 426 427 431 434 435 437 439 444 447 451 455 459 462 463 464 467 468 469 473 475 481 483 486 488 491 493 497 501 505 507 510 
42 46 50 54 55 58 59 65 69 70 72 77 83 86 90 92 97 101 102 105 110 112 115 117 123 124 130 134 141 143 148 149 151 157 158 164 165 171 174 178 181 182 185 187 188 189 192 194 198 200 204 207 210 214 217 219 221 226 230 234 237 239 245 248 250 254 257 259 261 263 267 268 274 275 282 284 285 287 291 294 297 302 306 309 310 313 315 319 320 322 326 328 334 337 338 341 343 346 349 352 353 357 361 365 366 369 372 373 376 381 385 389 394 395 399 400 403 407 408 410 415 417 424 426 429 431 434 435 436 438 443 447 450 455 458 461 463 464 465 470 474 477 480 482 485 489 491 492 493 497 498 503 509 513 517 
46 47 52 56 59 63 64 69 70 73 75 79 87 91 95 96 100 105 107 108 114 115 117 121 125 128 134 137 142 144 149 153 154 160 163 166 169 175 179 182 184 186 189 190 192 194 197 199 202 204 205 209 211 217 220 224 227 228 233 237 241 242 248 250 254 258 262 266 270 271 275 276 279 280 286 288 291 292 294 295 301 306 308 313 316 320 323 327 328 332 334 338 339 343 345 349 353 354 357 361 362 364 366 368 369 371 373 377 381 383 388 393 396 400 402 405 409 410 414 415 416 418 427 431 433 437 439 443 444 446 448 451 453 457 459 463 464 468 472 476 477 481 485 488 492 496 498 501 502 504 508 509 511 514 520 
50 51 56 58 61 67 70 74 77 81 85 87 91 93 99 103 107 111 112 116 117 121 123 125 129 130 138 142 146 147 153 154 157 163 167 171 175 179 181 186 188 189 193 197 201 205 209 213 217 219 223 225 229 232 236 238 240 241 242 246 247 249 250 252 258 262 265 270 274 277 278 282 283 286 289 290 293 296 300 303 307 310 311 314 320 323 326 330 333 337 338 340 342 345 348 352 357 358 362 366 368 370 372 374 376 378 379 380 383 386 392 396 398 401 406 408 410 411 415 419 420 424 430 432 437 440 443 445 446 448 450 454 455 460 464 468 472 473 476 477 478 484 487 490 494 498 501 503 507 510 514 517 520 523 525 
54 58 62 63 64 68 73 78 80 83 87 89 92 96 103 106 108 115 119 122 125 129 130 133 135 139 143 144 148 151 155 156 158 166 171 173 177 183 184 188 189 190 197 198 203 207 210 215 219 222 224 229 231 236 240 243 245 246 250 252 254 257 259 261 265 267 271 274 278 282 286 287 289 291 293 294 296 300 304 305 309 311 315 316 323 324 330 331 337 338 340 342 346 350 351 356 359 362 364 367 369 373 374 378 382 385 387 390 392 396 397 398 400 404 410 411 415 418 421 425 428 432 435 438 441 443 447 449 451 455 458 462 464 466 467 470 476 478 481 484 485 489 491 494 496 499 503 504 508 513 518 520 523 526 530 
56 61 65 68 71 75 79 82 85 87 89 93 95 99 107 108 109 117 122 124 126 133 134 138 139 143 147 149 151 152 157 161 162 169 172 175 179 185 186 189 191 194 200 201 204 209 211 217 221 226 230 234 236 240 242 246 247 248 252 256 257 259 261 263 266 271 273 275 279 284 289 293 297 298 301 305 306 307 311 314 316 320 323 324 327 329 334 337 340 344 346 349 351 354 356 359 363 366 370 372 376 378 379 383 387 390 391 394 397 399 403 406 409 410 413 416 418 420 423 426 429 436 437 440 445 447 448 452 456 458 461 464 466 469 470 471 477 480 483 488 492 493 497 501 503 507 509 513 515 517 520 524 526 527 533 
59 64 67 71 75 76 82 85 89 92 96 99 103 106 108 111 115 120 124 126 129 134 137 142 143 147 150 151 154 158 162 166 169 173 174 176 182 186 187 190 195 199 204 205 207 211 212 221 224 229 233 236 239 241 245 250 252 255 256 260 262 263 267 271 273 274 275 276 281 286 292 297 300 304 306 307 311 312 315 318 320 323 325 327 328 332 335 341 343 347 349 350 354 356 357 362 366 367 372 374 379 381 384 386 390 391 394 396 401 405 407 408 413 414 418 419 420 424 427 431 432 439 441 444 447 451 453 456 460 461 465 469 471 474 478 481 484 485 487 492 494 496 500 503 505 511 514 518 521 525 528 532 534 537 541 
63 68 69 73 78 79 84 86 91 96 97 102 104 107 111 112 118 123 126 127 131 137 139 146 149 152 156 157 160 164 167 169 171 174 177 181 185 188 191 193 198 203 206 209 210 213 214 224 225 233 236 239 243 246 248 254 255 258 262 266 270 273 277 281 282 285 289 292 294 298 299 303 305 306 307 310 314 316 317 322 323 325 327 329 332 333 339 344 346 348 351 354 358 361 364 365 370 374 377 380 382 383 388 391 392 394 395 399 403 407 409 413 417 419 421 425 428 429 433 435 438 442 443 447 450 455 456 457 462 464 467 470 472 478 479 483 486 489 491 496 498 499 503 504 506 512 517 519 522 528 529 534 536 540 544 
67 71 74 75 79 83 88 89 95 97 101 104 105 110 114 118 120 127 131 133 134 140 143 147 150 154 157 159 161 167 170 171 172 177 180 182 189 191 195 199 201 207 211 214 217 219 223 225 229 236 237 242 247 251 255 256 260 261 263 267 274 278 281 284 286 289 291 295 298 302 306 307 309 312 316 318 322 325 329 333 336 340 342 345 349 353 356 358 362 363 367 370 371 374 378 380 381 385 386 388 390 391 393 397 400 404 407 410 411 412 413 416 419 422 425 428 432 433 434 437 439 445 447 450 453 459 461 465 467 468 470 474 477 479 482 484 488 492 495 499 501 505 509 513 516 519 521 523 524 529 530 537 541 544 547 
71 73 75 77 82 85 91 95 97 101 103 108 112 113 116 122 123 130 132 137 141 142 144 149 152 155 160 164 166 169 174 175 178 180 181 185 190 192 196 203 204 211 215 216 220 223 225 226 233 237 239 244 250 252 259 263 266 268 272 274 278 282 286 287 288 291 294 296 302 304 310 314 317 320 321 323 327 329 332 336 338 342 343 349 352 356 357 360 364 367 370 372 376 379 381 383 387 390 394 396 397 398 401 404 408 411 414 417 420 424 428 431 432 433 434 435 439 442 445 447 448 450 453 456 460 462 463 466 469 471 473 478 480 482 484 487 490 495 497 503 506 507 511 514 518 523 525 526 528 531 533 538 545 546 550 
73 77 78 79 83 87 94 96 100 103 106 111 113 116 117 123 127 131 134 139 144 148 151 152 153 157 163 166 170 171 175 178 182 185 187 189 193 197 201 206 210 213 219 223 225 227 230 234 235 239 240 247 251 256 262 266 270 271 275 276 279 286 288 291 292 295 299 303 307 309 311 318 321 323 326 329 331 332 336 338 342 346 349 351 355 360 361 363 365 368 374 376 378 381 383 386 388 393 396 397 400 403 404 406 410 414 415 418 423 428 430 435 439 442 444 448 450 453 456 458 459 461 465 466 468 469 473 475 476 478 482 483 487 488 490 493 495 498 499 506 507 509 513 517 520 525 528 529 532 536 539 541 546 549 554 
77 81 82 86 90 93 96 100 102 104 108 114 115 119 123 125 131 133 135 143 145 152 156 157 160 163 164 168 174 176 179 180 185 188 191 194 198 201 203 209 213 215 223 225 227 228 233 235 239 243 246 250 252 260 264 268 274 275 278 280 283 289 292 294 295 296 303 307 310 311 312 320 324 328 329 330 334 337 338 342 345 349 352 354 357 364 368 369 372 373 377 379 380 384 387 390 394 396 397 399 404 405 408 412 414 417 420 422 425 429 431 437 441 444 447 452 453 454 458 462 463 467 469 470 472 474 476 478 482 484 487 491 494 497 501 505 509 512 514 517 521 523 526 527 530 533 534 537 540 543 545 547 548 552 558 
81 82 83 90 92 97 100 103 107 110 114 115 116 123 126 129 135 136 140 145 146 156 157 161 164 166 169 173 176 179 181 185 188 192 196 198 202 203 204 210 216 219 225 229 233 234 238 239 242 245 249 252 253 262 268 271 275 276 282 284 287 290 293 297 301 305 306 311 315 318 321 325 329 331 332 334 335 339 341 346 348 352 356 357 358 368 371 375 377 379 382 386 387 389 393 394 397 401 402 405 407 410 413 417 421 424 425 426 429 432 434 441 445 449 453 456 457 461 464 466 470 472 476 480 482 486 488 489 492 493 496 500 501 505 509 510 514 515 518 522 526 528 530 534 537 541 544 547 549 551 554 557 561 565 566 
82 86 90 91 94 101 105 107 109 112 116 120 121 126 129 132 138 139 142 147 150 157 159 162 166 168 171 176 179 180 184 188 189 195 198 202 206 209 212 214 219 221 229 231 235 239 242 244 247 249 252 254 257 266 270 274 279 283 284 285 290 291 297 299 305 306 307 313 316 322 325 328 332 335 337 339 342 343 344 348 350 356 359 361 363 370 373 376 380 384 386 387 391 392 396 399 401 404 407 411 415 416 418 421 424 428 429 433 436 440 443 447 448 450 455 460 462 466 470 474 477 480 484 486 489 491 492 495 498 502 506 510 514 515 516 517 518 521 525 529 531 533 536 537 538 543 546 549 551 555 557 561 565 566 570 
85 87 93 96 100 103 106 109 112 115 118 124 125 130 132 135 139 140 144 150 154 159 162 163 170 174 178 179 183 185 188 189 191 198 200 204 209 212 216 217 220 225 230 234 239 240 246 249 250 253 255 258 261 268 273 278 281 284 285 289 291 294 300 303 309 310 311 315 320 326 329 332 335 338 342 344 345 349 351 354 357 359 362 366 368 374 375 380 384 387 390 391 392 393 398 402 404 406 408 414 418 419 421 422 425 431 435 438 442 444 445 448 452 456 457 464 467 469 473 477 480 483 486 488 490 492 494 499 502 505 508 514 516 517 521 524 525 528 530 534 538 539 542 544 548 549 551 552 554 559 562 565 568 572 573 
88 89 94 98 101 107 108 110 116 119 121 128 131 133 136 140 142 143 147 154 158 161 163 164 173 178 181 182 187 191 193 194 195 201 202 207 212 214 217 218 221 228 233 235 240 241 248 252 256 257 261 264 265 269 275 281 283 286 289 290 292 295 303 305 313 315 318 322 323 328 330 335 336 340 346 350 351 352 355 359 362 365 367 368 372 378 380 383 387 391 395 398 400 403 407 411 414 415 418 422 426 428 430 433 434 437 441 445 448 451 454 457 460 464 465 466 471 472 477 480 484 487 490 491 493 497 498 500 504 508 512 517 521 523 527 530 532 536 537 539 540 542 545 546 550 553 557 558 562 565 567 568 571 574 575 
89 92 95 101 104 110 113 116 117 123 126 129 133 137 138 144 147 150 151 158 162 166 169 171 177 180 184 187 189 195 196 199 200 205 207 209 215 218 220 221 222 232 237 240 241 243 250 254 259 262 266 268 272 275 279 283 287 289 293 297 301 302 307 310 317 318 322 325 326 332 336 339 340 342 348 352 356 357 360 361 363 368 371 373 377 380 384 387 388 394 397 400 404 408 411 412 418 419 423 424 428 430 431 434 435 440 444 448 450 453 455 459 463 467 471 473 474 478 482 484 487 491 493 497 498 502 503 507 511 514 518 519 523 525 531 534 537 540 542 544 545 549 550 551 553 555 558 562 566 569 573 577 580 584 585 
92 93 97 103 106 114 116 120 122 124 129 133 134 139 143 147 148 151 152 160 163 170 173 175 179 184 185 190 191 197 201 202 205 208 212 214 216 220 224 227 231 236 238 244 248 250 254 258 263 266 270 273 276 280 281 287 288 293 295 299 305 308 311 314 321 324 327 329 331 333 338 341 345 346 349 355 358 362 365 366 367 370 374 376 381 383 385 391 392 395 399 402 406 409 414 418 421 423 424 425 431 434 436 440 443 447 451 452 456 457 460 463 464 471 475 477 479 481 484 486 491 492 495 500 504 506 508 509 514 515 519 520 525 528 533 536 540 544 545 549 550 552 555 558 562 565 569 573 574 578 580 583 585 588 592 
94 96 100 107 110 116 119 122 125 126 131 135 138 143 147 151 154 156 159 163 167 173 175 178 183 185 189 192 195 199 203 206 207 209 213 216 220 224 226 230 235 237 240 247 252 254 257 260 266 269 273 275 279 284 287 291 292 295 298 300 306 310 313 315 325 328 332 333 336 339 343 345 349 352 356 357 360 363 367 371 373 374 377 381 384 385 387 393 395 396 400 404 409 412 418 422 423 426 428 430 432 435 438 441 446 448 455 456 460 464 465 469 473 476 479 481 482 485 487 488 493 495 497 502 505 508 510 514 516 519 522 525 527 530 536 537 541 547 550 552 555 558 561 562 566 567 572 577 579 582 586 588 591 593 596 
95 100 102 109 111 120 123 127 130 134 137 138 139 144 149 155 157 160 162 165 170 175 176 182 185 188 190 196 199 201 204 210 213 217 220 223 225 228 230 234 238 239 244 249 253 256 260 261 269 271 276 278 282 287 288 293 295 297 299 302 309 311 316 318 329 331 336 339 341 345 348 351 353 356 358 360 363 364 369 373 377 381 384 388 390 393 396 398 401 403 405 406 412 414 419 426 430 432 433 434 435 439 443 446 450 453 456 460 464 465 469 470 476 479 482 484 487 489 492 494 495 499 500 503 507 510 512 516 517 520 525 528 532 533 537 538 544 551 555 559 563 566 570 573 576 578 582 585 587 588 590 591 595 599 601 
97 101 104 112 115 122 125 131 134 136 138 139 140 147 152 157 161 165 167 171 175 179 181 183 189 191 193 199 202 205 209 213 216 220 224 227 231 233 237 240 244 248 251 254 255 260 264 265 271 273 279 281 286 290 291 297 300 301 303 306 312 314 320 321 331 332 340 344 347 348 350 352 354 360 364 365 368 370 371 375 378 385 386 389 392 394 400 402 405 409 413 416 420 423 425 430 433 436 437 438 441 442 445 448 454 457 459 461 468 472 473 474 477 482 483 486 488 491 495 497 500 504 508 511 514 518 522 525 526 527 530 533 536 537 539 540 545 555 557 560 567 569 571 574 578 580 583 588 591 595 599 603 606 608 610 
101 104 106 115 116 126 130 132 137 138 141 144 146 149 156 160 162 167 168 174 177 182 184 185 193 195 199 203 205 207 211 217 219 224 228 231 232 237 241 244 247 251 253 258 261 262 268 269 273 276 282 283 290 293 296 298 304 308 312 316 320 321 322 325 334 337 342 346 348 349 352 356 357 361 365 367 371 374 378 382 385 389 392 393 394 398 403 407 411 414 418 421 422 424 426 432 437 438 439 442 446 450 452 456 457 460 462 466 470 473 476 479 480 486 489 490 492 494 497 499 504 505 510 513 517 520 523 526 529 530 534 538 539 542 546 547 549 556 558 561 570 574 577 580 583 584 588 590 593 596 603 607 610 611 613 
102 105 107 117 120 128 133 135 140 141 145 148 151 153 157 164 168 171 174 176 178 183 185 189 196 200 204 206 208 211 212 219 220 225 231 234 236 238 242 248 250 255 257 260 265 266 271 274 276 278 285 289 291 296 297 302 307 311 314 320 321 324 327 328 338 342 344 349 352 356 358 361 362 364 366 370 373 376 379 384 388 390 396 398 401 403 405 408 415 417 419 423 426 427 431 435 438 439 443 447 450 454 457 461 464 465 466 469 471 476 477 482 486 487 491 492 495 496 501 503 505 506 513 515 521 524 528 530 532 535 538 541 542 546 550 551 552 558 562 566 572 575 579 583 587 589 593 597 600 602 605 610 611 613 614 
106 108 111 121 123 130 134 139 141 143 147 150 154 157 158 168 171 175 176 177 182 186 189 193 197 204 208 211 215 218 220 224 228 230 235 239 240 241 246 251 255 256 261 265 268 270 274 275 278 279 288 290 294 298 299 305 308 313 315 324 327 330 334 335 340 345 347 350 355 358 359 363 364 365 370 373 377 381 382 387 392 395 397 402 406 408 409 410 416 418 421 426 427 429 433 436 441 443 444 450 453 456 459 464 468 469 470 474 477 478 479 484 488 491 492 494 497 500 505 507 511 513 514 517 522 527 532 534 535 539 543 544 545 548 552 553 557 559 566 568 576 579 582 586 591 594 598 601 604 607 610 611 615 618 622 
110 112 114 123 124 134 136 141 145 147 150 154 157 159 160 169 172 179 180 182 183 189 193 197 198 207 211 212 219 221 224 226 230 233 236 242 244 248 251 252 256 260 264 268 271 273 278 280 284 288 289 294 298 301 304 307 312 314 319 326 330 333 336 340 344 348 351 354 359 361 363 365 369 373 377 379 382 386 389 391 394 398 400 404 410 411 415 417 420 421 423 429 430 434 436 437 444 447 450 454 458 459 463 465 471 474 475 477 478 480 482 486 489 492 493 497 499 504 508 510 515 519 520 522 523 528 533 535 538 542 544 546 549 553 555 558 561 562 568 570 578 582 584 588 593 596 599 604 605 610 614 616 617 621 623 
111 116 117 125 126 137 139 144 147 150 151 158 159 163 165 172 174 183 184 185 186 191 195 201 204 208 214 216 220 224 228 232 235 239 243 247 251 254 258 261 263 267 268 272 275 277 282 285 288 289 291 296 300 302 308 309 316 319 322 330 334 335 337 342 347 350 355 357 360 362 367 370 372 375 381 385 386 387 393 394 396 400 403 406 414 415 417 418 421 422 426 433 434 437 441 444 447 449 451 455 460 463 465 468 475 477 478 480 482 486 490 492 494 495 496 501 505 507 511 515 518 523 525 526 527 529 537 538 541 545 547 549 552 556 558 562 564 568 572 575 581 584 587 589 596 600 604 608 611 614 617 621 624 628 630 
114 118 120 127 129 141 144 147 150 153 156 160 164 165 168 175 176 187 191 194 198 202 205 207 211 213 218 220 224 228 232 233 239 243 244 249 255 256 262 264 268 269 271 275 278 279 285 287 289 292 293 298 304 308 311 315 317 322 323 333 335 338 339 344 350 352 357 358 363 364 369 371 373 376 382 387 388 389 396 397 400 404 405 409 417 421 424 428 430 433 437 439 443 446 450 454 456 460 461 464 468 469 473 477 480 483 485 488 492 493 497 498 502 506 510 514 517 518 519 522 524 527 531 533 537 538 539 541 543 546 549 552 556 559 560 565 566 569 576 578 585 589 591 593 597 601 608 611 615 616 619 623 627 629 633 
115 120 123 128 130 145 149 153 154 158 162 165 167 169 171 177 178 189 195 196 200 204 207 208 212 216 222 225 228 229 236 238 241 247 249 252 258 261 264 268 269 271 274 277 282 286 288 290 292 296 297 299 306 312 316 317 319 325 327 335 339 340 344 348 353 354 358 361 364 365 371 372 376 378 384 390 391 392 398 402 404 405 407 412 419 424 426 432 433 435 441 443 444 447 454 456 459 463 467 470 473 476 479 481 483 484 488 489 496 497 498 501 503 508 513 517 519 521 524 527 529 533 534 536 538 542 546 550 552 553 555 556 559 560 564 569 571 572 578 579 588 590 593 595 600 604 610 614 616 618 623 626 631 632 634 
118 121 127 129 133 149 152 155 157 161 165 166 170 171 175 181 182 192 196 199 201 205 211 213 214 217 223 228 232 235 238 241 245 250 251 256 259 265 267 270 274 278 282 284 286 290 291 293 295 298 301 305 310 315 319 321 324 328 329 339 343 344 346 350 357 359 363 367 370 371 375 378 380 381 385 394 398 400 404 406 407 408 412 414 423 426 429 434 436 440 444 446 448 452 456 457 463 464 471 473 476 477 482 484 487 490 492 495 499 502 504 506 510 514 515 520 521 525 527 528 532 534 535 539 540 546 547 551 555 559 563 566 567 568 570 573 577 580 584 585 590 591 597 601 605 609 614 618 620 621 625 630 634 637 641 
120 124 129 132 137 151 153 156 160 165 166 169 172 175 178 185 187 193 198 202 203 208 212 215 218 219 227 230 236 240 242 245 247 253 254 258 260 269 273 277 278 281 284 285 290 293 294 295 298 302 303 308 313 317 320 325 328 329 332 341 346 348 349 353 359 360 367 369 372 375 378 381 385 386 387 396 400 402 406 409 411 415 416 418 424 428 430 438 440 443 446 447 449 456 457 459 466 467 473 475 478 479 483 485 488 492 494 499 502 506 510 514 517 518 522 526 530 534 535 538 540 542 545 547 549 553 555 558 559 560 565 570 574 575 578 579 581 585 586 589 593 597 598 602 607 610 616 622 625 628 629 634 638 640 644 
121 127 130 134 138 154 157 159 161 168 171 173 176 177 179 188 190 195 201 206 210 212 215 218 220 222 229 233 239 243 244 247 249 255 259 263 266 271 275 281 284 286 289 292 294 297 301 305 308 310 312 314 318 320 321 328 330 331 333 342 347 349 352 354 363 366 371 372 376 378 381 383 386 388 391 399 402 406 407 411 415 417 418 421 425 429 433 442 444 448 450 453 456 460 461 462 470 472 474 479 483 484 487 490 494 497 501 504 508 509 514 517 518 519 523 529 534 535 539 543 544 547 548 549 550 556 557 562 564 565 566 571 576 579 580 584 587 591 593 595 597 601 603 607 608 614 619 626 628 632 635 639 642 644 646 
125 129 131 138 142 157 159 162 164 171 175 177 179 181 182 192 195 197 205 208 212 215 217 220 222 223 231 234 243 245 247 250 251 259 260 264 270 274 277 284 288 292 294 296 297 299 302 307 312 314 315 316 322 323 324 332 334 336 337 344 349 352 353 356 364 367 375 379 380 384 388 389 393 397 398 402 403 410 411 415 418 420 423 424 428 432 437 444 446 452 454 457 460 463 465 469 473 475 478 482 486 488 492 496 497 500 503 507 509 513 518 519 522 524 527 533 537 539 540 545 547 549 553 557 558 559 561 565 568 570 572 576 579 582 584 585 590 593 597 599 601 603 604 610 614 617 621 629 630 633 638 641 644 647 649 
127 132 134 141 143 158 161 164 165 174 179 180 183 185 186 193 198 202 208 211 215 217 220 221 226 230 232 236 247 251 253 254 258 261 262 266 272 278 282 285 289 296 299 300 302 305 308 311 313 316 320 324 327 329 333 335 337 341 345 347 352 355 359 362 367 369 378 380 382 385 392 394 398 402 403 405 406 414 418 420 424 425 428 431 432 433 438 446 447 453 458 461 464 467 471 473 475 477 482 484 490 493 497 498 501 505 509 512 516 517 521 522 525 528 531 534 540 543 544 549 551 553 555 558 560 562 565 566 569 572 576 579 582 586 590 591 592 594 599 601 605 607 610 614 615 618 625 631 635 638 640 642 647 649 651 
130 133 137 143 144 162 165 166 169 176 183 184 188 191 195 199 202 203 212 216 219 222 224 226 230 233 235 238 250 252 257 259 263 266 270 272 275 281 283 289 292 297 302 304 308 311 312 316 317 321 322 326 329 333 336 337 339 344 346 350 356 359 360 366 371 375 381 383 385 388 393 396 399 403 407 408 409 416 419 421 426 428 429 433 435 436 442 448 450 455 460 463 465 469 474 478 482 484 488 491 493 494 499 501 502 507 510 515 520 523 527 529 532 535 539 542 546 549 551 552 555 558 560 563 566 568 569 573 574 577 579 583 587 588 594 596 599 600 604 606 609 613 615 617 618 619 628 633 638 639 643 645 651 654 658 
132 136 140 144 148 165 166 169 170 179 186 189 192 193 199 202 206 209 214 217 223 227 229 231 233 235 236 242 252 256 258 261 267 271 274 277 281 285 289 292 296 301 304 306 310 315 317 320 323 325 326 329 332 336 338 342 343 346 349 354 358 363 366 367 372 377 385 387 390 391 397 398 401 406 409 410 412 419 422 423 429 431 435 437 438 439 446 450 451 458 462 467 469 472 478 479 484 488 492 494 495 499 501 502 503 511 514 516 524 528 530 534 537 538 543 546 550 552 556 560 564 567 570 573 577 578 579 580 583 585 589 592 593 595 596 599 603 606 608 611 615 617 620 623 626 629 633 634 639 640 644 648 652 657 659 
134 140 141 147 152 169 170 173 176 183 187 192 194 196 200 206 209 210 216 221 226 229 231 233 234 237 239 246 255 258 260 265 270 272 277 278 285 289 290 296 299 304 308 311 313 319 322 324 327 330 331 332 333 339 341 346 350 354 358 360 361 365 368 370 375 379 389 391 393 394 401 402 404 408 413 414 418 423 424 428 430 435 439 442 443 446 447 452 455 460 465 471 473 476 481 483 485 489 495 496 500 503 507 511 512 514 517 520 528 530 531 536 538 541 545 550 554 556 558 561 565 571 574 576 581 584 587 589 592 594 596 598 600 603 604 607 608 611 613 617 619 620 622 626 630 634 637 641 644 645 647 652 654 658 660 
135 143 146 149 155 170 172 177 179 187 190 196 199 201 202 207 213 214 218 223 228 232 236 240 243 247 251 255 259 260 264 267 274 278 279 283 287 292 295 300 302 305 312 315 318 322 323 326 329 332 334 335 336 342 345 349 352 358 359 362 365 366 372 373 379 380 391 393 395 399 405 409 410 411 416 418 420 425 428 430 433 438 442 445 448 452 454 458 462 463 466 475 479 481 483 485 486 492 499 501 502 507 510 512 513 518 521 525 532 535 536 540 542 545 549 554 557 558 560 563 567 575 577 578 582 586 588 591 594 598 601 603 606 607 610 612 616 620 621 625 629 630 634 637 640 641 644 646 650 653 657 659 663 665 667 
137 145 149 151 159 172 175 180 182 189 191 199 202 205 206 210 214 218 222 226 231 233 237 243 247 251 253 258 263 265 266 269 277 282 284 287 289 296 300 303 307 309 314 317 322 325 327 330 333 335 339 342 343 347 349 350 353 359 362 364 368 372 374 378 380 381 393 397 401 405 407 410 414 417 418 422 424 429 431 434 438 442 446 448 450 454 458 460 466 467 469 477 482 483 487 491 495 497 500 504 508 511 512 514 517 520 525 529 536 539 541 544 545 548 552 558 561 564 565 566 569 576 580 584 588 592 596 599 602 603 606 607 609 611 614 617 619 621 625 629 632 633 637 638 644 645 648 650 652 655 658 661 665 669 670 
138 147 152 153 162 175 179 181 183 193 196 202 204 208 211 214 215 219 224 229 234 236 241 244 250 252 256 261 264 267 271 273 278 284 285 289 292 297 304 308 309 312 315 318 326 327 328 331 336 340 343 345 348 352 353 354 356 362 365 366 372 376 379 382 384 388 395 400 404 407 411 412 417 421 425 427 429 432 434 436 440 446 450 452 453 458 461 464 468 470 473 479 485 487 491 494 497 501 502 507 510 514 515 518 519 521 526 533 537 541 543 545 546 551 553 561 562 565 566 570 573 577 584 585 590 596 600 604 605 607 610 614 618 619 620 621 624 627 629 630 634 638 641 642 645 646 650 652 655 658 661 663 668 671 675 
139 151 153 156 166 179 182 185 188 196 200 203 207 209 215 218 222 225 226 233 236 240 242 248 254 255 260 263 267 271 272 277 282 285 286 290 293 299 308 309 310 314 318 322 329 333 335 336 339 342 344 346 349 355 356 359 362 365 366 370 376 379 380 384 387 391 398 402 406 409 413 415 418 424 429 433 435 439 443 445 446 450 451 455 458 461 464 466 470 472 476 482 489 492 493 496 500 504 507 510 512 517 519 520 521 523 529 535 541 542 544 549 550 555 559 565 568 571 573 577 580 583 588 591 592 600 602 605 606 609 612 618 619 623 627 631 632 636 639 642 644 646 647 648 650 652 655 659 663 667 669 672 674 675 679 
143 154 158 159 168 180 183 186 189 200 203 205 209 211 219 223 226 230 231 234 237 242 245 251 255 259 261 264 270 272 274 280 283 287 291 294 298 300 309 313 317 320 321 323 333 336 339 340 342 344 346 349 351 359 360 362 365 369 371 372 379 382 386 389 391 392 399 404 407 413 417 421 425 427 432 435 437 443 444 449 452 454 456 457 461 464 468 471 472 473 479 484 491 496 498 500 503 508 509 512 513 519 521 522 523 527 532 539 543 546 550 552 555 558 561 569 570 574 576 580 583 584 591 595 598 602 605 606 607 612 616 621 625 629 631 634 637 639 641 644 645 648 651 652 656 657 659 661 666 671 675 676 678 680 682 
145 156 159 161 172 182 187 189 192 202 206 209 210 214 223 226 230 234 238 241 243 245 246 255 259 263 266 269 271 276 277 281 287 291 293 298 302 303 313 316 319 321 322 325 336 340 342 345 347 348 352 356 358 361 364 367 370 374 375 379 383 386 390 393 397 399 400 405 411 415 419 424 426 429 433 439 440 445 446 450 454 456 459 461 463 468 470 475 477 480 484 485 492 498 502 505 507 511 515 516 517 523 525 528 529 533 535 541 545 547 552 553 558 560 565 570 572 577 578 584 586 588 592 597 601 603 607 611 614 615 618 622 628 633 635 637 640 641 644 645 649 650 655 658 662 665 669 670 672 676 678 681 682 686 689 
147 157 161 165 173 184 189 191 195 206 210 211 215 218 225 227 231 235 240 245 249 252 253 259 263 264 270 273 276 280 281 283 288 294 297 299 306 308 314 318 323 324 325 326 337 344 348 350 351 353 356 359 361 364 366 370 372 376 378 381 386 387 394 395 398 402 404 408 412 417 423 428 432 435 439 442 446 450 453 455 456 460 463 466 470 471 475 477 481 482 486 490 494 501 505 509 511 513 516 518 521 525 528 529 533 536 539 544 548 552 554 555 560 561 568 574 577 581 584 586 590 592 594 599 602 607 609 612 616 618 619 624 631 636 639 641 645 647 651 654 658 659 660 662 664 669 672 675 676 677 681 685 686 688 693 
148 161 163 167 176 185 193 195 197 210 212 216 220 222 226 230 234 236 243 246 251 255 256 262 264 266 273 277 278 281 284 287 291 296 300 304 307 309 316 322 326 329 333 334 338 347 352 355 358 359 363 367 368 371 374 377 381 383 385 389 392 393 398 400 402 403 405 411 413 421 426 432 433 437 440 443 448 453 455 457 459 462 467 469 472 475 477 481 485 488 490 493 498 502 506 510 514 518 520 524 525 529 531 534 536 540 544 546 550 554 556 560 562 563 570 576 578 585 586 588 591 595 599 602 603 610 611 613 617 622 626 630 635 637 641 644 647 650 653 658 661 664 666 669 671 673 676 680 684 686 690 691 693 695 696 
149 165 167 169 178 188 197 198 201 212 215 218 224 225 230 232 236 237 244 248 255 258 261 265 266 268 276 278 281 284 286 289 295 299 303 307 310 311 318 325 327 330 335 337 339 348 354 358 360 364 366 371 375 376 377 379 385 388 392 395 397 400 401 404 407 411 413 414 417 423 429 434 435 441 444 446 449 455 456 459 461 465 469 471 476 480 482 486 488 489 494 498 499 503 508 512 518 519 524 528 529 532 535 536 537 543 547 550 553 556 558 561 563 565 574 578 579 586 590 594 595 596 602 603 607 612 614 615 620 623 629 633 638 641 643 646 649 653 654 660 662 667 670 671 672 674 677 683 687 688 693 696 700 704 705 
153 166 169 170 179 189 200 204 207 216 217 220 226 227 234 235 240 241 246 250 256 261 264 268 272 276 280 281 285 289 293 297 299 302 304 308 311 312 319 328 331 333 336 341 343 352 358 362 364 368 369 372 377 381 383 386 389 390 396 397 401 403 407 408 411 413 415 416 421 425 432 438 439 445 446 449 451 459 462 464 467 471 473 477 481 482 486 489 491 494 497 501 503 505 510 514 520 521 525 530 532 536 540 541 544 545 550 552 557 559 562 566 569 570 575 582 583 588 592 597 598 601 606 608 609 615 616 617 624 627 632 637 642 643 644 648 650 655 656 663 665 670 671 674 676 677 678 684 690 693 694 697 703 705 709 
154 170 171 174 181 193 204 205 210 220 221 225 230 233 235 237 244 248 252 256 258 262 267 272 275 280 283 284 289 291 295 301 302 306 310 312 315 318 321 330 334 337 339 345 346 354 361 365 367 370 372 374 379 384 387 389 392 395 398 402 403 407 410 414 416 418 422 424 428 429 436 441 442 446 447 452 454 463 466 468 470 474 478 481 484 486 487 490 495 497 499 503 506 508 512 516 521 522 527 534 536 540 541 542 545 548 552 553 558 560 563 570 574 578 579 584 585 589 594 601 602 605 609 610 614 618 620 621 625 628 636 638 646 648 652 653 655 659 662 666 669 674 677 679 680 681 682 685 694 698 702 706 709 710 711 
155 173 175 177 184 196 205 207 211 222 225 226 234 236 238 241 248 249 253 257 260 263 268 274 276 284 285 288 292 296 300 305 306 308 312 315 319 320 324 331 338 339 343 346 349 357 362 368 370 372 373 375 382 387 391 392 393 397 402 405 408 411 415 418 422 426 428 431 434 436 439 445 446 447 450 455 459 467 470 473 477 480 483 484 485 490 493 496 499 501 503 507 510 514 515 518 525 529 531 535 539 543 546 547 548 550 554 557 562 566 568 571 578 579 580 588 592 595 597 602 603 607 610 611 616 619 621 623 629 632 640 644 647 651 653 657 661 663 665 670 673 677 678 681 682 683 684 689 696 702 704 710 711 715 717 
156 176 178 181 187 200 207 208 215 224 229 233 238 241 243 244 252 254 256 260 264 265 271 278 282 288 289 291 295 298 304 307 309 311 316 317 321 324 327 334 342 346 348 350 353 360 365 372 374 377 381 385 389 392 395 398 400 402 403 406 411 414 419 421 426 429 430 435 437 439 443 446 448 449 451 456 461 471 472 476 480 481 484 488 490 491 496 500 501 503 504 511 512 516 520 523 526 530 535 537 542 545 548 550 553 557 559 563 567 568 571 575 581 582 585 589 596 598 602 605 606 611 614 617 618 623 627 631 632 634 641 647 650 654 656 661 665 669 672 675 679 680 682 685 686 687 688 690 697 706 709 713 717 721 723 
157 179 183 187 189 203 211 212 218 227 231 237 240 245 249 252 255 258 261 264 266 267 272 282 283 292 296 300 301 304 308 309 313 315 319 321 323 326 328 338 346 349 352 355 358 362 369 375 379 382 386 390 391 394 397 402 405 408 412 415 416 419 420 424 430 431 435 436 441 444 447 449 452 453 456 460 464 473 474 480 484 487 490 491 492 495 500 501 503 504 508 514 515 518 524 526 528 532 536 539 543 546 552 554 557 559 561 567 569 571 573 578 583 587 589 592 597 602 605 608 610 613 617 618 619 627 628 634 637 638 643 651 654 656 658 662 669 673 677 680 683 684 686 687 691 695 698 701 705 709 713 714 721 724 727 
158 183 187 188 190 207 213 217 222 230 233 241 242 246 253 256 257 260 264 265 270 274 275 285 286 295 300 304 305 307 311 315 316 319 321 325 327 330 331 340 350 351 353 359 360 363 373 376 380 384 389 391 392 398 402 404 406 411 414 418 420 422 426 427 433 437 439 440 443 446 450 454 456 458 462 464 465 474 478 482 488 490 492 496 497 501 504 507 510 513 515 518 521 522 528 530 531 534 537 543 545 550 553 556 560 561 565 569 573 577 578 579 584 590 594 598 599 606 607 610 614 615 619 620 621 629 632 638 640 642 645 655 659 660 662 665 673 677 679 684 686 688 690 692 695 698 702 704 709 712 714 716 725 727 729 
162 185 190 194 198 208 214 221 226 233 237 243 246 248 255 258 262 266 267 270 273 276 280 286 287 297 301 305 307 311 314 318 321 323 327 330 332 336 340 344 351 355 358 362 365 367 375 380 381 387 390 393 396 401 406 407 411 415 416 420 423 426 427 430 435 440 443 446 449 451 455 456 460 464 468 469 473 475 480 486 490 493 495 499 502 505 506 510 512 514 518 521 522 525 529 533 537 539 542 547 549 551 554 560 561 563 566 571 576 580 581 584 587 593 597 602 606 609 612 615 617 619 621 623 627 633 635 642 644 648 652 656 661 662 664 668 674 678 682 688 689 690 692 693 699 701 703 707 710 716 720 721 726 730 732 
164 188 191 196 202 209 218 224 228 235 240 245 249 250 256 260 263 269 273 274 277 281 283 289 293 298 305 308 310 314 315 322 324 325 330 331 335 337 343 345 352 357 362 366 369 370 376 384 387 391 392 394 397 402 410 411 413 417 418 421 427 428 432 435 436 444 446 448 451 453 456 459 462 467 469 473 474 477 481 490 491 496 498 503 505 507 511 512 514 517 519 522 523 526 531 537 541 545 548 549 552 555 556 563 566 570 572 574 580 583 586 590 593 595 600 603 607 610 614 619 621 623 627 629 632 636 640 646 648 650 656 660 663 667 670 673 676 679 685 690 693 695 699 702 705 707 708 711 712 717 723 725 730 731 735 
168 192 193 198 205 211 221 225 230 236 242 248 251 255 258 262 265 271 275 276 280 282 286 292 295 299 309 311 314 318 321 326 329 331 335 338 342 345 347 348 355 358 363 370 373 375 378 387 389 395 398 402 406 410 412 415 417 421 422 423 430 432 434 439 440 445 448 451 454 456 457 462 466 468 470 475 478 482 485 493 497 499 502 506 508 510 514 516 519 523 525 527 531 534 538 541 543 548 552 554 555 559 560 565 567 572 575 578 584 588 592 594 596 597 604 605 608 613 618 621 623 627 629 633 636 639 644 647 650 653 657 663 665 668 673 675 677 682 688 692 695 697 700 705 708 710 711 713 714 721 727 729 732 734 736 
171 193 194 199 209 214 222 228 232 240 243 251 254 257 260 264 267 272 276 278 281 286 288 294 297 301 311 315 316 321 324 328 330 334 339 341 346 349 351 353 358 362 365 373 377 380 381 388 390 399 400 405 408 411 416 420 421 425 426 428 432 436 439 440 442 446 449 452 458 460 463 466 467 472 473 478 479 484 488 495 499 500 505 509 511 514 516 520 521 527 528 532 536 537 539 545 549 552 553 555 558 563 567 568 572 573 579 583 588 590 596 600 603 607 611 612 616 617 621 623 627 630 632 637 639 640 648 651 655 657 659 666 670 673 677 680 682 684 691 696 700 702 705 708 712 713 714 718 721 722 730 732 734 738 741 
172 194 197 201 210 217 226 230 233 241 246 254 257 258 263 267 270 276 279 282 286 290 291 296 299 305 313 316 320 322 328 332 334 337 340 342 349 352 356 358 362 363 368 376 381 383 384 392 394 400 404 408 410 412 417 423 427 429 433 437 439 442 443 444 447 450 454 456 461 462 466 467 470 476 479 482 483 487 490 498 503 507 508 512 516 518 519 524 527 531 534 535 538 540 542 546 550 554 556 558 561 564 568 570 576 580 584 587 589 591 599 603 607 609 615 616 617 619 624 628 631 635 636 639 641 644 652 653 658 662 665 668 674 675 680 683 685 688 695 700 702 706 707 710 714 718 719 723 725 727 734 738 741 743 744 
174 197 199 205 213 219 227 231 236 243 249 255 261 264 266 269 271 279 282 285 287 294 296 300 303 307 316 320 322 324 332 333 337 339 342 345 352 354 359 362 364 366 369 378 385 388 391 394 397 402 407 412 415 418 419 425 428 430 436 438 442 446 447 450 454 456 459 462 463 467 469 470 471 480 481 486 488 491 493 499 506 508 510 516 517 519 521 525 528 534 535 538 539 542 545 548 552 555 558 562 563 565 572 574 579 582 587 588 592 594 601 605 610 612 618 622 625 627 630 633 636 637 638 643 646 647 656 657 659 666 669 671 678 679 682 686 687 691 699 701 703 709 712 714 718 720 722 727 728 729 737 742 745 747 748 
175 200 204 206 214 221 229 234 239 244 253 257 265 266 269 271 275 281 283 288 290 297 299 302 307 310 317 324 326 327 334 335 338 341 343 346 356 358 360 363 367 369 371 380 387 392 395 399 400 405 411 416 419 421 422 429 433 437 440 443 444 448 449 454 456 460 462 466 467 471 474 478 480 482 484 488 489 495 498 501 507 510 514 518 519 522 524 527 530 536 538 539 543 547 551 552 554 558 562 563 566 570 575 579 583 586 588 591 593 598 602 607 611 615 622 626 630 633 635 636 637 639 641 647 649 651 659 660 664 668 670 672 681 685 686 688 692 696 703 706 707 713 716 718 722 723 724 731 735 736 741 745 747 749 751 
178 204 205 209 218 225 231 236 241 247 255 258 269 270 273 275 276 285 288 291 293 300 301 303 311 314 320 326 327 329 336 337 342 343 347 348 358 361 363 367 368 371 374 381 388 393 396 401 403 407 415 417 421 422 425 431 437 439 443 447 451 455 459 460 464 468 470 474 475 476 478 481 485 486 487 490 493 498 500 503 508 512 517 519 520 526 530 534 538 539 540 544 546 551 552 553 556 562 565 566 568 571 577 583 587 589 592 593 595 600 603 608 613 619 625 628 632 637 640 644 645 646 648 651 655 659 660 663 667 670 674 677 684 686 688 692 695 699 704 708 712 716 720 722 725 726 730 732 739 740 745 747 751 752 756 
182 208 209 211 219 226 234 238 245 249 258 259 273 274 277 278 281 288 289 294 298 304 307 308 315 317 322 329 332 334 337 341 345 349 351 354 360 364 365 368 372 375 378 382 392 394 397 404 407 409 417 420 425 429 431 435 441 444 447 451 454 459 461 464 467 469 471 477 481 482 483 485 488 490 491 494 496 499 504 507 509 514 521 522 525 530 534 536 539 540 541 545 549 553 557 561 562 564 569 573 575 578 579 584 588 591 593 597 601 604 607 612 616 622 628 629 635 641 642 646 649 651 653 657 660 661 664 668 672 674 676 680 686 688 690 695 699 702 705 709 715 717 722 726 727 729 733 734 740 743 748 750 755 758 760 
184 210 213 217 222 230 235 242 249 251 260 261 275 277 281 282 283 289 292 296 300 308 311 313 316 320 326 333 334 338 339 342 349 351 355 359 361 365 367 372 374 377 380 384 396 397 401 407 408 413 420 424 426 433 435 438 444 448 451 455 457 462 463 467 469 470 474 481 483 487 490 493 494 497 500 501 503 507 508 509 512 518 525 526 530 532 536 540 543 545 546 548 553 556 559 562 564 565 573 576 578 580 583 587 591 595 599 603 605 609 612 616 618 624 629 633 636 645 647 649 651 655 659 662 663 664 668 669 673 675 680 681 687 689 692 699 703 707 709 713 717 721 726 730 732 736 738 739 742 745 750 753 758 760 764 
186 214 217 219 224 232 239 243 251 252 261 262 276 281 283 287 291 295 298 299 302 312 313 316 318 323 330 337 340 342 344 345 351 355 356 363 364 368 371 373 377 380 382 388 398 401 405 409 412 415 421 425 428 434 436 441 447 450 454 458 461 463 467 469 472 476 479 482 484 489 491 495 498 499 502 503 505 511 513 517 521 523 529 533 537 541 544 548 551 553 556 560 564 567 570 573 575 576 577 579 581 583 585 588 594 597 601 607 609 611 615 620 621 626 630 635 640 648 650 651 654 658 663 664 667 671 674 676 678 679 681 685 690 691 694 702 706 711 712 714 718 722 727 733 735 739 742 745 746 748 751 755 762 763 766 
188 216 218 221 227 234 240 247 253 254 262 264 278 283 286 291 294 297 301 304 306 315 319 320 321 327 332 339 342 345 348 350 355 356 358 364 367 370 375 377 378 383 387 389 399 404 409 413 417 421 422 428 430 438 441 443 451 453 458 460 464 468 471 473 477 478 480 485 487 491 495 499 500 501 504 507 511 514 518 522 523 526 530 535 538 543 546 552 555 557 559 561 566 569 573 576 580 584 588 589 593 594 595 598 602 606 608 609 610 615 618 621 624 630 631 636 642 651 654 655 657 661 666 670 671 673 676 680 681 685 686 688 693 696 700 703 707 714 715 717 720 725 728 734 739 740 743 749 752 753 757 759 765 766 768 
190 218 220 224 229 235 244 248 257 259 264 266 280 285 287 294 297 301 302 306 307 316 323 327 331 333 335 340 344 349 353 356 357 359 362 365 371 372 377 379 381 385 390 392 400 408 411 414 420 425 428 430 434 441 445 447 454 455 461 463 467 471 474 475 481 483 487 490 493 495 497 502 505 509 511 513 514 516 521 523 527 529 533 539 543 547 551 555 556 559 562 566 569 573 574 577 582 585 592 595 599 603 604 606 608 612 615 619 620 621 625 626 628 631 635 640 644 652 656 660 663 665 668 674 678 682 683 685 689 690 691 692 696 697 701 707 708 718 720 721 722 726 731 738 740 744 747 751 753 755 759 761 769 771 774 
191 220 223 227 231 237 246 249 258 263 266 270 284 289 290 298 302 304 308 312 313 319 325 330 333 335 338 343 348 352 355 360 364 367 369 371 374 376 378 381 383 386 391 395 404 412 416 417 423 429 432 435 439 443 447 448 455 459 465 467 470 472 477 481 485 488 492 495 499 501 503 504 509 510 513 517 519 520 525 528 531 534 537 542 547 549 552 559 560 561 564 568 570 574 576 580 585 587 594 598 600 607 610 613 614 616 618 623 625 628 632 634 638 642 643 644 648 656 657 663 664 666 671 677 680 685 686 688 693 696 700 703 704 707 711 713 716 722 725 729 730 734 736 740 743 747 748 755 756 757 760 763 771 775 777 
193 221 225 229 235 240 249 251 261 266 268 274 287 292 294 302 303 305 312 314 315 323 328 334 338 339 340 346 349 355 356 361 365 369 373 375 377 380 382 386 389 390 395 396 407 414 418 419 426 433 434 438 441 446 448 452 459 460 468 470 471 474 479 484 488 491 496 498 502 505 507 509 510 514 515 521 524 527 529 530 534 535 541 545 549 553 555 562 563 564 566 570 572 578 581 585 589 590 597 600 604 608 612 615 617 618 619 626 628 630 635 636 639 645 648 650 654 659 662 665 667 669 674 680 682 686 690 694 698 702 706 707 711 714 718 722 724 726 728 733 734 735 738 743 745 748 749 758 761 763 767 771 774 776 779 
197 225 228 233 239 244 252 255 262 270 271 276 288 294 297 305 306 309 315 316 318 325 329 335 339 340 344 348 352 358 359 365 368 372 374 379 380 381 383 390 391 393 396 398 409 418 420 421 428 437 438 440 442 447 450 456 462 463 472 474 478 481 482 485 491 493 498 502 506 509 511 514 515 517 519 523 528 529 532 534 535 538 543 546 553 555 556 565 566 570 572 576 579 581 584 587 592 595 601 605 609 612 616 620 622 625 628 632 635 638 640 643 647 648 652 656 657 663 667 670 671 674 677 684 688 690 693 697 700 704 709 713 717 719 723 724 727 730 732 734 738 740 742 746 748 750 752 760 763 764 768 774 777 779 783 
201 229 230 235 241 246 254 259 263 273 277 279 291 296 300 307 310 314 319 322 323 327 331 339 343 347 349 351 356 360 363 367 370 376 379 382 384 385 387 393 397 401 404 406 413 420 423 426 430 439 441 442 446 448 453 457 465 469 475 479 481 484 486 487 494 498 499 506 510 513 514 517 518 522 523 526 529 532 533 537 538 542 545 550 557 561 565 566 567 574 576 580 581 582 587 588 594 598 604 607 610 616 618 621 623 627 632 634 639 640 644 645 650 653 657 659 662 666 670 674 678 680 684 686 689 693 696 701 702 706 712 715 720 724 726 730 732 736 738 740 742 746 750 752 756 759 763 766 767 769 772 777 778 780 786 
204 233 237 239 244 247 256 262 265 275 281 283 293 300 304 309 312 315 320 324 327 329 335 343 346 348 350 353 359 361 367 371 375 378 382 386 389 392 396 400 403 404 406 410 416 423 426 428 433 443 447 449 453 457 458 461 468 470 479 481 485 489 491 494 496 500 503 508 512 514 515 521 524 528 532 533 535 536 540 542 543 545 546 554 560 564 567 571 572 577 578 584 588 591 594 595 598 602 607 609 611 620 621 625 629 631 636 637 641 644 647 650 652 655 661 662 664 670 673 678 682 686 690 692 693 695 700 704 707 710 716 719 721 726 727 734 735 739 740 744 748 749 752 754 759 763 764 770 771 775 777 778 782 783 788 
205 236 241 244 246 251 257 264 267 277 282 286 297 302 305 313 316 320 321 325 328 332 338 347 349 353 354 357 360 362 368 375 376 380 386 388 391 395 398 403 404 408 411 412 418 425 427 432 436 446 448 453 457 460 463 467 469 473 481 485 489 490 495 498 502 504 506 510 516 519 520 525 526 531 536 539 541 545 549 553 557 560 564 567 571 572 576 579 582 584 587 591 592 594 597 600 602 606 608 613 616 622 625 628 632 633 638 641 643 647 651 655 656 659 662 665 669 674 675 679 686 690 694 696 699 703 704 708 709 714 720 721 724 727 730 736 737 742 743 747 752 754 755 757 760 766 770 772 775 778 781 784 788 789 792 
208 237 245 247 248 253 260 267 271 279 285 289 299 305 308 316 320 324 328 332 334 337 339 350 353 356 357 361 363 365 370 376 379 381 387 390 392 396 402 405 407 409 414 417 419 428 429 435 439 448 452 456 461 462 465 469 473 474 484 486 493 497 499 501 505 507 510 511 520 521 522 528 532 534 538 541 544 549 552 554 561 564 565 569 575 576 579 583 586 588 590 595 598 600 603 606 609 611 615 619 621 626 630 631 633 634 641 642 645 650 655 657 658 661 664 668 671 677 681 684 688 692 696 698 700 706 707 711 712 717 724 725 729 733 736 739 742 746 747 751 756 760 761 765 767 769 773 776 778 780 782 785 791 795 798 
209 240 247 249 250 254 262 271 272 282 287 291 302 307 312 317 323 327 332 333 335 339 343 352 354 357 358 364 368 371 372 378 383 386 391 395 397 399 403 406 411 414 416 421 422 430 432 438 443 451 453 458 464 468 472 475 478 479 486 487 496 500 503 504 508 512 513 515 523 524 527 529 534 537 541 543 545 552 554 556 562 568 570 574 577 579 580 587 588 589 592 599 601 602 606 609 610 614 619 623 624 630 633 635 638 639 643 647 649 652 658 660 663 665 669 673 674 681 683 688 691 696 700 703 705 708 709 712 714 721 726 728 732 734 739 743 747 751 755 758 759 761 763 767 768 771 777 781 785 786 790 792 793 799 803 
211 244 251 254 257 259 266 275 276 285 290 295 305 311 315 318 327 329 336 340 344 347 349 356 357 360 364 365 369 372 375 381 384 390 392 399 400 403 405 408 413 418 419 424 428 432 433 441 444 454 458 462 465 470 474 478 482 485 490 492 498 501 507 509 511 515 518 521 526 529 533 534 536 541 545 548 550 555 558 559 566 572 573 575 581 582 586 589 590 593 595 602 605 609 612 614 616 620 622 624 627 633 637 641 642 643 647 649 652 653 659 663 666 667 670 674 677 685 689 690 695 699 701 706 710 713 714 717 718 725 730 734 735 739 742 744 750 752 757 760 761 764 766 768 771 775 780 782 789 790 793 795 796 800 807 
215 248 255 258 262 266 270 279 282 288 291 298 307 315 316 321 330 334 337 344 347 349 350 359 363 367 369 370 374 376 380 382 385 393 397 401 402 404 407 410 417 419 423 427 430 436 439 445 448 456 459 463 469 471 476 480 485 489 492 495 501 502 511 512 516 519 520 524 529 533 534 535 538 543 549 552 555 559 560 561 567 574 575 579 585 588 589 592 593 596 598 604 606 612 614 615 619 623 624 627 628 635 640 644 646 648 650 654 655 659 660 664 668 671 675 677 679 686 691 694 699 700 702 708 711 714 715 719 720 726 731 735 738 740 743 747 754 757 761 764 766 769 772 775 777 778 784 787 791 792 794 798 801 802 809 
217 251 258 259 265 267 274 280 285 292 293 302 311 318 319 322 332 336 338 346 349 352 354 363 365 368 371 374 376 378 382 385 386 394 399 404 408 412 414 416 420 424 426 429 433 439 442 448 449 457 463 465 473 474 480 483 489 491 496 500 503 507 515 518 520 521 524 526 532 536 540 541 542 544 551 553 556 561 564 567 571 578 580 583 589 590 591 593 596 599 600 607 608 614 616 618 620 627 631 633 637 639 643 647 649 650 653 658 660 661 662 667 671 675 676 680 681 688 695 699 703 706 707 711 715 719 723 724 726 730 733 736 739 743 746 750 758 761 762 767 771 775 776 779 783 786 789 791 793 796 797 799 804 805 813 
220 255 262 263 267 269 277 283 286 294 297 304 315 321 322 326 334 337 340 350 351 354 358 364 367 369 374 375 377 380 384 388 391 395 402 407 410 415 417 421 422 428 432 436 440 444 445 449 450 460 466 467 477 480 483 484 492 495 500 504 507 511 519 521 522 523 527 528 536 539 544 548 549 552 554 556 558 562 566 571 572 582 583 587 592 593 597 600 603 607 610 613 617 621 625 628 630 631 635 636 638 643 645 649 650 651 656 660 664 667 670 672 676 680 684 685 689 691 699 700 706 707 711 713 719 720 724 726 727 732 736 740 742 745 750 754 760 765 768 771 772 776 778 780 784 790 794 796 800 801 805 808 810 814 816 
221 256 264 268 271 275 279 284 288 297 300 307 317 323 325 329 335 341 344 351 353 355 359 368 372 374 375 379 380 384 387 391 394 398 403 408 411 418 420 422 424 431 433 439 443 446 448 451 452 462 468 469 480 483 487 491 496 497 503 508 512 514 523 525 527 530 532 534 537 542 548 550 552 556 560 562 566 567 571 573 575 583 586 589 593 595 599 603 605 611 615 616 619 625 629 633 635 639 642 644 646 647 648 653 656 660 661 665 667 668 674 677 678 684 688 690 691 693 700 704 707 711 713 716 722 723 728 729 731 735 737 744 748 749 754 758 761 767 772 776 777 780 781 782 788 792 795 800 802 803 806 810 811 815 819 
223 260 265 271 273 279 283 286 290 298 301 310 319 324 329 330 339 344 348 355 358 361 362 370 374 377 380 384 385 388 390 393 395 402 404 409 412 420 424 427 428 432 437 443 446 448 452 454 458 465 469 472 483 486 488 493 497 500 507 510 513 516 527 531 532 533 534 536 539 546 551 552 553 558 562 563 570 573 576 578 579 586 589 591 594 597 601 607 611 612 619 620 623 627 631 636 640 641 643 647 649 653 657 658 661 665 668 671 674 678 681 684 687 688 689 691 693 697 703 705 709 715 716 719 726 727 729 733 737 739 741 748 752 755 756 760 762 770 773 779 781 783 785 786 791 795 799 802 804 806 810 811 814 818 820 
227 262 267 272 276 283 285 287 291 301 305 312 322 328 330 331 341 346 352 358 360 363 365 371 378 380 382 386 387 390 391 395 397 403 406 411 414 424 427 429 430 435 439 446 448 452 453 455 460 466 471 474 485 489 491 497 498 503 509 512 517 519 529 534 535 536 539 543 546 548 555 559 562 563 567 570 571 577 578 579 580 588 590 593 596 598 605 610 615 619 620 623 627 628 632 639 642 646 648 649 653 654 658 662 665 666 671 674 677 681 683 685 691 692 696 700 704 705 706 710 711 718 719 722 729 733 737 738 739 741 743 751 756 759 761 762 765 772 774 782 786 788 789 793 794 796 801 804 805 807 812 815 818 821 824 
231 265 268 274 277 286 288 292 296 302 309 314 325 330 332 335 343 350 355 361 364 368 369 374 382 383 385 390 391 393 397 398 401 405 407 414 415 426 428 431 432 436 443 450 452 453 454 457 462 467 473 477 488 492 493 498 500 506 510 516 518 523 531 538 541 545 548 550 554 558 559 562 566 569 570 574 576 580 584 588 590 592 595 597 600 601 608 613 618 623 624 627 629 633 637 642 644 647 652 654 655 658 659 665 667 671 672 677 679 685 689 693 694 698 702 706 708 709 710 711 714 719 721 726 731 737 741 742 745 749 750 753 759 761 763 764 769 775 778 785 788 791 794 797 798 800 803 807 808 809 813 817 820 823 826 
235 266 270 275 279 289 291 293 297 306 310 315 329 332 334 338 344 352 356 362 368 370 371 378 384 388 391 392 394 397 398 402 404 408 409 416 420 428 431 432 434 438 445 452 456 458 459 462 465 469 477 478 492 496 499 503 505 510 513 517 519 527 535 539 543 547 551 553 558 561 564 565 567 572 575 579 583 586 587 589 593 595 599 601 602 603 609 615 619 624 625 629 631 637 640 645 647 648 655 657 661 663 664 669 673 676 680 683 684 688 693 696 700 701 705 710 712 716 717 720 723 726 727 731 734 740 743 746 750 753 755 757 763 764 765 766 773 779 781 786 791 795 798 799 803 805 809 810 812 813 816 818 822 827 831 
239 269 272 277 282 291 295 297 300 309 312 317 333 335 337 342 346 355 358 363 372 373 375 382 385 389 393 396 397 400 403 404 407 410 411 419 421 430 432 433 438 440 449 455 460 461 465 468 471 475 479 481 496 500 502 507 508 513 514 520 521 529 537 543 544 549 552 554 562 566 567 569 570 576 580 581 585 588 591 592 595 599 603 604 606 607 610 616 622 625 627 633 635 641 645 648 651 655 659 662 664 665 667 671 676 678 681 687 689 691 697 700 701 705 706 714 716 717 719 722 725 728 729 734 736 741 746 749 754 757 758 762 764 766 770 771 775 782 785 787 793 799 801 804 807 811 815 817 818 819 822 824 827 830 832 
242 271 275 278 283 294 296 300 303 311 314 318 334 337 339 346 350 358 359 367 375 378 379 386 390 393 394 400 404 408 411 412 415 417 419 421 424 432 434 438 442 443 453 456 461 464 469 472 475 477 483 485 499 504 508 511 514 517 518 521 522 531 540 546 548 552 556 559 564 567 568 572 573 580 583 586 587 591 592 596 599 602 604 607 610 611 614 617 624 629 630 636 638 644 647 649 654 657 662 664 668 672 675 677 681 683 685 691 693 697 698 704 705 708 711 718 720 723 727 729 733 736 738 742 743 747 749 751 758 761 763 765 767 768 771 773 776 783 787 789 795 802 805 806 810 813 818 820 824 826 827 831 834 838 842 
245 273 278 280 287 295 298 304 306 314 316 319 335 340 341 350 353 361 365 370 378 381 385 390 393 395 397 403 405 411 413 414 416 421 422 426 430 436 440 442 446 450 456 460 463 467 472 476 480 481 485 489 501 505 509 514 515 521 524 526 528 534 543 547 550 554 559 562 566 571 575 578 580 582 585 588 592 593 596 598 603 607 611 615 617 619 621 623 626 632 634 638 640 646 649 653 658 660 666 667 671 674 676 680 685 686 690 694 697 701 702 705 707 711 715 719 722 724 729 731 736 738 742 746 749 750 753 756 762 766 769 772 775 779 782 784 787 790 792 794 796 803 806 807 812 817 822 823 825 828 830 832 836 842 843 
246 274 280 281 289 297 299 308 309 316 320 323 339 341 342 353 355 364 366 374 379 382 388 394 397 400 403 405 408 413 416 419 423 425 428 432 434 437 441 444 447 453 460 462 465 470 476 478 484 488 491 492 504 508 513 518 520 523 526 530 534 538 545 548 554 558 561 563 570 575 577 580 583 586 589 591 594 597 598 599 606 609 612 616 619 620 622 625 629 634 636 639 641 648 651 654 659 662 669 673 674 675 677 682 686 688 692 695 698 703 706 708 711 713 717 721 726 729 732 733 740 744 746 747 750 751 756 757 766 767 773 777 780 782 784 787 790 794 798 801 804 808 812 813 814 820 824 826 828 829 831 834 840 845 848 
248 277 283 285 290 301 303 311 313 318 322 327 342 344 347 354 357 365 370 377 383 385 391 396 400 404 405 409 412 416 417 422 424 426 431 434 436 441 445 448 451 455 462 463 469 474 477 482 485 490 494 498 508 510 516 522 523 527 528 531 537 540 547 550 557 562 563 566 573 576 581 585 589 591 593 595 597 601 602 603 610 612 615 620 622 624 626 628 633 637 638 642 645 650 654 657 661 664 671 677 681 683 687 691 692 695 697 698 700 704 707 711 713 714 721 723 727 733 734 735 743 745 749 752 754 757 761 762 767 768 775 778 781 785 787 788 792 798 802 806 809 812 814 815 817 824 828 830 831 835 836 837 842 849 852 
250 280 284 287 293 305 306 314 316 321 325 331 345 346 351 358 362 367 372 380 385 388 394 398 402 408 410 412 415 419 421 426 428 432 433 436 439 444 449 453 457 458 466 470 472 477 479 486 488 494 497 502 510 511 519 526 528 532 536 539 543 547 550 553 558 563 564 569 577 580 585 589 591 593 596 600 603 606 610 612 616 618 621 623 624 628 630 632 634 638 641 645 648 654 658 661 663 666 673 678 684 686 690 694 695 697 699 701 702 706 710 714 715 716 723 727 731 737 739 743 744 747 751 754 755 760 762 763 769 770 777 779 783 789 792 796 797 799 806 810 814 816 817 819 823 825 829 834 837 839 842 845 848 851 853 
251 284 287 289 296 307 309 317 321 322 326 334 346 348 353 362 366 368 376 382 386 392 396 402 403 409 414 418 421 423 424 427 432 435 436 439 443 445 452 455 461 462 469 474 478 480 482 488 490 496 498 506 513 516 523 527 532 534 540 544 548 549 551 555 562 564 565 572 579 583 587 591 592 594 599 604 608 612 614 616 620 624 628 632 633 636 640 644 645 647 651 652 653 655 661 663 667 670 674 679 687 688 694 696 699 701 704 706 709 711 712 716 718 720 724 728 734 739 742 746 749 752 754 757 761 763 766 768 772 776 779 782 784 792 796 797 801 804 809 811 818 822 823 826 830 833 837 839 842 846 847 848 850 854 856 
255 288 292 293 299 311 314 319 323 327 331 336 349 352 356 365 367 371 380 385 389 394 400 406 407 413 416 421 423 426 427 428 435 439 443 447 451 454 455 458 462 465 471 475 480 484 487 489 493 497 502 507 516 519 526 529 536 539 543 546 551 554 555 557 566 567 570 576 580 585 588 592 593 598 601 606 610 615 619 621 625 626 632 636 639 642 646 647 650 654 656 657 659 662 664 668 670 672 675 683 690 692 698 700 703 704 708 711 713 717 721 725 726 730 733 734 738 740 744 750 752 754 755 758 764 768 770 771 776 780 781 784 788 795 799 803 807 808 810 812 821 823 825 827 834 836 840 843 845 849 853 857 858 860 862 
256 290 293 295 303 312 316 322 327 329 333 338 351 354 359 366 369 375 382 386 393 398 401 410 411 417 420 422 425 429 430 434 439 440 445 449 455 456 458 462 465 469 474 479 483 485 490 493 496 499 506 509 520 521 530 533 540 543 547 548 555 557 558 559 570 571 572 578 584 587 590 594 596 602 606 610 611 618 622 625 626 627 636 640 643 645 648 650 654 656 659 662 664 667 671 674 677 681 684 686 691 696 701 702 705 706 711 714 716 718 725 727 731 735 738 741 743 747 748 752 755 757 758 759 767 769 773 774 778 782 783 786 790 796 802 804 811 812 814 816 824 825 826 828 838 839 842 845 847 851 857 860 864 868 872 
258 294 297 301 305 316 319 324 329 332 334 339 352 357 362 369 373 377 383 388 395 401 404 411 412 421 425 428 431 435 437 441 442 445 446 451 459 463 467 469 472 473 475 483 485 488 493 496 499 500 507 512 522 525 534 537 542 547 548 549 557 561 563 565 571 575 577 582 587 588 592 596 600 604 609 612 615 621 625 629 630 634 637 643 645 647 650 654 656 658 663 666 668 672 674 675 678 683 686 687 693 699 704 706 710 714 715 718 719 723 727 728 733 738 740 744 745 750 753 755 756 761 765 768 770 773 775 778 779 783 784 790 792 797 803 805 813 814 815 820 825 827 829 831 839 840 843 846 849 852 859 861 867 871 873 
261 295 298 305 306 317 322 325 332 336 339 343 353 358 366 370 374 380 387 390 397 403 405 413 417 423 427 432 435 436 440 445 449 453 457 458 463 465 468 471 473 477 478 485 487 492 496 499 501 502 510 516 523 527 537 541 546 551 554 558 562 564 567 568 572 577 579 583 590 592 596 598 602 606 611 615 618 623 628 631 634 635 638 644 647 650 652 655 658 660 667 668 669 675 676 679 681 687 689 693 697 703 708 710 714 718 719 722 723 726 731 735 736 742 746 750 751 755 756 759 761 762 767 769 771 776 777 782 783 786 787 793 796 798 804 807 817 819 820 822 829 832 835 836 842 844 847 849 852 853 862 863 869 875 879 
265 299 300 306 310 318 325 326 333 340 344 347 356 362 368 371 375 383 388 392 399 406 409 416 421 427 431 435 438 439 444 449 451 455 460 461 467 470 474 475 477 480 481 489 490 494 498 502 506 507 514 517 527 531 538 545 550 552 555 559 564 567 568 570 575 578 583 584 594 598 599 600 603 609 614 617 619 627 631 635 637 641 645 646 651 653 654 658 659 661 669 671 672 677 681 685 689 693 694 695 700 707 709 712 717 722 723 727 729 732 734 736 738 746 747 753 756 757 760 763 764 765 770 772 776 779 782 786 789 790 792 796 800 802 807 810 819 821 823 827 830 833 839 840 846 850 852 856 859 861 866 869 870 878 881 
268 302 305 308 313 319 329 330 334 343 345 351 357 363 372 374 378 385 390 395 401 410 414 418 422 429 432 436 440 442 448 450 455 458 464 467 469 474 475 478 480 482 485 490 492 498 502 505 509 513 516 521 531 535 542 549 552 553 556 562 566 568 570 574 579 581 586 590 598 602 606 608 609 611 615 620 621 630 635 637 641 645 646 647 655 657 660 662 664 668 670 675 679 681 683 689 690 696 700 702 704 710 714 716 721 725 729 733 736 739 740 744 747 748 751 757 761 764 767 770 772 773 774 776 777 780 783 788 791 793 794 800 802 803 809 813 820 822 827 830 834 838 842 844 848 853 854 860 863 864 869 872 874 880 882 
272 305 307 312 315 323 331 332 335 345 346 355 361 364 374 377 380 386 393 397 405 414 415 421 425 433 437 439 444 447 452 454 459 461 468 470 474 477 481 485 486 488 492 495 496 501 504 509 510 514 517 523 533 537 546 552 553 554 560 565 567 570 573 576 583 586 589 593 601 603 610 612 614 615 617 622 626 633 637 638 642 646 648 652 659 660 664 668 672 676 678 679 683 684 686 690 692 699 704 706 709 711 718 720 725 727 732 735 739 741 743 745 748 749 753 760 762 767 771 772 774 778 782 786 790 791 793 797 799 800 801 805 808 809 811 817 822 825 829 831 837 842 844 847 851 854 857 863 864 866 872 876 877 883 887 
275 308 309 316 317 324 335 339 341 348 349 359 365 369 376 381 385 389 395 401 408 416 419 424 426 434 439 442 445 448 455 456 461 463 469 473 477 478 483 487 488 489 493 496 498 503 505 512 515 519 523 527 536 540 549 553 556 559 561 566 569 571 577 581 584 590 593 596 603 605 611 616 619 621 622 623 629 635 639 642 644 649 653 656 661 662 668 671 675 678 679 681 684 686 690 693 695 702 705 709 711 714 719 723 727 731 733 738 742 744 747 751 754 758 761 763 766 769 773 776 777 779 786 789 791 795 798 800 801 802 806 810 812 813 815 819 826 830 832 833 840 843 847 848 853 855 861 864 868 872 874 877 880 887 891 
276 312 313 319 323 328 339 340 343 350 354 363 368 371 380 385 388 391 398 405 409 419 421 427 430 437 440 445 448 452 458 462 463 464 471 477 479 483 487 491 494 496 498 501 503 506 507 515 517 521 525 530 540 543 553 556 558 560 564 568 570 572 578 582 588 593 597 601 606 607 614 618 622 623 627 631 632 639 642 646 648 650 656 660 665 669 671 675 676 680 684 685 688 691 692 695 698 705 707 711 715 718 722 725 730 734 737 742 743 747 751 755 758 760 764 767 768 771 777 779 783 787 791 794 797 799 802 805 807 811 814 815 817 820 823 824 827 831 834 835 842 845 850 852 855 859 864 865 869 875 878 881 884 889 894 
279 315 318 322 325 332 341 342 347 351 356 366 372 374 384 388 392 393 402 407 411 420 424 428 433 440 443 447 452 454 461 466 468 471 473 479 481 485 491 492 496 499 502 503 504 508 512 517 518 522 527 533 544 545 554 560 563 566 567 570 574 577 581 586 591 594 600 605 610 611 618 622 623 626 629 632 636 642 645 648 652 656 657 663 667 671 675 677 681 682 687 688 689 695 699 700 702 709 710 714 717 721 725 729 734 735 741 744 745 749 752 758 762 765 769 772 774 776 781 785 787 791 792 798 800 804 807 810 811 813 817 821 822 825 827 828 832 835 838 839 846 850 853 857 859 862 867 871 875 876 880 883 885 893 896 
281 317 322 326 329 336 344 345 351 353 359 369 376 380 386 389 393 396 404 411 414 422 426 429 435 444 447 448 456 459 464 469 473 475 479 480 483 488 494 498 501 505 508 511 515 519 521 524 527 529 532 537 548 550 558 564 567 569 571 572 577 578 583 589 594 595 604 606 613 616 621 626 629 631 633 636 640 646 648 649 655 660 662 666 669 672 678 679 684 685 690 694 696 697 703 704 708 712 714 718 721 725 726 732 735 738 745 749 750 754 757 762 765 768 770 775 779 781 784 786 789 793 796 802 805 808 812 814 818 819 823 824 827 828 829 832 833 836 841 845 848 854 858 862 866 869 873 876 880 884 886 890 891 894 898 
284 318 325 330 334 338 348 349 352 355 362 370 378 384 390 394 396 398 408 413 418 424 429 430 438 448 450 452 458 461 468 471 475 476 480 483 487 491 496 502 505 509 510 513 516 521 525 528 532 533 535 540 550 551 561 566 568 573 574 577 580 584 587 590 597 599 608 611 614 619 625 627 630 632 637 639 641 648 652 655 659 663 665 669 673 676 681 684 688 691 695 697 698 699 706 708 710 716 717 720 722 727 728 734 739 742 749 750 751 757 758 763 768 771 772 779 780 783 786 790 791 794 797 805 807 810 815 819 821 822 824 825 830 832 833 835 838 839 842 849 850 858 862 863 867 873 874 878 881 885 888 892 895 897 900 
285 320 329 331 338 339 349 353 357 358 363 374 380 388 391 397 399 401 411 416 421 426 430 433 441 450 454 455 461 464 469 473 477 479 483 486 489 494 500 503 506 510 511 514 517 522 526 530 534 535 539 544 553 556 562 568 572 574 575 579 582 586 589 593 601 605 609 614 618 622 627 631 633 635 639 640 645 650 653 656 661 664 668 671 677 678 684 688 691 693 698 701 702 704 710 713 715 720 723 725 726 730 733 737 741 743 750 753 755 760 761 766 769 772 775 782 785 786 787 792 793 797 801 808 809 811 817 823 826 830 832 834 835 836 840 842 846 847 850 854 856 862 864 865 870 874 878 880 885 888 889 896 899 900 901 
286 322 330 332 339 340 350 354 360 361 364 375 383 390 392 399 400 402 415 419 422 428 431 436 442 451 455 459 465 466 471 475 479 481 485 487 490 498 504 505 507 514 516 517 518 526 530 533 537 540 543 545 557 558 564 572 575 579 581 582 585 590 593 597 604 607 610 618 622 623 629 635 638 642 646 649 650 654 658 662 665 668 672 675 678 682 685 689 693 697 702 704 708 711 714 716 720 724 725 729 733 737 738 740 745 749 753 754 757 762 764 770 771 773 778 785 786 788 792 793 797 798 804 810 812 815 820 827 831 835 838 839 843 844 845 846 848 850 853 855 859 864 865 867 874 875 880 883 886 889 893 898 903 907 910 
289 326 334 335 342 345 351 356 364 365 367 377 385 392 393 403 405 406 417 421 423 432 436 438 446 455 458 463 469 472 473 479 483 487 491 495 497 500 508 509 510 517 518 520 522 527 531 536 538 542 545 546 560 562 567 576 580 584 585 586 590 594 597 599 607 608 612 620 624 626 630 638 640 644 650 653 655 658 661 665 668 671 675 679 683 685 688 693 696 700 706 707 712 716 720 722 723 726 730 733 736 739 741 745 747 750 756 758 759 763 766 774 778 781 783 787 789 791 795 796 799 801 808 813 814 819 822 830 834 839 842 843 847 851 853 855 859 862 866 869 870 872 876 878 879 881 884 887 888 890 896 902 907 909 912 
293 329 337 340 344 346 352 360 366 370 373 381 387 396 398 405 409 411 419 422 427 435 440 443 450 456 459 465 472 474 478 483 486 489 494 496 501 502 509 510 512 520 523 527 531 532 535 537 540 545 548 549 564 568 572 579 583 585 586 590 594 595 600 603 610 612 614 622 625 628 634 642 643 646 654 657 661 665 667 671 672 674 677 683 684 686 689 695 699 701 709 710 714 717 723 727 728 730 733 737 738 743 745 746 749 754 759 761 765 766 770 775 781 784 786 789 790 794 797 800 804 807 809 816 818 820 825 833 838 842 843 845 849 855 859 863 866 869 870 872 873 875 880 884 888 891 894 896 897 901 904 907 910 913 916 
297 330 341 342 348 350 353 364 370 374 375 382 389 397 399 409 413 415 421 423 431 439 442 446 452 457 461 469 475 479 483 486 488 491 496 499 505 506 513 515 519 522 524 528 532 534 536 539 544 548 551 553 567 569 573 583 584 588 591 594 597 601 605 609 612 613 617 625 626 630 636 645 648 652 658 661 663 667 668 674 676 677 681 684 688 689 692 696 703 705 710 714 715 721 727 728 729 733 736 741 745 748 752 754 755 759 763 766 769 770 772 779 783 785 788 790 794 795 800 804 805 811 815 818 822 823 828 836 841 843 846 849 851 856 861 864 867 872 873 875 879 880 884 888 890 893 895 900 904 908 912 916 920 922 926 
300 331 344 345 351 355 357 368 372 376 378 383 391 399 400 413 416 419 424 426 434 440 444 449 454 460 463 471 478 483 484 489 491 494 498 503 506 508 515 517 521 523 527 530 536 538 542 543 548 550 553 557 570 574 578 585 589 591 594 598 602 606 610 613 616 620 621 629 632 634 640 648 649 653 659 665 668 669 671 675 679 680 682 687 692 695 699 700 704 707 711 715 717 724 730 734 736 740 744 745 749 750 754 755 756 761 765 770 773 774 776 780 786 788 789 794 796 798 801 808 812 816 817 822 825 827 831 837 843 844 847 853 855 857 863 866 870 874 878 879 880 884 888 889 891 897 899 903 905 910 915 918 921 925 928 
304 335 346 350 354 357 361 370 373 379 382 387 395 402 405 414 418 421 426 429 436 441 445 450 457 462 464 473 481 487 488 492 494 496 502 506 509 512 518 521 522 527 529 534 540 544 546 548 550 552 556 560 572 576 580 588 592 595 599 602 605 608 611 615 620 623 625 631 635 639 642 651 655 658 663 668 671 673 674 678 680 684 688 689 694 696 703 705 706 710 713 719 722 725 734 738 740 743 746 749 752 756 758 759 763 764 766 771 776 778 780 784 790 794 797 801 802 805 808 809 816 817 820 823 829 831 833 840 846 850 853 856 860 864 865 869 872 875 879 883 885 886 891 894 897 898 900 906 909 913 919 923 927 930 933 
307 339 348 351 355 361 364 372 374 382 385 389 396 404 409 417 422 423 427 431 437 442 448 451 460 463 466 474 482 490 492 495 498 502 503 507 513 515 522 525 526 531 533 537 543 547 551 552 554 557 558 564 573 580 582 590 593 596 602 605 606 611 614 617 621 627 629 633 637 640 643 655 656 661 664 672 675 678 680 682 686 689 693 695 696 697 706 708 712 713 715 720 725 728 735 739 744 748 750 753 756 758 762 765 768 771 772 776 778 782 786 789 794 797 798 802 806 809 812 815 819 822 824 826 832 833 837 842 847 852 856 857 864 868 872 874 875 876 883 886 888 889 895 899 903 906 907 910 911 915 923 924 929 931 937 
309 343 350 355 358 363 366 374 377 384 388 393 397 407 410 419 426 430 432 434 438 446 449 454 462 465 469 478 484 494 497 499 501 504 506 510 514 516 524 529 530 533 536 539 547 549 554 555 557 559 561 566 574 582 584 593 594 599 603 606 607 612 616 621 624 631 634 635 639 642 644 656 660 664 667 673 679 680 684 686 688 691 696 699 703 705 710 713 716 719 721 724 728 730 739 743 746 751 752 757 758 762 766 769 771 773 775 778 782 783 787 790 798 801 804 805 807 810 816 819 821 826 829 831 834 835 840 843 849 856 859 860 865 869 873 878 880 881 887 889 890 893 899 901 907 910 914 915 916 920 926 929 932 936 941 
310 346 354 356 359 364 368 377 379 386 390 397 398 410 412 420 429 434 437 438 442 450 452 456 465 466 471 480 485 498 502 506 507 509 513 517 520 524 528 533 536 539 543 545 548 553 555 558 561 562 564 567 577 584 586 597 600 603 604 609 613 614 617 625 628 635 638 639 640 645 649 657 661 667 670 677 681 682 686 688 690 694 700 703 707 708 713 717 719 720 723 728 731 734 740 747 750 754 757 761 762 765 770 771 773 774 779 782 783 784 789 793 801 802 805 806 808 813 818 823 825 828 832 836 838 842 846 850 851 860 861 864 869 872 874 881 883 885 891 892 895 898 901 905 909 914 917 920 922 926 930 932 936 938 945 
312 348 355 358 360 367 370 380 382 390 394 401 405 412 415 421 433 435 438 439 446 453 456 457 469 473 477 483 487 499 504 508 511 515 519 522 524 527 531 535 537 543 547 550 554 557 561 562 564 567 568 572 579 585 589 599 601 607 610 611 615 618 620 628 629 637 641 642 646 647 650 660 662 670 672 681 685 687 691 692 693 695 703 705 708 709 714 718 723 727 728 731 734 737 744 750 751 758 761 763 765 769 772 775 779 781 784 788 792 793 797 798 802 803 807 810 812 817 821 827 830 832 833 837 841 846 848 854 856 863 867 868 871 875 879 883 887 891 892 895 898 901 904 908 911 917 919 921 924 929 931 936 940 943 948 
315 352 357 362 366 368 371 383 385 394 396 404 406 416 420 423 437 439 441 444 447 457 461 464 470 477 481 484 490 500 508 511 514 518 520 526 530 533 535 536 539 545 548 554 558 560 562 564 565 569 573 575 583 588 593 602 603 608 613 616 617 620 624 630 634 640 645 647 648 650 653 663 666 671 675 683 689 693 697 698 702 704 708 710 713 716 718 719 726 730 733 737 739 743 747 754 755 760 764 768 771 774 776 778 781 784 788 789 793 797 800 802 804 808 811 813 816 821 824 828 831 836 839 843 846 850 853 858 860 866 868 870 872 879 880 884 889 895 896 898 899 904 905 912 913 919 923 925 927 931 935 940 942 947 950 
319 356 359 366 370 373 376 385 386 397 399 405 410 419 423 427 438 443 444 446 449 461 463 466 474 481 482 485 491 501 512 516 520 521 522 529 532 537 539 543 544 549 552 555 559 564 567 568 572 573 576 579 587 591 596 606 607 610 614 619 620 621 626 634 635 641 649 652 656 657 658 665 669 674 678 684 691 696 700 701 705 709 711 713 715 720 722 725 729 733 735 740 744 747 750 756 760 764 768 771 773 778 780 781 782 786 790 794 795 800 804 805 808 812 814 818 820 822 828 831 835 838 840 847 850 852 855 860 863 870 872 873 877 882 886 887 893 899 901 902 906 908 912 916 917 920 927 929 930 934 939 942 943 950 954 
321 359 361 370 371 377 378 387 390 399 402 406 411 421 425 430 441 445 447 449 453 464 468 470 478 484 488 492 494 505 513 519 524 525 529 530 536 541 544 548 551 555 558 559 562 568 572 575 579 583 584 588 589 593 597 610 612 613 616 623 626 628 630 636 639 642 652 655 659 660 662 666 671 676 681 685 693 697 703 706 708 713 714 715 717 722 723 729 731 736 739 743 745 748 752 757 761 765 770 775 777 780 784 788 792 793 795 796 798 803 808 809 811 815 818 819 824 826 832 834 838 839 841 850 854 857 861 865 867 871 873 874 880 885 889 890 895 900 905 908 909 911 913 919 923 927 928 930 931 938 942 943 947 954 955 
322 362 365 373 377 381 385 390 394 402 405 407 415 422 428 431 442 447 450 452 454 467 471 475 481 485 491 496 500 507 515 520 526 529 530 533 540 544 546 552 555 557 562 564 566 571 574 576 581 584 588 592 594 595 599 611 613 614 619 624 627 629 634 638 641 643 654 659 663 667 668 669 672 679 685 687 696 698 706 709 711 714 717 719 723 725 728 730 732 737 743 745 746 750 754 760 763 769 773 777 781 785 786 790 795 797 798 800 804 807 812 814 815 818 819 823 828 831 835 837 841 845 846 852 855 860 865 867 870 873 876 877 883 888 891 892 897 901 907 912 915 917 920 921 924 931 932 933 934 939 946 947 951 956 960 
323 363 366 376 378 382 389 391 396 406 407 410 419 425 430 433 446 450 452 455 458 470 473 479 482 487 495 499 502 509 518 523 528 530 532 536 543 546 549 556 557 560 563 566 568 575 579 580 584 585 591 596 599 603 606 612 617 620 624 628 630 632 635 640 642 647 655 661 664 668 672 675 676 681 687 690 699 703 710 711 712 716 719 722 725 728 729 733 736 739 747 751 752 753 755 763 765 772 774 780 783 789 791 794 798 801 802 805 808 810 816 817 818 819 822 824 832 836 840 842 843 848 851 853 856 862 868 870 874 878 882 886 887 889 893 896 898 903 909 916 918 919 921 924 926 932 934 937 940 944 947 951 953 958 961 
325 364 368 380 383 384 393 394 397 410 413 417 422 426 432 435 448 453 457 460 462 474 478 482 485 489 498 500 505 511 520 527 529 533 537 541 545 550 553 560 562 563 567 568 570 577 583 585 587 588 592 600 601 606 608 616 619 624 627 632 636 640 642 644 647 648 658 662 666 669 675 676 680 684 691 693 703 707 714 715 717 718 722 724 726 729 731 735 738 742 749 755 758 760 763 764 767 775 776 781 786 791 792 796 800 802 806 807 812 813 817 821 824 825 829 831 836 840 842 845 849 850 854 856 858 865 872 876 878 881 886 890 894 897 901 905 908 910 913 918 919 920 922 928 929 935 938 942 944 945 949 954 955 962 965 
326 365 369 382 384 386 395 396 401 411 415 418 423 427 433 438 450 454 461 463 465 478 480 484 489 490 501 505 507 513 522 531 532 536 541 545 547 552 557 562 563 565 571 574 578 581 585 589 590 591 593 601 602 609 611 620 623 627 629 636 639 641 645 648 650 651 661 664 669 673 676 678 683 687 692 696 706 709 716 718 722 723 725 726 727 731 733 739 740 745 753 759 761 764 767 770 773 779 782 785 788 795 797 799 801 803 807 809 814 818 821 822 828 830 834 837 839 844 848 851 855 858 861 862 863 868 874 877 879 884 888 891 895 899 904 909 911 912 914 921 923 925 926 931 932 936 941 945 948 951 953 955 959 964 966 
327 367 372 386 387 390 397 399 404 412 416 420 427 428 435 440 452 456 463 466 467 479 482 486 490 493 503 507 509 516 526 535 537 540 543 546 549 556 559 565 568 570 575 576 580 585 589 593 597 600 603 606 610 611 612 622 627 628 632 639 643 644 646 651 652 656 664 665 671 675 679 680 685 688 696 697 709 711 718 721 723 727 728 732 736 737 740 744 747 749 756 761 764 767 770 772 775 781 783 787 792 799 802 806 808 810 814 817 818 820 825 827 829 831 837 839 843 846 850 852 859 861 863 867 871 875 879 880 881 888 889 895 897 902 905 910 913 916 917 924 927 929 931 933 935 939 942 948 949 953 957 959 961 966 969 
330 369 373 390 393 395 401 405 408 416 417 422 430 433 438 444 454 458 466 467 470 482 485 487 491 494 506 511 513 519 530 536 540 543 546 550 551 557 562 569 573 577 580 584 587 589 590 597 599 602 605 610 611 614 618 626 629 632 635 640 644 647 648 654 658 662 666 670 675 678 683 686 689 690 700 702 711 712 719 724 728 732 733 737 741 745 747 751 753 754 757 762 767 770 772 776 780 783 784 788 793 803 806 807 811 815 816 818 821 823 829 832 834 838 841 843 847 849 852 853 862 863 864 871 875 879 881 883 887 889 892 897 901 905 909 914 915 920 922 925 928 933 936 937 941 945 947 952 955 956 961 963 965 968 973 
332 371 375 393 394 397 402 406 409 418 422 423 433 437 440 445 455 462 467 469 472 485 486 491 495 496 507 515 519 523 531 540 544 547 551 554 558 560 566 572 576 580 584 585 591 594 596 599 603 605 609 612 615 618 619 629 630 636 638 644 647 648 651 655 661 666 669 671 676 679 684 690 691 693 701 703 712 716 720 726 729 735 736 740 742 746 748 752 756 758 760 765 768 772 773 779 784 786 788 792 797 804 807 811 815 816 820 824 828 831 832 835 839 840 842 845 851 852 854 858 864 865 868 874 878 880 885 887 888 892 894 898 904 908 913 916 917 924 925 929 933 935 939 943 944 946 950 954 959 960 962 966 970 971 975 
334 375 379 397 400 402 405 408 411 419 425 428 434 438 443 448 459 465 468 471 473 486 487 495 499 501 508 517 523 525 533 543 546 548 555 558 562 563 567 575 578 581 587 591 594 595 598 602 604 607 611 616 618 620 622 630 631 637 642 646 649 653 654 657 663 668 673 674 679 682 686 691 694 696 704 705 713 719 721 730 734 737 740 741 744 749 751 753 758 759 763 767 770 776 778 782 788 789 790 793 798 808 811 812 818 819 821 825 829 833 834 839 841 843 844 848 854 857 858 862 868 870 873 875 879 882 887 890 893 895 897 901 906 909 915 918 922 927 930 931 937 940 943 944 948 951 954 958 962 963 966 969 972 976 979 
335 379 380 399 402 406 409 413 416 423 429 431 436 441 447 450 461 467 472 476 478 487 488 496 501 505 511 519 526 530 536 546 550 553 559 562 565 566 568 578 581 583 591 592 597 599 602 606 610 612 613 618 620 621 626 633 636 639 644 647 651 657 660 662 664 669 676 677 680 685 687 692 698 702 705 707 717 720 724 732 735 738 744 747 748 751 754 756 759 760 765 770 771 779 783 787 789 791 792 794 801 811 814 818 820 823 827 829 832 837 840 844 847 850 851 852 855 860 862 865 870 871 876 880 883 884 888 892 896 898 902 904 910 911 917 922 924 928 933 934 941 944 948 950 952 956 958 959 966 970 974 975 978 982 984 
338 383 387 402 406 409 411 416 419 424 432 434 439 442 449 451 462 470 476 480 481 491 494 499 505 509 515 523 529 531 537 549 554 557 560 564 566 569 572 582 585 587 592 594 600 602 605 610 611 615 616 621 622 625 627 636 638 641 646 651 655 659 663 664 667 670 680 682 684 688 690 695 699 704 708 710 718 721 728 734 738 742 748 752 755 756 759 761 762 763 766 773 775 783 785 790 793 794 795 796 802 814 817 821 823 826 829 831 833 840 842 847 848 854 856 858 860 861 865 869 874 877 881 885 889 893 894 897 901 902 903 905 911 915 920 923 926 931 937 939 945 949 950 953 956 957 961 962 968 972 976 980 982 986 990 
339 385 391 405 407 411 413 419 420 428 434 437 440 445 450 455 464 473 477 482 484 493 498 502 508 512 518 525 531 534 538 553 558 560 563 567 568 572 573 586 590 592 596 600 601 603 607 612 613 617 620 622 624 627 630 637 641 644 649 653 657 662 667 670 671 672 684 688 690 692 694 698 703 707 710 711 719 725 731 735 740 746 751 756 757 760 763 765 766 769 772 776 777 786 789 793 797 798 802 805 809 818 819 823 826 827 831 834 836 842 845 851 853 856 859 863 866 869 873 876 878 880 884 888 891 895 899 903 905 908 912 916 920 921 925 927 929 935 939 941 948 951 952 954 959 962 963 965 970 975 980 983 986 987 991 
341 388 395 408 411 414 418 422 426 430 438 440 442 449 453 458 468 474 481 483 487 494 499 505 509 514 521 529 534 537 541 555 559 562 564 568 571 575 578 588 593 596 600 602 603 607 611 616 619 622 624 628 630 634 637 639 644 646 652 656 661 665 669 672 675 676 687 690 691 695 696 699 707 710 714 716 721 727 734 737 741 747 755 757 761 763 767 771 773 776 780 781 785 789 792 797 801 805 808 809 812 822 823 824 827 831 832 836 837 845 849 852 856 858 860 864 869 873 877 881 882 886 888 891 892 899 901 905 909 910 913 918 924 928 930 932 936 938 940 945 952 955 958 959 962 964 968 972 974 977 984 987 988 989 992 
343 390 399 411 412 418 419 426 428 433 439 444 445 453 455 460 472 478 482 484 488 498 502 508 512 515 523 531 538 541 544 559 562 566 570 572 575 576 580 589 597 598 603 607 608 612 616 617 620 623 626 629 632 636 640 644 645 647 654 657 662 667 670 673 677 679 691 695 699 703 705 709 712 713 716 718 723 729 736 738 744 749 756 761 762 764 771 775 778 780 784 785 788 791 793 798 804 809 813 814 815 824 828 830 831 833 836 837 838 848 851 855 860 864 867 868 870 875 880 882 885 890 891 894 895 902 903 907 910 914 916 922 926 932 936 940 943 946 950 952 954 959 960 963 964 966 971 975 977 981 986 989 991 994 997 
345 392 400 415 417 421 422 427 430 435 440 445 447 454 457 462 475 481 483 487 491 501 506 510 513 516 525 533 541 545 547 562 565 570 571 575 578 580 583 590 599 603 604 610 614 617 620 624 625 628 630 633 634 637 644 647 651 653 658 662 666 668 672 677 680 684 692 699 701 704 709 710 715 719 722 725 727 732 738 741 745 752 759 762 765 766 773 779 783 785 788 789 790 792 795 800 805 813 815 817 818 825 832 834 837 838 839 842 845 852 856 859 864 867 870 874 878 879 882 884 889 893 895 898 901 905 906 910 913 916 920 925 927 934 939 941 944 948 951 955 957 960 964 967 968 972 975 978 982 986 987 990 995 996 1000 
347 396 403 419 422 423 425 431 432 439 441 448 450 455 458 463 479 485 489 491 495 505 510 514 518 519 529 535 543 549 553 563 568 574 575 577 579 583 586 594 601 606 609 612 618 621 625 627 630 632 633 634 638 639 648 650 653 655 661 666 670 673 674 678 681 688 693 703 706 707 711 713 717 721 723 727 730 734 741 744 749 756 761 764 767 768 774 783 785 786 792 796 799 800 803 806 810 817 818 821 825 826 834 838 840 844 846 848 851 853 859 861 866 868 874 875 882 884 887 890 891 895 898 899 903 909 913 917 921 925 926 930 933 938 940 944 947 949 955 959 962 963 967 971 973 976 978 982 986 989 993 995 996 1000 1001 
349 397 407 421 423 425 426 433 436 441 442 452 456 459 461 465 482 489 491 493 496 506 514 515 521 524 532 538 547 553 556 564 571 575 576 579 580 587 590 598 604 607 611 613 621 622 628 631 634 637 638 640 644 645 649 653 655 656 663 668 674 677 679 682 683 689 695 704 709 710 712 715 718 724 727 731 735 737 742 745 752 759 765 766 770 772 778 787 789 790 793 800 802 805 806 810 811 821 825 827 829 833 835 841 845 846 849 852 853 857 860 865 868 871 875 878 885 887 888 892 894 897 902 905 909 912 916 920 922 928 932 935 938 939 943 948 951 952 959 960 963 965 969 975 977 980 982 984 988 992 996 997 1001 1003 1007 
352 398 411 422 426 429 433 436 440 442 445 456 459 463 466 469 483 492 493 496 498 510 517 519 525 528 536 542 551 554 558 565 572 576 578 580 582 591 593 602 608 609 614 617 625 629 631 634 635 641 642 646 647 648 653 655 659 663 664 671 678 679 683 684 687 692 699 708 713 715 718 721 725 727 729 732 738 742 745 746 756 763 766 770 771 773 782 790 792 796 800 804 805 807 811 812 814 824 826 829 833 835 836 842 846 848 850 854 855 858 861 868 871 874 876 882 889 890 894 897 901 904 906 909 913 916 918 924 927 930 936 939 941 944 947 949 955 957 963 964 965 969 970 976 979 983 984 985 990 996 999 1002 1004 1006 1011 
354 401 414 424 427 432 434 437 443 444 447 460 464 467 468 473 486 494 495 498 502 513 520 522 528 531 539 544 555 556 560 566 575 578 582 583 586 594 598 606 611 613 616 618 628 633 637 638 642 646 649 651 652 654 656 660 664 667 668 674 680 682 686 688 692 693 701 712 715 716 719 723 729 732 734 736 740 744 746 749 758 767 770 772 775 777 783 791 793 797 803 808 812 816 819 820 823 825 830 832 835 838 839 843 850 854 857 858 860 864 866 871 874 876 880 884 892 896 900 902 903 905 907 911 917 921 922 927 931 934 938 943 947 951 955 959 962 966 970 971 975 976 980 981 985 989 990 993 995 997 1002 1003 1006 1010 1015 
358 404 418 428 431 434 437 439 445 446 448 463 468 470 472 475 489 498 499 500 505 515 524 526 530 534 541 548 556 558 564 568 578 579 583 584 588 597 601 608 614 615 620 622 632 635 639 643 645 647 651 655 659 661 663 665 667 668 672 675 684 688 691 692 694 695 705 713 718 722 725 726 731 733 737 741 745 748 751 752 762 768 773 777 779 780 784 792 796 801 807 810 813 818 822 823 826 829 831 835 836 841 845 846 852 856 858 861 865 869 871 874 876 877 883 888 894 899 903 905 908 912 915 918 920 923 927 930 932 936 940 946 948 955 959 962 964 970 972 976 980 981 982 984 986 993 995 998 1001 1004 1005 1006 1009 1012 1019 
360 407 420 429 432 436 439 443 446 449 453 466 472 474 475 479 491 501 505 508 512 518 528 529 532 535 542 550 558 561 567 572 580 582 585 589 592 601 604 610 615 616 623 624 635 638 641 646 650 654 656 660 661 663 666 670 672 676 677 679 686 690 693 696 700 702 707 715 720 723 729 731 735 736 738 743 749 753 755 756 766 769 774 780 783 784 787 795 797 802 809 811 817 820 824 826 830 832 833 838 842 844 846 849 853 857 859 862 868 873 876 879 880 882 887 890 896 902 906 909 910 916 919 923 925 927 930 933 934 940 944 948 952 958 960 964 965 974 975 980 984 987 991 993 995 996 999 1001 1004 1008 1012 1014 1016 1020 1021 
364 409 422 433 435 439 441 444 447 452 457 470 474 475 476 480 495 504 507 511 513 522 532 534 538 540 543 552 560 563 571 574 584 586 588 590 594 603 606 611 619 622 624 625 639 642 646 648 653 655 659 663 665 667 669 671 674 677 678 681 688 694 696 698 704 707 710 718 723 727 730 732 737 739 740 747 750 756 757 760 770 771 775 784 785 786 789 796 801 805 810 815 818 821 825 828 833 836 838 840 843 847 849 853 856 861 863 865 869 874 880 882 884 885 889 891 897 904 908 912 915 920 924 926 930 931 933 935 936 944 945 949 955 960 964 965 967 977 981 982 987 991 992 995 998 1000 1001 1005 1007 1011 1015 1017 1018 1022 1025 
367 412 423 437 440 441 442 448 452 453 461 471 478 481 485 489 499 507 510 513 517 524 536 538 542 543 547 556 562 567 572 578 585 588 592 593 595 607 611 612 620 623 628 629 643 645 647 651 654 658 662 664 667 671 674 675 679 683 684 686 690 698 700 701 706 709 713 721 726 729 733 734 738 741 744 749 751 758 761 762 773 775 777 787 791 793 796 798 805 806 814 819 820 824 827 829 834 840 844 845 846 851 853 857 861 864 867 869 873 878 882 885 888 892 893 895 898 905 911 913 918 922 926 927 931 935 937 941 945 948 951 955 957 963 968 969 973 980 984 988 990 992 996 998 1001 1005 1006 1010 1011 1014 1019 1021 1025 1027 1028 
368 414 426 441 444 447 450 454 456 457 463 473 479 483 488 491 502 510 513 515 520 525 540 541 546 547 548 557 565 568 576 580 587 592 593 596 597 610 615 618 624 626 631 634 646 647 650 652 657 661 666 668 669 674 678 681 685 687 691 692 695 702 706 710 711 715 719 723 730 732 734 735 742 744 747 753 756 760 765 767 776 777 780 791 795 798 802 804 807 809 816 823 827 831 833 835 838 843 846 849 850 855 858 861 864 865 869 871 877 882 883 887 891 896 897 899 901 907 912 914 921 926 929 931 932 939 940 944 948 952 955 959 963 967 972 973 976 983 988 992 994 995 997 1002 1005 1007 1008 1014 1017 1020 1023 1026 1029 1033 1036 
371 415 428 444 448 449 451 456 460 461 467 476 483 487 492 495 505 514 515 516 524 526 541 544 550 551 554 558 568 570 578 584 590 594 597 601 603 611 618 620 628 631 632 638 649 652 656 659 663 664 670 674 676 679 682 686 687 690 693 696 700 704 709 713 715 717 722 725 732 733 738 739 743 748 751 754 760 761 767 771 779 782 783 794 797 801 804 806 811 813 819 826 828 834 835 837 840 845 849 851 855 857 859 862 866 870 873 875 878 886 887 890 894 897 901 903 906 908 914 915 924 927 931 934 938 940 944 945 951 953 958 960 967 969 975 977 978 987 991 995 997 998 1002 1003 1007 1010 1013 1017 1018 1022 1027 1030 1032 1035 1040 
375 417 431 448 451 453 455 458 464 466 470 477 485 489 494 497 508 518 522 526 528 530 543 547 553 557 560 561 569 571 580 588 592 596 601 605 606 614 622 626 631 635 638 642 652 655 658 660 664 665 671 676 680 683 685 687 691 692 697 698 702 707 711 716 717 719 725 728 733 735 740 743 746 749 754 758 763 767 769 775 783 786 788 795 799 804 806 807 813 816 823 830 831 835 836 840 843 849 852 854 859 860 864 865 870 871 874 878 880 889 891 895 898 901 903 906 907 910 917 918 928 932 936 937 939 941 948 950 953 955 959 962 971 974 979 980 983 989 993 998 999 1000 1005 1006 1010 1012 1015 1020 1024 1025 1031 1032 1035 1037 1041 
377 420 432 451 455 457 460 463 467 469 474 481 486 493 496 499 510 519 525 530 534 536 544 551 556 559 563 566 572 576 583 591 596 600 604 609 611 615 624 630 634 636 642 644 653 659 662 666 668 671 674 679 682 684 687 690 692 694 700 703 707 708 713 718 719 720 728 729 734 737 744 748 750 753 756 759 764 769 773 777 785 787 791 796 800 806 807 809 816 819 826 834 835 839 843 846 850 853 856 860 864 868 869 873 876 880 881 882 886 890 893 896 899 903 906 907 911 914 920 923 929 933 937 939 941 945 949 951 954 956 960 964 975 979 980 983 987 992 994 1000 1004 1008 1012 1015 1017 1018 1022 1023 1028 1029 1032 1035 1038 1040 1043 
381 421 436 452 458 462 465 468 470 472 476 484 487 495 500 504 512 522 528 532 536 539 547 553 558 560 567 570 575 579 585 593 597 604 606 610 615 616 625 632 637 641 645 647 655 660 663 669 673 676 677 682 684 686 691 694 697 699 702 704 709 711 716 721 722 725 731 732 736 738 747 750 752 754 759 763 765 770 776 781 789 790 792 797 804 809 812 813 818 821 830 835 837 840 844 849 852 854 860 863 867 870 872 876 878 883 885 888 891 892 894 900 903 904 909 911 915 919 922 927 931 935 939 940 944 946 951 955 959 963 965 967 976 983 986 990 991 993 996 1001 1005 1009 1013 1017 1019 1021 1023 1024 1029 1030 1036 1038 1041 1043 1046 
382 423 439 455 462 465 469 470 473 476 478 486 491 499 502 508 515 523 530 533 540 543 551 556 561 564 569 574 578 581 589 596 598 607 609 611 617 618 627 634 638 645 649 650 658 664 665 672 676 680 684 688 690 691 692 696 701 703 707 710 712 713 717 725 729 730 734 736 740 744 748 751 756 757 761 765 766 771 779 782 792 793 794 801 808 812 816 819 820 825 831 838 842 846 850 854 857 859 862 864 869 873 877 879 882 887 888 889 892 895 898 903 906 909 912 915 919 922 923 930 933 937 940 942 945 949 954 957 961 966 969 971 980 984 990 993 997 999 1002 1003 1009 1013 1016 1021 1022 1025 1026 1028 1031 1034 1038 1040 1045 1049 1051 
383 424 441 456 463 467 472 476 477 479 480 490 493 501 506 511 519 525 533 534 542 544 555 559 562 566 571 578 579 583 590 599 601 609 613 614 621 623 628 636 641 648 652 656 662 668 672 673 678 684 685 690 694 698 699 703 704 708 709 713 715 717 719 729 733 735 739 742 745 749 750 752 758 760 764 766 768 775 783 784 793 796 798 802 809 814 817 823 827 831 834 840 846 849 854 855 860 862 863 868 870 877 880 883 887 890 894 896 899 903 904 908 910 914 915 919 921 926 928 932 937 941 943 946 947 952 956 959 963 970 972 975 982 985 992 994 1001 1004 1008 1009 1013 1015 1019 1024 1027 1031 1032 1033 1034 1036 1040 1042 1046 1051 1054 
