5 6 7 10 13 14 16 19 22 25 28 31 32 36 40 44 45 49 50 51 52 53 55 57 60 62 66 69 72 74 76 77 81 82 85 88 90 91 93 96 97 101 102 104 107 111 113 115 117 118 119 121 125 127 128 132 136 139 142 144 145 147 148 151 
7 9 13 17 20 21 23 24 28 32 36 39 41 45 48 52 56 58 59 61 64 66 67 68 70 71 73 77 81 82 86 89 90 93 97 100 102 105 107 111 115 117 119 121 122 124 128 130 131 132 134 137 140 141 142 143 146 147 150 152 153 157 161 163 
10 12 17 20 21 22 27 31 32 36 40 44 46 47 49 56 60 62 66 69 70 71 72 75 76 79 80 83 84 88 91 95 97 98 101 103 104 107 110 112 118 122 126 129 133 136 137 141 143 145 147 150 151 152 153 157 159 161 164 167 168 172 174 178 
13 15 21 22 23 25 31 35 37 39 44 46 50 51 54 58 63 67 69 73 77 78 79 82 83 84 86 89 91 95 96 100 103 104 106 109 111 112 113 115 119 125 129 133 136 140 141 142 145 147 149 151 155 157 161 165 169 173 174 177 179 182 186 188 
15 19 24 27 30 34 36 40 41 42 46 49 54 56 59 60 65 69 73 74 80 84 86 90 92 94 98 100 101 105 107 109 112 114 115 116 118 122 124 125 129 130 133 135 137 142 144 148 149 153 156 159 162 163 164 169 170 176 179 183 184 186 190 191 
19 22 28 29 31 35 39 42 44 48 49 51 58 59 62 65 68 71 75 78 82 88 92 94 97 101 103 106 108 112 116 120 122 126 128 130 132 134 138 140 143 146 150 151 153 157 159 160 161 164 166 169 172 175 179 180 182 183 185 188 191 192 195 198 
23 24 31 35 38 40 41 44 45 52 55 57 61 65 68 71 72 74 76 81 85 90 95 99 101 102 107 111 114 116 119 122 124 128 129 131 135 137 139 144 147 151 153 157 160 162 163 165 168 171 174 177 180 184 186 187 189 191 192 194 196 198 202 205 
24 28 34 36 39 41 42 47 48 56 58 59 64 69 70 75 78 80 83 85 87 91 98 101 104 105 108 114 115 118 123 124 125 130 133 135 139 140 141 145 150 155 159 160 163 164 168 170 174 177 179 181 182 185 189 192 195 197 198 201 204 207 209 212 
26 32 35 40 42 46 50 52 53 58 61 64 68 71 75 78 82 84 88 92 94 95 100 105 107 110 111 118 121 123 124 128 132 135 137 139 140 142 143 148 151 158 163 165 169 172 173 175 176 179 183 187 191 194 198 199 200 204 205 206 207 208 210 215 
27 36 40 44 46 47 53 55 56 61 65 67 69 74 78 80 85 88 91 96 100 101 102 107 110 114 115 122 126 129 133 135 138 139 142 146 150 154 156 159 161 165 168 170 174 177 179 181 182 186 189 192 193 195 199 201 204 206 210 212 213 214 217 221 
31 37 44 47 48 51 55 59 62 64 67 68 72 76 79 82 87 91 95 99 102 103 104 109 114 118 120 124 130 133 136 139 143 144 145 150 154 155 157 162 166 167 171 172 175 181 182 185 189 191 194 197 200 202 205 207 210 211 214 217 220 221 223 227 
34 41 46 49 50 52 56 63 66 69 70 74 75 79 82 85 91 94 96 102 106 109 112 114 116 119 124 126 132 134 138 141 144 147 148 153 157 159 162 163 168 171 175 179 183 185 187 189 191 195 199 201 202 204 209 212 214 216 219 221 224 228 230 233 
38 42 50 52 54 56 60 64 70 73 75 79 80 81 85 88 94 95 99 103 108 112 114 118 119 122 127 129 134 135 142 146 149 151 152 154 161 163 165 166 170 172 179 180 184 186 189 190 192 197 202 203 204 207 212 216 220 223 226 229 232 234 238 239 
39 44 53 54 56 60 61 68 71 76 80 83 86 89 90 91 95 98 102 107 110 116 117 119 123 125 131 135 138 139 143 147 150 154 158 161 163 164 167 169 172 173 183 186 187 189 191 194 197 198 206 210 212 214 215 217 224 228 230 231 235 237 239 242 
43 48 57 60 63 64 65 72 73 80 81 86 90 91 95 97 98 100 105 110 112 118 119 120 124 127 133 137 139 143 145 149 151 155 160 163 167 171 173 176 177 179 187 189 191 192 195 199 200 204 207 212 213 217 221 223 228 232 236 237 241 244 245 247 
44 50 60 63 67 68 70 75 77 83 87 88 94 97 100 103 106 110 114 115 117 121 122 126 130 132 136 139 142 145 149 150 152 157 163 166 168 174 178 179 181 183 190 191 195 198 200 202 203 208 211 214 216 221 225 228 232 233 239 242 244 248 250 254 
47 51 63 66 70 72 75 78 80 87 91 92 97 98 101 107 108 114 117 120 122 125 126 129 132 134 137 140 144 148 151 155 159 162 165 169 171 175 179 181 182 186 191 194 199 201 205 206 208 210 214 215 218 222 228 232 234 236 243 245 248 249 252 258 
48 53 64 69 71 75 76 81 83 90 92 96 101 104 107 109 110 116 121 123 127 128 130 134 135 138 139 142 147 152 156 160 163 167 171 174 177 178 180 182 186 188 195 199 200 205 209 213 215 217 219 223 227 228 230 234 237 238 245 248 250 253 254 259 
51 57 68 71 75 78 80 85 89 91 96 100 105 106 109 110 112 118 124 127 128 132 134 135 139 142 143 147 150 156 157 162 167 170 173 175 180 183 185 189 190 192 197 203 205 209 213 215 216 220 223 225 228 231 233 237 241 242 246 252 256 258 259 261 
53 60 70 72 76 80 82 86 92 95 98 102 108 109 113 116 120 123 128 130 132 136 140 143 144 145 147 149 153 157 159 166 168 174 177 181 184 187 189 193 196 197 198 204 208 212 215 218 222 224 228 230 232 235 237 241 244 245 249 255 258 262 266 270 
56 64 74 76 77 84 85 88 94 97 101 104 112 115 116 120 123 124 130 134 136 137 143 147 151 152 153 156 157 159 160 170 173 177 179 183 187 190 193 197 200 204 206 210 214 216 220 221 226 227 231 233 236 240 241 245 249 253 256 260 262 265 267 272 
57 66 77 78 80 88 92 93 96 100 104 107 116 120 124 126 130 131 134 135 137 141 147 151 152 154 157 158 159 161 165 171 175 178 182 184 191 194 198 199 203 207 211 214 215 220 222 224 230 232 233 235 237 241 243 248 252 256 258 264 268 270 272 273 
61 70 81 82 83 91 94 98 100 104 105 108 117 122 126 128 132 134 136 138 139 145 150 155 159 163 165 169 172 173 177 181 184 187 189 192 196 197 200 201 204 208 213 215 216 223 226 228 231 236 240 243 245 248 251 253 255 260 264 268 270 273 275 277 
64 72 85 88 92 95 98 101 105 109 111 112 120 123 130 134 137 140 143 144 146 150 154 159 163 167 171 173 176 177 179 184 188 190 194 198 199 203 207 210 214 218 222 223 226 228 232 234 235 237 242 244 248 251 252 256 259 262 267 271 272 276 279 281 
67 75 86 90 95 98 101 105 107 113 114 116 124 127 132 135 138 143 145 148 152 155 158 160 166 169 172 175 178 181 183 186 190 192 198 199 200 205 210 212 218 220 223 225 230 233 234 236 237 239 244 246 251 253 254 257 261 266 270 272 274 277 283 284 
69 76 90 93 99 103 107 111 114 115 116 119 127 131 136 139 142 147 151 153 157 159 162 165 167 170 175 177 182 185 189 191 192 196 201 202 205 209 214 217 220 224 226 229 232 235 238 239 242 244 247 251 253 256 258 262 264 269 273 277 281 283 286 288 
71 78 92 96 100 106 109 115 119 122 125 128 131 134 137 141 143 148 155 156 161 165 168 172 175 176 180 184 186 187 191 192 194 200 205 208 211 215 218 222 225 228 232 233 237 239 243 244 246 248 249 254 257 258 262 266 269 271 276 279 284 288 289 292 
73 79 95 100 104 110 111 117 120 124 126 129 135 138 140 142 144 152 158 159 163 169 172 175 178 179 181 188 192 196 200 203 207 209 213 214 217 221 222 225 229 232 236 239 241 244 247 248 250 252 254 257 259 261 266 267 270 272 279 283 287 290 293 294 
76 81 98 104 108 113 117 121 123 125 127 132 138 139 144 147 151 155 159 163 166 170 174 179 183 186 187 192 195 197 204 208 211 215 216 220 223 227 229 232 236 240 242 244 246 248 252 254 256 258 261 263 267 271 273 277 278 280 284 285 290 292 297 299 
77 83 102 108 110 114 119 122 127 129 132 133 141 143 145 149 153 157 163 166 170 172 178 181 185 190 194 196 199 200 205 209 214 216 219 222 227 229 233 234 237 243 244 245 248 252 253 257 261 262 264 268 272 276 279 283 284 288 291 294 295 299 301 303 
79 84 105 109 112 115 122 126 128 131 135 136 143 146 148 150 157 161 165 168 172 173 179 183 188 193 198 200 204 207 211 213 217 220 223 225 230 232 234 238 242 247 251 254 256 259 263 265 268 271 272 276 278 279 282 285 289 290 295 296 297 303 307 309 
82 87 108 110 113 116 125 127 130 133 136 137 145 149 150 154 160 165 167 170 175 176 181 185 190 196 201 202 205 211 212 215 221 223 226 229 234 236 237 240 246 248 254 257 258 260 265 266 269 272 275 278 281 285 288 290 292 295 298 302 306 310 313 315 
86 90 109 111 117 120 127 128 134 137 141 145 146 152 155 158 162 169 172 175 178 179 182 189 192 199 204 207 210 214 215 219 222 225 230 231 235 239 242 246 247 250 256 258 260 261 268 272 275 279 280 284 286 289 290 294 297 301 302 303 309 314 318 322 
89 94 112 116 121 125 130 134 135 141 145 147 151 153 158 162 163 173 174 178 179 182 184 191 196 203 207 210 211 217 219 220 226 230 232 236 239 240 246 248 252 253 260 262 266 267 269 274 277 282 284 286 288 292 293 297 300 304 305 307 310 316 322 326 
93 97 115 120 124 127 133 135 137 143 146 151 153 157 160 165 167 177 178 180 181 186 188 192 198 206 208 211 215 221 222 223 227 233 234 239 240 243 249 250 256 260 263 264 268 272 273 276 280 286 289 293 294 298 300 301 305 307 309 310 313 317 324 329 
94 98 118 122 128 130 137 140 142 147 150 152 156 158 161 168 171 180 181 185 188 190 191 195 200 207 211 215 218 223 225 229 232 235 237 241 245 246 250 251 258 263 266 267 270 276 277 280 282 287 291 296 297 301 302 304 308 311 315 319 321 322 325 332 
97 101 119 125 132 135 141 143 145 148 153 157 159 163 167 172 176 181 183 187 190 192 193 198 202 211 215 217 219 226 230 231 236 239 240 244 247 251 252 253 260 264 267 269 272 279 281 283 285 289 294 300 304 306 310 314 315 316 317 322 326 327 328 336 
101 104 122 127 136 137 143 146 147 151 157 160 161 166 168 174 178 182 187 191 192 196 198 202 205 213 218 222 223 227 232 234 237 240 243 248 250 255 259 263 266 269 271 274 278 283 284 286 289 293 298 302 306 308 313 315 318 321 325 327 331 335 336 338 
105 108 126 129 139 143 146 148 150 153 158 161 164 169 172 175 180 185 189 193 196 199 200 204 209 217 222 225 227 230 236 238 240 243 246 249 253 258 260 267 270 272 274 277 282 284 288 292 296 298 301 304 307 309 314 317 321 324 326 330 335 338 339 341 
108 109 127 133 141 144 147 150 153 156 159 164 168 170 173 177 184 188 191 197 199 201 202 206 213 218 225 227 230 232 237 242 246 247 250 251 257 260 261 269 272 273 276 278 283 286 291 294 297 300 302 305 310 313 315 318 325 326 328 333 338 339 342 344 
112 115 131 137 145 148 149 153 156 158 160 167 172 175 177 179 187 191 192 201 202 206 207 208 216 222 229 232 234 237 241 243 248 249 252 256 258 264 267 270 274 277 280 283 284 290 294 296 300 303 304 308 314 316 320 321 328 329 330 335 339 341 344 347 
116 117 135 140 149 152 155 157 161 165 166 171 175 176 179 181 188 193 194 203 207 208 211 214 218 226 233 236 237 238 243 244 250 251 253 259 263 266 271 272 277 278 282 287 291 293 296 297 302 304 307 310 316 319 322 323 330 331 332 337 340 342 346 348 
118 122 139 143 151 156 157 159 163 169 173 177 181 184 185 187 191 195 198 204 209 213 214 216 221 228 237 240 243 244 248 251 253 256 257 260 267 269 273 277 280 284 285 290 294 298 299 303 307 308 310 312 317 323 327 328 332 335 337 341 344 345 348 350 
121 125 141 144 154 160 163 166 169 173 176 181 185 186 189 192 193 197 199 206 210 214 218 221 225 230 241 244 248 249 251 255 258 260 264 266 269 272 275 278 282 287 289 294 297 302 306 307 309 311 313 317 321 325 330 333 334 338 340 343 348 351 353 356 
124 126 143 145 158 162 167 171 174 177 179 184 188 192 196 200 204 208 211 212 215 216 221 224 228 233 243 246 251 254 255 257 259 264 268 269 273 277 280 282 286 289 292 298 301 305 307 308 313 314 316 319 324 327 331 334 337 340 344 346 352 356 357 358 
126 130 145 148 162 166 171 174 175 180 181 187 192 194 198 203 207 212 214 215 218 221 223 225 231 234 245 250 252 255 259 262 264 267 272 275 278 281 284 287 290 291 294 300 303 307 309 312 315 319 322 326 328 329 335 339 342 344 347 350 354 360 361 365 
129 133 148 152 163 170 173 178 182 184 185 190 193 198 201 207 210 214 216 217 221 222 225 227 233 235 247 254 258 262 265 268 271 273 277 278 282 283 287 288 291 295 299 301 306 309 313 315 316 321 324 328 332 334 336 341 346 349 352 355 358 363 367 370 
133 135 150 153 167 174 175 180 185 188 192 196 200 204 206 209 213 215 220 221 224 227 228 232 234 237 249 257 262 266 267 270 275 279 280 283 284 287 288 292 296 299 300 302 308 313 314 316 318 322 328 330 336 339 341 344 347 350 353 358 359 364 369 373 
137 140 152 156 171 176 180 182 189 191 194 198 203 207 211 213 216 217 222 223 226 229 232 235 237 241 252 259 264 270 274 275 278 283 285 287 291 294 296 300 302 304 306 308 310 316 319 321 324 327 331 334 339 342 346 348 350 353 356 361 364 368 373 376 
138 141 156 158 172 178 181 183 193 194 197 202 204 210 213 215 219 223 224 226 230 231 233 236 240 243 254 262 266 274 275 277 281 285 286 288 295 297 300 302 306 308 309 312 315 318 321 322 327 331 334 338 342 346 349 351 354 358 362 366 369 372 376 380 
139 144 157 159 175 181 184 187 197 201 204 206 210 211 215 218 222 225 226 230 231 235 239 243 244 245 258 266 267 278 282 283 285 288 290 293 297 299 301 303 309 311 315 318 321 324 325 328 331 333 337 341 344 350 354 355 356 362 363 369 371 375 380 382 
142 146 161 162 179 185 189 192 200 203 206 209 214 217 219 221 225 229 233 236 238 239 242 246 249 251 259 269 273 281 283 286 288 291 293 296 301 304 306 308 312 315 316 319 322 328 331 333 336 339 342 343 345 351 358 360 363 367 368 372 376 378 384 387 
143 148 162 166 183 189 191 193 203 207 210 212 216 220 221 223 227 230 235 240 241 243 244 248 252 255 263 272 275 284 285 287 289 293 295 299 303 308 309 313 314 316 319 323 326 330 335 338 342 344 348 349 353 356 361 365 366 369 370 373 380 382 388 391 
144 150 165 169 184 190 193 197 206 210 211 216 220 221 222 224 230 233 239 244 247 251 252 255 258 262 264 273 278 287 290 294 295 298 300 301 307 309 312 316 320 324 328 330 332 335 339 341 346 350 354 358 360 363 366 368 371 374 378 381 385 389 391 395 
148 151 166 172 185 191 194 199 210 211 214 217 222 223 226 229 231 235 240 245 251 252 256 259 263 264 266 275 282 289 291 297 298 299 301 303 309 313 315 318 321 326 331 332 335 337 342 343 349 352 358 362 363 366 369 373 374 378 380 382 386 392 394 398 
152 153 168 175 186 195 197 201 214 215 216 220 225 227 231 232 234 236 243 246 255 257 259 261 265 269 271 278 283 293 297 300 304 307 308 311 314 317 321 324 326 329 335 339 342 345 349 350 353 356 359 366 368 370 371 374 378 379 384 386 389 395 398 399 
154 156 171 179 187 199 201 202 218 220 222 225 228 231 235 238 242 243 245 250 259 263 265 268 272 275 278 281 285 296 300 302 308 309 313 315 318 322 323 328 332 335 338 343 346 349 352 356 359 360 361 369 370 374 377 380 383 385 389 393 395 397 400 403 
158 161 172 181 190 200 203 207 221 224 225 228 229 233 238 240 246 250 253 257 261 265 269 270 273 278 282 286 289 298 303 305 312 316 319 322 323 326 329 331 333 338 340 346 350 351 355 357 362 363 367 371 374 376 380 381 387 389 391 397 398 402 406 407 
161 164 176 185 192 202 206 209 225 229 233 236 240 241 242 244 249 253 257 261 265 266 271 274 276 282 286 287 292 301 304 308 316 319 323 327 330 333 335 336 337 341 342 347 352 355 357 360 364 365 368 372 377 380 384 385 390 393 394 398 401 405 410 411 
165 169 180 187 194 205 210 212 228 230 235 237 242 245 249 252 255 256 260 263 266 270 274 277 280 285 290 291 294 303 306 310 320 324 326 331 334 337 338 342 343 347 348 351 354 359 361 363 366 370 371 373 380 383 385 386 393 397 400 401 404 409 414 418 
168 170 183 188 198 209 211 214 230 233 239 241 245 248 251 253 259 260 261 266 267 272 275 281 283 289 293 294 296 304 308 311 323 325 329 335 337 340 342 346 347 350 354 356 358 363 366 369 371 374 375 378 382 386 389 390 396 400 402 406 410 412 418 422 
170 173 186 192 199 212 215 217 234 237 242 244 249 252 255 258 262 263 265 267 269 274 276 284 287 290 296 297 298 305 311 314 326 330 334 339 341 345 348 351 352 354 358 360 364 368 370 373 376 380 381 382 384 389 392 394 399 401 405 409 411 416 420 426 
173 174 189 194 203 214 218 220 237 239 244 246 253 254 257 262 266 267 268 269 271 276 279 285 290 293 297 299 303 306 315 319 327 332 338 343 347 351 353 356 357 359 360 363 368 371 375 377 379 384 388 391 395 397 399 401 405 407 408 412 415 419 424 428 
177 178 191 195 204 216 222 224 240 241 246 250 254 258 261 266 270 274 276 279 282 284 287 291 295 299 301 302 306 309 318 320 330 334 341 345 351 355 358 361 365 369 372 375 378 381 383 387 390 391 393 397 401 402 406 407 408 409 410 414 419 423 426 430 
