4 6 7 9 11 15 19 21 24 27 31 32 34 38 42 45 49 51 52 53 55 56 58 62 63 64 67 68 69 72 75 76 79 83 87 90 94 96 99 103 104 106 109 112 116 119 120 121 125 129 133 137 140 143 146 150 151 152 155 157 160 161 163 164 165 169 172 175 176 179 180 182 184 188 192 196 197 199 201 204 207 208 211 214 217 219 222 226 228 231 232 233 237 238 239 243 247 251 254 256 258 262 266 
6 10 13 17 20 24 25 29 33 34 38 40 41 43 47 51 55 59 62 66 70 71 75 79 80 84 85 88 90 93 97 98 100 103 104 105 107 108 109 113 116 120 122 126 129 133 134 137 141 144 147 151 155 158 160 162 164 166 170 174 177 180 181 185 189 192 196 197 201 202 205 207 208 209 212 214 216 220 223 226 227 228 229 232 235 238 240 241 244 246 247 251 253 255 257 260 262 264 266 269 273 276 277 
10 13 15 21 23 26 30 34 35 37 40 42 44 46 51 55 58 63 65 70 74 75 79 82 84 87 91 93 96 100 103 105 107 109 113 114 117 121 124 127 129 133 136 138 142 143 145 147 149 152 153 156 160 162 165 166 169 170 173 175 180 182 184 187 192 196 200 203 206 210 214 215 217 220 221 225 229 230 231 234 235 238 242 245 248 250 254 258 261 263 265 266 270 271 273 275 277 281 283 287 291 292 293 
11 15 19 25 28 30 32 37 40 42 46 50 53 54 58 59 61 67 69 73 76 79 82 83 86 91 93 94 97 101 107 110 113 114 116 118 120 125 128 129 130 136 138 142 144 146 149 153 156 159 160 161 162 164 166 170 171 172 177 178 183 186 189 191 194 199 202 207 210 213 217 221 224 228 232 234 236 239 240 243 247 248 249 252 256 257 261 263 264 267 270 274 276 280 284 287 288 289 291 293 295 297 300 
14 19 22 27 30 33 35 38 43 46 49 54 56 60 63 64 67 69 70 74 80 82 86 87 89 94 96 99 100 103 111 112 115 117 120 121 122 127 131 133 137 139 141 143 147 151 154 155 157 163 167 169 173 177 181 183 185 187 189 191 195 196 200 204 205 209 212 215 218 220 223 227 228 230 234 236 238 240 241 247 251 253 255 258 262 265 268 272 273 277 280 282 283 286 288 291 293 296 297 301 303 304 307 
15 22 24 28 33 36 38 41 47 49 50 55 57 63 67 70 71 74 75 77 81 83 88 91 95 97 98 100 103 106 112 114 118 120 124 127 130 133 137 140 143 144 148 152 156 157 159 161 164 166 168 173 174 180 183 184 189 193 194 196 200 201 203 205 206 211 214 216 222 223 226 231 235 239 243 244 247 250 253 255 256 257 261 262 265 269 272 275 279 282 284 285 289 290 293 295 298 301 302 306 309 310 313 
17 23 28 30 37 40 44 47 50 54 56 58 59 67 70 72 73 76 78 82 83 86 90 95 97 101 105 108 109 112 116 118 119 124 127 128 131 134 139 144 147 150 151 154 159 161 165 169 172 173 174 178 180 181 187 189 192 197 199 201 202 204 208 212 213 216 219 223 226 229 230 232 238 242 245 248 251 255 257 260 263 267 268 272 273 276 280 282 286 288 290 291 292 293 295 296 300 305 309 312 314 316 318 
18 26 29 33 41 43 45 49 51 55 60 61 65 68 74 75 77 80 81 84 86 89 93 99 101 102 109 110 114 117 120 121 122 128 130 134 138 142 144 147 151 153 157 161 163 167 169 170 174 175 179 183 185 186 191 195 199 200 204 208 212 213 215 216 218 219 223 225 228 232 234 238 239 243 247 251 252 257 258 262 264 269 272 274 278 280 282 285 287 291 294 298 302 303 305 306 310 313 317 319 320 324 328 
20 30 31 35 45 49 50 52 56 57 64 65 69 70 77 81 85 89 91 93 95 99 101 105 107 110 113 115 119 122 124 126 128 131 135 137 139 143 147 148 155 158 162 164 168 172 175 177 178 181 185 189 193 194 195 198 203 206 209 211 216 217 221 222 223 226 230 231 232 233 236 239 241 247 248 254 257 261 262 263 266 270 274 278 279 281 284 289 290 294 298 300 305 307 311 314 317 321 324 326 329 332 335 
23 32 35 36 49 52 53 57 58 62 68 72 74 76 80 82 87 93 97 99 100 103 105 107 111 114 117 119 120 125 126 127 131 135 136 138 141 145 148 152 157 160 163 166 170 174 177 181 184 186 190 192 195 199 200 203 207 208 213 217 218 221 222 223 224 227 234 238 240 242 245 249 253 254 256 259 263 266 269 271 274 276 277 280 284 286 288 291 293 295 301 302 306 309 312 315 321 324 325 327 332 333 339 
24 33 39 43 53 56 57 61 63 66 70 76 78 81 82 84 88 97 99 102 106 107 111 115 117 121 123 127 131 134 136 137 140 142 143 145 149 152 153 155 159 164 167 171 174 178 182 186 190 191 193 197 200 204 206 208 212 215 217 221 224 225 229 232 236 238 241 242 244 246 249 252 254 255 258 263 265 269 271 272 276 280 281 283 287 288 290 292 296 297 304 308 311 313 315 318 324 328 331 335 339 340 342 
27 36 42 46 56 57 59 63 66 67 71 78 79 82 86 88 91 100 103 106 109 110 112 119 123 124 127 131 135 136 137 139 144 147 151 153 155 156 157 160 162 167 169 174 175 179 184 187 191 195 197 198 201 208 212 214 216 218 220 225 228 229 232 235 238 241 244 245 248 249 251 255 257 259 263 264 267 270 274 275 280 281 282 287 291 292 295 296 297 300 308 311 312 315 318 319 326 331 333 336 342 344 348 
31 39 46 48 60 61 62 65 67 71 75 81 85 89 92 95 96 101 105 107 112 113 114 121 126 127 130 133 136 139 140 143 147 151 155 156 160 161 164 165 168 170 171 176 180 182 186 190 192 197 201 202 205 212 213 218 219 220 221 227 232 234 237 238 241 243 246 247 249 251 254 257 261 265 266 270 272 273 277 281 282 285 287 289 293 295 299 301 304 307 310 313 314 316 319 321 327 333 335 337 345 348 349 
34 43 47 50 63 66 70 71 72 75 79 85 87 92 96 100 104 108 112 115 119 120 121 122 129 131 134 137 141 145 147 150 154 157 158 161 163 164 165 168 172 176 178 180 184 188 190 194 195 198 202 203 209 214 215 222 224 227 228 231 235 236 241 243 247 248 250 253 255 256 257 261 263 267 268 273 277 281 283 287 289 291 294 295 296 297 303 305 309 310 313 317 318 320 321 325 329 335 336 339 349 350 353 
38 44 48 51 67 68 73 77 79 81 83 86 90 94 99 103 105 110 114 117 123 127 131 132 133 135 138 141 142 147 148 153 155 161 163 165 169 173 176 179 181 182 186 189 193 194 195 199 202 203 205 206 212 216 219 223 227 231 235 237 241 243 245 248 251 252 254 256 257 258 259 264 267 271 275 279 282 284 285 289 290 295 298 299 303 306 309 313 315 319 321 322 324 327 331 332 334 339 341 343 351 354 356 
42 46 51 53 68 72 76 78 83 86 90 94 95 97 102 107 109 113 118 121 125 130 132 134 137 141 142 144 145 150 151 156 160 163 166 168 171 174 178 181 183 184 190 193 197 198 201 204 205 206 209 213 215 219 222 225 230 234 236 241 242 247 249 250 255 258 260 264 268 272 275 276 279 281 284 286 290 293 294 298 299 302 305 309 313 316 319 322 323 327 328 329 333 335 339 340 342 346 350 352 353 357 359 
44 47 52 56 69 75 77 79 84 90 94 95 98 102 104 110 111 114 121 123 126 134 135 139 142 146 147 151 152 153 155 160 163 167 171 173 174 177 182 186 187 188 192 197 200 203 207 209 213 216 219 221 223 224 225 228 231 237 238 243 247 248 252 256 257 261 264 265 269 274 276 278 283 285 289 293 297 299 301 302 306 308 312 313 315 319 321 325 328 331 334 338 342 346 350 353 355 359 360 361 365 366 367 
46 50 54 59 70 79 83 86 87 91 95 98 101 105 108 111 114 115 124 125 130 135 137 143 144 148 150 154 156 159 161 164 167 169 172 176 179 180 184 190 194 195 196 198 204 208 210 211 214 218 220 225 227 229 232 235 239 240 244 248 252 253 254 257 260 263 268 270 273 277 280 284 285 288 291 295 299 302 304 306 309 310 315 318 322 324 328 331 332 333 337 342 344 347 351 354 356 362 366 369 372 376 377 
50 51 55 61 73 82 84 88 91 94 99 103 107 110 113 117 119 122 127 129 134 137 140 147 150 153 155 156 158 162 164 165 171 172 175 178 183 184 188 193 196 198 201 205 206 212 214 218 222 226 230 234 237 241 245 248 252 256 257 260 262 265 267 268 271 274 276 277 278 281 285 289 291 295 298 302 306 308 310 313 317 319 320 322 323 325 331 335 337 340 344 348 349 352 356 360 364 367 369 372 374 378 379 
54 56 60 63 76 84 86 90 94 97 103 104 111 113 116 120 124 126 130 134 136 139 142 149 152 157 158 162 165 166 169 171 175 178 182 185 187 191 195 198 202 206 210 213 217 220 222 224 226 228 231 236 240 242 246 250 253 257 261 263 265 268 269 270 275 278 281 285 287 288 291 293 296 300 301 306 309 311 314 315 321 325 329 331 335 337 338 341 343 344 348 351 353 354 357 364 366 371 372 374 378 382 386 
57 59 61 66 79 86 89 93 95 100 104 106 113 114 120 123 125 130 133 136 139 141 144 151 154 159 163 164 169 173 177 178 180 182 186 189 191 193 196 199 205 210 214 218 222 224 228 232 236 238 242 244 247 249 251 253 256 259 263 266 267 271 272 275 276 279 283 287 288 289 292 295 297 301 304 310 313 314 315 318 324 326 330 333 336 338 340 342 344 346 352 355 357 360 362 367 369 372 373 378 381 386 389 
60 61 64 70 80 89 90 96 100 103 105 107 117 120 121 124 127 132 135 138 140 144 148 152 157 160 164 166 170 174 181 185 186 190 194 196 197 201 203 204 208 213 218 221 224 228 231 234 237 240 246 250 251 254 255 257 260 262 266 267 270 272 275 279 283 285 287 288 290 291 293 298 300 305 307 313 317 320 321 325 329 332 336 340 344 348 352 353 355 356 358 360 364 366 367 368 370 375 378 379 385 389 393 
62 63 66 73 84 90 91 97 103 105 109 111 118 123 126 128 130 136 137 139 142 147 150 154 161 162 167 169 173 178 184 189 192 195 196 200 203 207 211 213 216 220 222 225 227 230 234 238 241 244 249 254 256 258 260 261 264 265 268 272 274 275 279 280 284 289 293 297 301 303 304 305 307 311 313 317 321 325 326 329 330 335 338 342 345 350 356 359 363 367 368 369 373 374 378 382 385 386 390 392 396 399 401 
63 64 68 76 86 91 93 99 105 108 113 116 122 124 127 129 131 138 142 145 148 149 154 156 162 165 169 171 177 182 186 191 195 198 201 204 206 208 212 217 220 222 223 228 229 233 238 239 244 248 251 256 257 261 262 265 266 267 270 276 277 280 284 285 287 293 296 298 305 307 309 313 316 320 321 322 326 330 332 336 339 342 343 347 350 354 358 362 366 369 373 376 377 381 384 385 388 391 394 397 399 400 403 
67 71 73 78 87 92 95 103 108 109 114 118 124 128 129 130 133 142 143 147 151 152 155 160 165 169 173 174 180 183 188 193 197 200 202 207 211 214 215 221 223 227 229 232 236 237 242 246 250 252 255 259 260 263 264 267 268 271 272 279 282 286 289 292 295 299 302 304 306 308 313 316 319 323 325 329 330 334 336 337 342 345 348 349 354 357 361 365 369 373 375 377 378 384 387 391 394 397 398 399 401 403 405 
69 74 76 80 88 94 97 107 110 113 118 122 125 131 132 133 134 143 144 151 155 157 160 161 168 170 174 175 183 186 192 196 198 201 204 211 214 216 218 224 227 230 233 236 238 240 246 249 251 256 259 262 265 269 273 274 278 281 283 287 290 293 296 300 303 307 308 311 315 316 319 322 325 326 329 330 332 337 339 340 345 347 352 356 360 363 367 371 372 376 380 384 387 390 394 396 398 399 403 405 408 412 414 
70 78 82 84 92 98 99 109 114 116 120 123 129 133 135 138 139 146 148 155 159 162 166 168 171 172 177 180 186 190 193 199 203 207 211 212 216 218 220 227 228 232 234 240 241 243 249 250 255 260 264 267 271 274 277 279 282 283 285 288 293 297 298 304 307 310 314 317 318 322 323 326 329 332 336 338 340 343 344 346 350 352 356 357 363 365 368 374 375 380 383 388 391 393 395 397 399 401 405 406 412 415 418 
72 80 85 86 96 102 106 113 115 118 121 125 133 136 139 142 146 147 150 156 163 164 170 172 174 178 179 184 187 192 195 200 205 210 213 215 219 223 227 230 233 234 238 244 247 249 252 253 256 261 265 269 274 278 280 283 284 286 290 293 295 301 303 307 308 312 317 321 324 328 330 331 332 333 339 341 344 346 347 350 351 353 360 361 366 368 371 376 380 381 385 392 395 398 400 404 405 408 409 412 416 420 424 
76 81 89 93 100 104 107 117 120 124 127 131 137 139 142 143 147 151 155 158 167 170 173 175 176 181 185 188 192 196 197 204 208 214 218 219 222 226 230 232 235 237 241 248 250 252 253 256 258 262 266 271 276 279 284 288 292 294 298 302 305 307 308 310 311 313 320 324 327 330 332 334 335 338 342 345 347 350 352 353 355 357 363 364 368 369 373 378 383 384 389 395 396 399 403 407 410 411 413 416 420 424 427 
80 82 91 97 102 106 109 121 124 125 129 134 141 142 146 148 149 153 158 161 168 174 175 176 179 185 189 191 194 197 199 208 211 217 220 222 224 228 233 237 241 243 245 251 254 255 258 261 263 265 269 273 280 282 288 292 293 296 302 304 306 311 313 316 318 321 324 327 329 331 336 338 340 344 348 350 351 353 356 357 360 364 368 369 372 376 380 381 386 387 392 397 400 404 408 409 413 415 418 421 424 428 430 
82 86 93 100 105 108 112 125 126 128 130 137 144 148 149 150 153 154 159 165 169 178 179 180 184 186 192 196 198 202 205 210 214 218 223 226 230 234 235 239 245 249 252 253 257 258 261 265 269 270 271 275 284 285 292 293 296 299 303 308 310 313 314 317 322 326 327 329 332 336 338 341 342 345 350 352 353 354 357 361 365 368 372 375 378 379 384 385 387 389 393 400 403 408 409 413 415 418 419 424 428 432 436 
85 90 96 102 107 110 116 129 130 133 134 140 147 150 151 155 156 157 161 167 170 181 185 186 189 193 197 201 204 208 212 213 218 220 226 229 234 237 241 243 248 253 254 258 262 264 268 269 271 274 278 279 286 289 296 297 299 300 304 310 311 316 320 323 327 329 330 333 336 340 343 345 349 352 356 360 363 367 370 373 376 378 382 386 389 392 396 399 401 403 405 407 408 411 412 415 419 422 425 427 429 436 440 
89 94 100 103 109 112 120 132 133 134 138 143 150 153 154 156 159 160 163 168 172 183 186 190 192 195 198 202 206 210 213 216 220 224 228 232 235 240 243 245 252 256 260 264 267 271 275 277 280 283 285 287 290 292 298 301 305 309 311 315 316 317 324 325 329 332 334 338 339 343 347 351 352 354 358 361 366 371 372 374 377 379 385 387 392 394 398 402 405 408 412 415 419 421 423 426 427 429 433 437 440 442 445 
91 98 101 106 111 113 123 133 137 140 143 147 154 157 159 162 166 170 173 176 180 184 188 191 196 197 200 205 210 212 216 220 224 225 231 234 239 241 246 250 254 257 261 266 270 275 278 280 283 286 289 290 294 295 302 303 308 313 314 319 320 324 328 332 335 338 340 344 345 349 351 352 355 359 362 364 367 372 376 377 380 381 386 391 394 397 400 406 407 412 414 418 420 425 426 428 432 436 439 440 443 447 448 
92 101 104 110 115 119 124 134 138 143 145 148 157 159 163 164 168 174 177 179 182 186 189 193 199 202 203 207 212 216 219 223 226 228 232 235 241 244 247 254 256 259 263 268 271 279 282 286 289 293 296 297 298 299 304 305 311 315 317 321 324 327 331 335 337 340 341 345 349 351 355 358 359 363 367 368 372 375 380 383 385 388 391 393 397 399 403 410 411 413 416 420 424 427 429 433 434 437 442 445 448 449 453 
94 105 109 114 118 122 127 138 141 146 148 149 159 163 167 170 171 176 181 183 184 188 190 196 203 207 208 212 215 220 224 225 229 230 236 240 244 245 249 257 260 262 265 271 273 283 285 289 290 294 299 301 303 306 309 313 315 316 319 323 326 329 334 339 343 345 346 347 351 355 358 360 362 366 371 372 376 380 383 386 389 391 392 394 401 403 405 413 417 421 425 427 429 432 436 439 441 444 446 448 449 453 456 
96 108 113 118 120 125 129 139 144 147 149 150 161 164 171 172 175 180 183 186 189 191 195 200 204 210 211 216 217 222 225 228 233 235 240 244 247 250 253 259 264 266 270 273 274 285 288 290 293 297 301 304 306 308 313 317 321 325 328 331 332 334 337 340 346 349 350 351 355 356 359 361 366 369 373 377 381 383 386 390 394 397 399 400 402 405 407 414 418 423 426 429 431 433 438 441 443 445 449 453 454 458 461 
98 109 114 119 124 129 130 141 147 151 153 157 162 167 173 174 177 184 187 191 192 196 198 202 206 213 217 221 225 226 227 230 237 241 243 248 249 254 256 260 268 269 271 275 277 286 290 291 295 300 305 309 310 314 315 319 322 329 333 334 335 336 340 341 348 353 355 358 360 364 366 368 370 373 374 380 384 386 389 394 395 400 401 404 407 411 413 418 420 426 428 430 434 437 442 445 447 451 453 456 457 462 464 
102 113 115 120 127 132 136 142 150 153 157 160 165 168 176 178 179 187 190 192 194 199 203 206 208 217 220 223 226 229 231 234 238 245 248 251 254 256 257 263 271 275 279 280 283 288 294 297 298 303 308 312 315 319 320 322 325 330 336 337 339 342 345 346 350 356 357 361 364 365 367 371 374 376 378 382 386 388 392 396 399 401 402 405 408 413 414 421 424 430 433 436 440 441 443 446 449 453 455 458 460 463 465 
104 117 118 124 129 133 137 143 151 156 159 161 168 171 177 182 185 188 192 196 199 200 204 210 211 218 221 227 228 233 234 238 240 246 250 252 258 260 261 266 274 277 281 284 286 290 297 300 301 304 310 313 319 320 324 327 328 332 338 342 343 346 350 351 354 360 364 366 367 368 369 372 376 377 382 385 388 390 396 398 402 403 404 407 409 415 419 423 427 434 437 439 441 442 446 449 450 456 459 463 467 470 471 
108 120 123 127 133 134 139 145 152 159 162 166 171 174 179 186 188 192 194 197 202 203 205 212 213 221 223 230 231 236 238 242 245 247 253 255 262 265 269 273 277 280 282 285 290 292 300 302 303 306 311 315 323 327 328 330 334 338 339 343 347 348 353 356 359 364 368 369 372 374 377 379 382 385 389 391 394 395 397 399 404 408 412 415 416 419 422 425 429 437 440 441 445 447 448 453 456 457 462 466 468 474 478 
111 124 126 128 135 136 142 146 153 161 166 169 173 175 183 189 191 193 196 201 206 210 214 216 218 225 227 233 235 239 243 247 248 252 257 261 266 270 272 274 278 281 286 290 292 295 301 306 308 311 313 317 326 331 332 333 338 342 344 346 350 354 358 360 361 366 372 376 379 380 384 385 386 388 391 392 398 402 405 409 412 416 417 420 422 424 426 428 432 439 444 445 447 449 451 457 458 460 466 467 472 478 481 
115 126 130 133 137 138 143 147 157 165 168 171 177 180 187 192 194 195 198 202 209 214 218 220 224 229 233 237 241 242 247 248 252 254 258 265 270 272 276 279 281 284 289 292 295 296 305 308 310 312 315 318 330 334 336 340 341 344 348 350 354 356 359 361 363 370 376 380 384 388 392 395 399 401 402 405 406 408 409 410 415 419 423 427 429 430 434 437 439 441 446 450 452 454 457 458 461 462 467 468 474 482 485 
119 127 132 135 140 142 146 150 159 167 169 174 178 183 189 194 198 202 203 204 212 216 220 222 225 230 237 238 242 244 249 250 256 260 262 266 271 275 277 282 285 289 293 294 299 303 309 310 313 314 318 322 333 337 341 344 345 346 350 354 357 358 362 364 366 374 377 381 385 390 396 397 400 404 407 410 414 417 420 421 424 426 429 430 432 433 436 440 442 444 450 451 455 458 460 464 468 470 471 475 479 485 487 
121 130 135 138 144 148 152 153 160 170 171 177 180 186 191 198 199 203 204 208 216 218 221 226 229 233 238 240 243 245 252 255 257 264 267 269 274 279 282 284 286 291 296 298 301 307 310 312 317 318 320 324 337 338 342 346 349 352 353 357 361 364 366 369 371 376 380 383 389 391 398 400 401 406 408 412 416 418 423 427 430 431 434 435 438 442 446 450 454 457 460 462 463 467 470 474 477 478 481 485 486 487 491 
123 132 138 139 147 151 155 157 161 172 173 181 182 187 195 199 201 205 208 212 219 221 223 229 230 237 239 242 244 249 256 257 258 267 269 271 276 280 284 286 287 295 300 304 306 311 315 317 321 322 324 326 339 341 345 350 351 356 357 360 364 368 371 375 379 380 384 388 391 394 399 401 404 408 409 415 420 424 426 431 435 437 440 442 443 444 450 454 455 460 463 467 470 472 476 480 481 482 486 489 490 492 495 
124 135 140 143 151 155 158 162 165 175 179 185 189 190 197 202 204 206 210 214 223 227 229 231 233 238 242 246 249 250 257 259 261 268 272 276 278 283 287 290 293 298 304 305 307 312 319 322 325 326 328 332 340 343 346 352 354 358 360 363 368 372 375 377 380 382 386 390 394 397 400 402 406 412 415 419 422 428 432 436 438 441 444 448 451 453 454 455 457 463 465 470 472 475 480 484 486 490 494 498 502 503 504 
127 136 143 147 152 158 159 164 167 177 183 187 191 192 201 206 208 209 213 217 224 228 231 235 238 241 246 250 252 253 260 261 265 271 276 279 280 284 289 294 297 299 308 311 315 317 320 325 327 331 333 334 344 347 349 353 356 362 364 365 371 376 377 378 382 384 387 394 395 401 404 408 412 416 419 422 424 432 435 438 439 445 446 449 454 456 460 464 465 469 470 471 476 477 483 488 490 494 497 502 503 505 507 
130 139 144 150 155 159 160 165 168 181 186 188 192 195 205 207 212 215 219 221 226 232 234 236 239 242 248 254 255 256 262 265 266 273 277 281 285 289 292 297 298 301 311 315 319 320 322 328 331 333 336 337 348 351 353 357 358 363 366 369 374 380 381 382 384 387 390 397 399 402 408 409 416 417 421 426 427 434 437 442 443 446 450 451 458 460 464 466 467 471 472 473 477 480 486 489 491 496 501 505 508 511 512 
131 143 147 151 156 162 166 167 171 183 188 190 194 197 208 210 215 217 222 224 229 233 236 238 242 245 251 256 257 259 264 267 269 277 281 283 289 292 295 300 303 307 313 318 323 324 325 332 336 340 344 347 352 354 358 360 362 366 369 371 375 381 383 384 386 389 391 400 403 407 412 413 418 420 423 429 430 436 438 444 447 450 452 454 460 461 467 468 469 472 475 478 482 485 488 491 495 499 503 506 510 515 518 
134 144 148 154 158 163 170 173 176 186 190 194 195 198 209 214 217 220 223 226 233 234 240 243 244 248 252 258 260 263 267 269 271 281 282 287 292 293 298 303 305 308 314 322 326 327 331 335 339 344 346 348 355 356 361 365 367 368 372 375 377 385 388 390 392 395 397 404 408 410 414 415 421 423 427 430 432 440 441 446 449 453 455 458 462 463 469 470 473 475 478 482 484 487 492 495 499 502 507 510 511 519 521 
138 146 149 158 160 166 174 178 179 189 191 198 200 201 211 218 221 223 227 229 234 237 242 245 246 252 254 260 263 266 270 271 275 285 288 289 295 298 299 305 307 311 317 326 329 332 333 337 342 345 348 352 357 361 362 366 369 373 374 377 381 387 392 394 395 396 400 408 410 411 415 417 422 424 431 435 438 443 444 449 453 457 461 462 464 466 472 473 477 479 481 483 486 490 496 498 501 506 510 512 515 520 524 
139 147 150 161 163 170 175 180 182 192 194 199 202 205 213 220 222 227 231 232 238 241 243 246 248 253 256 262 266 269 274 276 278 286 292 296 300 304 305 308 311 315 318 328 330 333 336 338 343 347 350 353 360 362 365 367 372 375 378 380 385 391 393 396 399 401 405 411 415 417 418 421 426 427 434 437 439 446 448 450 454 461 464 466 470 472 474 478 482 486 488 492 496 499 503 506 507 511 512 516 519 524 526 
140 149 151 163 166 171 179 182 186 196 197 200 206 208 216 223 227 228 234 238 240 242 244 249 250 255 257 264 270 274 277 279 282 287 294 299 304 307 309 311 314 319 321 331 334 337 339 340 347 348 352 354 363 367 369 371 375 377 382 384 386 394 398 400 404 406 410 414 417 421 425 428 432 435 437 441 443 449 452 455 457 465 467 468 473 476 477 480 485 489 493 495 498 503 506 508 510 515 519 522 525 527 531 
142 150 155 167 171 172 180 185 188 198 199 204 209 213 217 227 228 231 235 241 243 245 246 250 254 258 261 268 271 275 281 283 285 291 295 302 306 310 313 314 315 322 325 332 338 341 344 348 351 354 357 358 367 369 373 376 380 383 384 387 391 398 399 404 408 410 413 417 419 424 428 431 434 439 443 446 449 450 456 457 459 466 469 470 475 479 483 486 487 491 494 498 501 506 508 512 514 517 520 526 530 533 537 
146 154 158 171 174 178 182 189 192 201 202 206 212 214 218 228 229 235 237 242 247 249 250 254 256 261 262 272 273 279 283 286 288 295 298 305 308 312 316 320 324 325 328 335 341 343 345 351 352 357 360 364 370 373 376 377 383 384 386 391 395 401 402 405 410 414 415 419 420 426 429 432 438 443 445 447 452 455 459 463 464 469 471 473 478 480 484 487 489 493 496 499 503 510 511 515 518 521 525 530 533 535 540 
150 157 161 173 178 179 183 193 196 204 205 209 213 217 221 231 234 237 238 243 251 254 256 260 263 264 267 276 279 282 287 291 294 297 301 308 310 315 320 323 326 328 329 338 345 347 348 352 356 358 363 365 372 374 379 381 384 388 391 394 397 405 409 410 411 417 420 424 428 430 434 435 440 444 448 450 455 458 462 466 468 470 473 475 482 485 487 490 494 498 501 505 507 514 515 519 522 525 528 532 535 537 541 
151 160 165 176 180 184 186 195 200 207 208 213 216 218 222 233 238 242 246 247 255 256 258 261 264 267 269 277 283 287 290 295 299 303 305 309 313 317 324 328 332 335 337 339 349 353 356 359 361 364 368 371 373 375 380 383 386 389 392 396 401 406 410 414 418 422 426 430 434 437 438 441 442 446 452 456 457 459 466 470 473 475 476 477 484 488 489 493 496 499 502 506 510 517 518 520 523 527 530 536 539 540 545 
155 162 168 177 183 185 189 199 202 211 212 217 219 221 223 235 239 244 249 253 257 261 262 263 267 271 275 279 287 289 291 296 300 304 307 310 316 321 325 331 334 336 339 342 350 354 359 362 366 367 370 375 376 380 383 384 388 392 393 398 402 409 412 418 422 424 429 431 438 440 444 446 450 453 454 457 460 464 469 472 475 476 479 480 488 489 493 496 497 502 505 507 514 520 523 527 530 534 537 541 544 548 549 
159 166 171 179 187 189 190 200 206 215 217 220 224 225 227 237 243 248 252 254 260 262 264 266 268 272 277 283 291 295 296 298 303 305 308 311 320 325 326 333 337 339 340 344 352 355 361 366 370 373 375 377 379 384 387 388 392 394 395 401 405 410 415 420 424 425 431 434 441 442 445 448 454 456 460 463 464 468 470 473 476 478 480 484 490 492 494 500 502 504 508 509 518 522 526 531 534 537 540 545 549 550 553 
162 168 175 182 188 190 194 203 210 217 219 222 226 230 232 238 244 252 256 258 263 265 268 270 272 275 280 285 294 299 303 307 311 312 315 319 323 327 329 334 341 342 346 349 356 358 365 369 374 377 379 381 382 387 391 394 397 401 402 403 407 413 417 423 428 430 432 436 442 446 448 451 458 461 464 468 472 476 477 479 483 485 487 491 494 496 498 502 506 508 511 512 519 526 529 533 536 538 541 547 552 556 559 
165 170 178 184 192 193 197 205 211 220 222 223 229 231 236 242 248 256 260 264 266 268 271 272 273 276 281 287 298 300 306 309 313 315 319 321 325 329 330 336 342 346 350 354 360 361 368 372 378 379 383 384 386 391 393 398 401 404 405 409 412 416 418 426 432 436 438 441 446 449 453 457 462 464 467 470 475 477 480 482 486 488 491 493 496 499 500 503 508 511 512 515 520 527 531 536 539 542 545 550 555 560 562 
168 174 181 188 196 198 201 206 213 221 226 230 231 233 237 246 252 257 263 266 268 269 272 276 277 281 283 288 299 301 309 311 317 318 320 324 327 332 333 339 345 349 352 355 361 362 372 373 380 384 386 390 391 394 395 401 404 406 409 413 415 420 423 427 436 440 441 445 449 452 456 459 464 465 471 472 476 479 483 484 487 491 494 498 499 501 502 505 511 513 517 518 522 529 532 537 543 545 549 552 556 562 564 
169 178 185 192 200 201 202 210 217 223 230 232 235 237 239 247 253 259 267 270 272 276 277 281 283 287 288 290 302 303 310 314 318 320 322 328 330 334 338 341 346 352 355 357 365 366 373 376 381 385 388 391 393 398 400 402 408 412 415 419 423 425 426 431 439 441 445 448 453 455 458 461 465 466 472 474 479 480 485 489 493 496 497 500 504 508 509 510 513 514 520 524 528 530 535 540 544 548 553 557 560 563 568 
171 181 189 196 202 204 207 211 218 227 232 234 236 238 241 250 255 261 268 272 273 279 282 284 286 288 289 293 304 308 313 315 320 324 325 330 332 335 339 345 347 355 358 360 368 370 374 378 382 386 390 395 397 399 404 405 409 414 417 423 425 427 431 435 441 445 446 451 457 458 459 463 467 468 473 478 482 486 488 493 497 501 505 508 512 513 514 518 519 520 524 528 531 534 538 542 548 552 555 559 562 567 569 
172 185 190 199 205 208 209 215 222 231 235 239 243 244 245 253 257 263 270 273 274 280 283 286 290 293 296 300 305 312 314 318 322 326 327 334 338 341 344 348 350 358 362 363 371 373 377 379 385 390 393 396 400 401 407 408 410 418 421 425 429 432 433 436 445 449 452 453 461 462 463 467 470 473 476 479 483 490 492 495 500 505 507 510 515 519 520 522 524 526 528 531 535 536 542 545 549 555 559 560 564 570 574 
176 188 194 202 208 211 212 218 226 234 236 242 244 246 247 256 258 264 272 277 281 285 286 290 294 295 300 303 306 313 317 320 323 330 332 335 342 343 346 350 354 360 363 366 372 376 381 382 386 393 394 398 403 406 411 413 415 419 425 428 431 436 439 442 447 452 454 457 465 466 470 472 473 475 477 481 484 494 495 497 502 507 511 514 519 523 524 526 527 528 532 535 536 539 545 549 550 556 563 564 567 572 575 
179 191 196 206 210 215 217 222 230 236 240 244 245 249 251 257 260 265 274 279 285 289 293 297 298 302 306 310 312 315 320 321 327 333 335 336 344 347 350 354 356 364 368 371 376 378 384 387 389 394 398 401 406 410 412 417 421 422 427 430 435 437 442 443 448 453 455 459 469 470 474 478 482 485 489 492 494 497 499 500 503 510 514 516 521 527 528 529 533 534 536 537 539 540 548 550 554 560 567 569 570 573 578 
181 192 197 209 213 217 219 224 232 238 244 248 252 256 258 261 264 269 277 281 287 291 295 299 302 306 310 311 314 318 324 328 330 337 340 341 347 348 352 355 357 368 370 374 379 383 386 390 394 398 401 404 409 413 414 419 423 427 430 434 437 441 445 447 451 454 458 463 471 473 476 480 486 487 493 496 500 504 506 510 511 514 516 518 525 529 530 534 537 540 543 544 546 550 553 555 559 563 571 575 579 582 583 
182 194 199 212 217 219 223 227 235 242 246 252 254 258 262 265 266 270 278 282 290 292 299 303 307 309 312 316 319 322 327 331 332 339 343 345 348 351 356 359 360 370 371 378 383 385 389 392 398 399 403 407 410 417 418 423 424 429 433 438 441 445 449 453 454 456 459 464 474 477 480 481 490 494 498 502 505 508 511 513 515 518 519 522 528 530 533 538 539 544 545 548 549 554 558 560 563 564 573 577 583 585 588 
186 195 203 216 218 222 227 231 236 246 247 254 258 262 264 268 270 274 282 285 293 297 302 306 309 313 317 319 323 324 331 335 339 343 344 347 349 355 358 360 362 372 376 380 386 390 394 395 399 400 404 408 414 419 420 426 428 433 436 441 442 448 452 457 458 461 464 466 475 478 483 487 493 497 499 504 506 512 516 518 522 524 527 531 532 533 534 542 545 549 550 553 555 556 560 563 565 566 574 578 584 588 590 
189 197 206 218 222 225 228 234 238 247 249 258 262 264 266 270 271 275 283 288 294 299 303 308 312 316 320 321 327 328 334 338 343 346 350 354 358 360 363 367 370 376 379 381 389 392 396 397 400 401 406 409 415 420 424 429 430 436 439 444 448 449 456 458 461 464 466 467 476 480 487 490 494 499 503 508 511 515 519 521 526 529 533 536 539 542 545 546 547 550 554 556 558 562 563 567 571 573 577 580 586 592 595 
193 201 208 220 225 227 229 235 240 250 252 261 264 265 268 273 274 277 284 289 297 301 305 312 315 317 323 325 331 335 338 339 346 348 354 355 362 364 368 370 371 377 380 383 390 393 399 402 403 404 408 411 419 421 428 431 433 438 442 447 450 452 458 461 462 465 469 472 480 484 491 492 495 500 506 512 514 518 521 525 529 532 536 538 543 547 550 554 557 561 563 566 570 573 574 575 577 581 585 589 593 595 599 
196 205 212 223 229 230 234 236 244 254 256 262 265 267 269 276 277 281 287 291 300 304 308 316 319 322 326 330 333 338 341 345 349 353 357 359 366 368 369 374 375 378 384 386 392 394 400 406 408 411 413 417 423 427 432 436 439 441 445 451 455 458 460 462 466 469 472 475 482 486 492 495 498 503 510 515 518 520 524 528 530 536 540 542 546 551 554 558 559 562 564 568 574 578 580 581 585 588 589 593 595 598 601 
198 208 214 225 230 234 235 238 248 257 261 266 270 272 274 280 283 285 289 293 302 308 310 317 321 324 327 331 334 341 342 348 351 357 360 364 369 372 374 377 381 383 387 390 393 395 403 407 411 414 415 420 427 428 434 440 444 445 447 454 459 462 464 468 471 473 474 478 483 490 496 500 502 504 514 516 521 523 525 530 534 538 541 545 549 554 557 559 561 564 566 570 577 581 585 588 591 595 596 598 601 602 605 
199 211 218 228 233 237 238 242 249 259 263 270 271 274 277 281 285 289 292 297 305 309 312 321 325 326 331 332 335 344 347 352 353 359 363 367 373 376 377 380 382 385 389 392 396 398 407 411 413 417 419 421 429 433 437 444 448 452 455 458 462 463 466 472 473 476 477 479 487 491 500 504 507 508 518 521 522 526 527 533 538 539 542 549 551 557 561 565 567 570 574 577 581 583 588 591 594 596 597 599 604 606 607 
200 213 222 230 236 238 240 245 253 263 266 273 275 279 283 287 289 293 297 301 308 310 316 323 326 328 332 335 337 348 352 354 357 362 365 368 376 377 380 382 383 386 391 394 399 400 411 412 417 420 424 426 431 436 441 448 452 454 456 461 466 467 470 474 476 480 484 488 489 495 503 505 510 511 519 522 526 529 531 537 539 541 544 550 553 559 564 569 573 575 577 580 585 586 590 592 595 599 603 605 609 612 613 
202 216 223 232 240 244 246 250 256 267 269 274 279 283 285 288 290 296 299 305 309 313 318 326 329 332 333 336 339 352 355 359 361 366 367 370 378 380 383 386 388 390 392 396 403 404 414 415 418 422 426 427 434 437 443 452 453 457 461 463 469 472 473 475 479 483 487 491 494 499 505 509 511 515 523 527 531 535 537 540 543 546 549 551 554 562 566 571 575 577 581 584 589 592 593 595 597 600 604 606 611 614 615 
205 219 226 235 243 248 250 254 260 269 271 278 282 284 287 289 294 297 301 309 311 314 321 330 331 334 335 337 343 356 358 361 362 367 370 373 381 382 386 389 393 395 398 401 404 406 415 419 422 426 429 430 437 438 445 453 456 461 463 467 472 473 475 477 483 486 491 493 497 500 506 512 516 517 527 531 532 536 540 543 547 548 552 553 556 564 568 575 579 580 582 586 592 595 597 600 603 606 607 608 615 619 621 
206 220 230 237 246 249 251 257 261 273 275 281 286 288 292 295 299 302 306 313 316 320 325 331 335 338 340 344 345 360 363 366 367 368 373 375 383 387 389 392 397 400 403 404 406 410 417 423 426 427 430 433 441 444 446 456 459 463 464 468 474 477 481 483 487 490 492 494 499 502 508 515 517 518 531 535 537 541 543 547 548 549 556 559 562 565 571 579 583 584 587 588 596 599 600 603 605 610 612 615 618 620 625 
210 223 232 241 248 251 254 258 263 276 278 283 288 290 294 298 300 306 307 316 320 321 327 333 339 340 343 347 351 364 368 370 373 376 379 382 384 389 393 394 400 401 406 410 412 416 420 425 427 429 431 434 444 445 447 458 461 464 467 472 477 481 482 484 489 494 495 497 503 506 511 518 522 526 532 536 539 544 547 550 551 555 560 564 568 571 572 583 587 589 593 595 599 602 604 606 609 613 615 619 622 625 629 
212 227 236 244 249 252 255 259 265 278 282 287 292 296 298 301 304 310 313 319 321 324 330 337 342 344 348 352 356 365 372 375 378 379 380 384 385 393 396 400 401 403 410 414 417 421 425 429 431 433 434 436 447 450 451 459 465 469 470 473 478 483 485 486 490 495 496 498 504 509 513 521 523 528 533 537 543 547 548 554 558 562 563 566 572 576 580 586 590 594 597 600 603 604 606 607 610 614 619 621 623 626 633 
216 229 238 246 252 256 257 263 267 280 284 289 294 300 301 304 308 311 314 320 324 327 332 341 343 346 351 356 360 366 374 376 382 384 388 391 393 395 397 403 405 406 413 417 418 422 426 431 434 438 439 440 451 453 456 460 468 471 474 475 481 485 488 491 495 499 502 503 505 513 517 522 525 531 536 539 545 550 551 558 560 563 566 570 573 580 582 587 594 598 600 603 605 609 611 614 617 618 623 625 628 632 637 
219 230 242 247 256 258 259 264 271 281 287 290 296 302 303 306 309 312 317 324 327 331 336 343 346 347 354 357 362 370 375 380 385 389 392 395 398 401 404 405 407 410 414 421 423 427 428 435 438 442 445 447 452 455 457 462 471 475 478 481 485 487 490 495 497 500 504 508 510 515 518 526 529 532 540 544 547 551 555 561 563 565 570 574 576 584 588 590 596 600 604 605 608 612 613 616 618 620 624 626 630 635 639 
223 232 246 251 258 260 262 266 272 285 288 293 298 303 305 309 311 313 318 328 330 335 340 344 348 352 358 360 363 372 379 382 387 391 396 397 400 402 408 412 414 416 418 424 427 429 431 437 442 444 448 452 456 459 462 463 473 479 481 482 488 491 492 498 500 503 506 512 516 520 524 530 531 536 541 546 549 555 558 565 569 573 576 577 578 586 592 595 597 604 607 611 612 616 619 620 624 625 626 627 633 637 643 
224 236 248 253 261 265 267 271 275 286 289 296 302 307 311 315 317 320 321 329 334 338 344 345 352 354 359 363 365 375 380 384 389 394 398 401 405 406 412 414 416 420 421 426 430 432 433 441 446 447 452 454 460 461 464 465 475 480 483 487 491 492 494 501 505 508 510 516 519 524 526 531 533 538 545 548 553 556 562 568 572 577 581 583 584 587 593 599 601 606 611 614 615 620 623 626 629 631 632 635 636 639 647 
227 237 249 254 263 268 271 273 278 287 290 299 303 309 313 318 320 322 325 330 336 342 348 349 356 357 361 366 369 379 382 388 391 396 399 402 408 409 416 419 422 424 428 432 433 435 439 442 449 451 456 459 464 465 468 472 476 481 485 488 495 499 502 503 508 512 513 518 523 526 528 534 538 539 547 550 556 559 564 570 575 581 582 586 588 589 594 602 604 608 612 617 621 625 626 630 634 637 638 640 641 645 649 
230 240 252 255 266 272 275 279 283 290 291 300 307 310 314 320 321 326 330 334 339 346 350 352 357 358 365 369 371 380 385 389 392 397 400 404 409 410 418 423 424 426 431 436 440 441 443 444 450 452 458 461 465 468 472 474 477 485 486 492 497 503 507 509 510 513 517 522 524 528 529 537 542 545 548 552 557 561 568 574 577 585 586 587 591 595 597 603 608 609 616 619 625 629 632 635 639 642 643 644 647 648 652 
231 244 253 259 270 273 279 282 285 292 295 301 310 313 317 324 327 329 331 335 341 348 352 356 360 362 366 371 375 381 388 391 396 400 401 407 412 415 419 427 431 435 437 438 443 446 450 452 456 460 464 465 466 472 473 476 478 486 490 493 500 505 509 510 513 514 521 526 527 529 533 541 545 548 551 553 559 562 572 575 579 588 591 592 595 596 601 605 612 613 618 621 627 633 637 639 640 646 650 654 657 660 662 
235 246 256 262 273 274 281 285 286 296 298 304 313 317 319 327 331 335 339 341 343 352 354 358 362 363 368 372 376 382 392 394 398 402 403 409 414 416 420 431 433 438 440 443 445 447 452 455 459 462 465 467 468 475 476 478 480 487 494 498 503 508 512 514 515 516 525 527 528 530 537 542 549 551 553 557 560 566 573 579 582 590 593 596 597 599 604 608 616 618 620 622 631 635 641 645 647 650 651 657 661 663 666 
239 248 258 266 276 277 282 289 293 299 300 306 317 319 323 331 332 339 343 346 347 356 360 361 364 366 371 373 380 384 396 400 401 406 407 412 416 419 422 433 437 442 443 444 449 452 453 459 462 465 468 470 474 476 479 482 484 491 496 501 505 509 515 518 522 525 527 528 531 534 538 544 551 552 556 559 564 569 576 583 587 592 594 599 600 604 605 612 617 622 625 627 634 636 643 647 648 652 653 658 663 666 668 
243 250 262 270 279 281 285 292 296 302 306 308 320 322 327 332 336 342 347 349 352 357 364 368 371 373 374 378 381 385 400 404 407 410 412 413 420 423 424 436 441 446 450 452 456 458 462 463 465 469 471 473 478 480 481 484 487 493 499 502 508 513 516 522 524 526 528 531 532 536 539 546 552 554 557 563 567 570 580 587 590 596 600 604 606 608 611 613 618 626 629 632 638 640 646 651 652 656 657 662 667 670 672 
245 251 266 274 280 282 286 293 297 306 307 309 323 326 331 335 339 343 349 351 353 359 368 370 375 376 380 382 384 389 401 408 410 414 415 418 421 425 429 438 443 447 454 457 461 463 464 465 469 473 477 479 480 484 486 487 491 497 501 505 510 517 520 523 526 529 532 533 535 540 542 547 556 560 561 567 570 571 581 591 594 600 601 608 609 612 613 616 619 627 631 634 641 642 648 654 658 662 666 669 670 673 675 
249 254 269 276 282 286 290 297 299 310 314 318 325 327 335 336 341 345 353 357 360 361 369 372 377 378 384 387 390 394 405 412 414 416 418 422 424 429 431 442 447 448 455 461 464 466 468 472 476 478 480 483 487 489 490 494 495 501 502 509 513 520 523 525 527 532 536 537 539 543 544 548 560 564 568 569 573 577 585 595 596 602 605 609 612 616 617 619 621 630 632 635 642 645 651 658 661 665 670 671 675 679 680 
250 255 271 277 284 288 293 299 300 311 318 320 329 332 338 342 345 346 357 360 364 367 370 374 379 382 387 391 395 399 409 414 416 419 422 425 427 430 433 445 450 454 458 465 469 472 476 477 479 482 486 489 490 492 496 497 501 503 506 512 514 522 525 529 532 533 538 539 541 546 549 550 561 566 569 573 576 580 589 598 601 604 608 611 615 620 622 624 627 633 634 636 643 649 655 659 664 667 674 675 677 683 684 
251 257 273 278 286 289 297 302 305 313 321 325 333 335 342 345 348 350 358 362 368 371 374 376 382 386 389 394 398 400 411 415 419 422 426 429 433 436 439 448 454 455 461 468 471 473 480 484 485 486 488 493 497 499 502 506 509 513 517 521 522 525 527 533 537 539 542 544 546 550 554 557 563 570 574 576 578 581 593 601 604 608 610 612 619 624 625 628 631 635 638 641 644 651 656 661 667 668 676 677 678 687 690 
252 260 274 281 288 291 300 304 307 316 325 327 337 341 344 349 352 353 360 365 369 373 378 382 385 388 391 396 399 403 413 417 422 425 430 432 437 440 441 452 458 461 465 472 474 475 481 487 490 491 494 498 502 503 506 507 512 516 521 522 524 527 528 535 539 543 546 548 549 554 556 558 565 571 576 577 582 585 597 604 607 610 611 613 622 627 629 631 634 639 643 645 647 653 660 663 669 673 679 681 683 691 693 
255 263 275 282 290 292 304 307 309 320 326 331 339 344 345 352 355 359 361 367 371 375 382 384 389 391 395 399 402 404 417 420 424 427 434 435 439 444 447 456 461 464 469 476 478 482 485 490 493 494 498 501 506 507 510 511 515 520 524 525 529 531 535 538 541 546 548 550 551 556 557 559 569 573 577 579 585 589 600 606 610 613 617 621 623 628 631 633 638 640 645 648 650 657 663 667 671 677 681 682 686 694 696 
258 267 277 283 293 296 307 311 314 321 328 333 342 348 352 353 356 360 364 369 374 378 386 389 392 394 398 402 406 408 421 423 428 430 436 438 442 448 450 457 464 467 473 479 482 483 487 491 497 500 504 508 509 513 517 521 523 526 527 530 531 534 536 541 545 548 550 551 553 557 559 562 573 574 578 581 586 593 601 607 613 614 618 622 624 631 632 637 639 641 646 650 654 659 664 670 675 681 682 686 690 698 699 
261 270 279 285 296 298 310 314 316 322 329 335 346 349 356 359 363 365 367 371 377 380 388 392 395 396 401 403 410 412 424 428 429 432 437 439 445 452 454 458 466 468 475 482 486 489 490 492 500 504 508 509 510 517 519 523 526 527 529 534 536 538 540 545 547 550 553 557 559 561 564 568 574 578 580 584 587 595 603 611 616 619 623 626 629 635 636 638 640 642 648 653 656 662 665 672 679 683 685 688 694 700 703 
265 274 283 287 300 301 311 317 318 326 332 339 347 353 358 362 366 370 373 377 380 383 391 393 397 401 405 406 413 414 427 432 436 437 439 441 448 453 455 459 467 469 477 483 490 492 495 496 504 505 511 512 516 518 522 526 527 530 534 535 540 541 545 549 553 555 557 561 564 565 566 571 576 581 583 587 589 597 607 615 617 621 627 629 633 637 641 643 647 649 652 655 658 666 668 674 681 685 687 691 696 702 705 
269 278 287 289 302 303 312 321 323 330 334 341 348 354 359 363 370 372 374 381 383 387 392 395 401 404 408 409 416 417 429 435 438 441 444 446 450 455 457 461 469 470 481 487 494 498 500 504 508 512 516 518 521 524 525 530 534 536 540 542 544 548 549 552 556 560 561 565 567 569 571 574 580 583 585 588 590 599 611 618 622 626 628 631 634 639 644 648 649 653 655 658 662 668 671 677 685 689 691 692 698 705 709 
271 279 288 293 303 304 314 323 324 332 337 342 352 357 360 366 373 374 375 385 388 390 394 397 405 406 412 414 418 421 433 437 441 442 447 448 451 458 460 462 473 476 483 490 495 502 504 505 511 515 518 520 525 529 530 531 535 538 544 547 550 554 556 557 560 562 564 568 570 574 578 580 581 584 587 589 591 602 613 621 625 627 630 632 638 642 648 651 655 659 661 663 665 669 672 679 687 691 695 696 701 708 713 
