3 7 9 10 12 13 15 18 19 20 24 25 28 29 33 34 37 40 42 45 49 51 52 53 56 59 60 61 63 67 70 73 76 80 83 86 87 88 89 93 96 98 100 101 105 106 109 113 115 117 120 122 126 129 132 133 135 137 140 143 145 149 150 152 154 157 161 164 167 170 174 
7 8 10 13 17 20 22 26 27 31 34 36 37 41 45 49 50 51 54 56 59 60 63 64 66 69 70 72 75 78 82 86 88 89 90 93 97 99 100 103 106 108 111 115 116 118 119 121 125 129 131 134 135 136 139 141 145 148 151 155 159 161 162 164 168 171 173 174 177 180 184 
8 12 13 17 21 24 25 30 34 36 38 39 42 44 47 53 57 60 61 62 64 66 67 68 70 71 75 79 80 82 85 88 89 93 96 100 104 106 108 110 111 112 115 117 121 124 126 127 131 135 137 141 145 149 153 156 157 160 164 167 171 174 175 178 181 184 185 187 189 192 196 
10 15 17 18 23 25 29 32 36 37 40 44 48 52 56 60 62 65 68 72 74 75 78 81 82 85 89 91 92 93 96 99 101 102 103 104 106 108 111 112 116 120 121 125 126 127 130 133 134 137 141 145 148 151 157 159 161 164 167 169 173 177 180 183 186 187 188 189 192 194 197 
11 19 22 26 30 34 35 38 42 44 45 46 51 53 57 63 65 67 69 76 80 84 86 88 89 90 91 92 96 97 99 101 104 107 111 112 114 115 118 122 124 125 126 128 129 130 134 136 139 141 142 148 150 152 159 161 165 167 168 172 176 179 183 185 188 191 192 195 196 199 202 
12 23 26 27 32 36 39 41 43 48 50 54 57 59 62 67 69 70 73 79 83 88 91 92 94 95 96 98 102 106 109 110 111 112 116 119 122 126 129 130 134 137 141 143 144 145 149 151 154 157 159 160 162 165 168 169 173 174 176 178 182 184 187 191 195 196 198 201 202 205 209 
13 24 27 29 34 37 42 46 49 53 55 56 59 62 65 71 72 76 79 80 85 91 93 97 99 103 104 105 108 109 112 115 119 123 126 127 128 131 135 137 139 140 142 147 149 152 153 156 157 161 165 169 173 175 178 181 184 185 188 192 194 196 199 203 206 209 213 214 217 218 221 
14 27 28 31 35 38 46 49 53 56 58 60 62 63 66 73 77 81 85 86 87 95 99 103 104 107 109 111 113 116 118 119 122 126 130 133 135 136 137 140 142 146 149 152 155 159 163 164 168 171 175 176 178 179 181 183 188 189 193 195 196 200 202 206 207 211 217 220 221 223 227 
15 30 33 35 39 43 50 52 54 58 62 63 67 70 73 77 79 84 86 87 89 99 101 106 107 111 112 116 117 120 121 122 124 130 133 134 139 140 141 142 146 148 152 153 157 161 165 167 172 174 176 177 180 184 188 192 196 197 199 201 202 205 206 208 210 213 218 223 227 229 230 
19 34 35 37 43 45 51 56 58 61 64 67 70 73 74 80 81 86 90 91 94 102 104 107 111 112 115 117 121 122 126 127 128 131 135 137 143 144 146 148 152 154 158 162 163 167 169 171 174 178 180 183 185 189 192 194 199 201 204 206 208 212 216 219 220 223 225 227 228 232 233 
20 37 40 43 46 50 52 59 60 65 68 69 71 75 77 81 84 88 91 95 97 105 106 109 114 117 118 120 124 126 129 133 135 137 141 144 145 149 150 154 155 156 162 164 167 170 174 176 179 181 185 186 190 193 196 200 201 205 207 211 213 215 219 222 226 230 232 235 236 238 241 
23 38 44 48 49 52 54 63 65 68 70 72 76 79 82 86 87 91 94 96 100 108 112 116 118 119 120 122 125 127 132 135 137 141 142 147 151 155 157 159 161 162 163 168 172 175 178 182 184 186 189 193 196 199 200 201 204 207 210 213 217 221 223 226 229 233 234 238 239 240 243 
25 40 47 52 54 57 58 67 69 73 74 76 80 83 86 90 94 98 99 102 104 109 114 117 121 122 124 128 130 131 133 139 142 146 148 152 153 159 163 164 167 171 172 174 177 180 184 187 189 192 195 196 199 202 203 206 209 210 213 216 220 224 225 228 230 236 239 240 242 246 249 
28 41 49 56 60 63 67 71 74 77 81 85 86 88 92 96 97 99 100 103 107 110 117 120 123 126 130 132 135 137 140 143 144 148 150 156 158 162 164 166 170 174 178 182 183 185 188 191 193 197 198 199 200 204 206 208 211 213 216 220 224 227 230 234 236 237 241 244 247 251 252 
30 42 53 57 61 66 69 74 76 78 82 88 91 93 96 98 99 102 105 108 110 112 119 122 124 128 132 135 138 140 144 146 149 151 155 160 161 165 166 170 171 178 179 185 189 193 196 199 202 206 208 211 214 217 219 221 223 227 230 234 238 241 244 247 250 251 254 258 260 263 264 
31 46 54 59 64 68 70 78 81 82 83 90 93 97 99 101 103 105 106 110 111 116 120 124 126 130 136 139 143 144 148 149 153 156 158 162 164 167 169 171 172 182 183 186 192 194 199 202 205 209 213 216 218 221 224 226 230 231 235 239 242 244 245 248 251 252 255 262 266 267 271 
35 50 56 60 65 70 71 81 82 84 87 93 97 100 103 105 106 109 110 113 116 118 121 127 129 134 138 142 144 147 151 154 155 160 163 164 168 171 175 179 180 185 186 187 193 198 201 205 207 213 214 219 223 224 227 231 232 233 239 242 243 245 247 250 255 256 257 264 267 268 273 
36 54 58 62 68 72 73 84 86 89 90 97 100 104 105 109 110 112 114 115 119 123 124 128 133 138 141 143 146 149 155 157 159 164 166 168 172 175 178 180 183 188 190 193 195 202 203 206 210 215 218 221 227 229 232 233 237 240 244 246 247 251 252 254 259 261 264 266 271 275 279 
40 55 61 64 72 75 78 86 87 90 94 101 103 105 107 113 116 119 120 121 124 126 130 133 136 139 142 145 147 152 159 163 165 168 169 171 175 178 180 183 184 192 193 195 197 203 205 209 213 217 222 224 231 234 238 242 246 247 251 254 255 256 258 259 261 262 266 267 273 276 282 
43 57 65 68 75 78 79 88 92 93 98 103 104 109 113 116 117 121 123 127 129 132 136 138 142 145 149 152 154 158 162 167 170 174 176 180 183 184 185 187 189 193 195 196 198 205 206 211 214 220 226 227 234 235 241 245 250 254 257 261 263 266 267 269 273 274 278 279 282 283 287 
45 61 67 71 78 80 84 92 96 99 101 104 106 110 114 117 120 125 129 130 133 134 139 142 143 148 151 154 155 159 166 170 174 176 180 182 186 187 189 192 194 198 200 202 203 208 212 216 219 222 227 230 238 242 244 248 253 258 260 265 269 271 275 279 282 284 287 291 292 294 296 
46 64 70 73 80 81 87 93 99 101 104 107 110 114 116 120 122 129 131 132 137 141 144 147 148 150 153 156 160 164 167 173 178 180 184 186 187 191 193 196 197 200 204 208 209 213 216 217 222 226 228 232 242 245 249 252 256 261 262 269 270 273 276 282 285 287 289 295 296 299 302 
50 65 71 74 82 86 90 94 100 103 106 108 112 118 119 123 127 131 132 133 141 143 147 150 153 157 160 161 162 166 171 175 179 181 188 191 192 193 196 199 203 206 208 211 212 216 219 221 225 230 232 233 245 248 251 255 258 264 267 270 273 277 278 286 287 291 295 296 298 301 305 
52 68 72 76 84 89 93 96 104 105 109 113 116 121 124 126 130 135 138 141 142 146 150 151 156 159 163 167 169 173 174 176 183 185 191 195 196 200 204 205 209 213 217 221 225 229 231 232 233 234 236 238 246 251 254 259 262 265 268 273 276 279 282 289 290 292 296 300 303 304 306 
54 71 76 77 85 91 97 98 106 109 112 117 121 123 126 130 131 137 140 143 144 147 151 152 157 162 165 171 173 176 178 181 186 189 192 199 201 204 207 210 214 218 222 224 227 232 235 238 242 245 248 249 250 252 257 261 263 266 269 274 277 282 286 292 293 296 298 303 305 308 310 
55 72 80 82 86 93 100 101 108 111 115 120 123 126 128 131 135 138 142 144 147 149 152 155 161 163 167 172 174 177 182 186 190 191 193 203 205 208 210 213 217 222 224 227 228 236 238 242 245 249 250 254 256 258 259 263 264 269 271 277 278 286 288 295 299 302 304 307 311 312 316 
56 75 84 88 91 94 104 108 111 114 118 121 125 130 133 135 137 142 146 150 152 155 156 159 163 167 169 175 179 180 186 187 193 197 199 204 207 210 213 214 220 224 227 230 233 239 243 245 249 252 254 255 258 260 262 266 267 270 275 281 284 287 290 297 300 304 307 308 314 315 318 
58 76 86 92 94 96 105 111 113 115 121 122 129 132 135 139 140 146 150 154 158 159 163 167 169 171 173 178 183 185 188 190 196 201 205 207 208 214 218 220 223 226 229 234 238 243 244 246 251 256 258 262 266 268 271 275 278 281 283 285 286 290 293 298 303 306 310 311 317 320 323 
61 79 90 93 95 98 108 113 115 118 123 126 130 135 136 141 145 150 154 158 162 164 165 170 172 174 175 181 184 189 191 193 200 204 206 211 213 218 222 224 228 229 232 237 242 247 251 252 254 259 260 264 269 270 275 277 281 284 287 291 295 299 303 304 305 307 312 314 319 321 327 
62 83 93 97 100 103 112 114 118 122 125 127 132 139 140 145 146 153 157 160 165 169 173 177 181 185 189 190 192 195 198 201 205 209 213 214 217 220 225 228 229 232 233 240 243 250 255 257 261 262 263 266 270 273 276 280 284 286 288 294 297 303 304 307 311 313 315 319 321 324 328 
64 85 94 98 101 107 114 115 121 124 128 131 134 142 143 149 152 157 159 161 168 171 177 178 185 187 193 194 197 199 200 203 208 212 216 217 219 222 228 231 234 237 240 244 246 254 258 262 264 266 269 271 274 276 278 282 286 287 292 295 298 305 307 308 313 314 317 320 322 327 329 
67 88 98 102 105 109 118 122 123 128 129 135 137 145 149 151 153 161 165 166 171 175 180 183 186 188 194 197 201 203 205 207 212 215 220 223 227 228 230 235 238 241 243 248 250 255 260 266 269 273 277 279 283 285 289 292 294 297 301 305 308 309 313 315 319 322 325 329 333 335 339 
71 91 100 104 106 112 120 123 126 131 134 139 143 148 152 156 157 164 166 168 173 178 181 186 190 191 195 199 204 206 207 209 214 216 222 224 231 235 239 240 244 245 248 251 253 258 264 270 271 274 279 281 286 287 290 295 299 303 307 308 312 313 316 320 322 324 326 332 337 338 343 
72 92 103 108 110 115 121 124 129 135 139 142 147 150 155 159 161 167 171 175 178 182 183 190 193 195 197 201 205 209 212 214 217 219 224 225 233 237 243 247 249 252 254 255 259 262 266 273 276 280 284 285 290 293 296 299 301 306 309 311 314 315 319 322 323 325 330 334 339 341 345 
75 95 104 111 112 117 125 128 132 138 142 145 151 155 159 162 164 170 172 179 181 184 187 193 195 198 199 202 208 210 213 215 218 222 228 229 234 241 246 249 251 256 259 262 266 267 269 275 277 284 287 288 293 297 300 303 304 310 311 313 315 316 320 324 328 331 335 338 341 342 349 
76 98 105 112 115 121 128 129 133 139 145 148 154 158 163 164 167 174 175 183 187 189 190 196 200 204 208 211 212 215 218 219 221 224 232 235 237 242 249 251 254 259 261 264 268 270 271 277 281 285 289 292 297 300 301 307 308 311 314 317 321 322 326 329 333 335 339 343 347 349 351 
80 99 108 113 119 122 132 133 135 141 148 151 155 159 164 168 171 177 181 187 188 193 195 198 203 206 211 214 217 220 223 224 227 229 233 238 241 243 253 255 259 260 263 266 272 276 277 281 284 289 292 294 299 304 306 309 311 312 318 319 322 325 327 333 336 339 341 346 348 352 354 
83 100 112 117 121 125 135 138 141 145 150 152 159 163 165 171 174 180 184 190 194 195 199 202 204 207 213 216 221 224 228 231 232 234 236 242 243 246 255 257 262 263 265 269 274 280 283 286 290 292 296 297 301 307 310 314 315 318 319 322 325 327 328 337 340 343 346 349 351 356 358 
84 104 116 121 125 127 138 140 143 148 151 156 160 166 170 175 177 184 188 193 196 198 200 205 209 212 215 217 224 227 232 233 237 239 241 245 246 249 258 259 265 268 269 272 276 282 287 288 291 293 300 301 302 311 312 317 318 321 325 329 331 334 338 340 341 345 348 352 356 359 363 
85 105 117 122 127 131 141 144 147 152 154 159 161 169 174 179 180 188 191 194 198 202 203 207 213 215 216 221 228 229 233 237 240 242 245 246 249 250 260 261 267 271 272 276 279 284 291 294 295 296 301 304 306 312 316 318 320 324 326 330 332 335 342 343 345 347 351 354 357 360 365 
86 106 119 124 131 133 145 146 149 156 160 164 168 170 177 180 181 190 193 197 201 204 207 210 214 218 220 225 231 232 236 240 242 244 246 248 250 254 261 264 271 274 275 280 281 286 295 297 301 304 305 306 307 313 317 322 325 326 327 332 336 337 344 345 346 348 352 357 358 362 369 
89 109 120 126 133 134 148 151 153 159 161 166 170 172 181 182 185 193 197 199 205 209 211 214 215 220 224 229 232 234 238 242 246 248 249 250 254 257 263 266 275 278 281 284 288 290 299 301 302 307 309 310 311 314 321 324 326 330 333 336 338 340 347 349 351 355 358 359 362 366 372 
90 110 121 130 135 139 149 153 154 163 167 170 172 175 184 187 190 196 200 203 207 212 215 218 220 221 226 231 234 236 241 244 248 251 254 256 258 261 265 270 276 281 285 289 290 293 300 304 308 311 312 313 315 316 324 328 330 331 335 337 340 344 351 352 353 359 362 365 366 369 373 
91 111 122 133 136 141 152 155 156 164 169 174 175 177 188 191 194 200 201 206 210 214 219 222 223 227 230 232 235 237 245 247 252 254 255 260 264 265 266 273 278 282 289 292 296 300 302 306 310 313 314 316 318 320 328 331 334 335 337 341 343 345 353 357 361 365 369 373 377 381 384 
94 115 124 137 139 143 154 159 162 165 172 175 176 178 191 193 198 202 204 210 211 215 222 225 229 232 233 236 237 239 247 249 254 258 259 263 267 269 271 277 281 286 291 295 299 301 306 309 314 316 319 320 323 324 330 334 336 339 341 345 347 349 356 359 365 368 370 374 378 384 385 
98 117 127 140 143 146 157 162 165 167 176 177 180 183 193 194 200 204 207 212 215 218 226 227 233 236 240 241 243 247 250 254 255 259 263 264 270 274 277 280 283 288 295 297 302 304 309 310 315 318 322 325 327 330 334 336 337 342 343 348 352 355 359 360 368 370 372 378 382 388 392 
102 121 128 143 147 151 160 164 168 170 178 179 181 185 194 195 201 208 212 213 217 221 227 230 236 237 242 243 244 250 252 256 260 263 264 265 272 276 281 284 287 290 299 300 305 309 311 312 316 322 325 329 330 333 338 339 340 345 346 350 354 359 362 365 372 376 378 379 386 391 393 
106 123 130 145 148 154 163 165 172 176 180 183 187 191 198 202 204 209 214 217 219 225 228 232 237 241 244 246 249 252 255 258 262 264 268 269 275 279 283 286 288 292 302 305 308 310 313 314 317 323 327 333 337 339 340 344 346 348 351 354 358 362 365 368 373 380 381 385 388 394 398 
110 127 131 146 149 158 166 168 173 179 181 184 191 195 202 203 208 210 218 221 225 229 233 234 239 243 245 247 251 254 257 259 264 268 270 272 277 282 284 288 292 295 305 306 311 314 317 320 321 324 330 334 340 343 345 348 351 355 358 361 364 368 372 373 375 383 385 388 389 397 399 
114 128 133 148 151 159 169 171 174 181 183 186 194 196 205 208 211 212 221 222 226 230 235 236 240 246 249 252 256 259 260 261 266 270 274 278 279 284 285 290 293 299 307 310 313 315 318 321 324 328 333 335 341 345 349 350 352 359 361 365 368 369 374 377 379 387 390 392 396 401 402 
117 129 137 152 156 161 171 173 177 183 184 187 196 199 208 210 212 215 225 228 230 231 237 241 245 250 252 253 258 260 263 267 271 274 276 279 280 286 287 294 295 302 311 314 317 321 322 325 326 332 334 339 343 347 352 353 356 360 363 369 372 373 377 380 384 389 394 396 398 403 406 
121 132 141 155 157 165 173 177 181 186 190 194 199 203 211 212 215 217 228 230 233 236 239 245 249 252 253 255 259 264 267 271 275 276 280 281 284 288 292 296 298 304 315 316 319 322 326 327 330 333 336 340 344 350 356 359 363 367 368 373 376 378 379 384 385 392 398 401 403 405 409 
123 136 145 157 158 168 175 181 185 190 191 195 202 207 215 216 219 222 231 233 234 240 241 248 250 253 257 260 262 266 271 272 277 280 281 283 285 292 294 299 303 306 319 322 323 326 329 330 332 335 337 344 345 353 359 363 364 369 373 376 377 381 385 388 392 395 399 404 405 408 410 
126 138 146 160 162 170 177 185 187 192 196 200 204 211 216 218 223 226 232 236 240 241 244 250 253 257 261 262 265 267 273 277 279 283 286 289 293 297 300 304 305 310 323 324 327 331 334 338 342 344 347 351 353 355 361 364 365 373 376 377 381 383 389 393 397 398 403 408 409 410 411 
129 141 147 161 166 171 178 187 188 194 197 201 205 214 217 222 225 230 234 237 242 243 246 251 255 261 265 266 267 269 274 279 282 285 289 291 297 301 303 306 310 314 327 329 332 334 336 340 345 347 349 354 356 357 363 368 371 377 380 382 384 385 390 396 399 401 407 410 411 414 417 
131 144 148 162 169 174 180 188 192 197 199 205 207 218 222 224 228 233 238 241 243 244 247 255 257 264 269 270 273 274 275 280 286 290 294 297 301 303 305 308 311 315 331 333 334 335 338 343 346 350 354 357 361 365 367 372 375 380 383 386 389 392 395 400 404 407 410 414 417 419 423 
133 146 152 164 171 175 181 192 194 198 203 208 210 221 225 228 230 235 239 244 245 248 252 259 261 267 272 276 280 281 284 287 288 293 298 302 304 307 310 312 315 317 332 336 339 342 346 347 351 354 357 359 363 367 370 374 379 382 387 389 392 394 399 404 406 409 412 418 420 422 427 
134 149 155 167 175 179 185 196 198 201 205 209 214 224 227 230 233 236 241 247 250 252 253 260 265 268 274 278 282 284 288 289 292 294 302 304 305 309 313 314 316 320 335 339 342 344 350 353 357 359 363 367 369 370 373 376 380 383 388 393 397 399 401 408 412 415 417 420 422 423 429 
138 152 157 171 179 182 187 199 202 206 210 213 215 227 228 232 237 241 244 250 252 253 256 262 269 270 277 281 284 288 291 292 294 296 304 306 308 312 317 320 322 325 336 340 344 348 351 357 359 361 367 368 370 372 374 377 381 386 392 397 400 403 405 412 413 418 420 423 426 430 431 
142 156 158 174 183 185 189 202 204 207 213 217 221 228 231 234 238 245 249 252 256 259 261 264 271 273 280 284 288 290 294 296 297 299 307 311 314 316 321 325 328 330 338 342 347 351 353 361 363 366 369 371 373 374 377 381 384 390 395 400 404 406 410 415 418 420 422 427 430 433 436 
145 157 161 178 185 188 191 204 206 210 215 218 222 232 236 238 240 249 251 256 257 263 265 266 275 278 284 288 291 292 295 300 304 308 309 312 318 320 322 328 331 335 341 344 349 355 359 364 365 367 372 374 376 377 380 384 385 394 399 401 407 411 415 417 421 424 426 431 435 436 439 
148 160 162 182 189 192 195 207 209 213 216 219 226 236 237 240 244 251 254 259 262 266 267 269 277 281 285 292 295 299 300 304 306 309 313 315 322 323 326 329 333 339 344 345 353 356 360 365 366 370 373 377 380 381 385 387 388 398 402 405 411 413 417 419 424 426 427 432 438 440 444 
152 161 164 183 191 193 197 209 212 215 217 222 228 240 243 245 248 254 256 263 267 269 272 275 278 283 287 295 296 303 304 305 310 311 314 318 325 329 331 332 336 343 346 348 356 357 364 369 372 375 378 380 383 385 387 390 392 399 404 409 415 416 419 423 425 428 431 436 439 441 448 
153 165 168 186 194 195 200 211 213 217 219 225 229 244 245 247 251 256 258 265 271 274 275 276 279 284 290 299 300 306 307 311 312 314 315 320 328 333 336 337 341 346 347 349 358 361 367 373 374 379 383 385 386 390 394 395 397 402 407 411 418 421 422 425 426 429 435 440 443 444 449 
157 169 170 188 197 201 205 215 217 221 224 229 231 248 252 255 258 262 264 268 272 276 280 281 282 286 291 303 304 310 313 317 320 321 324 326 332 335 340 341 343 348 352 356 360 363 370 376 378 381 387 391 395 397 401 404 408 409 412 416 422 425 426 429 432 436 437 441 445 449 451 
161 172 173 189 201 202 208 218 220 223 228 232 234 249 255 257 259 265 266 270 276 277 283 284 287 289 294 306 308 314 316 319 324 325 326 328 336 337 343 345 349 352 354 357 362 365 372 378 379 382 390 393 396 400 402 407 410 414 415 420 424 428 431 434 436 439 442 446 447 451 452 
163 176 178 193 205 209 213 221 225 227 232 233 238 250 258 260 263 269 270 273 278 282 287 291 295 296 299 310 312 315 319 322 328 329 331 332 339 341 346 349 351 353 355 360 364 367 376 380 382 384 392 396 400 402 406 408 414 416 418 423 426 430 435 438 440 441 443 449 451 455 456 
166 178 182 196 207 211 215 222 228 232 235 237 241 251 262 263 266 270 272 275 280 286 291 294 296 300 302 314 317 321 324 328 329 333 335 338 341 342 349 352 353 355 359 363 365 370 377 384 385 388 395 399 404 407 408 410 417 419 421 424 430 434 437 439 444 445 446 452 453 459 462 
169 182 184 199 210 215 217 224 230 233 236 240 242 253 263 264 270 274 278 279 283 289 292 298 302 304 306 318 321 322 328 329 330 335 338 340 342 346 353 354 356 360 362 365 369 372 378 386 388 392 396 402 407 410 413 415 418 422 425 426 431 438 440 443 448 452 455 457 461 464 468 
173 185 188 203 211 218 222 227 232 236 237 243 244 257 264 268 274 278 280 284 287 293 297 302 305 309 310 322 323 324 330 331 332 338 342 346 350 351 355 356 359 362 365 369 373 374 380 387 390 395 398 403 408 413 415 417 421 423 429 433 436 441 443 446 449 456 457 459 464 466 471 
176 189 193 207 214 221 225 230 234 237 241 247 249 258 267 269 276 280 282 287 291 297 301 303 308 310 311 323 326 329 332 336 340 342 343 349 351 355 359 361 362 366 369 371 377 380 383 389 393 396 400 407 409 416 417 418 423 424 431 435 438 443 447 449 451 458 460 461 468 470 472 
