5 8 9 10 13 15 17 20 24 25 26 27 28 29 32 33 35 36 37 39 43 46 48 50 51 55 57 61 64 68 69 72 76 80 84 86 89 91 93 94 98 102 104 107 110 112 114 115 118 119 120 124 126 130 132 136 138 141 144 148 149 150 153 155 157 160 164 167 170 171 175 176 
6 12 16 20 21 23 25 26 27 28 30 33 35 37 40 43 46 50 51 53 56 60 62 64 68 69 73 77 78 80 81 84 85 89 93 94 98 99 103 105 108 111 113 116 118 121 125 129 131 133 136 138 142 146 147 149 151 152 155 156 159 161 163 165 167 171 173 174 178 182 184 188 
10 16 18 21 25 27 29 33 36 37 40 44 45 49 50 54 58 59 63 67 71 73 74 75 76 77 79 80 81 82 86 90 91 95 99 100 104 108 109 111 115 119 123 126 127 130 133 137 139 143 145 148 151 153 157 160 161 165 169 172 174 178 182 186 190 193 196 197 200 203 205 209 
14 19 23 26 30 33 36 38 40 42 44 48 51 53 55 59 63 67 71 73 76 80 82 86 89 91 95 98 101 105 107 109 110 114 116 120 123 125 129 133 136 139 143 144 145 146 148 151 155 159 161 164 167 169 170 171 174 177 179 181 182 185 189 190 194 198 199 202 203 205 206 212 
17 21 24 27 34 36 40 41 44 47 49 50 53 54 59 61 64 71 73 76 78 83 85 90 91 94 97 99 105 106 111 112 114 117 120 124 125 127 133 137 139 142 147 149 151 154 158 161 165 167 169 170 172 174 177 180 182 183 187 189 193 197 200 202 203 204 207 208 210 214 215 216 
21 25 26 31 37 38 43 47 48 49 50 51 56 57 61 62 66 72 76 78 81 87 88 94 98 100 103 105 106 107 114 116 120 124 126 130 132 133 136 138 143 147 148 150 153 158 159 165 168 171 175 178 179 183 184 185 187 191 193 197 200 204 208 211 214 218 222 226 228 231 235 239 
24 29 30 32 39 42 45 50 53 55 57 61 65 66 68 69 72 73 79 81 84 88 89 96 99 104 108 111 112 116 119 123 125 127 131 134 135 136 137 141 144 151 155 158 159 162 164 169 171 172 178 179 181 184 188 189 193 194 195 200 202 206 211 215 218 221 226 229 232 233 237 242 
26 31 32 35 40 43 48 54 55 57 60 62 67 70 71 75 78 79 81 82 88 91 92 99 100 108 112 116 119 122 123 124 126 128 134 135 138 139 143 147 148 153 156 161 165 169 171 175 178 180 182 185 186 187 189 191 194 198 201 202 204 208 213 218 219 224 227 233 234 237 239 244 
30 32 34 36 41 44 51 55 56 61 64 66 69 74 75 76 81 82 83 84 92 95 99 100 102 111 116 120 123 125 128 129 132 136 137 140 143 146 150 152 156 160 161 162 168 173 175 176 182 184 187 190 193 196 197 200 202 204 208 210 211 215 218 222 223 227 229 236 238 241 243 246 
32 33 35 37 45 46 53 59 60 65 67 69 73 76 79 83 86 89 93 97 99 102 103 107 109 113 118 123 126 127 130 133 137 140 141 145 148 149 152 155 159 164 165 167 169 174 178 181 186 190 191 194 197 199 201 205 206 208 211 215 217 219 222 225 226 231 235 239 241 242 245 247 
36 38 40 44 48 49 56 61 65 67 71 73 74 80 82 84 89 93 97 100 103 106 108 109 112 114 120 124 128 131 132 135 138 141 145 149 152 154 156 158 160 167 168 171 175 178 179 185 187 192 196 198 202 205 208 212 214 216 218 219 222 223 226 227 231 234 236 243 246 247 249 250 
40 41 42 47 52 55 58 65 69 73 77 78 79 84 86 90 91 97 101 102 104 110 112 114 115 119 122 126 129 135 136 137 139 143 147 152 154 158 161 164 167 169 170 174 176 182 186 189 190 194 199 202 203 209 211 213 215 220 224 227 229 230 231 235 237 239 241 246 248 252 256 260 
42 45 47 49 55 56 59 69 72 75 79 80 83 85 88 94 97 98 104 108 110 112 114 117 118 122 126 127 131 138 141 142 143 146 148 156 158 162 164 167 171 172 174 177 179 184 189 192 195 198 203 205 206 212 216 218 221 223 227 229 233 235 238 239 240 244 245 249 252 255 260 263 
43 47 49 50 57 58 61 71 75 78 83 87 89 91 94 95 101 105 108 111 115 116 120 123 127 130 132 135 138 142 143 147 151 154 158 161 165 169 171 172 175 178 180 182 185 187 192 196 199 200 204 206 207 214 219 222 225 226 228 231 234 238 239 243 247 251 253 257 258 259 261 264 
45 48 50 54 60 61 64 73 77 80 85 88 93 97 100 102 106 108 110 114 118 120 121 127 130 133 135 139 143 147 150 154 155 156 159 165 166 172 175 179 181 184 188 189 193 194 198 199 200 202 207 208 211 215 222 223 227 230 231 234 235 240 242 244 251 255 257 260 261 262 266 269 
49 51 52 56 64 67 68 75 78 83 86 92 95 101 102 106 110 112 114 116 121 124 125 128 131 134 139 142 145 150 153 158 159 162 164 169 172 176 179 180 183 186 189 190 194 198 200 202 203 204 208 211 213 217 225 226 230 231 232 237 241 245 247 249 255 256 260 262 263 266 270 272 
50 52 56 60 66 70 73 79 80 86 87 93 96 102 106 109 112 116 117 119 123 128 130 131 133 135 143 146 150 154 155 161 163 165 169 172 173 177 180 181 184 189 193 196 198 201 204 208 209 211 215 218 221 222 226 230 233 236 238 242 244 248 252 254 259 262 263 264 266 268 271 273 
52 56 60 64 70 73 75 82 83 89 90 94 100 103 110 113 116 119 121 124 127 131 132 134 135 137 147 149 153 157 160 164 168 169 171 175 178 180 182 185 188 191 194 199 201 205 207 209 211 215 216 221 224 227 230 234 235 239 243 244 248 250 253 258 262 266 268 269 272 275 277 280 
53 60 61 66 73 77 81 85 88 90 91 97 103 104 111 116 119 122 125 127 131 135 136 137 138 142 148 152 155 159 162 165 171 172 176 180 184 185 188 192 194 198 200 202 203 206 209 211 213 216 217 225 229 230 231 236 238 241 244 245 251 253 257 260 264 269 271 272 275 279 281 283 
56 62 66 68 74 78 82 89 91 92 93 100 104 107 113 120 122 126 127 130 132 139 143 146 148 152 155 156 159 163 166 170 175 176 180 183 186 188 191 195 196 199 203 206 208 212 213 216 217 221 224 227 232 235 239 241 244 246 250 251 252 256 260 262 268 272 273 277 279 283 285 289 
58 66 69 71 77 82 85 91 92 96 97 104 108 109 116 122 125 130 133 136 140 144 146 150 151 155 157 160 164 166 169 174 178 181 185 189 193 195 198 201 204 206 209 212 216 217 221 224 228 230 232 235 236 239 241 244 246 248 253 256 258 261 264 267 269 273 277 279 283 284 287 290 
62 68 72 74 81 86 90 95 96 100 104 105 109 110 120 123 129 132 135 138 144 146 148 152 154 159 161 163 167 169 170 178 181 182 189 192 194 198 201 204 206 208 212 213 219 221 224 226 230 233 234 238 242 243 246 247 251 255 259 260 261 263 266 271 275 277 281 284 286 288 290 294 
66 70 75 78 82 87 93 99 102 106 107 109 113 114 124 127 133 137 138 139 147 148 151 155 159 161 165 168 170 173 174 181 184 185 190 194 196 202 205 206 210 213 217 218 223 224 228 232 234 237 239 241 244 247 248 251 254 256 263 266 267 270 271 272 276 279 282 288 289 290 294 295 
69 73 77 79 84 88 97 101 104 109 110 114 115 119 128 130 135 140 144 145 148 152 154 156 160 165 168 171 173 177 178 183 188 192 196 198 201 203 207 211 213 217 221 224 226 227 230 235 237 238 243 245 247 248 252 256 258 260 264 268 271 272 274 277 278 281 284 290 292 293 297 301 
73 75 78 82 87 90 100 102 105 113 114 117 118 120 129 134 136 142 148 149 152 156 160 162 163 169 172 174 176 181 182 186 189 196 199 200 203 205 211 214 218 222 225 229 231 235 236 237 239 240 247 250 252 255 256 257 262 263 267 269 274 276 277 278 279 285 286 294 297 299 302 306 
74 78 80 85 88 94 104 105 109 114 115 119 121 124 132 136 138 145 152 155 157 160 164 168 170 171 175 178 179 183 187 188 190 200 204 208 212 215 216 220 221 224 226 232 234 238 241 242 244 246 251 252 254 256 260 263 265 268 272 274 276 280 281 283 287 291 293 296 299 302 304 308 
76 81 85 87 92 97 106 107 110 116 119 123 125 127 135 140 144 147 154 159 161 162 165 169 173 176 180 183 184 186 191 192 193 201 206 210 213 216 220 224 226 228 232 236 238 239 245 247 250 251 254 257 260 264 268 271 272 273 275 276 278 282 285 289 292 294 295 298 302 303 305 309 
77 83 89 91 93 98 110 112 115 118 120 126 128 129 138 141 147 150 158 163 166 170 174 176 180 181 183 184 187 189 195 199 202 203 209 213 215 217 221 226 230 232 233 239 241 242 247 250 253 255 256 260 263 265 269 273 274 277 279 280 284 288 292 296 298 301 305 308 312 316 317 318 
80 84 90 93 97 102 112 115 118 122 125 129 130 134 142 143 148 152 161 164 167 171 175 178 184 187 188 192 193 194 197 202 203 205 211 214 218 220 223 228 233 234 235 241 244 247 248 251 257 259 262 265 267 269 271 277 279 282 283 287 289 293 297 300 303 305 309 310 316 318 322 325 
84 86 94 97 101 103 116 118 121 126 128 133 135 138 146 148 152 156 164 167 168 175 179 180 185 191 195 197 201 203 207 209 210 214 216 218 220 224 226 232 236 238 242 246 248 251 252 254 261 265 269 273 275 277 278 282 285 288 289 290 294 295 301 303 305 309 313 315 317 322 325 328 
88 90 97 98 104 106 117 120 122 129 131 135 136 139 149 150 154 159 167 171 175 179 181 185 189 195 198 202 206 209 211 215 217 220 222 226 229 230 233 237 239 242 245 247 249 252 254 255 265 267 270 277 278 282 284 287 289 290 294 295 296 299 304 307 309 310 316 319 320 323 326 330 
89 92 100 102 107 111 119 124 128 133 134 137 139 141 150 154 158 163 168 173 179 180 185 189 190 198 200 205 209 211 212 216 221 224 228 232 236 238 242 244 247 250 252 255 257 258 261 263 266 270 272 281 285 289 291 292 296 300 304 307 311 314 318 321 324 328 331 335 338 339 341 344 
93 96 102 104 110 115 122 126 129 136 138 142 144 146 152 155 162 166 169 175 180 181 187 191 193 199 204 207 210 214 216 218 222 226 231 235 238 242 245 248 250 252 255 257 258 261 263 267 271 275 277 285 286 292 293 294 300 301 305 310 315 318 320 325 328 331 335 336 340 342 344 346 
96 97 105 106 114 116 123 127 131 139 143 146 148 149 155 156 166 167 171 179 183 185 191 195 198 202 208 210 213 218 219 221 223 230 233 236 240 245 248 251 254 256 260 261 262 264 267 271 273 279 280 287 289 293 296 298 302 304 309 311 319 321 323 328 331 333 339 340 341 346 350 354 
97 100 107 108 115 119 127 131 132 143 145 147 151 153 156 157 168 169 174 180 187 190 193 197 202 203 212 215 218 220 224 226 228 234 237 240 241 247 251 255 259 261 262 264 267 270 274 276 279 283 286 288 290 297 299 303 306 309 310 314 321 323 327 331 333 337 342 343 347 350 353 357 
100 104 111 112 118 122 128 132 134 147 148 152 154 157 161 162 172 174 177 184 190 194 195 200 205 206 216 218 222 223 227 228 229 238 240 244 245 249 252 256 261 262 265 266 269 273 275 280 281 287 288 290 292 301 302 305 308 312 316 318 322 324 330 332 337 341 345 348 349 354 357 359 
104 106 112 114 122 124 129 133 138 148 150 155 158 159 165 167 175 178 180 187 191 195 197 204 209 211 217 222 225 229 230 231 232 239 241 246 248 252 255 258 263 266 269 273 275 276 279 282 284 289 292 294 297 303 306 309 310 313 318 322 326 329 333 335 338 343 348 349 352 356 361 364 
107 110 113 116 126 128 133 136 140 150 154 156 162 163 166 170 177 182 184 190 195 198 200 205 210 215 221 224 229 230 231 234 235 241 243 247 250 254 259 260 264 270 273 274 276 277 282 283 285 290 294 296 299 307 311 312 316 319 323 325 330 333 336 340 344 346 350 354 356 360 362 365 
108 111 116 120 128 129 134 138 142 152 158 159 164 168 172 173 181 185 189 193 199 200 202 208 211 216 224 226 231 235 239 242 246 250 253 255 257 261 264 265 267 274 276 280 284 286 289 291 293 295 297 301 304 309 315 316 318 323 325 326 333 335 339 342 348 350 354 357 361 362 365 369 
112 113 120 124 129 132 137 140 146 154 160 162 165 170 176 180 184 189 193 195 202 205 207 210 213 218 228 230 234 239 240 246 248 251 255 257 259 262 268 270 274 275 279 281 288 290 294 297 299 301 305 309 312 314 316 320 324 327 329 332 336 338 342 344 352 354 357 359 365 367 371 375 
115 117 121 125 133 134 139 142 150 157 161 164 169 172 177 182 187 193 195 199 206 208 210 213 215 222 230 232 236 241 245 247 249 253 257 259 263 264 271 275 278 282 285 288 289 293 298 301 305 306 310 314 315 319 321 325 328 331 335 338 342 343 346 348 353 358 361 364 368 369 375 376 
116 120 122 126 135 136 141 144 154 160 162 167 171 176 179 184 190 194 198 201 209 212 215 216 218 224 233 236 238 244 246 248 252 256 261 263 266 270 273 277 282 285 288 292 295 297 302 306 307 308 314 316 319 322 326 329 330 333 338 341 344 345 350 354 355 359 362 365 371 375 377 381 
119 122 124 127 137 141 144 147 155 164 168 172 174 178 182 188 193 197 199 205 211 213 219 223 227 229 234 240 244 245 249 250 256 258 262 267 270 273 275 280 286 290 291 293 296 298 306 307 311 313 317 318 323 327 330 334 336 340 342 344 346 350 354 356 357 362 364 368 375 376 380 382 
122 126 129 133 139 142 147 149 158 165 170 175 177 179 184 189 195 198 201 206 213 215 220 225 230 234 238 243 247 248 251 255 259 260 266 269 274 275 279 282 288 291 295 296 300 302 308 312 316 319 323 325 329 333 335 336 340 344 348 350 353 355 358 360 362 366 368 371 376 380 381 386 
123 128 130 136 142 144 151 153 161 168 173 178 179 182 187 191 199 203 206 209 216 217 224 227 233 237 242 246 251 255 259 260 264 267 269 271 278 280 284 285 289 295 297 298 304 305 309 314 320 321 327 328 330 336 337 341 344 347 349 351 355 357 362 365 368 370 374 375 379 384 386 389 
127 129 132 138 143 145 155 159 162 169 175 182 183 184 191 195 200 206 209 211 219 222 225 228 237 239 246 249 254 256 263 267 268 271 275 277 280 283 288 291 294 298 302 305 308 309 312 317 321 325 330 331 333 338 342 345 346 350 352 354 357 361 364 368 371 375 378 379 381 388 389 392 
131 134 135 141 146 150 159 160 163 173 176 185 186 187 192 197 202 210 212 216 221 224 226 232 238 240 248 252 258 262 266 269 271 273 279 282 286 288 289 293 296 299 306 310 312 316 319 321 323 327 334 335 338 342 346 348 352 355 356 359 363 367 371 374 376 377 381 383 387 390 394 397 
134 136 140 145 147 152 162 164 167 175 177 186 188 192 196 201 204 211 214 220 223 227 230 236 240 242 250 253 262 264 267 273 277 281 285 287 290 291 294 295 300 304 309 314 315 319 323 325 326 330 338 339 343 346 350 351 356 359 360 364 368 371 375 378 382 384 387 389 393 394 398 402 
135 140 143 147 151 153 163 165 170 176 178 189 191 196 197 203 207 212 215 221 226 228 232 239 244 245 253 254 266 270 272 275 278 284 286 289 293 296 300 301 304 306 311 316 318 322 326 328 332 336 341 344 345 349 353 356 359 361 363 366 370 374 378 382 386 390 394 397 400 402 403 404 
139 144 145 151 153 157 167 171 174 178 179 193 195 199 203 207 210 214 218 224 229 231 236 242 248 250 257 261 269 273 274 278 281 286 288 291 295 300 303 305 308 312 314 317 320 326 327 332 334 339 343 348 352 353 355 359 360 363 365 370 372 377 379 386 389 392 395 399 403 405 407 410 
141 147 151 155 157 161 168 173 177 179 182 195 196 203 205 209 214 215 220 225 230 233 238 243 252 254 259 262 270 274 278 282 286 289 292 296 298 301 305 309 311 314 315 318 321 328 331 336 339 340 346 350 355 359 361 365 369 370 372 376 377 379 382 387 392 396 397 402 404 406 411 414 
142 149 154 156 159 164 171 177 180 182 183 199 202 204 207 210 217 221 225 228 231 236 242 244 256 260 264 266 271 277 282 286 287 290 294 300 304 307 311 314 317 318 321 323 327 331 335 339 343 345 350 354 356 362 363 369 372 375 379 383 387 390 393 396 400 404 405 408 410 414 415 418 
143 151 158 159 163 165 172 181 185 188 192 202 203 207 209 212 218 224 228 231 232 237 246 249 259 264 265 269 273 280 286 289 293 296 299 303 305 309 313 318 320 324 325 329 331 332 339 342 345 346 351 355 358 365 368 373 377 379 382 385 389 391 397 399 404 407 409 413 417 419 421 425 
144 155 159 163 165 169 176 183 189 193 195 203 205 208 212 214 221 226 231 232 236 241 248 252 262 267 270 274 275 282 287 293 295 299 300 304 309 310 316 321 324 327 330 334 335 339 341 345 346 350 354 359 361 366 369 374 378 381 384 389 390 395 399 402 407 408 412 416 419 421 422 426 
146 158 163 166 169 171 177 186 190 197 200 206 210 214 216 220 223 227 233 235 238 244 249 254 263 269 274 275 279 284 291 297 301 305 307 308 313 314 320 323 328 332 335 339 340 343 345 349 350 354 356 360 363 369 373 375 382 386 389 391 393 398 403 404 408 410 413 420 421 422 424 427 
148 160 165 170 173 174 179 190 193 199 203 209 213 217 218 221 224 228 235 238 239 246 252 255 266 272 275 277 280 287 295 301 303 309 311 313 315 317 324 326 332 334 336 341 342 345 348 351 355 356 358 363 367 371 376 378 386 390 394 396 400 404 406 409 412 416 419 424 427 431 433 436 
150 161 168 172 175 178 180 193 194 203 207 212 216 220 222 225 228 230 237 240 242 250 254 258 267 274 279 282 286 290 298 302 304 310 315 318 320 324 327 330 334 338 342 346 349 351 355 356 359 361 363 365 368 375 379 383 388 394 397 399 403 407 410 413 416 418 421 426 429 434 435 437 
154 165 171 174 178 182 185 194 198 206 208 215 220 223 224 227 229 231 238 242 245 253 257 260 271 277 281 286 287 294 299 304 306 311 317 322 323 326 331 333 338 341 346 349 350 354 357 359 362 364 365 368 370 377 380 386 391 398 402 405 408 410 412 417 418 422 426 430 432 437 439 442 
155 168 173 176 181 186 187 197 200 209 212 216 224 226 228 232 236 240 242 244 246 254 258 262 274 280 283 288 289 296 300 308 311 312 320 323 325 328 334 337 339 345 347 350 353 358 362 363 366 368 371 373 375 381 382 387 394 402 403 407 411 414 417 418 420 424 429 434 437 438 443 446 
159 172 176 179 183 188 192 200 203 211 213 218 227 231 233 235 239 241 245 248 252 255 259 264 276 282 284 291 295 300 303 310 314 318 322 324 328 330 336 341 342 349 353 354 355 360 365 369 372 373 376 377 378 384 388 389 397 404 408 412 416 419 421 425 429 431 435 439 441 444 448 450 
162 175 178 180 186 192 195 201 206 213 217 222 229 232 235 238 240 244 249 253 256 259 261 268 279 286 290 295 299 303 307 313 316 319 325 326 329 333 340 343 347 351 355 358 359 364 369 373 377 379 380 383 386 388 389 390 399 408 409 416 419 422 426 429 433 434 436 441 443 445 452 454 
166 176 179 182 188 194 198 205 210 214 220 225 231 236 238 240 243 248 251 257 259 262 265 271 280 290 292 297 302 304 308 314 320 323 329 333 334 335 343 346 348 354 358 360 364 366 370 374 380 381 384 388 392 396 400 404 407 412 413 419 422 423 427 430 435 439 441 443 446 447 456 457 
170 180 181 183 192 195 202 207 213 218 222 226 234 240 241 244 245 252 255 260 261 263 268 275 281 292 293 301 305 306 311 315 321 324 333 337 341 342 346 348 349 356 360 364 367 369 374 378 382 386 387 390 395 398 403 406 411 416 417 422 425 427 429 433 439 440 442 446 448 451 457 458 
173 184 187 190 194 199 205 208 214 220 226 230 235 242 245 247 250 255 257 262 263 266 270 277 285 293 297 302 309 312 314 317 324 326 337 340 344 346 349 350 354 360 364 365 368 373 376 382 383 390 392 394 398 401 404 408 413 417 421 425 428 431 432 436 443 447 450 452 453 454 458 461 
175 186 189 194 197 203 209 210 215 222 227 232 236 244 248 250 253 258 260 266 267 271 273 278 287 295 300 303 312 316 318 321 327 328 338 342 347 349 352 353 356 362 366 368 371 377 378 385 388 392 394 396 401 402 407 410 417 418 424 426 430 434 437 440 445 451 455 457 460 461 465 468 
179 188 192 195 201 207 212 216 218 226 228 234 237 247 251 252 254 262 265 268 270 274 275 280 290 296 303 307 314 317 321 325 330 331 342 344 350 352 354 355 359 364 368 370 372 379 381 389 391 393 398 401 403 406 410 414 419 420 425 427 434 435 438 441 448 454 456 459 464 467 468 469 
180 192 196 199 203 211 216 220 224 230 231 236 238 249 252 256 258 264 269 271 273 277 281 282 292 298 304 311 318 319 323 328 333 335 345 349 352 354 355 357 362 365 370 372 373 383 384 392 395 397 401 404 408 409 414 416 422 423 429 430 436 437 442 444 452 458 459 463 468 470 471 472 
181 193 199 203 207 214 219 223 225 234 236 238 240 252 256 259 260 268 273 277 281 284 288 290 295 300 307 315 321 324 325 329 335 337 346 352 355 357 361 362 364 367 371 373 374 385 389 394 399 403 404 406 410 411 415 418 425 426 431 433 439 441 443 447 456 459 461 465 471 473 475 476 
184 195 200 205 210 216 223 227 229 237 240 242 243 256 258 261 263 272 275 279 285 287 289 294 297 302 308 317 325 329 331 333 337 339 350 355 359 362 365 366 368 372 373 376 379 387 393 396 403 406 408 412 415 417 420 422 426 427 435 437 443 447 448 449 460 464 465 468 475 478 480 484 
186 199 201 208 211 217 227 230 233 241 244 248 252 257 260 263 266 273 278 280 287 290 293 298 300 306 309 318 327 330 333 335 338 343 354 359 363 364 369 371 372 374 378 381 385 391 397 399 404 410 413 414 416 418 424 426 427 428 436 439 447 451 454 458 463 466 469 471 479 480 481 486 
190 203 207 212 215 219 231 233 235 243 245 250 253 261 263 267 271 275 280 281 290 292 296 301 304 307 312 319 330 333 335 338 339 345 357 360 364 365 370 374 377 380 384 388 391 394 400 401 405 414 416 418 419 422 428 431 435 438 441 443 449 455 457 460 467 469 471 472 481 483 484 487 
193 204 208 216 220 223 233 236 239 247 251 253 254 264 267 271 274 276 281 283 292 296 300 302 306 310 315 323 331 335 338 341 344 348 360 364 365 368 374 378 381 384 388 391 392 397 402 406 408 418 420 422 423 426 430 435 436 439 442 447 451 456 461 462 470 473 477 480 483 486 487 488 
