3 7 9 10 11 13 15 18 20 21 22 26 28 30 31 35 39 40 42 46 50 54 56 59 62 66 67 69 71 74 76 77 81 83 87 89 92 95 99 102 106 107 111 115 118 120 124 126 128 131 134 135 137 138 142 145 149 152 153 155 157 160 162 166 167 169 171 174 175 179 182 185 188 189 193 194 197 198 202 205 208 211 213 217 221 223 227 228 231 234 238 240 244 246 249 250 251 255 256 257 259 262 265 267 270 273 276 280 284 286 289 293 297 298 302 306 309 312 316 319 321 324 327 331 335 338 342 344 347 351 355 359 361 363 365 366 369 371 375 379 383 386 389 393 396 400 404 405 408 410 413 417 419 420 421 425 
7 10 14 18 21 23 27 31 35 38 39 40 43 45 49 50 53 55 59 60 63 66 68 72 76 77 80 83 86 87 90 93 96 98 99 101 104 107 111 114 115 117 118 121 122 123 128 131 133 136 139 140 143 146 149 151 155 157 159 162 165 169 171 175 178 182 183 184 188 190 191 194 197 198 202 204 206 210 214 217 218 219 220 221 224 225 228 231 233 236 239 241 247 248 252 255 259 262 266 268 269 273 275 277 279 280 284 286 289 290 291 295 298 302 303 309 312 314 317 323 327 328 329 334 337 339 343 345 349 353 358 362 365 369 372 374 375 378 381 383 386 388 392 395 397 404 407 411 413 416 418 420 423 424 428 429 
11 12 17 22 26 29 30 34 39 42 44 48 49 50 51 54 56 58 62 65 68 69 70 75 79 82 84 88 90 93 94 95 99 102 104 108 112 116 120 124 125 129 130 133 135 138 139 140 141 144 148 150 154 158 161 163 164 166 167 168 172 176 178 181 183 186 189 192 193 197 201 204 208 210 211 214 217 219 222 223 224 227 229 230 234 238 240 244 247 251 254 257 260 263 267 270 272 274 275 277 278 279 282 284 287 289 293 297 298 299 301 305 307 308 309 311 313 315 321 324 331 334 338 342 345 347 350 354 358 361 364 366 370 373 375 377 378 380 384 386 390 393 396 399 402 406 409 413 417 420 421 423 427 429 430 432 
12 13 21 24 28 32 36 40 42 45 49 53 55 59 63 66 70 71 74 75 77 79 82 85 87 88 91 92 93 97 101 105 107 109 112 113 116 120 122 128 132 135 137 138 139 142 144 147 151 152 156 157 159 160 164 166 170 174 177 178 180 181 184 185 188 192 195 199 201 203 207 211 212 216 220 224 226 230 234 235 238 241 245 248 249 252 254 258 260 263 264 266 268 271 274 277 281 285 288 292 293 294 295 298 302 303 304 305 308 312 313 314 315 316 320 322 326 330 331 333 335 337 339 344 348 351 355 359 360 365 367 370 373 375 376 378 382 385 389 391 395 398 399 402 403 410 413 416 421 424 428 432 434 438 440 444 
16 20 22 25 32 35 39 43 44 46 53 56 57 62 67 69 72 75 79 83 85 89 90 91 94 98 100 101 104 106 107 110 113 114 117 121 122 126 130 131 136 138 139 143 145 148 151 153 155 157 159 161 163 167 170 174 178 182 184 186 187 191 193 194 198 201 203 206 207 211 215 216 217 220 222 228 231 234 236 240 242 243 249 251 252 253 256 259 264 266 269 270 272 275 279 282 283 288 291 293 294 297 301 304 305 308 312 313 314 317 318 322 326 328 331 333 335 338 340 341 345 347 348 350 353 356 360 361 365 368 371 373 377 381 383 386 390 393 396 397 401 402 406 408 409 414 418 420 424 428 429 435 439 441 444 445 
18 24 27 31 33 39 43 45 46 49 54 60 63 64 71 75 78 79 83 86 90 94 97 101 102 103 105 107 109 113 115 119 121 124 128 131 133 136 138 139 140 143 147 148 151 152 153 154 156 158 162 164 166 170 171 177 181 183 187 190 192 195 199 203 207 208 210 212 214 215 219 221 224 228 229 233 235 238 241 243 247 248 251 254 255 259 261 265 269 273 276 279 283 284 285 289 293 295 296 300 301 305 306 308 310 314 316 318 322 323 325 328 330 331 335 336 337 339 344 346 348 349 350 353 354 358 363 365 368 370 374 377 379 383 386 387 393 396 397 400 402 405 409 411 413 415 422 423 428 432 433 438 441 443 447 450 
20 26 28 35 38 40 45 47 51 54 55 62 66 67 73 77 81 83 85 88 94 98 102 106 110 114 116 117 121 125 127 128 132 133 134 138 141 145 147 151 155 159 163 165 166 167 169 170 171 174 178 182 185 187 191 193 197 199 200 203 207 211 215 219 221 222 225 229 233 235 239 242 243 247 248 249 251 253 256 257 259 262 266 267 269 273 274 276 278 282 283 287 288 290 294 298 299 301 302 306 308 310 314 317 318 321 324 326 329 332 334 335 338 341 345 346 349 353 356 359 363 365 368 370 371 373 377 380 381 383 384 387 391 392 393 395 397 401 404 405 407 409 413 415 416 420 426 428 432 435 436 441 443 446 449 451 
22 29 31 38 40 41 47 48 53 55 57 64 68 71 75 78 85 86 90 91 95 102 104 107 114 118 119 122 124 127 131 134 137 139 143 146 149 151 152 154 159 162 166 169 173 174 178 182 184 186 190 191 193 195 198 200 203 207 210 214 218 222 223 225 229 232 235 236 238 241 243 246 248 252 255 257 260 262 265 269 272 276 278 282 286 288 291 293 294 298 302 306 307 311 312 313 315 317 320 323 327 328 329 330 334 335 339 340 343 344 345 346 347 349 353 354 355 359 362 363 366 370 372 373 377 381 385 386 388 390 394 397 398 400 401 403 405 409 412 415 416 420 421 423 424 428 429 431 433 436 439 444 448 452 454 455 
23 30 35 39 41 42 48 52 54 56 61 68 71 73 77 81 87 88 93 97 98 104 107 111 115 122 126 130 134 138 139 143 147 151 152 156 157 161 164 165 166 168 170 172 175 178 181 183 186 188 193 194 196 200 203 204 208 209 212 215 221 226 227 231 234 237 241 245 249 250 254 257 259 262 264 267 270 274 276 279 282 283 287 290 293 296 299 300 301 304 308 309 312 313 314 316 320 324 328 331 333 337 340 344 345 346 348 351 352 356 359 360 362 365 366 370 372 375 377 379 382 383 387 390 393 394 395 396 398 401 403 405 409 413 414 417 418 419 420 423 425 429 431 434 438 439 440 444 447 448 449 451 452 455 456 457 
25 31 39 41 42 46 50 56 57 58 64 72 73 76 79 82 91 95 98 102 103 106 110 112 117 124 130 133 137 142 144 147 150 155 157 159 161 165 168 170 174 176 179 180 181 184 187 191 193 195 196 197 200 201 206 209 210 213 215 216 225 228 231 233 238 242 245 248 253 255 257 260 261 264 268 270 271 275 278 282 283 286 291 292 295 299 302 304 305 309 313 314 317 319 321 322 325 328 332 334 337 341 344 347 351 352 353 357 360 364 365 367 370 372 373 375 378 380 383 386 387 388 389 391 394 395 399 402 404 405 407 410 411 417 420 423 427 428 429 430 433 434 436 437 441 442 445 449 453 454 457 460 462 465 467 470 
27 34 42 43 44 49 54 57 61 63 67 76 78 79 81 84 94 98 100 103 104 109 114 115 121 126 134 135 140 143 146 149 152 157 161 164 167 170 174 177 179 183 185 189 190 193 195 198 199 201 205 208 209 211 215 217 220 223 226 228 232 235 238 242 246 250 253 256 260 263 265 269 272 273 276 277 280 281 283 287 290 291 294 298 300 302 303 305 307 313 315 316 319 320 324 328 329 331 333 337 341 344 346 350 352 356 358 360 363 365 367 371 373 376 378 381 382 385 389 392 396 399 400 403 407 408 412 413 416 420 424 426 429 432 434 435 437 441 444 445 446 450 451 453 454 457 460 463 464 466 468 472 474 476 477 478 
28 38 45 46 49 50 57 59 65 69 72 77 81 85 88 92 96 101 102 105 108 112 116 120 125 127 135 137 144 145 147 150 153 159 165 169 172 173 178 182 186 190 193 194 197 199 201 205 209 212 215 216 217 219 221 225 229 231 232 236 239 241 245 249 250 253 255 259 264 268 270 271 274 276 280 284 288 291 294 298 299 302 306 309 311 315 316 317 318 321 322 323 326 327 329 330 334 336 339 343 346 347 349 354 357 358 361 365 369 370 374 378 382 384 385 386 389 393 397 399 400 403 405 408 410 413 416 419 422 424 428 431 432 434 437 439 441 444 445 447 450 454 455 458 459 462 464 467 468 472 473 474 476 478 480 483 
31 41 49 50 54 56 61 64 68 73 76 79 84 89 91 94 98 105 106 110 113 117 119 123 128 129 139 141 148 151 154 155 156 162 167 171 174 177 181 184 188 191 194 197 200 202 204 207 210 216 219 222 224 227 229 231 235 236 240 242 244 246 250 251 254 257 259 263 266 269 271 275 279 280 284 286 290 292 298 302 305 306 308 313 317 320 323 327 331 332 334 338 342 344 345 346 347 349 353 356 360 364 366 367 369 371 372 376 380 383 385 387 388 392 394 397 400 403 405 408 410 411 412 415 419 420 421 425 427 431 433 435 437 438 442 443 444 446 448 449 453 457 459 460 463 466 468 472 474 478 481 485 486 487 490 494 
33 42 52 55 59 62 63 66 69 77 79 80 87 92 95 99 103 109 110 114 118 120 122 127 130 131 142 146 150 152 157 159 160 165 170 173 177 180 182 187 192 193 198 201 202 204 205 211 214 217 221 224 226 230 234 236 240 244 247 251 255 258 262 263 264 266 270 274 278 280 283 285 289 291 294 295 297 300 302 303 309 313 315 317 320 323 325 328 332 335 338 341 345 349 352 356 357 361 365 366 369 370 372 375 377 380 382 385 387 390 394 398 399 402 403 405 409 412 416 420 422 423 426 430 433 435 436 438 442 445 448 452 456 457 459 463 465 468 469 470 473 474 476 477 479 481 482 486 487 490 493 495 497 498 500 503 
36 45 55 58 60 64 66 69 70 79 80 82 90 96 100 104 108 110 114 118 120 123 126 128 133 137 145 147 152 153 161 163 166 170 172 176 180 183 184 189 195 199 200 202 206 210 211 214 218 220 223 228 231 232 235 240 243 246 249 255 259 262 263 265 267 269 273 277 282 285 288 291 295 297 301 303 307 311 312 316 320 322 326 327 329 333 335 338 340 344 348 351 352 356 357 360 363 366 370 373 376 378 380 382 385 389 390 392 393 396 398 400 401 403 406 409 413 414 419 422 426 429 432 436 438 440 441 444 447 449 450 455 460 461 465 467 470 474 476 480 483 487 488 490 494 496 498 500 501 505 509 510 514 515 516 519 
37 46 57 61 63 65 67 73 76 80 84 87 94 99 101 105 112 114 115 122 126 129 131 132 135 141 149 152 155 157 162 165 167 172 175 179 181 187 188 191 198 203 207 211 215 217 218 222 225 226 230 234 238 239 241 244 247 249 252 256 261 266 267 271 274 275 278 280 285 288 289 295 297 299 303 304 309 315 319 323 326 328 329 331 333 334 338 341 343 346 352 355 358 362 365 368 370 371 373 374 380 381 383 385 387 393 395 399 403 405 408 409 413 416 417 420 421 424 428 429 433 436 438 441 445 446 449 451 454 458 459 462 465 469 473 474 476 479 482 483 485 489 492 495 497 499 500 502 503 508 513 514 518 521 522 526 
40 48 58 64 67 69 71 76 80 83 88 91 98 100 104 108 114 117 119 125 130 131 132 134 136 144 153 155 157 161 166 167 171 175 176 182 183 190 194 198 199 205 208 214 217 219 221 226 229 232 235 236 240 244 246 249 252 256 260 262 264 268 270 273 275 276 282 283 289 290 294 298 302 304 307 310 314 317 322 324 328 331 334 337 340 344 346 347 348 351 355 358 359 366 370 373 374 376 378 381 382 384 385 386 388 395 398 402 405 408 410 414 418 420 424 428 429 432 434 436 440 442 443 445 448 452 455 459 461 462 463 466 470 474 478 479 483 485 488 491 493 496 498 502 506 507 510 513 515 517 520 524 526 530 531 534 
44 49 62 68 71 75 79 83 85 89 91 92 99 101 106 111 117 121 124 128 133 137 138 142 145 147 155 156 158 163 169 171 174 177 178 185 189 191 196 201 203 207 211 217 218 221 223 228 233 234 237 238 243 246 247 252 256 257 261 263 266 272 274 277 280 282 284 285 291 294 295 302 303 308 312 314 317 321 325 326 332 335 339 342 344 347 349 353 356 358 361 362 366 367 371 377 379 383 384 387 391 393 397 398 401 405 406 408 411 414 415 419 422 424 425 432 434 437 439 440 442 444 447 450 452 456 459 461 465 467 470 474 478 481 483 484 485 487 489 492 494 499 502 506 510 514 517 518 520 523 525 526 528 534 535 536 
47 51 66 72 75 78 81 87 90 91 95 99 101 103 107 115 118 124 127 130 135 140 141 144 149 151 158 162 166 169 170 172 177 179 181 187 190 192 198 203 206 208 214 220 221 223 225 229 234 237 241 244 247 248 252 254 258 259 265 269 272 273 275 279 284 286 290 294 296 299 301 306 307 310 315 319 322 325 326 327 334 338 340 344 345 350 353 355 358 359 364 368 370 372 375 380 383 386 388 392 396 400 402 405 408 412 415 419 423 425 428 429 433 435 438 439 441 444 448 449 451 455 459 463 466 468 470 472 473 475 477 479 483 484 488 490 491 492 495 497 501 505 506 508 511 517 518 519 523 527 531 534 537 539 541 544 
49 54 67 75 77 81 82 89 92 95 97 102 105 107 111 117 119 128 132 136 138 143 144 147 152 155 162 164 170 173 175 177 181 185 187 189 191 195 201 207 208 209 215 222 224 227 228 232 238 239 243 247 248 252 253 258 259 260 266 272 275 276 280 283 286 290 293 298 299 300 302 308 310 312 318 323 326 329 332 333 338 341 342 346 350 352 354 357 361 364 368 369 371 375 379 381 387 390 394 397 400 403 404 407 409 416 420 423 424 429 433 436 440 442 445 448 449 452 454 455 456 458 460 464 467 470 472 475 477 481 483 486 488 491 493 496 499 502 503 505 509 513 516 517 520 524 528 531 533 535 538 539 541 545 547 548 
51 56 70 76 80 83 84 93 94 97 100 104 107 108 112 121 124 129 136 140 142 146 150 152 155 157 164 166 171 175 178 181 183 189 193 195 199 200 202 208 210 212 219 223 227 230 234 237 241 244 247 250 251 253 256 259 262 266 269 276 278 282 283 287 288 293 297 302 306 308 310 314 315 318 321 326 328 333 334 338 341 343 345 347 351 353 356 358 364 368 370 371 375 379 382 385 388 392 396 398 401 407 408 411 415 419 423 426 428 432 437 441 443 447 449 453 457 458 460 463 467 471 472 475 478 479 483 485 486 487 489 492 495 499 502 503 505 507 509 510 513 515 520 522 523 528 532 534 535 539 542 544 546 548 552 553 
53 58 71 78 83 86 90 94 98 101 105 109 113 116 119 122 127 131 139 141 144 150 153 155 157 160 168 169 175 178 180 185 187 190 196 198 203 204 206 210 213 215 221 226 230 231 237 241 244 248 252 256 259 263 264 268 269 271 272 278 279 285 288 289 292 296 301 305 309 313 316 318 320 322 325 328 329 334 336 342 343 347 350 351 352 354 357 361 367 369 374 377 378 382 384 389 390 396 397 399 402 411 414 416 418 420 427 429 432 433 440 442 445 448 451 454 458 459 462 465 469 475 477 478 482 483 486 490 492 495 497 498 502 505 506 509 513 515 518 519 520 523 526 528 531 532 533 536 538 543 546 550 552 555 557 561 
56 59 74 80 86 90 91 97 99 103 108 113 117 121 125 128 132 136 140 145 149 154 156 160 162 165 171 172 178 179 181 186 189 191 197 201 206 207 208 211 214 219 223 227 231 235 241 245 247 249 255 257 260 267 268 269 273 275 278 279 283 289 291 295 297 300 303 306 311 316 320 323 326 328 329 333 334 337 338 343 346 351 354 357 361 364 368 371 372 375 376 381 384 386 390 391 394 399 401 405 409 412 417 420 424 426 428 432 433 437 441 443 446 451 452 455 462 463 464 469 471 478 480 481 486 489 491 494 496 500 501 503 504 507 509 511 517 518 522 524 528 532 536 540 542 545 547 549 550 551 554 555 558 559 560 564 
60 63 77 83 89 91 93 99 100 104 109 115 119 124 126 131 135 140 141 146 153 156 160 161 164 167 172 176 182 186 190 194 196 199 203 207 209 210 213 215 218 222 226 230 232 239 245 247 249 252 256 260 262 271 272 275 276 280 283 287 291 293 297 299 303 306 309 312 315 319 324 327 331 334 338 341 344 347 351 352 355 357 361 364 367 369 370 375 379 380 383 385 388 390 394 395 398 402 406 408 410 416 421 424 427 429 431 436 437 441 443 446 448 455 458 461 463 464 465 472 473 480 481 482 489 493 494 497 500 501 503 507 508 510 514 517 521 522 524 525 529 536 539 544 547 550 551 555 557 558 560 561 564 565 568 572 
61 64 78 85 91 95 98 102 105 107 113 117 120 125 129 135 139 143 145 148 156 160 162 163 168 171 176 178 185 190 191 197 200 203 205 208 210 213 216 218 220 225 229 232 235 242 248 252 256 259 260 264 268 272 273 278 282 285 289 292 293 296 301 303 307 309 310 315 316 322 325 329 335 337 341 342 347 350 353 357 360 362 364 367 368 371 373 378 382 386 387 388 390 392 397 399 400 404 407 412 415 419 425 428 431 435 439 443 444 448 451 453 454 456 460 463 466 467 469 473 474 482 484 488 490 496 498 499 503 507 508 510 513 515 518 521 525 526 527 528 532 538 543 547 549 554 556 557 560 562 563 565 567 571 572 575 
64 68 82 87 93 97 100 103 107 111 115 120 121 129 131 139 142 146 147 151 158 161 166 169 171 172 179 183 188 194 197 201 204 206 208 212 213 217 220 223 226 227 231 236 240 244 250 253 260 263 264 265 271 273 277 280 284 287 292 295 296 299 305 309 311 312 316 320 321 325 329 332 338 340 344 348 351 355 358 360 363 367 368 370 372 373 374 382 386 388 391 392 395 396 398 400 404 407 408 413 416 423 428 432 434 439 441 446 449 452 454 457 458 460 462 466 468 472 475 476 478 483 488 489 491 499 502 506 507 508 511 512 516 520 522 525 526 530 533 535 537 541 547 549 552 558 560 563 566 570 574 578 581 584 585 589 
65 71 85 89 96 100 101 107 111 115 118 123 127 131 134 141 143 147 149 152 160 164 168 171 174 176 182 186 192 196 200 202 208 209 212 216 218 219 223 225 227 228 234 237 243 247 253 255 262 265 268 269 273 275 278 281 287 288 294 297 300 302 306 312 314 318 321 323 325 329 332 334 340 343 346 350 354 356 361 362 364 371 373 376 379 380 382 383 390 392 395 397 400 401 403 405 406 409 411 417 420 425 431 434 436 443 446 449 453 457 459 462 466 469 471 475 478 482 483 486 489 493 496 498 501 503 504 510 512 515 518 520 523 526 529 532 533 536 537 540 542 543 549 551 553 561 562 564 567 573 578 582 585 588 589 591 
69 73 88 90 100 102 106 110 113 117 122 124 129 133 135 144 148 152 153 155 161 165 171 173 178 181 183 189 196 198 203 204 211 212 215 219 222 223 224 226 231 235 237 238 244 249 255 259 266 267 271 274 276 277 281 283 289 290 298 301 305 308 311 314 318 322 325 327 329 332 336 340 343 346 350 352 358 360 365 368 371 374 376 379 382 386 387 389 393 397 401 404 406 410 414 415 416 419 420 421 425 428 432 436 437 446 447 453 456 460 463 464 467 472 473 477 481 485 489 493 497 501 505 506 507 510 514 518 519 523 525 527 530 532 536 538 541 544 548 550 551 552 555 556 559 563 566 569 572 575 580 583 588 591 595 596 
72 77 92 95 102 103 108 111 116 120 125 126 133 134 137 145 149 154 156 157 165 167 172 176 181 185 188 193 199 200 204 208 213 215 218 220 226 230 232 235 238 241 243 247 248 251 257 261 268 269 272 276 279 283 286 288 291 295 300 304 306 312 316 317 321 324 329 330 333 334 339 343 345 350 352 354 361 364 366 372 375 379 380 384 386 388 389 392 396 399 403 408 412 414 418 419 422 424 428 432 435 439 440 443 444 449 451 456 460 463 467 469 471 476 480 484 486 488 491 496 499 502 507 511 513 516 520 521 523 526 527 529 533 537 540 541 542 547 550 552 554 556 559 560 561 565 570 574 575 579 584 585 589 594 596 597 
76 81 96 100 105 107 112 116 120 124 126 127 134 136 141 149 152 155 157 158 169 170 173 178 182 189 192 195 201 204 208 210 215 216 221 223 229 232 235 239 242 244 248 250 254 257 261 264 272 275 278 279 282 284 290 294 298 299 301 307 311 316 318 319 322 326 331 332 335 338 340 347 350 352 353 356 363 367 371 376 378 380 382 387 391 393 394 398 401 405 407 409 414 418 420 423 424 425 429 434 436 442 445 447 451 455 456 457 462 467 470 473 477 480 482 485 487 490 495 497 501 505 508 512 517 521 525 528 531 532 534 535 538 542 546 549 550 551 554 556 559 560 564 567 569 570 572 575 577 583 588 592 596 598 601 602 
79 85 99 104 108 111 115 119 122 125 129 133 135 139 142 153 154 158 160 162 171 173 177 180 186 193 194 199 205 206 210 213 216 220 224 227 233 236 238 241 246 247 252 256 260 262 266 268 274 276 281 285 289 293 297 299 303 306 308 310 315 317 320 324 326 330 334 335 338 342 344 348 352 353 357 359 365 370 372 379 380 381 383 389 395 398 402 403 404 406 409 413 418 420 422 425 427 428 432 438 439 445 448 449 455 456 460 463 466 469 471 476 481 483 484 489 491 495 496 500 503 506 512 513 521 524 527 532 536 537 540 541 544 547 549 550 551 553 558 562 565 568 572 574 575 578 580 584 585 587 589 594 597 599 602 606 
81 88 103 106 110 112 118 121 124 128 132 137 138 140 145 157 159 161 164 167 173 176 180 181 187 194 195 202 206 207 212 214 217 224 226 231 236 240 243 245 248 251 253 257 262 265 269 271 278 281 284 288 292 295 298 301 305 308 311 313 319 323 326 327 328 334 338 340 344 346 348 349 354 358 359 360 367 372 376 382 383 384 385 390 398 399 404 405 406 409 411 414 420 421 426 428 432 435 436 439 443 446 451 452 456 458 461 465 470 472 473 478 484 486 489 490 493 499 502 506 507 510 514 517 522 525 529 535 539 542 544 546 547 548 552 555 559 561 564 565 566 570 573 576 580 582 586 589 592 594 598 601 603 605 606 608 
82 90 107 110 114 116 121 125 129 130 135 141 143 145 149 159 161 165 169 170 177 179 184 186 188 196 200 206 210 213 215 218 222 228 230 235 239 243 247 250 252 256 259 263 265 267 272 273 281 285 289 291 293 296 299 305 306 311 312 316 320 325 329 330 334 336 339 343 346 347 352 354 356 360 364 368 370 375 379 385 386 388 391 393 401 405 408 411 412 414 417 419 421 424 427 431 433 437 440 443 444 447 454 456 460 461 463 466 471 476 480 483 488 490 491 493 494 501 504 508 509 511 518 521 523 528 532 537 543 544 547 548 550 552 555 559 560 562 567 569 572 575 576 577 581 583 587 590 595 599 603 605 607 608 610 613 
83 91 110 112 116 117 124 129 131 135 137 144 148 152 154 160 164 169 171 172 181 183 185 188 192 199 202 209 211 217 221 224 228 232 235 236 241 244 251 254 258 262 263 266 268 272 273 277 283 286 290 294 296 298 302 309 312 313 317 319 322 327 332 333 336 340 343 344 350 353 357 361 365 368 369 373 376 380 383 387 390 392 394 395 405 409 411 415 419 422 425 429 430 433 434 438 442 445 446 448 450 451 458 462 464 468 470 472 476 477 483 486 492 495 499 501 504 508 512 516 519 520 524 527 529 533 536 540 547 551 552 554 557 558 560 564 565 568 572 574 576 578 581 585 587 591 592 594 597 600 607 610 611 612 616 618 
85 93 114 116 119 122 128 133 134 136 141 148 150 154 155 164 165 173 177 178 183 185 186 192 193 201 206 210 214 218 223 225 232 233 239 240 244 245 254 256 260 263 266 267 271 275 277 280 287 291 295 296 297 302 303 313 315 319 323 325 326 329 333 336 338 341 344 348 353 355 358 365 366 369 372 374 377 384 387 389 394 398 401 405 409 412 415 418 423 425 427 433 435 439 441 443 447 448 452 456 457 461 462 465 469 472 473 475 479 480 484 489 494 499 501 505 509 510 515 519 520 524 525 531 535 536 540 544 551 553 557 561 564 565 569 570 571 572 574 576 578 582 585 586 590 595 598 602 604 605 608 614 618 621 624 627 
86 94 118 120 123 127 129 135 136 137 142 152 156 157 158 167 171 174 178 179 186 189 191 194 196 203 209 211 215 222 225 226 235 237 240 244 245 246 257 260 264 266 267 268 273 277 279 281 290 293 297 300 303 307 310 317 319 322 325 329 332 334 338 339 341 343 345 351 355 359 363 369 373 376 380 382 385 389 391 394 395 400 402 407 411 413 416 422 425 428 432 435 437 441 444 445 450 453 456 458 459 462 466 470 474 476 479 481 482 483 488 491 495 501 502 506 511 514 516 520 524 527 531 532 538 540 541 545 554 556 561 563 567 568 573 575 579 580 583 584 587 591 592 594 597 599 600 605 606 608 611 617 619 623 628 629 
90 97 120 122 126 131 135 137 138 140 146 153 160 161 165 171 173 178 182 183 190 194 196 197 200 205 213 214 217 226 227 231 238 239 242 246 248 249 259 262 265 270 272 276 280 283 286 289 293 296 298 301 306 308 314 318 323 325 328 333 336 337 339 340 344 345 347 354 356 362 365 371 376 378 383 386 388 391 393 396 398 401 404 408 415 418 422 425 429 431 436 440 443 447 451 453 457 461 464 467 469 472 475 479 482 486 489 490 492 496 500 501 504 507 508 511 512 518 519 521 526 528 532 535 541 544 546 547 555 558 565 569 570 574 577 581 585 587 590 592 596 599 601 603 604 607 608 610 611 614 615 619 620 624 630 633 
92 98 124 125 128 135 138 140 144 147 151 157 163 166 168 175 178 179 183 185 193 197 199 201 204 207 217 220 224 228 229 234 241 245 246 249 251 254 263 266 267 271 274 278 281 287 288 293 294 298 299 305 310 314 315 320 324 326 330 335 338 341 342 344 345 347 350 357 360 366 370 374 380 384 388 392 395 399 401 403 406 408 409 410 417 419 424 426 433 434 438 441 445 451 452 454 458 464 466 469 470 473 476 483 485 487 493 494 497 499 502 503 506 511 512 513 516 520 524 526 530 533 535 536 545 546 548 552 558 560 568 572 574 575 579 583 588 591 593 594 599 601 605 607 608 611 612 616 620 624 627 631 632 635 639 642 
95 102 126 129 131 136 140 142 146 150 152 161 164 169 170 177 179 182 185 189 197 200 204 205 208 209 221 224 225 232 233 238 242 246 250 251 252 257 267 271 275 279 280 283 286 288 291 295 296 301 304 309 311 317 318 321 327 330 333 338 340 343 346 348 349 350 351 359 363 370 373 375 382 385 392 396 398 403 404 406 409 410 412 413 418 423 426 429 434 438 441 445 448 455 456 457 459 468 472 473 477 479 482 487 491 493 497 501 505 506 510 512 515 517 520 522 523 527 531 533 536 540 543 546 548 552 554 556 562 566 570 574 576 579 581 584 590 592 595 597 601 605 606 608 612 614 616 617 621 628 631 635 636 640 642 645 
98 106 130 133 136 137 144 145 149 152 155 164 165 172 176 180 181 185 186 191 198 202 206 207 210 213 225 226 229 235 239 242 246 249 252 254 258 261 268 275 279 280 282 286 288 292 296 298 301 304 305 312 316 319 320 325 329 331 337 340 343 347 351 355 359 363 367 369 372 376 380 382 386 389 395 399 403 407 411 413 415 416 419 421 422 424 428 432 437 442 446 450 454 457 459 461 462 472 476 480 481 483 487 488 493 494 500 505 506 509 513 514 519 520 522 526 527 530 535 538 542 545 546 549 552 556 557 559 563 567 571 578 582 583 586 588 593 595 599 603 604 607 609 611 614 615 617 618 622 629 635 639 643 645 648 649 
100 110 131 135 139 143 145 149 152 156 157 168 169 174 180 181 185 186 188 194 200 203 207 210 213 216 229 232 233 239 241 244 248 251 256 258 259 264 272 276 281 285 288 292 295 298 300 303 307 311 314 318 322 326 327 328 330 335 339 341 344 351 352 357 363 365 369 373 375 379 384 385 388 393 396 403 407 409 413 414 416 418 422 423 427 430 432 433 439 443 449 451 458 462 465 468 469 473 480 482 486 487 488 491 494 498 501 506 508 510 515 519 522 524 526 529 532 534 537 541 546 548 549 553 557 558 559 560 566 569 572 582 586 589 593 596 599 600 604 607 610 612 616 620 622 624 625 629 633 634 638 641 644 648 652 656 
102 113 135 139 142 144 146 153 157 159 161 172 176 177 183 186 189 190 193 196 202 204 211 213 214 220 231 234 236 240 244 247 252 256 260 262 266 267 274 279 285 286 291 295 298 301 302 304 308 314 316 321 324 330 334 336 338 342 346 349 352 353 355 359 365 368 372 374 379 380 385 387 391 396 397 405 410 411 417 420 421 425 428 430 431 432 436 438 442 445 451 455 460 463 468 471 475 476 481 484 488 492 493 494 496 500 502 507 511 514 517 522 525 528 532 535 536 538 542 545 550 551 552 554 561 564 565 569 571 572 573 585 587 590 595 599 603 606 609 610 614 618 621 623 625 627 629 631 637 640 643 644 647 652 654 658 
105 117 136 142 145 149 152 155 161 164 168 174 179 182 187 189 193 195 197 201 204 206 214 218 222 226 235 239 240 241 245 248 255 257 261 266 269 273 275 281 287 289 293 298 299 305 306 307 311 315 318 324 326 332 338 341 343 345 348 350 353 356 357 361 368 371 376 377 381 383 389 393 396 397 399 408 411 415 420 422 423 426 431 434 435 436 438 440 443 447 454 459 461 464 472 474 476 480 484 485 490 493 495 498 500 503 506 508 513 517 520 526 528 530 535 536 537 541 546 550 553 556 557 560 564 568 569 571 572 576 577 586 588 591 599 603 604 608 610 613 615 619 623 625 628 632 633 636 638 642 645 649 652 655 659 661 
109 121 139 146 148 150 155 158 165 169 171 175 180 186 191 192 195 197 200 202 205 208 218 221 223 229 238 240 241 243 247 252 259 263 264 267 271 276 277 283 288 292 297 300 302 309 311 312 315 317 319 328 331 335 340 343 347 350 353 356 359 361 362 364 369 372 378 379 385 386 392 397 399 403 407 411 415 418 424 426 428 430 434 438 440 441 444 448 449 450 458 461 463 468 475 478 482 486 488 492 493 494 498 499 501 505 508 511 516 521 525 527 529 534 537 538 540 543 550 554 558 562 564 566 569 572 573 577 578 580 582 590 593 594 600 605 609 611 612 616 620 622 627 631 632 634 637 641 643 646 648 652 656 660 661 664 
110 125 143 147 150 153 158 161 167 173 176 177 181 189 195 198 201 204 208 211 215 218 220 222 224 233 239 242 245 247 249 256 260 267 270 271 273 277 281 287 289 295 300 302 304 310 315 318 322 325 327 332 333 338 342 344 349 354 357 361 362 366 370 373 376 378 381 383 386 388 395 399 400 404 408 412 419 420 426 427 432 436 439 441 444 445 446 450 454 458 462 465 468 471 477 481 484 488 490 494 497 499 503 506 507 510 511 512 520 524 526 528 530 536 540 542 546 550 554 557 561 566 570 572 575 577 579 581 583 587 590 593 596 600 603 607 612 616 618 621 625 629 630 634 635 636 638 643 644 650 652 653 657 663 666 668 
112 127 146 148 154 156 162 164 170 174 180 184 186 191 197 201 204 208 211 215 216 222 224 228 231 237 241 243 246 251 253 259 264 270 274 278 280 284 285 289 291 297 304 306 309 314 316 322 325 327 331 336 338 342 343 347 351 358 362 364 366 367 374 376 377 380 382 385 389 392 398 403 405 408 410 416 423 425 427 430 434 440 441 442 448 449 453 454 458 461 465 466 469 472 481 485 486 492 494 496 499 502 507 510 511 513 517 518 524 528 532 533 537 540 541 543 547 553 557 561 565 568 574 577 580 584 585 589 590 591 594 597 601 604 606 609 615 618 621 623 628 631 634 638 639 642 644 648 649 653 654 658 662 664 667 671 
114 130 147 151 155 158 166 167 173 177 182 186 187 192 201 202 208 209 215 219 221 226 228 231 235 240 243 244 247 254 255 261 267 274 276 282 286 288 289 290 294 301 305 307 311 316 317 323 329 332 333 340 343 345 348 350 355 359 365 369 371 372 376 380 384 388 392 394 396 400 401 406 407 410 411 419 424 427 430 432 438 443 447 451 455 456 458 462 464 465 468 469 471 476 484 486 487 495 497 500 503 507 508 511 514 518 522 525 529 531 535 537 538 542 546 550 553 557 560 564 569 570 576 580 583 588 591 595 596 600 601 603 607 608 610 611 616 622 625 628 630 633 638 642 645 648 649 651 655 657 658 662 666 667 671 673 
115 133 148 153 156 161 167 171 176 179 183 190 194 196 203 207 212 216 218 223 226 229 230 235 238 244 246 250 254 257 258 265 269 278 280 284 288 292 296 299 300 303 309 310 313 320 321 327 333 335 336 342 347 351 354 355 356 362 367 373 377 380 383 385 386 392 394 396 399 404 407 410 412 416 419 420 427 431 434 436 439 445 451 455 458 462 464 468 469 470 474 475 476 478 487 490 491 498 502 504 508 512 516 519 521 523 524 528 531 534 538 541 545 546 550 554 556 561 562 566 572 573 579 581 584 592 595 597 600 602 603 605 610 613 616 620 621 626 627 630 634 637 639 645 648 649 651 653 657 661 664 667 669 670 674 677 
117 136 150 155 159 162 168 175 178 180 184 193 198 202 205 209 215 220 224 225 230 233 235 236 239 248 251 253 258 261 262 266 273 280 281 287 292 294 298 302 305 308 311 314 316 324 326 329 337 339 343 347 349 352 358 359 360 363 370 374 381 383 387 391 395 399 402 405 406 409 410 414 417 421 424 427 430 433 438 441 443 447 453 457 460 466 470 474 477 479 481 484 488 492 496 498 502 503 505 506 511 513 520 521 522 525 529 533 534 538 539 543 546 547 551 558 562 565 568 571 575 579 583 585 587 594 599 600 601 604 607 611 613 614 617 621 625 629 630 634 637 638 641 648 652 653 656 658 660 665 669 671 672 675 679 681 
119 137 151 159 160 163 171 176 182 184 187 195 199 204 208 213 218 221 225 229 233 234 239 240 244 249 252 254 262 266 270 273 276 281 285 289 293 295 302 303 309 313 317 321 325 326 329 331 338 343 347 351 353 355 362 363 366 368 371 378 385 388 389 394 396 402 406 408 411 415 417 420 423 426 427 431 433 435 440 443 447 451 457 461 464 469 474 477 479 480 483 485 491 493 498 500 505 508 511 513 517 521 525 527 530 532 536 537 540 543 546 547 550 553 556 562 564 569 570 574 576 583 584 588 589 598 601 602 603 608 610 613 615 618 621 625 628 631 634 637 639 640 645 649 653 654 659 661 662 666 671 674 676 677 680 683 
123 139 152 163 165 169 173 177 183 186 190 196 202 206 209 214 219 225 229 233 235 239 241 245 249 251 254 258 263 270 271 276 277 285 289 292 294 296 305 309 312 315 320 324 326 327 331 334 341 344 349 353 354 356 365 366 367 370 372 379 387 389 390 398 399 406 409 413 416 419 420 421 425 429 433 436 440 443 446 447 451 453 461 462 468 472 476 478 480 481 486 488 493 496 499 504 506 510 512 514 518 525 528 530 531 536 540 544 545 546 548 551 553 555 559 566 569 571 575 577 580 584 587 589 593 599 605 607 611 613 615 616 617 621 625 629 632 634 637 639 640 642 648 653 657 659 661 664 668 669 673 677 681 684 685 686 
125 143 156 166 167 173 177 181 186 190 193 197 204 208 212 216 222 226 231 237 238 243 245 247 251 255 258 260 267 274 277 280 283 287 290 293 295 297 307 312 316 317 323 325 330 331 332 336 343 346 352 356 357 361 366 369 370 374 377 381 390 394 395 400 401 410 414 418 419 422 423 425 427 430 435 437 444 447 449 452 454 458 464 468 472 473 477 481 483 487 491 492 497 500 503 505 509 513 517 519 522 529 532 533 536 538 544 548 549 550 553 554 557 559 561 570 571 575 577 581 582 588 591 592 597 601 609 611 615 619 622 626 629 633 634 637 638 640 644 645 648 652 655 657 660 662 666 668 671 674 676 681 685 687 689 692 
126 144 157 167 168 177 179 183 190 193 196 199 208 211 215 220 223 229 234 239 243 247 249 250 253 259 263 264 271 275 281 282 284 291 295 298 302 305 311 313 320 321 325 326 333 334 335 337 346 350 356 357 358 364 370 372 374 378 380 383 393 396 400 402 406 411 415 422 425 428 429 431 435 439 440 444 447 449 453 454 457 461 465 471 474 478 479 485 486 490 492 494 501 503 507 508 513 515 521 524 526 533 536 538 541 543 545 550 552 554 555 557 561 564 568 573 574 579 583 586 587 591 592 596 599 602 613 614 617 622 626 629 631 636 637 640 644 646 648 651 654 655 657 658 661 665 667 672 676 680 683 687 691 693 694 696 
128 145 158 171 172 180 181 184 191 196 200 204 209 213 217 221 224 232 235 243 246 248 251 253 254 260 264 267 273 276 285 287 290 294 296 299 304 307 313 316 323 325 326 327 335 338 341 345 348 353 359 360 362 365 372 375 376 379 383 384 396 400 401 406 407 414 418 425 427 432 435 436 438 442 443 445 451 452 455 459 460 465 466 473 475 482 485 489 490 491 496 498 504 507 511 512 514 516 522 528 529 534 538 540 545 547 551 555 558 560 564 565 569 572 575 576 579 583 586 590 592 595 596 599 601 603 614 616 620 624 630 634 638 641 643 645 649 652 655 659 660 661 662 665 669 671 673 675 678 683 684 690 695 696 697 701 
129 149 160 173 175 183 185 188 192 197 204 205 213 214 219 224 225 234 236 246 248 251 252 257 261 265 267 270 275 279 286 290 292 298 299 302 307 309 314 319 326 328 331 333 336 342 343 348 351 354 363 364 365 366 373 377 380 381 387 391 397 402 403 407 410 415 419 428 430 434 438 441 444 445 447 448 454 457 459 463 465 467 470 474 476 485 489 492 494 497 501 502 507 511 513 515 518 522 523 531 532 538 542 543 546 549 553 556 561 565 566 567 571 574 576 578 580 585 588 593 596 599 602 606 610 612 615 619 623 627 633 636 639 642 646 650 654 657 660 663 664 668 672 673 674 678 679 680 683 684 685 691 697 699 701 705 
131 152 164 176 180 187 191 192 193 200 208 212 216 217 223 225 228 236 238 247 250 252 256 261 264 267 269 274 277 281 290 291 295 301 302 304 311 315 317 322 327 330 332 335 338 343 346 352 353 355 367 369 371 374 375 381 382 384 389 395 401 403 405 408 412 418 421 429 432 437 442 446 449 453 454 455 458 461 463 464 468 469 474 478 480 487 493 496 498 502 505 508 510 515 517 518 519 523 526 532 535 542 543 547 551 553 556 560 563 568 570 572 573 575 580 582 583 586 592 594 598 603 605 609 613 615 618 621 624 628 634 640 643 645 647 653 656 658 664 667 671 673 675 677 681 682 686 690 691 694 698 702 703 706 707 708 
132 153 167 177 182 191 193 196 199 202 209 214 217 220 224 228 231 237 242 249 253 254 257 264 266 268 271 276 281 282 291 292 299 303 307 309 315 318 321 326 331 335 338 342 344 345 350 354 358 362 371 375 376 378 381 383 386 387 391 398 402 405 406 411 413 420 424 431 434 439 445 449 452 454 458 461 465 466 468 469 473 477 479 483 484 489 497 499 501 505 508 509 514 518 519 520 522 524 530 534 538 544 547 548 555 556 558 563 567 570 572 574 576 579 582 585 588 590 595 598 599 604 608 612 617 620 624 628 631 634 636 641 646 649 650 654 659 663 668 672 674 675 679 683 687 691 695 699 700 703 704 708 711 715 716 718 
136 154 170 181 185 194 197 200 201 203 212 215 221 225 228 229 233 239 246 253 254 255 259 265 270 272 274 279 283 285 294 297 300 305 311 312 318 320 325 330 333 338 339 345 346 350 351 355 360 365 373 377 380 381 384 386 390 393 395 399 406 410 414 417 421 424 426 435 439 441 447 450 454 456 459 462 468 469 471 474 476 481 485 486 487 493 501 503 505 507 509 511 515 522 523 527 530 533 535 536 541 546 549 553 559 561 563 565 570 572 573 575 580 582 584 586 589 591 596 602 606 608 609 616 618 624 625 631 632 638 641 642 647 651 655 656 660 667 670 673 677 678 681 684 688 692 698 701 702 707 709 713 715 718 720 721 
137 156 171 184 189 195 200 201 203 207 215 216 225 227 229 230 234 242 247 256 259 263 266 268 272 274 276 283 284 286 295 301 304 309 314 316 322 324 326 332 334 342 345 349 353 355 357 361 362 366 377 381 385 387 389 393 394 398 400 404 407 414 415 419 424 428 432 436 443 445 449 454 457 460 462 463 471 474 475 478 480 485 489 490 492 496 502 505 506 510 511 512 517 526 529 532 534 536 537 539 544 548 551 557 562 563 566 567 571 573 574 576 582 586 587 589 591 593 597 605 610 614 617 620 624 625 629 634 635 641 642 643 650 655 658 662 666 671 672 677 680 682 683 686 691 693 702 706 708 710 714 715 719 720 722 725 
138 158 175 187 191 199 204 207 210 213 217 220 228 230 232 233 237 243 251 259 262 265 270 273 275 279 282 287 290 294 296 303 307 311 316 319 326 327 330 334 337 346 349 351 356 357 360 362 366 368 379 385 389 390 392 397 401 405 408 411 413 416 420 424 427 432 436 437 446 448 451 458 461 462 465 467 472 475 477 480 482 489 493 495 499 502 505 506 508 513 516 517 521 527 532 533 537 540 544 545 548 551 555 559 566 569 570 572 575 578 580 582 584 590 591 593 596 597 598 608 612 617 619 621 625 626 630 635 639 642 643 645 651 656 660 664 670 674 675 680 683 687 689 691 693 694 705 710 714 717 719 723 727 729 731 735 
142 160 178 191 192 200 208 209 214 217 221 223 232 236 239 242 243 247 254 261 265 268 272 274 278 282 284 291 292 296 299 306 308 314 320 321 327 329 331 336 340 348 352 353 357 360 361 366 369 372 383 386 393 394 396 401 404 408 412 416 419 421 423 425 430 435 437 438 450 453 457 460 465 467 468 470 475 479 480 484 485 493 497 500 504 505 508 509 512 516 520 524 528 529 533 537 539 541 545 546 551 555 556 563 570 571 575 578 581 583 587 588 590 592 593 597 601 604 607 611 615 620 621 622 626 630 631 637 642 646 648 649 652 660 661 665 672 677 678 683 687 688 693 695 697 700 708 714 715 720 723 727 728 731 732 739 
144 162 181 195 196 202 210 212 218 220 224 227 234 237 242 246 250 251 257 264 269 271 273 276 279 285 286 294 296 297 303 309 313 318 324 328 332 335 336 340 344 350 353 357 360 362 365 367 371 374 385 389 397 399 402 405 406 409 414 417 421 425 427 431 435 438 440 442 453 454 459 461 469 471 472 476 478 482 483 485 488 495 501 504 506 510 512 514 515 518 522 528 530 533 536 540 544 548 550 552 556 558 560 567 574 575 577 582 584 586 589 593 595 598 599 601 602 605 611 614 617 624 628 632 634 638 641 643 647 648 650 651 654 664 668 670 674 681 683 684 688 690 696 697 700 701 709 715 718 722 725 731 732 733 736 741 
147 165 185 197 201 205 214 217 222 225 228 230 238 242 243 248 253 255 258 268 273 277 281 283 286 289 293 298 300 303 305 311 315 320 328 332 333 338 340 341 347 352 355 359 363 366 369 372 376 377 387 391 400 404 406 410 412 415 419 421 425 427 431 434 439 442 445 449 457 460 462 466 473 476 477 481 484 488 489 493 495 497 502 508 509 512 516 520 524 526 527 531 533 534 540 544 546 551 555 557 560 564 566 569 577 580 584 587 588 589 591 596 597 600 602 603 604 607 615 616 618 626 631 635 639 642 646 648 651 654 656 659 663 666 672 676 679 682 686 690 694 696 698 701 703 704 710 719 722 723 728 733 734 736 738 744 
151 167 186 200 205 209 217 221 223 227 232 236 240 243 247 252 255 257 261 270 275 280 285 286 288 292 296 300 303 304 307 315 319 321 332 334 336 340 341 345 351 356 357 360 367 369 371 373 378 379 389 394 402 407 409 414 416 417 420 424 428 429 432 436 443 444 446 451 458 461 464 469 476 478 481 483 487 490 492 497 498 499 505 512 514 516 517 522 527 529 532 533 535 539 543 547 550 553 556 560 562 566 567 571 580 583 587 588 592 595 598 602 604 607 610 612 615 619 621 624 627 630 633 636 643 645 647 649 654 656 660 663 664 670 674 680 684 685 688 692 697 698 700 705 706 707 712 722 723 727 732 735 738 739 742 747 
152 168 188 203 207 212 221 223 224 230 233 239 242 244 249 253 257 259 265 272 277 281 288 290 291 294 298 302 304 306 308 319 322 324 335 337 341 344 348 350 353 358 362 366 369 370 374 378 379 383 392 397 403 408 411 418 422 423 427 428 432 433 434 439 446 449 451 452 460 463 465 473 477 480 482 484 490 492 494 498 501 504 508 514 517 520 521 524 530 534 538 542 546 547 551 554 555 556 558 564 568 572 576 580 583 584 591 594 596 600 604 607 611 613 615 616 620 621 622 626 628 631 635 640 647 649 650 651 658 662 665 669 673 677 680 683 688 691 695 696 701 702 705 708 709 711 713 724 727 728 733 736 740 742 744 751 
156 172 189 206 208 213 224 228 230 234 238 240 243 245 252 257 258 263 266 276 279 285 289 292 294 296 299 306 308 309 311 320 323 325 336 341 342 345 351 353 356 361 366 369 370 371 377 379 382 387 396 399 406 411 412 419 426 429 430 434 438 440 442 445 450 452 453 457 461 465 468 474 479 482 485 487 491 495 499 501 503 507 510 516 518 523 526 528 534 535 541 546 547 549 554 556 559 561 563 565 570 576 580 582 587 590 592 597 600 603 607 611 612 614 619 621 624 628 630 634 638 640 644 645 651 652 654 657 661 665 668 672 676 679 682 685 690 695 699 700 703 707 709 713 716 719 720 727 729 733 737 738 741 745 748 754 
158 173 192 207 212 216 225 229 232 236 242 243 246 250 256 261 262 267 269 277 281 288 292 293 298 301 303 307 309 313 317 324 327 330 340 343 345 349 352 357 360 365 369 372 374 378 382 383 387 388 397 400 407 415 416 423 427 431 433 436 442 445 447 450 453 457 460 461 464 469 473 478 481 484 489 492 496 498 502 504 505 510 511 518 522 526 529 532 535 537 542 548 549 551 557 560 561 563 565 567 574 577 583 584 589 594 595 600 601 606 610 615 619 620 621 625 626 632 634 636 640 641 645 646 654 655 659 660 663 667 670 675 679 683 685 688 691 698 701 703 706 710 714 717 720 721 722 730 733 736 741 743 747 748 749 757 
159 177 194 209 214 219 229 231 234 240 243 244 248 251 258 263 267 269 271 281 283 290 295 297 302 303 306 309 312 317 319 326 330 333 344 347 350 354 357 358 364 369 372 376 380 382 384 387 390 392 398 404 408 416 417 426 431 435 437 441 446 447 449 451 456 460 463 467 470 472 475 482 484 485 492 493 499 500 503 505 506 511 515 519 525 527 531 536 537 538 545 551 555 556 559 563 566 568 571 574 577 579 585 586 591 595 596 604 607 610 614 617 623 626 627 631 635 636 640 644 645 646 648 652 658 661 665 669 673 674 678 682 685 687 689 693 697 702 706 710 713 716 718 721 724 726 730 731 735 740 743 746 749 750 752 759 
162 179 196 210 218 223 232 235 238 242 244 248 252 255 260 267 269 270 272 284 287 291 298 299 305 309 311 313 315 319 321 328 332 335 345 348 354 356 358 359 367 370 375 378 384 386 389 393 394 398 399 406 409 418 422 430 433 437 440 444 450 454 457 461 463 465 467 469 472 475 478 484 485 487 496 500 501 504 507 510 514 516 518 522 526 530 535 538 541 545 547 553 559 561 565 569 573 574 576 579 582 586 587 591 592 599 602 605 611 613 617 618 624 628 629 635 639 640 643 648 650 654 656 657 661 662 668 671 677 678 680 685 689 692 695 699 700 704 707 711 715 719 720 723 725 727 731 734 739 743 746 749 752 753 757 763 
165 182 200 214 219 226 234 239 243 244 247 252 256 260 263 270 271 272 275 288 292 294 301 302 306 313 315 318 322 326 330 332 334 337 347 351 356 359 363 367 369 371 378 380 385 387 393 394 398 402 405 409 411 420 426 434 438 442 443 446 452 455 459 462 464 469 473 474 478 479 482 485 488 489 499 503 505 508 512 513 518 521 525 529 531 533 537 541 543 549 552 554 562 565 569 573 574 578 580 581 583 589 593 596 600 601 606 608 612 616 621 624 628 631 635 638 643 645 646 652 656 657 658 662 666 668 669 673 680 681 683 686 693 697 699 703 706 710 712 713 718 722 725 727 731 732 733 735 743 746 747 751 756 760 763 765 
166 184 201 216 220 230 236 240 244 247 250 255 260 263 266 271 273 275 277 289 295 297 303 305 309 315 319 322 324 330 331 336 339 343 351 352 359 361 364 368 372 376 379 382 389 390 397 398 402 406 408 412 413 422 430 435 440 443 446 448 456 460 463 464 468 472 477 478 480 484 487 488 489 492 501 506 510 514 515 518 521 525 529 533 535 536 538 543 547 552 553 558 563 568 572 576 577 582 585 588 591 592 597 598 601 605 610 611 615 620 625 626 629 634 639 643 646 649 653 655 657 659 660 663 669 671 675 678 684 687 689 691 695 699 702 707 708 712 716 719 720 726 729 732 734 738 739 740 744 747 748 755 758 764 765 768 
169 187 205 217 221 231 238 244 247 249 251 258 261 264 267 275 279 282 286 291 298 302 304 307 310 319 320 325 326 333 334 337 340 347 353 354 360 365 367 369 373 380 383 385 390 393 400 403 405 409 411 414 416 423 431 438 441 447 451 455 458 462 467 471 472 474 478 481 485 487 488 491 493 494 505 507 512 518 521 523 527 528 532 537 539 542 545 548 549 555 559 562 565 570 575 580 584 585 586 592 596 600 601 605 606 609 614 617 621 622 626 629 633 638 640 644 647 653 655 656 659 661 664 665 673 675 677 680 685 691 694 695 699 702 703 710 712 716 717 723 726 728 732 733 735 741 744 747 750 754 756 757 760 766 770 771 
170 190 207 220 222 232 239 246 249 250 254 262 263 266 268 276 281 283 289 292 300 306 307 309 314 323 324 328 332 336 337 338 344 350 357 359 362 368 372 374 377 381 386 389 394 398 404 405 409 411 414 417 418 426 432 442 446 448 452 456 461 464 469 474 476 480 481 482 489 492 494 496 499 500 509 511 513 521 524 525 530 532 533 541 545 548 550 553 557 561 562 564 566 574 579 584 587 591 595 598 599 601 604 607 608 612 617 621 625 627 630 634 637 641 643 648 652 655 657 660 662 663 667 670 675 676 678 683 688 695 698 699 701 706 709 714 718 722 726 730 733 735 739 742 744 745 748 750 754 755 757 758 761 767 774 777 
173 191 208 222 224 233 240 249 253 255 257 263 266 269 272 277 284 286 291 295 304 307 310 311 317 324 327 331 335 338 341 342 348 354 358 363 365 370 373 378 379 382 390 393 398 401 405 406 411 413 417 421 425 428 436 445 450 451 453 459 464 467 470 477 480 484 485 488 492 496 500 503 504 506 510 515 516 523 525 529 534 537 541 545 546 551 555 556 558 563 566 567 568 575 583 587 589 593 599 603 607 611 612 615 617 621 624 627 630 631 633 638 642 643 646 652 653 659 663 666 667 669 671 672 676 679 680 687 692 699 700 703 705 708 712 717 721 725 730 731 737 741 744 747 749 751 753 755 759 762 763 764 766 771 777 778 
177 193 212 224 226 234 241 251 255 259 262 266 268 272 275 280 288 291 294 298 306 311 314 318 321 325 331 334 338 342 344 348 351 357 360 366 369 372 375 379 381 384 393 395 402 406 410 414 415 417 420 424 429 433 438 449 453 454 457 462 467 469 471 481 485 487 488 492 496 499 502 507 511 512 513 518 521 524 527 531 535 541 543 546 547 552 559 560 562 566 567 571 575 579 584 591 595 597 602 604 611 612 615 618 620 622 625 629 632 635 638 639 645 646 650 654 657 660 665 670 671 674 678 681 684 685 689 693 697 701 704 705 707 712 715 719 722 728 732 735 740 744 747 750 754 755 757 758 762 766 768 770 773 777 780 781 
180 197 215 225 227 238 243 255 259 260 264 267 271 276 278 282 289 294 295 299 307 313 317 321 322 328 335 339 342 343 345 352 356 359 361 369 371 374 378 381 384 385 394 396 405 407 414 418 420 423 427 429 432 437 442 451 455 456 461 464 468 472 473 483 487 489 491 495 497 503 507 511 515 518 519 520 525 527 530 532 537 543 545 547 549 553 562 566 570 574 578 580 581 585 588 595 598 602 603 606 615 616 617 621 625 629 633 637 641 645 646 647 649 650 653 658 661 663 666 672 676 680 683 687 691 692 693 697 701 704 705 708 710 716 718 721 723 729 735 736 744 746 750 754 758 762 764 768 771 774 778 781 783 785 789 792 
184 200 216 226 230 240 246 259 262 263 266 271 272 279 280 286 291 297 299 303 311 316 320 322 326 329 337 341 343 344 346 353 359 360 364 373 374 378 379 382 386 387 396 399 408 412 417 421 422 427 428 432 435 438 443 453 456 460 464 465 471 475 478 486 488 493 497 501 505 509 511 515 518 520 521 523 526 529 532 535 539 545 547 551 554 555 564 570 572 578 579 583 585 589 593 598 600 603 605 610 618 621 623 625 628 630 635 640 644 646 648 651 652 656 657 662 663 667 671 674 679 681 684 690 695 696 699 703 705 709 713 715 717 719 723 726 727 732 739 742 748 750 754 755 760 765 766 769 773 776 781 783 785 786 793 794 
188 202 218 229 233 243 248 262 265 266 268 274 275 283 286 288 295 299 300 304 315 317 323 327 330 332 341 344 345 347 348 357 360 364 368 375 377 381 382 383 389 392 398 400 409 415 420 422 423 431 435 439 441 442 444 456 459 464 468 471 475 479 480 487 490 495 499 504 507 510 514 517 522 526 530 532 534 536 540 542 546 550 552 555 557 559 568 572 573 582 586 589 591 595 598 600 603 605 607 612 621 625 628 631 634 637 640 641 648 650 653 654 655 660 661 664 668 672 674 678 680 682 688 694 698 702 704 707 708 713 714 717 719 723 724 728 732 735 741 744 751 754 758 761 762 768 772 776 779 782 784 787 789 791 796 798 
191 204 222 231 235 247 252 266 267 269 271 276 280 286 290 293 299 303 304 305 317 319 327 331 333 335 343 347 348 349 353 361 362 366 371 379 381 385 387 391 393 396 402 406 413 417 424 428 430 433 439 440 445 449 452 459 460 466 472 473 476 481 483 491 495 499 503 505 510 512 515 520 525 527 534 538 541 543 545 547 551 555 559 561 564 566 570 573 577 586 588 593 596 598 601 604 605 607 611 613 624 627 629 634 638 641 643 644 651 654 657 658 661 664 667 670 674 675 678 681 682 685 691 698 701 706 710 713 717 721 724 725 726 727 728 731 735 736 744 747 754 757 759 763 766 770 776 779 782 783 787 789 792 796 799 801 
195 207 225 232 237 249 256 267 270 274 278 281 283 287 294 298 302 304 305 306 320 321 331 334 335 338 345 349 350 352 356 365 368 371 375 383 387 390 393 394 398 399 406 409 415 419 428 432 436 437 440 441 449 451 453 460 462 469 473 475 477 484 485 495 499 500 505 509 511 513 519 523 529 530 535 539 542 546 548 550 555 559 560 563 567 571 574 575 580 589 593 596 600 604 608 609 612 616 617 621 625 629 630 637 639 642 644 647 653 657 660 663 666 668 672 673 677 680 683 686 689 691 693 700 702 710 712 714 720 723 725 729 730 732 734 737 741 745 748 750 755 760 763 764 769 772 779 782 785 788 791 792 793 800 804 807 
196 208 226 236 239 253 257 270 273 275 282 286 287 288 298 300 305 308 312 315 323 325 332 335 336 340 348 352 353 354 359 368 369 372 379 385 390 393 397 398 399 402 409 413 416 420 430 433 438 442 444 448 453 454 458 464 465 470 477 480 484 485 489 496 503 506 508 510 515 517 520 526 531 533 537 543 544 548 552 554 556 562 563 566 571 574 577 578 581 593 594 598 603 606 612 615 616 619 620 623 626 630 632 638 643 645 646 650 656 658 662 667 670 672 674 676 679 681 685 690 692 693 694 704 708 712 713 718 722 725 726 733 737 739 742 744 748 751 755 759 762 766 767 771 773 777 781 786 788 789 793 797 798 801 808 811 
197 212 227 237 243 254 261 271 277 281 284 287 290 292 301 305 306 309 315 318 327 328 334 339 340 343 352 356 360 362 364 372 374 375 383 387 393 394 400 402 404 408 412 414 419 422 433 436 441 443 445 449 454 456 459 465 469 472 481 485 487 490 492 498 504 508 511 514 517 518 523 527 535 536 538 545 546 551 556 560 561 563 565 570 574 576 580 583 586 596 600 601 606 609 614 619 623 625 628 629 630 632 636 640 645 649 653 655 657 662 665 670 674 675 678 680 681 683 686 691 694 696 698 705 712 716 719 721 725 728 730 735 739 742 744 748 751 754 756 762 765 769 772 774 778 779 782 788 790 791 795 801 805 807 809 812 
198 215 230 241 245 257 264 275 280 284 286 290 291 296 302 309 310 312 318 322 330 332 335 342 345 348 356 358 361 364 366 376 380 383 387 391 394 397 404 408 412 416 417 418 422 423 437 440 445 447 451 455 456 459 463 466 472 475 483 487 489 491 495 502 508 511 514 516 520 523 524 529 539 543 545 546 548 554 560 563 564 568 570 572 575 578 584 587 590 597 604 608 611 612 615 622 625 627 630 632 636 637 641 642 649 653 657 658 662 666 668 674 676 677 682 684 685 689 690 693 698 702 703 708 716 719 723 725 728 732 734 737 740 744 748 750 754 756 758 765 767 772 775 776 780 782 783 789 792 793 797 805 807 808 812 814 
199 217 231 243 247 261 266 279 284 285 288 291 293 298 306 313 317 318 319 323 331 334 338 343 347 349 360 361 363 365 370 378 383 386 388 392 398 400 408 410 415 420 423 427 429 430 438 441 447 451 454 457 459 461 466 468 474 479 485 490 493 497 501 505 511 515 516 518 522 526 530 531 542 547 549 552 553 558 562 564 565 569 572 574 577 580 587 590 593 600 608 611 614 616 620 625 626 628 632 635 637 638 642 645 650 655 659 662 665 668 672 676 680 684 688 692 694 696 698 699 703 705 706 712 720 722 725 726 731 734 736 741 742 745 750 754 757 760 763 769 771 775 776 779 782 786 789 791 794 798 802 807 809 812 814 818 
200 221 233 244 251 262 270 280 285 287 290 294 298 302 310 316 321 322 324 325 334 335 341 347 350 352 362 365 368 370 372 380 387 388 392 394 402 404 410 413 417 421 425 429 431 433 442 444 450 454 457 460 461 464 470 474 478 482 488 494 498 502 505 507 513 519 523 524 525 530 532 534 543 550 551 556 558 560 563 568 571 572 576 579 583 585 591 594 596 604 612 614 616 620 621 628 632 636 638 642 646 647 651 652 654 659 663 667 669 672 673 679 683 685 689 694 697 700 702 705 706 708 712 715 724 725 727 729 733 737 741 744 747 748 753 758 760 764 766 770 772 777 780 781 783 787 793 796 798 802 804 811 812 816 820 824 
203 222 237 248 255 265 274 281 286 288 291 296 300 304 313 320 325 327 329 332 336 337 345 349 353 355 363 367 369 374 378 384 391 392 393 395 405 406 414 415 418 422 427 430 435 437 444 446 452 457 461 463 466 467 472 477 480 484 491 498 499 503 509 512 516 523 526 530 531 534 537 539 544 551 553 560 561 565 567 572 575 579 581 583 584 588 595 598 602 608 614 618 619 622 624 630 635 639 641 646 649 652 653 655 656 663 665 671 673 675 677 680 684 686 690 695 701 704 708 711 712 715 718 722 726 728 732 735 736 739 745 747 748 752 755 760 762 767 771 775 776 781 784 788 792 793 797 798 800 806 810 812 814 819 824 825 
204 226 240 251 258 266 275 284 290 292 295 299 303 306 315 324 326 331 335 338 340 342 347 353 355 359 367 369 372 376 379 386 393 395 396 398 408 409 416 418 422 423 429 432 439 440 446 447 455 461 464 465 467 469 475 479 481 488 493 502 506 507 512 513 520 524 527 532 533 537 538 543 545 555 557 563 567 571 573 577 579 580 585 588 590 591 599 600 605 609 618 620 621 626 629 633 638 643 644 649 650 653 656 660 661 664 667 673 674 676 680 683 688 689 691 699 704 706 712 715 717 720 723 725 730 732 736 738 741 744 747 751 754 758 762 766 769 773 776 780 783 786 788 792 796 797 801 802 803 808 814 816 818 821 826 829 
206 230 243 255 262 268 279 288 292 296 298 302 306 307 319 325 327 335 338 340 343 345 349 354 356 361 369 373 377 380 382 387 395 396 400 401 411 412 420 424 425 426 433 435 441 442 450 453 458 462 466 468 471 475 477 483 487 490 497 504 509 510 514 515 523 525 528 536 537 540 542 545 549 557 558 566 568 574 578 580 581 584 589 592 593 597 601 602 609 613 619 621 623 627 631 635 641 646 650 653 656 658 661 665 669 671 673 676 677 680 684 685 689 693 697 702 708 710 713 716 720 723 724 729 734 736 740 742 744 748 749 754 758 761 766 768 772 774 779 782 785 789 790 796 799 801 803 806 807 812 816 820 823 824 828 832 
207 234 244 259 266 271 280 290 293 298 299 306 310 313 320 329 331 339 343 347 350 351 355 359 360 364 372 376 381 382 386 389 397 400 401 405 414 417 422 427 431 435 438 439 444 445 452 454 461 464 467 470 475 478 479 485 490 492 501 507 510 513 515 518 527 529 530 537 539 542 544 548 553 560 561 569 570 575 582 584 585 588 591 593 595 599 604 607 612 617 621 623 626 631 632 638 642 647 653 656 658 662 663 666 670 672 677 680 683 685 687 689 691 694 699 703 711 712 715 720 722 725 728 732 735 740 743 744 747 752 753 757 762 765 769 772 774 776 781 785 787 790 791 798 800 803 806 810 811 814 817 824 828 832 833 836 
210 236 245 261 267 274 281 292 296 302 306 308 314 317 323 333 336 341 346 348 354 357 359 363 366 367 375 379 382 383 387 391 400 403 407 410 416 419 423 430 432 436 439 443 446 447 456 458 464 466 468 473 479 480 481 487 493 496 503 511 513 516 520 521 529 533 536 541 543 547 548 551 557 563 567 572 576 579 583 585 586 592 595 598 602 606 607 611 616 618 622 624 630 635 637 639 643 648 657 658 661 663 664 669 674 677 678 681 685 687 691 695 697 700 701 707 715 719 721 725 728 730 733 734 739 744 748 749 753 755 756 760 766 768 771 773 776 780 784 786 788 793 794 799 804 805 809 814 815 818 821 828 831 833 834 840 
212 238 247 263 270 277 283 295 299 306 309 312 317 319 325 335 338 345 348 352 358 361 362 367 371 372 377 383 385 388 390 392 401 404 411 413 420 423 427 432 433 437 441 445 447 448 459 462 465 468 472 477 480 482 486 488 495 498 506 513 517 518 523 527 531 536 537 544 545 550 552 554 558 566 570 575 579 580 586 590 591 596 599 600 603 610 614 615 619 620 626 630 632 637 638 641 644 650 660 661 663 666 667 670 678 680 684 686 690 692 693 697 699 704 707 709 716 720 722 726 732 734 736 738 740 747 751 755 759 760 763 767 769 770 772 776 779 783 786 787 790 796 798 803 806 807 810 816 819 821 824 829 832 837 839 844 
213 239 248 267 274 281 285 297 303 309 310 315 318 323 326 336 342 346 351 355 362 365 367 369 374 377 381 386 390 393 397 400 402 405 415 417 423 427 431 435 437 441 442 449 453 456 462 464 466 471 474 478 483 487 490 493 496 502 509 516 518 521 527 529 535 537 538 548 550 554 555 557 561 567 573 576 582 585 587 594 596 600 601 603 606 612 617 619 622 623 629 631 633 638 641 645 647 651 663 667 670 671 672 674 680 682 688 690 691 693 695 701 705 708 709 711 720 721 725 730 733 738 739 741 742 751 754 759 762 763 765 769 773 776 777 780 781 784 787 790 791 797 800 807 810 813 814 818 823 824 827 832 833 838 840 845 
217 240 250 271 277 283 286 299 305 312 315 318 322 326 329 340 343 348 353 358 365 366 369 373 377 378 383 387 391 397 399 401 403 408 417 419 426 430 433 437 440 442 446 450 455 457 465 468 470 472 475 480 487 489 494 497 500 506 510 519 523 526 528 531 537 538 539 551 553 555 558 561 563 568 575 578 586 589 590 597 599 601 603 606 607 616 621 623 626 630 634 636 638 642 645 649 652 654 665 670 674 676 677 681 683 685 689 691 692 697 700 704 707 711 714 715 722 726 730 731 734 741 743 746 748 753 756 760 765 766 769 771 774 778 779 784 787 789 790 793 794 798 801 810 813 817 819 820 824 827 828 834 838 842 845 846 
219 244 251 272 279 284 290 300 309 315 318 319 326 328 333 343 345 352 355 359 367 369 370 377 380 384 388 390 393 399 403 406 407 410 418 421 428 431 437 438 441 445 448 452 459 463 468 470 472 475 479 483 488 493 497 498 502 507 512 521 526 529 533 536 538 541 543 552 556 558 559 563 565 572 577 582 589 590 594 599 601 604 606 607 608 619 625 626 628 632 637 640 642 644 646 652 655 659 667 672 676 677 678 684 687 690 694 698 699 702 705 708 709 712 718 720 725 728 732 735 737 743 747 748 752 757 758 761 768 769 770 772 778 780 784 787 791 793 795 799 803 806 809 812 817 820 822 825 829 832 835 839 841 845 846 850 
220 248 253 274 281 287 292 304 313 318 322 326 330 333 337 346 347 353 358 362 370 373 377 379 384 385 392 395 396 403 405 408 411 414 422 426 429 432 441 443 445 447 451 456 462 467 472 474 478 480 481 486 491 494 499 501 503 511 514 525 527 530 535 539 543 545 549 554 560 561 565 569 573 575 580 586 590 594 596 600 604 605 607 611 612 622 628 629 632 633 641 645 647 651 655 658 660 662 671 676 678 682 685 687 691 694 698 700 702 705 709 711 713 717 720 721 727 730 733 737 740 746 748 750 756 758 760 762 769 771 772 776 781 784 785 790 795 799 803 804 806 808 813 817 818 822 826 827 832 835 837 842 843 847 850 854 
221 251 256 278 283 291 295 308 317 321 326 330 331 337 339 348 351 354 361 364 372 377 381 382 387 389 394 397 401 405 408 411 413 417 425 427 433 437 442 445 448 451 455 459 464 470 476 477 480 481 485 490 492 498 500 505 506 514 516 527 531 533 538 540 546 550 554 558 564 565 569 573 575 577 581 588 591 595 600 604 605 606 608 614 616 626 632 636 638 642 644 648 649 655 656 662 666 668 674 680 684 688 692 695 697 700 704 705 708 712 714 717 718 719 724 726 728 732 737 739 743 749 753 756 758 760 762 764 771 775 778 781 783 785 789 793 798 800 804 806 807 810 815 819 820 824 830 831 834 839 840 845 848 852 854 858 
222 253 259 280 285 292 296 310 318 322 330 334 336 339 342 349 352 355 365 366 375 379 385 389 392 393 397 401 402 406 409 414 416 420 428 431 435 441 444 448 449 454 459 463 466 473 478 481 484 485 486 492 495 501 504 509 510 516 517 531 533 536 542 546 547 551 557 561 567 569 570 575 577 581 585 590 593 598 602 605 607 609 610 616 619 627 635 637 641 643 646 651 653 656 660 665 669 672 677 682 686 692 694 696 699 702 706 709 712 715 719 723 727 730 733 736 740 742 743 746 750 751 754 758 762 766 769 772 775 776 782 783 784 787 793 797 799 804 805 809 810 813 816 821 823 828 831 832 838 842 845 848 849 855 859 860 
223 257 261 283 289 296 299 312 321 323 333 337 341 345 347 353 356 359 369 371 378 380 389 393 395 396 399 402 404 407 411 417 421 425 430 434 439 444 445 450 453 456 462 467 470 475 480 482 485 486 487 493 498 502 507 511 515 519 523 535 537 538 543 547 548 552 560 563 569 570 571 579 581 582 586 591 596 601 604 609 610 611 612 617 621 631 638 640 643 645 650 654 656 657 663 666 670 673 681 683 688 693 698 702 706 707 711 712 713 718 720 725 728 733 737 740 743 745 749 752 753 757 760 764 765 768 772 775 778 781 785 788 790 791 797 801 803 807 810 812 813 816 820 822 824 832 833 836 840 844 849 853 855 859 862 864 
225 258 262 285 291 299 303 316 322 325 335 340 344 348 350 357 358 362 372 373 379 384 393 395 397 400 403 407 408 409 412 421 423 426 433 435 442 446 450 451 454 458 464 468 473 477 482 486 489 491 492 494 502 503 511 514 516 520 524 537 541 542 545 549 550 553 562 564 570 571 573 582 586 589 592 595 598 604 607 610 614 618 619 623 625 635 641 645 646 648 653 655 658 659 666 670 674 677 684 686 692 696 702 706 710 713 714 715 719 721 724 728 731 734 740 741 746 750 751 756 757 761 762 766 769 773 775 779 780 785 788 792 796 800 803 806 807 811 813 814 815 819 822 826 827 834 837 839 843 848 852 857 858 862 865 868 
227 261 263 286 295 302 304 319 323 329 338 341 348 350 352 361 363 366 375 377 383 387 395 397 399 402 407 408 409 410 415 422 424 428 434 438 445 448 453 454 457 460 467 471 474 478 486 487 490 493 494 495 504 507 513 517 518 521 527 540 543 545 549 550 551 555 565 569 572 573 577 586 588 592 595 596 601 607 610 611 616 619 620 624 628 638 645 646 649 651 657 661 664 668 670 673 677 679 687 691 694 699 706 707 713 717 719 720 723 725 728 730 732 736 742 744 748 752 753 758 760 764 768 769 771 776 777 780 781 789 790 795 798 802 807 809 813 814 816 818 819 821 824 830 832 835 841 843 847 849 854 859 863 865 866 871 
230 262 264 287 296 304 308 323 325 330 340 345 350 354 355 363 366 370 377 381 387 388 399 401 405 407 411 413 417 418 419 424 427 429 438 442 448 450 455 459 462 465 469 473 476 480 487 489 493 496 500 503 505 510 515 519 522 524 528 541 546 548 550 554 555 559 568 571 574 576 580 587 591 596 600 601 605 608 611 612 618 622 626 630 633 640 649 653 655 658 660 662 668 672 674 675 679 683 689 692 695 703 710 711 716 718 720 723 725 727 732 735 736 738 744 747 752 754 756 760 763 766 769 770 772 778 780 781 785 792 796 797 799 803 810 811 816 817 821 823 824 827 829 833 834 838 845 847 850 851 857 860 867 870 874 877 
233 265 266 290 298 305 311 324 327 332 342 349 354 357 359 366 367 372 380 383 389 392 400 403 408 411 412 416 419 422 424 427 431 432 441 444 452 454 458 462 465 469 470 477 481 482 489 491 497 500 501 505 506 511 516 520 525 529 532 545 547 550 554 555 556 560 572 575 577 581 582 590 595 599 603 607 608 611 614 615 621 625 629 633 635 641 652 654 658 661 662 665 672 673 678 679 680 684 690 694 698 704 714 716 719 720 722 726 728 731 735 739 741 742 746 750 756 760 762 765 769 773 776 778 779 780 782 783 789 795 797 798 801 806 813 814 820 822 826 830 834 838 840 842 844 845 849 850 852 853 859 863 870 874 878 879 
235 268 270 292 300 308 313 328 332 333 344 352 356 359 361 368 369 375 382 386 392 393 401 405 410 414 416 420 422 426 429 432 435 437 442 445 456 460 464 468 472 476 478 482 484 485 492 494 499 504 507 508 512 514 518 523 528 532 534 549 553 555 558 559 563 564 576 578 580 583 587 594 596 603 605 611 612 614 618 620 624 626 632 634 636 642 653 657 659 662 663 668 673 675 680 681 684 688 692 696 700 708 718 719 721 725 729 730 731 735 739 743 746 750 752 753 758 761 766 769 772 777 780 783 784 788 789 792 794 797 801 802 804 807 817 819 823 825 829 834 835 840 842 845 848 849 852 854 858 862 865 867 871 875 881 883 
237 269 273 295 302 311 315 332 335 338 345 353 358 360 364 370 373 378 386 390 395 396 404 406 413 416 417 423 426 428 432 435 439 441 443 449 460 464 466 471 473 479 482 484 485 487 494 496 503 506 508 509 514 516 520 524 532 534 537 553 554 559 563 565 566 568 577 579 583 584 589 595 597 605 606 614 617 621 623 626 630 634 638 640 643 644 656 661 664 667 671 674 675 679 683 687 689 690 694 698 701 711 722 726 727 728 733 735 737 738 743 747 749 751 756 759 761 763 767 771 774 781 783 786 790 791 792 795 799 803 806 807 808 812 821 824 828 829 831 835 838 841 843 849 851 853 856 857 861 864 868 870 875 877 885 889 
239 270 274 299 304 314 319 333 337 341 346 357 360 362 365 372 376 382 390 392 398 402 405 407 417 420 423 427 428 429 434 437 440 443 444 452 463 466 470 472 476 481 486 490 493 495 499 501 505 507 509 513 516 518 523 525 534 535 540 557 559 560 566 567 569 573 579 580 584 585 591 598 601 608 612 617 620 622 624 628 632 636 639 644 648 649 659 662 665 670 672 676 680 681 687 689 690 694 697 701 702 713 724 729 732 733 734 739 743 746 750 752 755 759 762 763 764 768 770 774 777 782 787 791 792 795 796 800 803 804 810 814 816 817 825 826 829 832 835 839 843 846 849 851 853 855 859 862 864 868 869 872 879 880 889 893 
243 273 278 302 307 317 322 335 341 345 350 358 364 366 369 374 378 384 392 396 400 403 409 413 420 422 425 429 431 432 435 438 443 444 445 455 464 467 474 477 479 484 487 493 496 497 502 504 509 513 515 516 517 521 527 530 536 539 544 561 562 563 568 571 575 577 580 583 587 588 595 599 602 612 613 618 622 623 628 630 636 637 640 646 651 655 663 666 667 672 673 680 682 686 689 690 694 696 699 705 708 714 727 731 733 736 739 741 747 751 753 757 761 765 767 769 770 771 773 778 780 786 788 794 795 799 802 806 810 811 813 817 819 821 827 829 831 836 838 840 845 849 851 853 855 856 862 866 869 871 874 878 880 883 892 897 
246 274 281 306 309 320 326 336 342 347 354 359 367 369 373 376 382 387 395 399 402 406 410 414 421 425 428 430 435 438 441 442 445 447 448 457 467 468 477 480 484 488 491 495 498 502 505 508 512 517 521 525 528 529 530 533 539 541 546 562 565 567 572 573 577 581 585 587 589 592 599 603 604 616 617 621 623 624 629 631 637 641 645 648 654 656 664 667 668 676 678 681 683 687 692 696 698 699 700 709 713 718 728 735 737 739 741 745 750 755 757 761 762 766 771 773 776 780 781 783 786 787 792 797 798 800 805 807 812 813 817 821 822 824 828 831 834 839 841 845 848 850 852 857 859 860 864 870 872 875 878 881 884 886 894 899 
248 276 282 307 312 324 328 337 346 351 357 362 369 373 377 378 386 390 398 401 406 408 412 415 422 428 432 434 437 440 444 447 449 450 451 460 471 473 480 483 485 492 494 496 501 506 508 510 516 521 525 526 531 533 535 536 542 545 547 564 566 571 575 576 579 585 588 590 593 595 602 606 609 620 623 624 626 630 632 636 640 644 648 651 655 658 667 670 674 679 681 685 687 689 693 698 702 704 706 710 714 722 731 739 742 746 747 751 755 756 758 762 765 770 772 777 779 783 785 788 790 794 796 801 805 808 812 815 819 822 825 827 830 833 837 841 843 846 850 854 855 858 862 864 867 870 871 873 876 880 883 884 887 890 895 901 
249 279 285 310 316 328 332 339 350 352 361 366 373 375 379 380 387 394 399 403 408 412 415 418 426 430 433 437 438 443 448 449 452 453 456 463 474 477 482 484 487 496 498 499 504 507 512 513 519 522 529 532 536 538 540 542 545 546 548 568 571 573 578 582 585 588 590 591 597 598 606 607 610 622 627 629 630 632 635 638 642 648 650 654 656 661 669 672 678 683 686 690 691 695 699 701 704 708 710 714 715 726 735 743 744 748 751 754 759 761 764 766 767 774 778 782 783 784 786 789 793 797 799 805 807 810 815 817 822 823 826 831 833 834 839 842 845 850 853 858 860 862 866 870 871 875 876 878 879 881 884 886 890 894 898 905 
251 283 287 311 320 332 335 343 353 356 365 370 375 377 380 383 389 396 403 407 412 414 417 419 429 433 437 441 442 447 449 453 455 457 461 464 477 478 485 487 489 499 502 504 506 509 515 517 520 525 532 534 540 544 548 549 552 554 557 570 575 578 581 584 589 591 593 596 598 600 610 613 617 624 631 632 633 635 639 641 644 650 654 658 659 662 670 674 682 687 691 693 697 701 703 705 708 711 714 718 719 728 738 746 750 752 755 759 762 763 767 768 770 777 780 783 786 788 792 794 796 800 803 809 812 816 820 823 827 831 832 836 839 841 843 846 847 852 855 861 864 865 870 873 877 879 880 881 884 886 887 891 893 897 899 909 
254 287 288 313 324 334 339 344 354 359 369 372 377 379 381 384 392 398 404 411 415 418 422 423 430 435 441 444 447 451 455 458 461 462 464 465 481 483 489 491 492 503 506 507 511 515 516 518 522 528 534 535 541 548 551 554 556 557 559 572 577 581 583 585 592 593 596 598 600 604 614 616 618 628 635 639 641 642 643 644 647 651 657 662 663 665 673 676 685 690 693 697 699 705 706 710 713 716 720 723 725 729 742 747 752 756 760 763 767 771 772 775 778 779 783 785 790 793 797 801 802 804 808 810 815 820 823 824 828 834 837 840 843 847 849 851 855 856 858 865 867 871 875 876 881 883 884 887 889 890 893 897 899 900 901 912 
256 289 292 316 328 336 340 347 356 361 372 376 378 380 383 387 396 400 408 413 417 421 426 430 431 438 445 446 451 455 456 462 466 469 471 472 483 484 493 496 500 507 508 510 514 518 520 522 524 532 538 540 542 550 554 555 558 559 560 575 579 585 588 590 595 597 598 600 602 606 616 618 620 631 636 643 646 647 650 654 655 657 661 665 669 673 675 679 687 693 696 700 704 707 711 713 716 718 724 727 731 732 744 751 753 758 763 767 768 774 777 778 779 782 784 786 794 795 801 802 803 806 812 815 816 823 827 831 833 836 838 844 847 851 852 854 858 861 865 867 869 875 878 882 885 886 889 891 895 896 898 900 904 906 907 914 
259 293 297 317 329 337 343 350 359 365 374 377 380 383 386 391 397 402 412 414 418 424 428 432 436 442 449 452 455 458 462 463 467 472 474 475 484 488 495 498 504 509 510 514 516 519 522 525 529 533 542 545 546 551 557 560 563 565 568 578 581 588 592 594 598 601 605 607 609 610 619 623 627 635 638 646 648 649 654 656 659 660 665 667 670 674 677 683 688 694 699 703 705 709 714 715 717 721 726 730 735 736 745 755 759 762 766 768 771 777 781 783 786 787 788 790 795 797 803 805 809 813 815 816 819 824 830 834 837 839 842 848 849 853 856 857 861 865 869 873 876 877 880 884 888 890 893 894 899 901 904 906 910 913 915 917 
260 294 298 318 332 339 347 353 360 366 378 379 384 388 390 393 401 403 415 416 419 425 432 433 439 446 453 455 459 460 463 464 468 473 477 480 486 491 496 501 508 511 515 519 520 522 525 529 531 537 546 549 552 556 558 562 567 569 573 579 585 591 595 598 602 605 609 610 611 615 623 624 628 638 642 647 650 651 656 658 660 661 669 670 672 675 680 686 689 697 702 705 708 713 715 719 720 722 730 732 736 740 747 758 760 766 769 772 775 780 784 787 789 791 793 794 799 802 807 811 813 815 816 818 823 828 834 838 839 841 843 849 853 854 857 860 865 868 873 876 877 878 881 885 891 894 895 897 901 902 907 911 914 918 919 920 
262 295 299 320 336 341 349 356 363 367 381 382 385 389 393 397 403 404 419 421 425 428 434 436 443 450 457 459 461 462 464 468 470 476 479 484 487 494 497 503 512 514 518 520 523 526 527 532 534 541 550 554 556 557 562 563 570 573 575 582 589 595 597 601 604 606 610 614 615 618 624 625 632 640 643 650 651 653 660 662 664 667 670 672 673 677 682 690 694 699 706 710 711 717 721 722 726 729 734 735 737 743 749 762 764 767 771 774 778 783 787 789 792 796 800 802 803 806 809 813 817 818 820 821 826 832 835 840 844 845 846 853 856 859 862 866 868 872 876 877 879 882 884 888 893 896 898 901 905 906 908 912 918 920 921 923 
265 297 301 323 338 343 351 360 366 368 382 386 387 390 395 399 406 407 422 425 427 429 435 439 447 454 460 463 467 470 473 477 481 485 486 487 488 498 500 505 514 516 519 521 527 529 533 536 538 545 554 557 560 561 566 570 572 575 576 583 590 599 602 604 607 610 613 616 620 621 628 632 635 642 646 653 657 661 663 666 669 673 676 677 680 684 688 694 697 700 708 713 717 719 725 728 732 735 736 740 742 744 752 765 769 772 775 778 782 787 790 791 794 800 803 805 808 810 813 816 821 824 826 830 834 837 840 843 846 848 850 856 859 861 863 868 870 875 878 881 884 888 892 894 895 899 901 905 906 908 910 916 921 924 927 929 
269 299 304 325 342 345 355 361 368 370 383 388 389 394 397 401 409 413 425 429 431 433 439 441 451 456 462 467 468 473 474 479 484 489 491 495 499 502 506 508 515 519 523 524 530 534 538 542 545 548 556 559 563 567 568 572 573 579 580 585 592 603 606 607 609 611 615 619 621 623 630 633 637 644 647 655 659 663 666 668 672 676 679 681 685 688 691 697 700 703 710 717 720 723 729 730 735 739 740 741 744 748 753 766 771 773 777 779 785 791 793 796 798 803 807 810 814 815 819 820 824 825 829 831 835 841 843 845 849 851 854 857 862 863 866 872 876 879 883 884 886 892 895 896 900 904 908 911 913 915 916 920 922 927 929 933 
272 301 305 326 343 348 356 362 372 373 386 389 392 397 398 404 410 417 426 432 434 435 443 447 452 457 466 470 473 476 480 481 485 493 497 499 501 506 509 512 519 523 527 529 534 537 541 543 547 551 557 560 565 569 573 574 575 581 585 588 593 604 607 609 612 613 617 623 626 628 633 636 641 648 649 659 660 664 670 673 677 679 680 683 687 689 694 698 702 704 713 719 721 724 733 736 739 741 745 748 750 751 754 769 772 775 779 781 786 792 794 800 802 805 811 815 817 818 823 825 828 830 832 833 836 844 847 849 853 854 856 858 863 866 867 874 878 883 885 887 890 894 898 902 906 910 913 917 921 925 929 930 934 935 938 942 
273 304 307 329 347 350 360 363 374 377 389 392 395 400 401 407 414 420 430 434 437 441 445 451 453 458 470 474 475 477 484 488 489 496 500 503 504 510 514 515 520 527 529 530 536 540 543 547 551 552 561 562 566 570 577 578 582 583 587 591 594 607 611 614 617 621 623 626 627 630 636 638 643 652 655 662 665 666 672 677 681 682 684 688 690 693 695 702 706 708 717 722 724 725 735 740 742 744 746 752 753 756 757 772 776 780 783 785 790 795 796 803 804 809 812 816 821 825 829 833 836 840 843 845 848 851 854 856 860 862 863 866 870 873 877 881 882 885 886 889 893 896 901 906 908 911 916 920 922 927 931 933 937 940 944 946 
277 305 310 333 349 353 361 365 377 380 392 393 398 401 405 410 415 422 434 437 439 445 446 453 457 461 474 475 476 478 487 492 494 499 504 506 508 512 518 519 522 528 530 531 537 542 547 548 554 556 563 567 569 573 581 583 587 588 589 594 597 609 612 617 621 625 627 631 633 634 637 641 646 656 659 664 668 671 676 681 683 684 686 692 694 698 701 705 709 710 720 724 726 727 737 744 747 749 750 754 756 758 761 773 780 783 787 791 794 797 798 804 808 813 814 817 823 829 830 836 838 841 844 849 853 857 860 864 866 867 868 871 874 878 880 883 887 891 894 898 900 901 903 908 910 912 919 922 923 928 935 938 941 943 946 948 
278 306 314 337 353 354 365 368 378 382 393 396 401 405 408 414 417 424 438 439 442 447 449 457 458 465 477 480 483 487 488 493 498 501 506 508 510 514 522 523 526 531 534 537 539 545 550 553 558 561 565 571 575 578 583 585 591 594 595 599 602 610 616 621 622 626 628 634 636 640 644 646 649 660 663 667 672 674 677 683 687 688 690 696 698 702 705 706 712 715 721 725 728 730 741 745 748 751 753 755 759 760 765 774 783 785 791 795 797 800 803 806 812 815 816 819 825 831 833 838 841 843 845 853 855 861 862 865 867 869 870 874 878 881 882 884 890 893 897 901 905 906 907 911 912 916 920 925 928 930 938 941 942 944 948 951 
282 307 316 338 357 358 368 371 381 385 397 398 405 408 409 418 420 425 442 446 450 451 455 458 460 466 479 483 484 490 492 495 502 504 508 509 514 515 525 527 530 534 536 538 542 549 551 555 559 563 567 573 578 582 584 589 594 597 598 603 605 612 620 624 625 628 629 637 640 644 646 647 650 664 668 672 674 677 680 684 690 691 695 698 699 706 709 712 713 719 724 729 733 737 745 746 750 753 755 757 760 763 766 778 786 790 792 797 800 802 807 811 815 818 821 822 829 832 835 840 845 847 848 855 856 863 864 866 870 873 877 879 881 885 888 889 892 897 898 902 908 911 912 915 917 921 924 927 930 933 940 942 946 950 953 957 
284 311 319 341 359 360 370 373 382 387 398 401 409 411 412 419 424 427 445 448 454 457 458 461 463 468 480 484 486 492 496 500 506 508 509 512 517 521 528 531 534 536 539 541 546 552 555 557 563 565 568 575 582 584 585 591 598 601 604 606 609 614 622 628 632 635 638 641 644 645 649 651 654 668 670 673 675 678 681 688 694 697 701 705 708 710 711 716 718 720 726 731 737 741 748 749 751 755 759 763 765 767 770 781 789 792 796 801 803 807 808 814 819 820 822 824 831 833 836 843 849 853 854 858 861 867 869 872 873 876 880 881 885 889 890 891 893 901 904 908 911 915 918 920 922 924 927 930 934 937 943 947 951 954 958 959 
288 313 323 343 361 365 372 375 385 390 402 405 411 414 416 423 426 431 446 451 457 461 464 465 469 472 484 488 490 496 498 503 507 510 514 517 520 525 530 533 538 541 545 546 547 556 558 561 564 569 572 579 585 587 590 595 600 602 607 611 615 617 623 631 633 639 640 642 647 648 650 654 655 672 673 676 679 680 682 691 696 700 705 707 710 713 717 719 722 725 727 735 740 744 752 756 758 762 766 767 768 772 773 782 791 795 799 802 806 808 810 815 822 826 830 832 833 836 839 847 853 856 859 862 866 868 872 875 876 878 884 886 890 892 894 895 896 905 908 909 913 916 920 924 928 930 934 936 939 943 946 951 953 955 959 961 
291 315 325 346 364 369 375 377 388 391 404 408 414 416 417 426 430 435 450 453 461 464 467 469 471 475 485 491 493 497 500 506 510 512 515 519 522 529 534 538 542 545 549 551 552 557 562 563 565 573 577 582 586 590 593 598 603 606 609 612 616 619 625 633 635 642 646 650 651 652 656 660 664 675 676 679 682 685 689 695 700 702 709 712 714 716 718 723 726 729 733 737 744 746 755 758 760 764 769 771 774 776 779 785 793 797 800 805 807 811 813 816 825 829 833 834 838 841 842 849 854 858 862 863 869 872 874 879 881 882 885 890 892 894 895 897 900 906 911 914 916 920 924 926 931 934 935 939 941 944 947 954 957 960 961 963 
295 317 329 348 366 372 377 378 392 395 406 410 418 421 422 427 432 437 451 457 463 467 469 473 477 479 489 494 497 501 503 508 511 514 517 523 524 531 535 541 543 547 553 556 557 561 566 569 570 575 578 584 589 592 597 599 605 609 613 614 617 620 627 637 641 643 647 651 652 655 657 662 668 676 678 683 686 687 693 699 703 705 711 716 720 723 725 727 729 731 734 741 748 751 758 759 764 767 773 776 777 780 784 786 796 800 802 806 811 814 815 818 827 830 835 837 842 845 848 852 857 860 866 867 872 874 876 881 884 887 888 892 896 897 901 903 904 909 914 916 917 922 928 929 932 938 941 943 946 950 953 958 961 963 965 966 
296 319 332 350 369 376 378 382 395 398 410 414 420 425 427 430 435 441 455 460 466 468 473 474 478 481 493 498 500 504 506 509 514 515 521 526 529 534 538 542 544 548 555 559 561 565 568 572 574 577 582 588 590 594 598 601 607 611 614 618 622 625 631 641 644 645 650 654 656 657 660 666 671 677 680 687 689 691 697 701 704 707 713 719 723 727 729 733 734 737 738 745 750 754 761 765 769 773 776 780 781 783 787 789 800 801 804 807 813 816 820 824 829 833 838 839 843 846 849 855 861 864 868 872 874 876 880 885 888 889 892 893 899 903 907 908 911 912 915 918 921 923 932 934 936 942 946 949 952 955 959 961 965 966 969 971 
300 320 335 352 370 380 381 384 396 399 412 418 422 427 430 432 437 443 459 463 468 472 475 479 482 485 495 501 503 505 507 512 515 516 525 527 532 537 539 543 547 550 558 562 563 567 571 574 575 580 586 591 594 597 599 602 608 615 617 619 623 628 633 643 647 649 651 657 660 663 664 668 674 679 681 688 690 695 698 703 706 711 715 720 726 729 731 734 738 741 744 748 751 758 763 769 772 777 781 782 784 786 790 794 801 805 807 811 817 821 825 827 830 837 841 845 848 849 853 856 862 867 870 873 876 877 882 888 889 892 895 898 901 907 909 911 912 913 917 920 922 927 934 936 940 945 950 952 953 959 963 966 970 972 976 979 
301 324 339 354 371 382 384 385 400 402 414 420 423 428 434 435 440 444 460 465 469 475 477 482 484 489 498 504 508 509 512 516 520 521 529 533 536 538 541 545 551 553 559 565 566 569 574 575 578 583 589 592 595 599 603 604 611 619 623 625 628 629 636 647 650 651 652 661 665 667 668 670 678 682 685 690 691 696 699 705 709 713 719 721 729 732 736 738 742 745 749 750 755 762 767 770 775 778 785 787 791 793 797 801 802 807 810 815 818 822 829 831 835 838 844 846 851 854 855 859 866 869 874 875 877 880 885 891 894 898 902 905 908 911 912 914 915 916 920 924 928 929 936 938 941 947 953 956 957 963 964 968 974 975 978 980 
305 328 342 357 372 386 390 391 403 404 418 422 425 432 436 439 443 447 461 468 471 476 479 483 488 491 501 508 510 513 516 520 522 526 531 536 539 543 545 546 555 558 563 566 568 571 577 579 582 587 590 595 599 600 604 608 613 620 624 628 630 633 637 650 651 652 653 662 669 671 672 675 679 686 687 691 693 697 701 706 712 717 721 724 733 737 739 743 744 749 750 754 756 764 771 773 779 782 788 791 795 799 801 802 804 810 814 817 819 823 830 834 837 839 845 847 852 856 857 862 867 871 876 877 878 881 887 895 898 901 906 909 912 914 917 921 922 926 927 929 933 937 939 940 942 951 957 960 963 966 970 974 976 980 983 985 
308 330 345 359 374 389 394 396 407 409 421 423 426 434 438 440 447 451 465 472 474 478 481 487 492 496 505 509 513 514 517 521 525 529 532 538 541 545 546 550 556 562 565 567 572 573 578 581 585 590 594 598 600 602 608 612 616 622 628 632 634 638 642 654 658 659 661 663 672 676 680 683 684 690 692 696 700 704 708 712 714 719 725 728 734 738 741 747 748 753 755 759 763 765 774 777 783 784 791 792 796 801 805 809 813 815 819 820 824 828 833 836 839 840 846 851 853 860 863 866 870 873 878 879 882 883 891 899 901 902 908 910 914 915 921 925 928 932 935 939 942 943 947 948 950 955 959 964 967 969 972 975 980 981 987 989 
310 332 348 360 377 390 398 399 410 414 424 426 428 436 440 441 448 452 469 475 476 482 485 489 494 499 506 511 516 520 522 525 527 531 534 540 545 548 551 553 560 563 569 572 574 575 581 585 589 591 595 601 602 603 611 613 620 626 630 635 637 641 645 655 659 661 662 664 676 679 682 686 690 693 695 699 701 705 709 713 715 723 726 732 737 741 743 751 754 755 757 760 767 771 775 778 785 788 794 798 799 802 809 810 816 817 823 826 830 833 835 837 840 842 849 852 857 861 865 869 871 877 881 885 886 888 892 902 903 906 909 913 918 922 926 928 931 935 937 940 944 947 948 949 953 957 963 967 969 971 974 979 982 986 989 993 
312 336 350 363 379 394 402 406 412 415 428 429 432 437 444 447 449 456 473 479 480 483 486 491 495 500 510 512 519 522 525 526 530 533 535 544 546 552 554 555 561 564 570 573 578 580 585 588 592 595 596 605 607 608 613 617 623 627 632 639 642 645 646 656 663 665 669 670 680 682 686 688 692 694 699 702 704 706 710 716 717 724 728 735 738 745 747 753 757 761 764 766 768 772 778 781 788 791 795 800 803 807 811 813 818 820 827 829 831 835 839 841 843 847 853 856 859 863 867 873 876 880 882 886 890 891 896 904 906 907 913 915 921 926 928 930 935 936 941 943 945 949 950 951 954 961 967 969 973 974 976 983 986 990 992 994 
314 338 354 364 383 397 403 408 413 418 430 433 434 441 445 448 451 458 477 483 485 489 491 494 497 503 513 517 520 524 529 531 534 538 539 546 550 556 558 562 564 568 571 575 581 583 589 591 593 596 597 608 612 613 614 619 625 631 636 642 643 646 648 659 665 668 670 673 683 685 690 691 693 695 701 706 710 711 715 717 720 725 730 739 743 749 750 756 759 764 765 770 772 776 779 785 790 792 799 803 805 808 813 817 819 821 828 833 834 838 843 847 850 853 857 859 861 866 871 876 878 883 884 889 892 893 898 905 907 911 915 919 925 929 931 934 937 941 944 945 949 952 955 956 958 964 968 971 975 978 980 987 989 994 997 999 
315 341 356 365 387 401 406 410 415 419 431 434 438 442 447 451 452 460 480 487 491 493 494 495 499 507 515 518 521 527 530 533 536 539 540 550 552 558 562 564 568 570 572 576 585 586 593 595 598 601 603 610 615 619 620 621 627 634 638 644 647 648 650 661 668 670 671 674 685 688 692 696 699 700 703 709 711 714 719 720 723 729 733 740 746 751 752 758 763 767 771 773 777 781 784 786 793 796 801 807 808 811 817 820 822 823 832 834 836 841 845 850 853 857 861 865 868 869 874 879 881 886 887 893 895 899 902 907 908 914 916 923 926 932 935 937 938 944 947 949 952 955 957 960 962 968 972 975 979 981 985 991 992 995 999 1001 
317 343 359 366 390 405 408 412 417 423 432 438 440 444 448 453 454 462 484 488 493 494 495 498 502 509 517 521 522 530 533 537 540 542 546 553 556 560 564 565 572 575 577 580 588 589 595 599 600 602 607 612 619 623 626 630 633 637 639 646 650 652 656 664 672 673 676 678 687 689 693 698 703 707 708 713 716 718 721 725 726 730 736 744 750 755 757 761 767 768 772 774 778 785 788 791 794 800 803 810 811 812 819 824 828 829 833 835 839 844 846 854 857 858 865 866 870 871 877 882 886 888 892 897 899 902 905 908 911 916 917 925 928 934 936 941 944 946 951 952 953 959 960 964 967 969 975 977 983 986 988 993 997 999 1001 1003 
321 346 360 368 391 406 411 414 419 425 436 439 443 446 450 454 458 466 488 490 494 496 499 502 506 511 518 522 525 531 535 540 541 543 550 556 558 564 567 568 574 578 581 583 592 593 599 600 604 608 609 613 623 624 630 632 635 638 640 649 654 655 657 666 675 678 681 683 689 692 696 699 704 708 712 717 721 724 726 730 734 737 738 747 753 756 758 763 771 772 775 779 780 789 793 796 800 802 805 814 817 819 823 825 830 831 836 840 843 845 847 855 859 862 869 872 876 879 883 884 890 891 895 900 901 906 908 912 915 918 920 929 933 935 938 943 948 951 954 957 960 964 966 970 974 975 977 981 984 988 990 994 999 1002 1004 1008 
324 350 362 369 393 408 413 415 421 429 437 441 446 450 453 456 459 469 489 491 497 500 504 505 509 514 519 524 529 532 538 544 545 546 553 557 560 568 569 571 577 581 583 586 596 599 601 604 608 610 612 614 627 628 633 635 636 639 642 650 657 658 661 670 679 681 682 685 692 695 699 703 707 712 715 720 725 729 731 735 738 742 743 749 754 758 759 766 772 776 778 782 785 792 794 797 804 808 811 816 820 824 825 826 831 833 839 844 845 848 849 858 863 866 872 874 879 880 884 886 892 894 898 903 907 911 915 918 922 924 928 930 935 937 939 944 952 956 957 958 962 965 969 973 978 980 984 988 989 992 994 996 1000 1006 1007 1011 
327 352 364 372 396 409 416 420 425 433 439 442 450 451 454 460 462 471 492 493 500 503 505 508 512 517 521 526 530 534 541 546 549 550 556 561 564 569 572 576 578 585 588 590 599 601 605 608 612 615 617 619 630 634 638 642 644 645 648 652 660 664 668 671 680 683 687 691 696 698 700 707 710 713 718 724 728 732 735 739 743 747 748 752 758 760 763 769 774 777 782 784 786 796 798 799 808 811 812 818 823 825 829 831 834 838 841 847 850 851 852 861 865 869 875 876 882 884 886 890 894 896 900 904 908 912 916 920 926 928 929 932 939 943 947 950 956 959 962 965 969 971 972 975 982 983 986 991 995 997 1001 1002 1004 1008 1010 1014 
328 354 368 374 397 410 418 421 426 434 441 444 451 454 455 463 466 474 495 498 504 506 507 510 514 520 522 528 532 535 542 549 551 553 560 565 569 570 574 578 581 586 591 593 600 605 609 613 614 619 620 621 634 636 639 644 646 650 652 653 662 665 672 675 682 687 689 692 697 701 703 709 714 717 722 728 731 736 738 742 744 750 751 753 760 764 766 771 778 781 784 788 790 798 799 802 809 812 816 821 827 831 835 838 840 842 845 850 854 858 859 865 866 873 879 883 887 890 893 896 897 901 902 905 911 916 919 921 927 930 934 938 940 946 950 953 960 962 966 970 974 978 980 982 986 988 991 995 998 1000 1002 1005 1006 1011 1015 1018 
331 358 372 378 398 411 419 424 429 437 442 448 453 456 458 466 468 478 498 501 505 508 509 512 515 522 525 532 534 539 544 550 555 558 561 569 570 573 578 582 583 589 592 597 604 609 611 617 618 623 624 626 638 639 643 646 647 654 658 659 665 669 674 679 685 690 693 694 700 703 707 711 718 722 726 730 732 740 742 743 747 752 756 757 763 768 769 773 779 784 786 790 793 800 803 806 811 815 817 822 830 832 839 841 845 847 848 854 855 860 864 869 870 876 881 887 889 893 894 898 900 904 907 910 914 920 921 923 929 931 935 940 941 947 952 957 961 966 967 972 977 982 983 985 990 993 995 997 1000 1004 1005 1008 1010 1015 1017 1022 
335 359 373 382 400 415 423 426 430 438 446 452 454 458 462 467 470 479 499 502 509 510 513 515 519 526 529 533 538 542 545 551 556 560 562 571 574 576 579 584 586 590 593 600 608 611 615 620 622 625 626 630 642 646 650 651 654 655 660 662 667 670 678 680 689 693 696 699 702 705 709 715 722 725 728 733 736 742 745 748 750 754 760 762 764 770 774 778 781 787 789 793 795 803 806 810 814 819 821 825 833 834 841 843 848 852 854 857 858 861 867 870 874 878 883 889 890 894 896 902 905 909 911 915 917 924 926 930 933 934 939 944 948 952 956 959 964 969 970 974 979 985 989 993 997 1000 1001 1003 1006 1010 1014 1017 1019 1022 1024 1028 
336 360 377 386 403 419 426 428 433 442 448 453 458 460 464 468 474 483 501 504 511 515 518 522 523 529 531 537 542 546 547 553 557 563 565 572 576 577 583 586 588 591 595 602 612 616 619 623 624 629 630 633 645 647 654 658 662 665 667 668 669 671 680 683 693 696 699 700 704 706 713 719 724 726 730 735 737 745 749 750 754 756 764 766 768 772 775 780 782 791 793 795 799 806 808 814 815 822 826 827 834 837 843 844 851 856 857 861 864 866 871 873 878 879 887 893 897 900 904 906 910 913 914 919 923 926 929 933 935 938 941 948 950 953 957 962 966 972 975 977 980 986 992 996 999 1001 1005 1008 1012 1013 1016 1018 1023 1025 1026 1030 
337 362 378 389 404 422 428 429 436 443 449 456 460 464 467 472 477 484 502 505 514 517 521 526 530 532 534 539 544 548 552 554 560 564 567 574 578 582 585 588 589 595 598 603 614 619 623 624 627 631 633 636 646 649 658 659 666 667 669 671 675 678 682 687 695 697 701 704 708 711 714 720 727 731 735 737 740 747 751 752 757 758 767 769 770 776 780 781 786 793 794 798 800 808 809 817 818 826 830 833 837 841 844 845 854 858 860 864 865 868 874 877 882 884 891 897 898 901 906 908 913 914 916 920 926 929 933 934 938 942 946 951 955 956 961 965 967 974 978 979 983 990 994 1000 1004 1006 1010 1013 1017 1021 1024 1028 1032 1036 1038 1041 
341 364 381 392 406 424 429 433 438 446 451 459 464 467 469 474 481 486 503 506 516 519 524 530 532 534 537 543 547 549 553 555 561 566 569 578 579 586 589 590 591 596 599 604 616 623 627 628 632 634 636 637 647 652 661 664 670 671 675 678 680 684 688 689 698 701 702 706 710 714 718 724 728 733 737 741 744 751 752 755 761 765 768 773 774 780 783 784 790 796 800 802 805 810 811 821 822 827 832 835 839 845 846 848 855 860 862 867 870 872 878 880 886 889 892 900 902 904 907 911 914 916 920 921 929 931 935 939 942 944 947 954 958 962 966 970 974 976 980 982 987 992 998 1003 1008 1010 1012 1016 1018 1024 1027 1030 1036 1038 1039 1042 
342 366 385 395 408 428 432 435 442 449 453 463 468 471 474 476 485 489 504 509 518 520 525 532 534 536 539 544 548 550 554 559 563 570 573 579 582 589 591 595 599 601 602 606 620 626 630 633 636 639 643 647 650 654 665 668 671 675 678 682 684 688 689 691 699 703 707 711 713 717 722 725 729 734 741 742 748 755 757 761 765 768 771 777 778 783 787 788 791 797 804 807 808 812 814 822 824 828 835 837 843 848 852 856 858 861 863 870 873 875 882 884 889 891 893 904 908 909 910 915 919 923 925 927 933 935 937 940 943 948 949 955 959 966 970 974 975 977 981 983 990 995 1002 1007 1009 1013 1015 1017 1019 1026 1029 1034 1039 1043 1044 1046 
344 367 386 398 411 429 436 438 444 452 455 464 471 475 477 479 488 490 508 513 519 522 527 534 535 537 542 547 550 553 556 560 567 574 577 580 583 592 593 597 601 602 605 608 622 627 632 637 638 643 645 648 653 658 668 669 674 678 681 686 687 689 692 694 703 707 709 712 715 719 725 728 733 737 744 748 749 756 760 765 768 770 773 780 784 787 789 793 794 801 805 808 812 814 818 823 828 832 837 838 844 851 853 857 860 865 867 873 874 879 885 886 891 895 897 905 910 913 916 917 922 927 931 933 935 936 938 944 948 952 953 959 963 970 971 977 978 982 985 986 993 999 1006 1010 1012 1015 1016 1020 1022 1028 1030 1035 1041 1047 1050 1051 
347 371 390 401 412 430 440 441 446 456 460 466 474 476 480 482 492 493 510 514 521 525 531 537 539 543 544 549 552 557 559 564 570 575 579 581 585 595 599 600 602 603 606 612 625 628 633 639 643 644 649 651 656 659 670 672 676 682 684 688 690 691 695 697 705 711 713 716 720 721 727 732 734 741 745 752 756 758 761 769 772 774 777 781 785 789 792 797 801 805 808 812 816 818 820 827 830 834 841 845 847 854 856 861 863 869 871 875 878 883 887 888 893 899 901 906 914 915 920 921 925 930 933 936 937 941 944 948 952 955 959 963 966 974 978 982 986 989 990 994 996 1000 1009 1013 1016 1019 1022 1026 1029 1031 1033 1038 1045 1050 1052 1053 
348 372 392 402 415 433 443 445 449 457 464 470 477 481 482 483 493 496 513 515 525 527 535 540 542 544 545 552 554 560 561 565 574 577 580 582 587 599 600 602 606 607 609 614 627 632 637 643 646 650 651 652 658 661 671 674 678 685 688 690 691 692 697 698 707 714 716 720 724 728 732 735 738 744 747 755 758 759 762 771 776 777 780 785 789 793 797 798 804 809 813 816 820 824 827 829 831 838 845 849 850 858 861 863 866 870 872 879 880 885 890 893 896 900 903 910 917 919 924 926 927 934 935 940 941 943 945 952 955 958 961 967 971 975 980 984 989 991 994 995 997 1002 1012 1016 1018 1023 1026 1030 1032 1034 1035 1041 1049 1053 1054 1055 
352 375 393 404 418 435 446 450 454 458 465 472 481 485 487 491 496 498 515 519 527 531 536 543 544 548 551 554 555 562 566 567 576 581 583 585 589 601 605 609 610 611 614 615 628 636 640 644 647 652 655 656 660 663 673 675 680 689 690 693 697 699 700 702 710 718 719 723 726 729 735 738 739 747 749 756 762 764 765 774 780 781 782 787 791 797 798 800 808 810 814 818 824 825 828 830 833 839 847 852 855 859 865 866 867 871 875 883 886 888 891 896 899 901 907 913 920 922 925 928 929 937 941 945 947 951 955 959 960 961 963 971 975 976 981 985 993 995 996 998 1002 1005 1016 1018 1021 1027 1028 1033 1037 1040 1043 1045 1050 1057 1059 1062 
354 377 397 405 420 439 450 451 457 460 469 473 483 488 489 493 497 500 516 521 530 533 537 544 545 550 555 558 560 563 567 570 577 583 585 587 590 604 609 611 613 614 616 619 631 637 644 647 651 655 656 657 662 667 674 679 684 690 694 697 700 703 706 709 712 720 723 725 727 731 738 741 743 751 753 758 763 768 772 778 783 786 789 793 794 800 801 802 809 813 817 819 826 829 830 834 837 842 848 854 857 863 867 871 874 877 879 886 887 891 895 900 901 905 911 914 924 927 930 933 935 941 943 947 950 953 958 963 964 965 967 974 977 979 983 988 996 999 1000 1002 1004 1006 1017 1021 1023 1028 1031 1037 1038 1043 1045 1048 1053 1058 1060 1065 
355 379 400 408 424 440 452 456 458 462 470 475 485 491 492 495 501 503 519 525 534 536 539 547 550 553 556 562 566 569 570 571 581 586 587 591 594 605 613 615 617 621 623 625 635 641 648 652 653 658 662 665 669 673 676 682 687 692 695 699 704 706 708 711 713 721 726 727 729 734 740 745 747 754 755 762 764 772 775 782 784 790 793 794 797 801 803 806 811 817 820 824 830 832 835 839 842 846 852 856 860 864 868 872 876 878 881 888 891 892 896 901 903 906 912 915 926 931 935 936 939 945 949 950 951 957 961 965 967 970 973 975 981 983 984 989 997 1002 1005 1008 1010 1012 1019 1022 1026 1032 1035 1041 1042 1046 1050 1051 1057 1059 1062 1069 
356 380 404 411 427 444 455 458 462 464 474 477 489 492 495 496 502 506 522 529 535 538 543 549 552 555 560 565 569 570 574 575 583 590 593 595 599 609 616 618 622 623 627 628 639 642 652 656 659 660 665 667 673 675 678 686 688 693 697 703 706 709 713 717 719 724 728 731 735 737 741 748 749 757 761 763 767 775 776 785 786 791 795 798 802 803 804 807 812 820 823 826 833 837 839 840 845 847 854 858 861 866 871 874 877 882 885 890 893 894 897 902 906 908 916 917 930 934 939 943 945 947 952 956 960 962 963 968 972 974 976 979 982 986 990 994 999 1003 1009 1010 1014 1018 1021 1023 1030 1034 1037 1045 1049 1053 1056 1057 1058 1060 1065 1070 
359 382 408 413 430 447 458 461 466 469 475 478 492 493 499 503 507 511 523 533 536 542 544 551 553 558 563 567 572 575 576 579 584 594 595 597 603 613 619 621 623 626 631 633 641 643 656 660 663 667 668 672 677 678 681 689 693 694 700 706 709 711 715 720 724 727 729 735 736 741 743 751 755 760 762 766 768 778 780 786 789 794 799 803 804 807 810 812 816 824 827 831 834 838 842 844 848 851 856 859 862 867 874 876 878 886 890 893 896 899 900 903 908 911 919 922 932 936 942 947 950 953 954 959 963 964 968 971 973 977 980 981 983 989 994 997 1003 1006 1010 1014 1017 1021 1025 1027 1033 1036 1041 1046 1051 1056 1057 1060 1063 1067 1070 1074 
360 383 411 415 432 450 461 462 470 474 477 479 494 495 501 505 508 514 524 537 539 544 548 552 555 559 565 569 574 576 577 582 587 596 600 604 608 616 621 625 627 629 632 636 644 648 659 663 667 670 671 675 679 683 684 692 695 697 702 707 711 715 718 721 728 729 731 736 739 745 749 752 758 763 767 771 775 782 785 790 794 796 800 807 811 814 817 821 824 828 831 832 838 841 843 845 850 854 859 862 865 870 876 878 879 890 894 898 899 902 905 906 909 912 923 927 935 938 944 949 951 954 956 960 966 970 972 975 976 980 981 983 986 990 998 999 1007 1011 1015 1018 1022 1023 1028 1029 1035 1038 1045 1048 1053 1060 1063 1066 1068 1071 1072 1076 
361 387 415 419 435 454 462 465 471 477 479 482 497 498 502 506 510 517 526 538 543 548 552 556 559 561 567 572 575 577 579 583 588 599 601 605 611 617 622 627 629 632 636 637 646 650 661 665 668 673 676 680 684 686 688 695 696 699 705 708 713 717 719 722 729 730 732 739 742 749 750 755 760 765 768 772 776 783 788 794 795 800 803 809 815 819 823 826 828 831 832 836 841 843 845 846 854 857 860 864 867 872 877 879 882 891 897 899 902 906 907 910 913 916 925 931 937 941 946 953 955 956 960 962 968 974 977 981 985 988 992 995 999 1001 1004 1008 1011 1014 1016 1021 1023 1024 1032 1035 1037 1041 1046 1051 1057 1064 1065 1067 1069 1072 1074 1077 
