3 4 6 10 13 15 19 21 22 24 25 27 30 34 38 40 43 47 49 51 54 56 59 60 61 65 66 70 72 74 78 79 80 81 85 88 91 94 96 97 101 104 107 111 113 117 118 121 124 126 128 129 130 131 135 136 140 144 145 146 149 153 154 155 156 159 163 165 166 168 171 172 175 178 179 180 184 187 188 190 192 193 195 199 200 202 204 208 
5 8 10 11 16 19 22 24 28 30 32 33 36 38 41 45 49 51 54 56 58 60 62 66 67 71 72 73 77 81 84 87 91 92 94 96 100 101 105 107 111 115 117 120 121 125 128 131 134 136 139 142 143 144 145 146 150 154 156 159 162 163 164 168 171 175 177 179 182 184 186 189 190 192 193 195 198 200 202 206 209 211 213 216 218 220 222 223 
6 9 13 16 20 21 26 28 30 31 36 40 42 43 45 47 53 56 60 62 64 68 70 73 76 79 83 85 86 89 92 96 100 103 104 108 110 111 114 117 118 119 123 126 128 131 134 137 138 139 141 143 145 147 150 154 157 159 162 166 170 173 175 177 181 185 186 187 191 194 198 200 202 206 210 213 217 221 223 225 227 231 232 235 237 239 241 245 
9 13 14 18 22 26 27 29 32 36 39 44 48 51 52 55 56 59 62 64 66 69 73 76 78 83 85 87 89 91 93 100 104 108 112 115 117 120 124 126 128 132 135 136 140 144 147 148 150 152 154 158 160 162 165 168 169 170 173 176 180 182 185 186 189 193 195 197 199 202 206 209 211 212 216 220 222 224 226 228 232 235 238 241 244 246 247 248 
11 17 21 24 28 29 33 36 39 41 43 47 51 53 57 60 62 65 68 69 71 72 76 77 82 87 89 91 94 96 97 102 107 109 115 119 123 125 127 129 130 133 137 139 142 148 152 154 156 158 162 164 167 168 171 175 177 180 181 183 185 188 190 192 196 198 199 203 206 207 208 210 213 215 220 224 225 227 229 231 236 240 241 245 249 250 253 254 
12 19 22 27 32 33 35 37 41 45 47 51 53 56 58 64 66 68 72 75 79 82 85 89 92 94 98 100 104 106 107 110 114 115 118 123 126 127 131 132 133 135 141 143 145 150 153 157 159 162 166 169 170 171 175 177 180 184 188 191 195 199 201 202 206 208 211 212 213 214 218 219 223 225 227 229 230 234 237 241 242 246 249 250 251 253 255 258 
16 21 25 29 36 38 42 44 45 47 48 54 57 58 61 65 67 71 76 80 81 84 88 91 96 98 102 105 109 112 115 117 121 125 127 131 134 138 141 145 149 150 152 153 156 159 161 165 167 169 173 177 179 182 185 186 187 188 190 195 196 200 205 206 210 212 213 215 218 221 224 225 229 231 232 236 239 241 245 249 253 257 258 262 264 268 272 276 
20 23 28 30 39 40 45 48 49 53 55 57 58 62 66 67 69 74 80 81 84 86 92 94 98 102 104 106 112 116 118 120 122 129 130 135 137 141 144 146 153 155 159 161 164 165 169 172 174 175 176 178 180 184 189 193 196 198 202 204 205 207 210 213 215 219 222 223 227 231 232 234 236 238 240 244 247 250 254 258 259 261 263 264 268 272 276 280 
21 24 29 31 40 41 47 50 52 56 60 63 64 65 70 74 76 77 81 84 87 90 96 97 102 104 106 110 114 117 119 121 125 132 134 136 138 142 147 148 154 159 162 165 169 172 175 178 180 184 185 189 192 194 195 198 200 202 204 206 207 210 212 215 217 222 225 229 231 235 236 239 240 241 242 246 251 254 257 262 265 268 269 272 273 276 278 284 
25 26 32 34 42 45 50 54 55 60 62 67 68 70 74 75 79 83 87 89 91 95 97 101 105 108 110 112 116 121 125 129 130 136 138 141 143 147 151 153 156 161 165 166 172 174 179 182 183 188 191 193 197 199 201 205 207 209 210 211 213 216 220 223 226 228 229 233 236 239 240 241 243 244 246 247 253 258 260 263 268 272 275 277 278 279 282 286 
29 30 35 38 43 47 51 56 58 64 67 70 73 74 76 79 80 87 90 92 94 98 100 103 106 109 112 113 120 124 127 131 134 137 140 145 149 152 153 155 157 162 167 169 173 178 182 184 188 191 193 194 201 203 206 207 211 212 213 216 217 219 224 227 228 229 230 236 240 241 242 246 247 251 254 256 258 262 265 268 272 275 279 282 286 290 291 295 
31 32 37 42 47 48 55 58 61 67 69 74 78 81 83 86 88 91 93 95 99 100 101 104 109 112 113 117 121 126 131 134 135 138 143 147 151 155 156 159 163 164 170 172 175 180 186 189 190 193 194 196 202 206 208 211 212 214 218 220 224 227 229 231 233 235 236 240 244 245 248 252 256 259 262 263 264 266 270 273 274 278 281 285 289 292 295 298 
35 37 39 45 49 52 59 62 64 71 73 75 81 85 87 90 94 95 98 102 106 108 111 112 113 114 118 122 125 127 132 138 139 142 144 151 153 156 159 161 166 168 172 174 176 182 187 192 196 199 200 201 203 210 211 212 215 216 222 224 226 229 233 235 236 239 243 247 249 252 254 257 261 265 268 272 276 280 284 287 288 291 295 299 300 303 305 306 
37 40 44 49 53 54 61 66 69 75 79 81 84 87 89 91 96 100 101 106 108 111 113 117 119 122 123 125 128 131 133 140 144 148 152 155 158 160 164 166 170 173 176 177 180 184 188 194 199 202 205 209 213 217 221 222 224 228 230 233 237 240 243 246 249 251 255 257 260 261 264 267 271 274 275 278 281 283 288 290 292 296 297 303 307 308 312 315 
41 44 48 52 57 58 62 67 73 76 82 84 85 91 92 95 99 104 105 107 110 112 114 119 121 126 128 129 131 132 134 141 146 151 156 160 161 164 167 170 173 175 180 182 185 187 189 195 203 206 207 213 216 219 223 226 228 231 235 238 239 244 245 250 254 257 259 262 265 266 270 271 275 276 278 280 285 289 291 293 297 299 303 306 310 314 318 322 
44 46 49 55 59 61 63 70 76 79 84 85 88 93 94 98 101 106 109 113 114 117 118 122 126 129 131 135 136 137 139 144 148 155 158 161 165 167 171 173 174 176 183 185 188 189 191 197 206 208 211 215 219 222 226 227 229 232 238 242 244 247 251 253 255 258 262 264 268 271 272 274 278 279 281 284 287 290 295 296 298 300 307 309 314 315 319 325 
46 50 51 59 62 63 64 71 77 82 86 89 91 95 96 102 104 109 113 116 117 119 122 124 129 130 135 138 140 141 144 147 151 158 162 163 169 170 172 175 178 182 185 189 192 196 197 199 207 212 216 220 223 224 228 231 232 233 241 243 246 251 252 255 259 263 265 267 269 275 276 280 281 283 287 291 294 295 296 300 304 305 311 315 316 317 320 327 
48 51 53 61 64 68 69 72 79 86 88 93 96 100 104 107 109 111 114 119 123 125 129 133 134 135 136 139 143 144 145 148 154 160 164 165 172 174 175 177 181 186 189 192 194 197 199 203 208 215 218 224 226 228 229 233 234 236 242 244 248 252 253 258 261 264 267 271 275 277 278 284 286 288 290 294 298 302 306 308 309 312 314 319 321 322 325 331 
51 53 54 65 67 72 73 76 83 89 91 95 97 103 105 109 111 113 115 120 127 131 133 137 141 145 148 151 155 156 157 158 162 166 170 173 177 179 182 186 187 189 191 195 199 201 205 208 209 217 222 227 229 231 232 234 238 241 243 246 250 253 254 259 263 266 269 275 279 282 283 287 288 291 293 295 299 304 309 312 315 318 319 321 323 325 327 332 
54 57 58 66 68 76 78 79 85 90 94 97 101 105 107 111 112 115 116 124 128 134 136 141 143 148 149 152 158 160 163 166 168 169 172 177 179 183 184 188 190 194 195 197 203 204 209 212 215 221 226 230 233 236 240 244 247 251 253 257 258 262 264 267 269 272 276 280 282 285 286 290 294 296 297 299 300 306 311 313 318 322 326 330 331 334 336 338 
55 59 62 67 69 79 80 82 89 91 98 99 105 108 110 114 115 119 123 128 130 136 140 142 146 151 154 157 161 165 169 173 177 179 180 184 188 189 190 194 195 198 199 202 207 211 215 217 219 224 230 231 236 240 244 248 252 255 256 259 262 266 269 271 274 278 281 285 289 291 294 297 299 300 303 304 305 307 314 317 321 325 327 332 335 338 342 346 
59 61 63 69 70 81 82 86 93 95 99 102 108 109 114 116 119 120 125 131 132 140 144 145 149 154 155 160 164 167 172 175 178 182 185 186 190 192 195 199 203 204 208 212 216 218 219 222 223 227 232 233 237 243 248 251 253 256 258 262 265 267 273 276 279 283 287 291 295 297 299 303 305 307 308 310 314 318 321 325 328 332 336 337 341 345 348 351 
63 67 68 71 75 84 85 89 94 97 101 104 112 116 119 122 123 127 129 133 134 143 145 148 151 158 161 165 167 169 174 177 179 185 186 188 192 195 198 203 207 208 212 214 217 220 221 226 230 232 235 238 241 247 249 252 256 258 262 264 268 269 277 278 280 284 288 293 297 301 304 305 308 309 310 311 316 319 325 329 331 336 340 344 348 349 350 354 
65 71 73 74 77 85 87 93 97 101 105 107 114 120 121 125 129 133 135 137 139 145 146 152 154 159 162 168 171 175 178 182 185 189 193 195 196 199 201 204 208 209 215 218 221 224 228 232 236 237 238 240 244 248 252 255 260 264 266 268 269 270 280 283 287 291 292 294 299 303 307 309 311 314 315 318 320 322 328 333 335 340 342 345 349 352 354 356 
66 75 78 81 84 86 88 94 99 105 106 109 115 124 125 127 131 137 140 141 142 146 148 154 157 161 166 172 176 180 183 185 189 191 197 199 202 206 207 209 213 215 216 222 223 225 230 235 238 239 240 242 246 251 255 256 263 268 272 275 277 281 284 285 289 295 299 300 304 308 310 314 317 320 322 326 328 332 333 335 337 344 347 348 350 353 355 359 
69 78 82 85 88 91 94 95 102 107 110 111 116 126 128 131 135 141 142 146 147 150 154 158 160 162 170 176 177 181 184 187 190 193 200 201 204 210 212 214 215 218 222 224 227 229 231 239 243 245 246 250 254 256 258 261 267 269 275 276 280 285 286 289 292 296 300 303 305 312 314 315 319 323 327 331 333 337 340 342 345 346 348 352 353 356 358 361 
73 81 83 86 91 95 98 99 106 110 112 116 118 127 132 135 139 144 145 150 153 154 157 160 164 165 171 178 181 185 187 191 194 195 203 205 208 212 216 218 220 223 225 229 230 233 234 243 245 247 249 253 255 260 263 264 268 271 276 280 283 286 288 290 294 300 304 306 309 314 317 318 323 324 330 332 335 338 342 344 347 348 349 354 356 357 360 363 
75 85 89 93 94 99 102 104 109 112 116 117 122 129 134 136 141 147 149 151 156 157 159 161 168 171 173 179 182 186 188 195 196 198 205 206 211 213 218 220 221 224 228 232 235 237 241 247 249 251 253 257 260 263 265 269 271 273 279 281 287 288 291 295 298 302 307 309 313 318 322 324 328 332 333 335 339 340 343 347 349 352 354 357 360 361 364 366 
79 87 93 97 98 102 105 107 112 115 117 121 124 130 136 137 144 151 152 153 157 158 160 164 172 174 175 180 184 187 192 198 201 204 206 209 214 216 221 223 224 227 230 235 237 239 245 251 253 256 258 262 265 268 269 273 275 278 280 285 290 293 295 298 301 306 309 313 316 319 325 329 331 335 336 340 344 348 350 353 354 355 357 358 364 367 370 371 
83 91 97 99 100 103 109 110 115 116 119 124 127 132 138 139 148 155 159 162 163 167 169 171 174 176 178 182 188 191 196 202 203 205 210 214 215 220 223 227 229 232 236 237 239 242 248 252 254 258 261 264 267 271 274 276 278 282 286 290 291 294 298 299 305 308 311 315 320 323 327 331 332 338 339 344 348 349 351 354 357 360 362 364 368 370 372 376 
87 94 98 103 107 111 115 119 123 124 125 129 132 134 139 143 152 158 161 164 166 169 172 173 176 180 184 185 189 195 199 203 204 207 211 216 220 221 224 229 233 235 237 241 245 247 251 254 255 261 263 266 269 273 276 278 282 284 290 292 296 300 301 304 309 310 313 316 323 325 331 335 339 342 345 348 351 354 358 361 362 364 367 371 374 375 377 379 
88 97 100 107 108 113 117 122 125 129 130 134 135 138 140 147 154 160 162 167 168 171 175 176 179 182 186 190 193 199 201 204 207 211 212 218 222 225 226 231 234 239 240 245 247 248 253 255 257 265 267 268 272 275 279 282 283 285 293 296 300 304 308 310 313 314 315 317 325 326 332 338 343 346 350 354 355 356 361 364 368 370 371 375 377 380 384 386 
89 98 103 108 111 116 118 123 128 131 134 136 139 140 143 148 158 162 164 170 173 175 178 180 182 185 187 193 194 201 203 207 209 212 216 221 225 229 232 234 237 240 244 249 251 255 257 260 263 266 270 271 274 278 281 284 285 286 295 298 301 305 311 312 316 318 322 325 327 331 335 339 344 349 353 356 360 364 367 371 373 377 379 382 383 384 386 387 
92 102 104 112 113 120 121 126 130 135 137 141 142 143 147 150 161 163 167 173 177 181 183 186 187 190 193 194 195 204 207 210 212 214 219 223 227 231 234 236 239 242 248 252 255 257 258 264 267 271 274 277 280 281 284 285 289 291 298 300 304 307 312 313 318 319 325 328 332 333 336 343 347 351 357 361 362 368 370 373 375 381 383 386 388 391 393 396 
96 106 110 116 117 124 128 129 132 139 140 143 147 148 151 152 164 165 170 175 179 185 186 188 192 194 196 198 199 206 208 213 215 218 223 224 230 232 235 240 242 243 252 256 257 261 263 268 269 274 278 282 285 287 289 291 295 299 303 305 307 311 316 319 323 325 327 329 333 335 340 344 348 353 359 364 368 371 372 376 377 384 386 389 391 394 398 399 
97 108 112 117 118 125 130 131 136 142 146 149 151 153 157 160 166 168 171 179 182 186 187 192 196 199 200 204 208 210 211 214 218 221 225 226 231 235 237 242 246 247 256 259 261 262 265 270 271 276 282 286 288 292 293 295 298 301 307 309 310 315 318 321 327 331 335 337 341 342 345 347 350 354 361 368 372 374 378 380 382 385 390 391 392 395 400 403 
98 112 113 118 119 127 133 137 139 146 150 154 158 159 161 165 168 170 173 183 185 190 193 195 199 200 203 205 211 212 215 217 219 225 227 231 234 239 243 244 247 248 258 262 265 269 273 277 279 283 287 288 292 293 297 301 302 306 310 311 315 316 322 326 329 334 337 338 345 348 351 352 353 356 362 370 373 377 380 384 388 391 394 398 402 405 406 407 
99 115 119 121 122 131 134 140 144 150 151 157 160 162 164 168 169 172 176 185 187 192 195 198 203 205 207 208 213 215 217 219 223 228 232 233 238 241 247 251 255 256 260 263 269 272 276 279 281 286 289 292 295 299 303 306 309 310 314 318 319 321 324 328 330 337 339 342 346 349 354 358 361 365 367 372 375 379 381 388 391 394 396 402 404 408 411 413 
102 119 122 126 129 132 138 143 148 153 156 161 165 168 170 173 176 180 184 188 192 193 199 201 204 208 209 212 214 218 221 222 226 231 235 236 241 245 250 252 257 259 264 266 272 276 278 282 286 288 293 295 298 302 307 311 312 314 316 319 320 323 327 331 335 338 340 346 347 350 357 360 365 369 371 376 377 382 383 389 392 396 398 406 408 409 415 416 
106 121 124 128 130 135 142 146 150 156 157 165 169 172 176 179 182 186 190 194 196 197 201 203 207 211 214 218 222 225 227 230 234 235 238 239 245 248 252 255 258 262 266 270 275 278 279 286 287 292 295 296 299 304 311 314 315 317 318 321 324 328 331 332 337 341 344 349 350 353 360 363 368 372 375 379 383 384 386 391 395 397 401 408 410 413 417 418 
110 122 128 131 134 137 146 150 151 157 158 167 172 176 178 182 184 188 191 196 200 202 206 208 212 216 220 221 224 227 229 231 238 239 242 243 249 252 254 259 263 264 269 273 276 282 285 290 292 294 299 303 307 308 314 317 321 324 328 330 331 333 334 335 340 344 348 351 354 356 362 367 370 374 377 381 387 389 390 392 399 402 403 409 411 415 419 421 
113 125 129 135 139 141 148 152 155 161 162 168 176 178 181 183 188 190 195 200 204 208 210 211 215 218 221 222 227 230 231 235 242 244 246 249 252 256 260 264 267 271 274 275 278 284 287 291 296 300 303 306 310 311 318 319 325 329 333 334 338 339 342 344 348 351 353 356 359 363 364 370 373 375 380 383 391 395 399 400 403 406 409 410 414 417 423 427 
116 127 130 139 140 142 152 153 156 164 167 170 178 181 184 186 190 193 196 203 206 211 213 215 217 221 224 227 231 235 236 240 244 246 250 251 254 259 264 266 271 275 276 277 282 288 289 293 299 302 304 310 314 316 319 320 326 331 335 338 340 343 346 350 351 355 357 359 361 366 367 371 376 379 384 387 392 396 403 405 406 407 413 415 419 422 425 429 
119 129 134 141 142 143 155 159 160 165 170 173 180 182 188 192 193 194 200 207 209 212 215 218 222 225 229 230 234 239 241 243 246 250 253 255 259 260 266 268 272 277 281 282 286 290 293 294 301 306 310 313 315 318 322 324 329 332 339 342 346 349 353 355 357 358 361 362 366 368 371 373 380 384 387 388 394 400 407 410 413 417 421 423 426 430 432 433 
120 131 137 142 146 149 158 161 164 167 172 176 184 185 190 194 197 199 201 209 213 215 218 219 223 226 232 236 238 243 244 245 250 253 257 261 262 265 270 273 276 278 284 286 287 293 295 296 303 308 313 316 320 322 324 328 331 333 343 346 347 350 356 359 362 364 366 368 371 372 375 378 381 388 390 394 395 401 409 412 416 420 422 425 430 432 436 437 
124 133 140 145 150 153 160 162 167 170 173 180 186 187 194 198 201 202 204 213 216 217 219 220 224 229 233 240 244 246 250 254 255 256 260 265 269 270 271 275 277 282 285 290 293 297 300 302 306 309 317 321 325 329 333 335 338 339 346 348 351 353 360 363 366 370 374 377 380 384 385 386 388 389 392 395 398 402 411 414 417 421 423 427 432 436 438 442 
127 135 141 148 153 156 162 166 169 171 174 184 188 189 197 201 203 205 209 215 219 223 225 226 229 230 237 242 246 249 252 258 260 264 265 267 271 272 274 279 280 284 289 293 294 298 302 306 308 313 320 322 328 332 336 340 343 345 349 352 354 356 363 365 369 373 376 378 382 388 391 395 396 398 401 404 406 409 413 417 418 425 428 431 434 438 441 446 
128 139 142 150 157 160 164 169 170 174 178 185 190 194 199 202 206 209 212 216 223 225 226 230 234 235 239 243 249 251 253 259 262 267 270 274 277 279 280 283 285 287 293 295 297 301 305 307 311 316 321 325 329 333 340 342 345 349 350 355 356 357 367 370 374 376 380 382 386 392 396 400 401 403 404 405 408 412 414 419 423 427 429 433 438 441 445 447 
130 143 147 151 158 162 168 170 174 178 182 188 191 195 203 206 209 212 213 218 226 228 231 235 239 241 242 247 252 254 255 263 264 271 272 278 280 284 285 289 293 295 298 300 301 303 306 311 315 319 325 329 332 334 343 346 350 354 356 359 363 367 371 374 376 377 384 388 389 394 400 403 405 409 411 412 413 417 421 423 424 430 433 436 442 445 449 451 
134 147 148 155 162 165 172 175 177 179 184 191 195 196 205 207 213 216 218 222 228 230 235 239 240 243 245 249 253 257 260 264 265 274 278 281 283 288 290 294 297 301 302 303 307 311 314 315 319 322 329 330 335 337 347 349 354 355 359 363 367 369 374 376 378 380 387 392 396 397 401 405 407 411 415 416 419 423 425 429 433 434 435 438 446 449 450 455 
138 148 149 157 164 169 176 177 178 181 185 195 196 198 206 211 216 217 221 224 231 234 237 240 241 246 247 253 254 259 262 268 270 275 279 282 287 290 291 297 299 305 307 308 310 315 317 321 323 324 332 333 338 341 349 350 358 362 364 367 371 373 378 379 382 386 391 395 400 401 405 408 410 414 416 417 423 424 428 431 435 439 443 444 450 454 455 456 
141 150 151 158 165 172 179 180 183 184 186 196 197 199 208 215 219 223 224 227 232 237 238 244 247 250 254 258 259 262 264 271 273 277 283 285 289 291 293 299 300 308 312 313 317 321 323 324 325 328 335 336 339 343 352 355 362 364 368 371 375 377 380 381 386 390 392 399 404 405 409 412 415 417 420 421 426 430 433 437 441 443 447 449 454 458 460 463 
144 153 157 162 169 173 180 181 186 188 191 197 201 205 211 219 221 224 225 229 236 238 241 245 248 254 255 261 262 266 268 272 274 278 284 286 290 293 294 301 305 311 315 317 319 324 326 327 328 330 337 341 344 347 353 357 363 368 372 374 376 380 382 384 388 393 395 401 407 411 415 418 421 422 425 426 428 434 438 440 443 444 448 453 457 460 461 465 
147 154 160 166 172 174 181 185 188 191 194 198 202 206 212 223 227 231 232 235 239 240 244 248 250 255 258 263 264 268 271 276 278 281 286 290 291 296 298 304 307 312 318 321 322 325 329 332 336 340 343 347 350 352 357 361 367 369 375 377 378 383 384 387 390 397 399 403 411 414 418 422 423 427 429 433 435 439 442 443 447 448 450 456 459 464 465 468 
150 157 164 167 175 179 184 186 192 193 198 199 204 207 213 226 231 233 237 238 241 245 247 249 251 257 260 267 268 269 275 277 280 283 287 293 296 299 301 305 308 314 319 324 328 331 334 338 342 345 348 350 353 357 361 362 368 373 379 382 385 386 387 390 394 401 402 407 414 415 419 423 427 430 431 435 436 440 444 448 452 455 458 459 463 468 472 474 
153 160 167 170 176 183 185 187 193 195 201 203 205 208 214 227 234 238 241 242 243 246 249 253 256 260 263 270 274 278 279 281 285 286 291 294 300 303 305 308 309 316 321 327 330 334 336 342 344 349 351 353 354 360 363 364 370 375 380 386 388 391 392 393 396 405 409 412 418 422 423 424 429 433 435 439 443 445 447 450 455 456 460 461 467 472 474 476 
157 164 171 174 180 186 187 189 197 201 202 206 208 210 215 231 238 240 243 244 247 250 251 255 257 264 268 272 277 280 284 286 289 292 295 298 301 307 310 312 316 318 324 331 333 335 340 345 347 353 354 358 359 362 364 368 373 376 383 388 391 392 395 398 401 409 411 415 422 424 428 432 433 435 436 443 444 446 450 454 456 460 461 463 468 474 475 478 
160 166 175 178 183 188 190 191 198 204 207 211 214 215 218 232 241 245 247 249 251 252 255 256 261 267 269 276 280 284 285 288 293 297 300 301 304 311 315 319 320 323 325 335 337 339 344 348 349 357 361 362 363 366 367 372 374 377 384 390 392 395 399 403 407 412 416 420 423 425 430 434 437 440 441 444 446 448 453 457 459 463 465 466 470 476 480 483 
164 167 179 183 184 190 192 196 201 205 211 212 218 222 224 236 243 247 250 252 254 256 257 258 263 271 272 278 281 287 291 295 298 302 305 306 310 313 319 323 327 330 334 337 339 341 348 350 354 360 365 369 370 374 378 382 384 386 389 391 395 399 400 404 410 416 417 423 424 429 434 436 440 442 445 446 450 454 456 460 464 468 470 471 474 480 481 485 
168 171 181 184 186 194 196 200 205 207 215 219 223 224 228 238 244 250 252 254 258 261 263 266 268 272 275 279 285 289 292 298 302 306 307 311 313 315 323 326 329 331 338 341 344 348 352 354 358 361 369 370 373 377 380 384 387 389 390 394 396 401 402 406 411 418 421 426 430 432 435 439 443 444 449 452 453 456 458 464 466 469 474 478 479 482 483 487 
169 175 184 186 189 196 198 201 206 211 218 221 227 229 232 242 248 254 256 258 262 265 269 270 272 273 279 281 288 293 297 300 305 310 312 316 317 318 324 330 333 337 341 345 346 349 356 358 362 365 371 375 376 381 383 388 391 395 398 402 406 407 411 413 415 421 423 427 433 437 441 444 445 449 452 456 459 462 463 468 471 474 476 479 482 485 487 489 
173 176 187 191 194 198 202 206 209 214 219 225 230 233 236 244 250 256 257 260 265 266 270 271 273 277 283 285 290 295 301 304 308 312 315 317 320 321 327 334 335 340 342 349 350 353 358 359 365 368 372 378 379 385 387 391 394 397 402 405 408 411 412 415 419 423 427 428 434 438 442 448 449 453 454 458 463 466 470 471 473 477 478 482 484 486 491 494 
177 180 188 193 195 202 203 208 212 215 220 228 231 234 237 245 252 260 263 265 268 270 272 274 277 280 284 286 294 296 302 305 310 314 316 320 323 324 329 337 338 343 347 352 353 357 360 361 367 372 376 382 383 389 390 392 395 400 405 407 411 412 413 418 423 426 428 431 438 439 443 450 453 456 459 460 465 470 474 478 480 484 488 490 492 496 497 498 
179 184 190 196 199 206 208 212 214 217 224 231 232 236 240 249 255 263 266 267 272 275 278 280 281 283 285 290 295 298 305 307 313 318 322 325 327 328 332 339 342 344 348 354 357 361 364 368 371 376 380 385 387 391 393 394 396 401 406 410 413 416 417 420 424 428 429 435 441 443 445 452 457 458 460 462 468 471 478 480 484 488 490 492 496 497 498 501 
182 186 194 200 201 207 209 216 218 220 225 235 238 239 242 250 256 267 270 272 275 279 282 283 286 290 292 296 300 304 307 308 317 320 325 327 329 331 336 342 346 348 351 356 360 364 366 372 375 380 384 389 390 394 398 401 402 405 409 414 417 418 420 423 426 429 432 439 444 447 451 453 459 461 465 469 470 475 479 484 488 492 493 494 498 502 505 509 
183 189 195 203 205 210 213 217 220 223 227 237 242 246 247 253 260 271 275 279 283 284 286 287 290 293 297 300 303 307 309 310 319 321 326 328 330 333 339 345 347 352 354 357 362 366 369 374 377 381 385 393 396 397 401 402 404 409 412 418 422 423 427 431 432 435 438 440 447 448 454 458 462 466 470 474 478 480 482 486 490 493 494 496 501 503 509 513 
187 193 199 204 207 211 214 220 223 224 231 241 246 250 253 256 262 274 279 283 285 288 292 293 295 299 303 306 309 312 314 318 322 324 329 331 334 335 342 346 351 353 356 359 366 367 371 375 379 382 386 396 398 401 403 404 408 410 415 421 425 427 431 432 433 439 443 445 448 452 458 462 463 469 472 477 482 484 486 489 493 494 497 501 503 505 510 516 
191 197 201 205 210 212 217 224 227 229 234 242 248 251 254 258 263 276 282 287 291 292 296 298 299 302 304 310 313 316 320 324 327 329 331 332 336 340 344 350 352 357 358 362 369 370 373 378 380 385 389 398 401 404 406 410 411 412 417 423 428 430 432 435 438 443 447 448 452 453 462 465 468 472 473 479 483 485 488 491 494 498 499 505 507 511 514 518 
194 199 203 209 211 214 218 225 230 231 237 244 251 253 256 259 266 280 284 290 295 299 302 306 309 310 313 315 316 318 321 325 329 332 336 339 342 345 346 353 357 360 362 364 371 372 376 382 383 389 392 400 405 409 413 416 420 424 428 429 433 435 438 440 442 446 451 452 453 454 464 467 469 473 475 482 486 489 493 496 497 501 503 507 508 513 516 522 
197 201 204 212 213 218 221 227 231 234 239 248 254 255 259 263 268 282 288 292 298 300 305 308 313 317 321 323 326 328 332 333 337 339 340 341 343 349 350 356 361 362 366 369 373 375 378 385 387 390 393 403 408 411 417 421 424 428 431 434 436 437 440 442 444 449 454 455 458 459 468 470 474 476 478 486 487 492 496 499 501 502 504 510 511 516 517 524 
200 203 208 214 215 219 222 228 232 238 243 249 257 261 264 268 270 284 290 296 299 301 306 311 314 320 325 326 328 329 334 338 340 342 346 349 352 356 358 362 365 366 367 372 374 377 379 389 392 396 400 407 412 414 419 423 425 431 433 437 441 443 446 450 451 453 456 459 463 465 471 475 477 478 479 490 491 494 500 504 507 508 509 511 512 517 520 526 
203 204 209 217 221 222 225 229 236 241 247 251 260 263 267 270 273 287 292 300 304 306 309 313 317 321 329 330 334 335 337 341 345 347 351 354 356 360 362 365 367 369 371 375 379 381 383 392 394 398 402 408 415 418 423 427 431 434 435 439 442 447 448 454 457 459 463 465 466 468 473 477 479 482 484 493 494 497 501 505 511 512 516 520 521 522 525 529 
206 209 213 218 222 224 229 230 238 243 249 253 263 266 271 272 275 289 295 303 308 309 313 315 319 323 331 332 335 337 339 345 348 350 353 357 361 365 367 368 369 373 374 376 380 382 387 395 398 399 406 412 416 419 425 431 434 437 438 440 446 450 452 455 458 462 464 467 471 472 475 480 482 485 486 497 499 501 504 508 514 516 518 521 525 527 530 532 
210 212 215 219 224 227 230 232 241 245 251 256 267 270 274 278 281 291 299 304 311 315 318 319 321 326 335 336 340 341 342 349 351 355 356 358 362 367 368 371 374 376 380 381 384 386 390 397 399 403 408 414 418 420 428 433 437 439 440 444 447 452 455 457 459 466 468 470 474 477 481 482 485 489 492 499 502 506 510 511 518 522 525 528 531 534 536 538 
214 218 221 225 228 231 234 237 242 248 252 257 270 273 276 279 283 294 302 308 312 317 322 323 327 330 336 339 344 346 347 351 353 358 359 360 365 370 371 373 375 379 381 385 388 392 394 401 402 404 411 416 421 422 432 435 438 442 445 449 452 455 459 461 464 467 470 471 475 478 483 487 490 492 493 501 503 510 512 515 522 526 530 531 532 537 541 544 
215 220 222 226 229 235 239 242 244 252 253 258 271 275 279 281 287 296 305 309 313 320 323 327 330 334 339 341 346 347 348 354 355 362 363 365 367 373 374 376 380 381 382 389 393 394 395 405 409 411 415 418 423 427 436 439 441 444 446 451 456 459 463 466 469 471 473 474 477 482 487 490 491 495 497 505 506 513 514 516 525 530 533 535 537 539 542 546 
218 224 228 229 232 237 242 246 249 256 257 262 273 279 283 287 289 298 308 313 317 322 325 329 334 336 342 344 348 351 352 358 360 366 368 369 373 376 379 380 383 385 387 392 397 399 402 406 411 412 418 422 427 428 438 441 444 448 451 454 458 463 464 467 471 473 475 479 481 486 490 492 496 500 502 509 512 516 520 524 526 531 537 538 542 543 544 548 
221 227 229 232 236 239 244 248 250 260 262 264 274 280 286 290 292 302 312 314 319 324 328 330 335 337 345 349 350 352 353 362 364 367 372 374 376 378 382 384 387 390 391 395 401 404 406 408 413 414 420 424 429 432 442 443 446 450 455 458 459 466 469 470 474 475 476 483 486 490 493 496 500 504 506 512 513 517 523 528 531 532 538 541 543 545 548 549 
225 231 232 234 237 242 247 252 256 262 263 265 277 282 290 294 295 306 314 318 322 326 329 331 338 341 347 351 354 357 360 366 369 372 376 379 383 386 387 388 389 392 393 399 404 406 407 411 415 416 421 428 432 435 446 448 452 455 457 462 464 467 470 472 478 480 483 487 490 492 497 500 502 506 507 516 520 521 525 532 536 539 543 547 548 550 551 554 
228 235 238 241 243 245 248 253 257 263 264 268 279 284 293 296 299 308 318 322 325 328 332 334 339 343 349 352 355 361 364 369 373 377 380 383 387 388 389 392 393 395 396 400 406 410 412 413 416 420 425 429 433 439 447 451 453 456 461 466 470 474 478 481 485 487 491 495 497 501 505 509 513 516 519 522 525 527 528 534 537 543 546 551 555 557 559 563 
231 239 243 244 248 252 255 256 260 264 266 270 280 288 295 298 300 312 321 324 328 332 334 338 341 347 353 354 356 364 366 370 377 381 384 388 391 395 396 397 398 400 402 405 408 411 416 417 421 425 426 431 437 440 449 455 459 460 465 468 472 475 482 486 489 490 495 497 499 502 508 511 517 521 525 527 531 533 536 540 541 545 550 555 559 560 561 565 
234 242 244 245 250 253 257 261 265 266 269 271 282 290 298 301 302 313 324 325 332 334 335 339 343 351 356 359 360 365 368 373 380 384 386 390 394 399 401 402 403 405 407 408 412 415 418 419 424 426 430 433 440 442 451 458 461 465 466 469 473 477 485 487 490 493 497 500 501 503 512 515 521 525 526 529 533 536 538 544 545 546 554 556 560 561 562 567 
238 246 248 252 254 258 261 263 269 273 277 278 283 292 299 305 307 316 328 330 335 337 338 343 346 353 358 362 363 369 371 377 384 386 387 391 397 402 405 408 410 414 416 417 418 419 423 426 428 432 433 434 443 444 452 459 464 469 471 473 477 478 487 489 493 497 498 502 505 507 516 520 523 528 532 533 535 538 539 547 550 552 557 559 564 565 567 571 
240 250 251 256 259 261 265 266 270 275 278 279 285 293 300 308 310 320 330 331 337 339 340 346 348 356 359 366 367 370 374 381 386 390 393 396 401 406 407 412 416 420 422 424 425 426 429 430 431 436 437 438 446 449 453 462 466 473 475 477 481 485 491 495 498 500 504 507 511 513 519 521 524 532 534 535 539 543 547 551 553 555 559 561 568 570 571 572 
244 253 256 257 260 262 267 271 275 276 279 281 287 294 303 312 313 321 333 334 340 344 348 349 352 357 361 370 374 377 380 383 387 391 396 400 404 410 411 416 420 421 423 427 430 432 433 436 438 439 443 447 451 454 455 465 467 476 479 480 485 487 492 496 501 505 509 512 516 518 521 524 526 534 537 540 544 548 550 552 556 557 563 567 569 573 577 578 
247 257 259 260 261 264 270 274 276 278 283 285 290 298 305 313 316 323 336 340 344 346 352 356 357 361 365 372 378 379 382 387 389 394 398 402 406 412 414 420 424 428 432 435 437 441 443 444 445 447 448 452 453 455 459 469 471 477 483 486 490 493 495 500 503 507 512 514 518 519 525 529 533 536 541 542 548 549 553 554 558 561 565 571 573 575 579 581 
249 258 261 265 268 270 274 278 280 281 286 289 291 300 308 315 320 327 340 343 347 348 353 360 363 365 367 373 382 384 388 391 393 396 399 403 410 413 416 424 426 431 436 440 442 444 445 447 450 452 455 456 458 460 463 473 476 479 487 490 492 497 499 503 504 511 514 515 519 520 527 533 537 541 542 545 552 554 557 561 563 566 568 572 577 580 581 583 
252 261 263 269 271 272 276 280 282 285 290 294 297 303 312 319 321 328 342 344 350 353 355 364 368 371 372 376 383 386 392 393 396 400 401 407 411 417 420 426 428 435 440 444 446 450 451 453 456 457 458 462 466 468 472 475 479 481 488 494 495 500 503 505 508 513 518 521 522 523 531 536 539 543 545 549 555 557 559 564 565 568 572 575 580 582 585 588 
