5 6 8 12 14 15 18 20 21 23 25 26 29 31 35 37 39 41 44 48 49 50 53 56 57 59 62 66 67 71 75 79 83 86 89 92 96 98 101 102 106 107 111 115 117 118 121 123 126 130 133 135 138 139 141 144 145 147 151 153 155 157 158 160 164 165 168 169 
6 10 12 14 16 17 22 26 29 31 34 36 38 40 42 46 47 50 54 56 57 58 61 63 67 70 74 78 80 81 83 84 85 90 94 97 100 103 104 107 108 109 115 116 119 122 123 127 131 132 135 136 141 142 146 148 151 154 157 160 163 164 168 169 173 177 181 185 
9 12 13 18 21 24 25 27 31 35 38 41 42 44 48 52 56 60 63 66 69 73 76 78 82 85 87 88 91 94 98 101 103 105 109 110 113 116 120 123 126 130 132 135 137 138 142 144 146 150 154 156 158 159 160 164 165 169 170 172 175 178 180 184 186 187 191 194 
10 16 18 20 24 25 27 29 32 38 39 42 44 46 49 55 59 62 65 69 72 76 78 80 83 89 90 94 97 98 99 104 107 111 114 115 119 123 127 128 131 135 137 141 144 146 148 150 151 154 158 159 161 163 164 165 167 170 172 175 178 180 181 185 188 189 193 196 
11 17 21 24 26 30 34 38 42 43 46 48 49 50 54 58 62 66 69 73 76 80 83 86 90 93 96 97 101 105 106 109 112 113 118 119 122 126 128 129 135 137 139 143 147 150 151 153 154 155 162 164 167 169 171 175 177 181 184 185 188 190 191 194 196 197 199 202 
15 20 23 26 29 33 36 42 44 45 47 51 54 55 57 60 64 69 73 77 80 83 86 89 91 95 100 102 103 109 110 113 116 120 121 123 127 130 131 133 136 138 140 144 148 151 154 156 157 158 166 170 171 172 173 179 181 185 189 193 195 199 202 203 204 208 209 212 
16 21 26 28 31 34 37 43 48 49 53 57 59 61 65 68 71 74 77 80 83 86 90 93 94 98 104 106 108 110 114 117 120 123 125 129 132 136 140 141 145 149 153 155 156 157 158 159 161 163 170 174 178 179 182 185 188 189 192 196 199 201 205 209 210 214 217 219 
18 24 28 32 36 37 38 44 49 50 55 58 61 62 67 70 72 77 81 83 87 89 92 94 97 101 108 111 114 116 119 120 123 127 131 134 138 142 146 148 150 153 154 159 163 164 166 169 170 173 175 176 180 182 186 189 191 192 194 199 201 204 209 212 213 216 221 224 
22 28 32 36 40 42 44 46 50 52 59 61 65 69 70 72 76 80 84 85 89 90 93 95 98 105 109 112 118 121 125 128 129 132 135 136 141 144 147 149 151 154 158 163 164 165 168 173 175 176 178 181 182 186 187 193 194 198 200 201 205 208 210 215 218 221 222 225 
23 31 35 38 44 48 50 54 58 62 66 67 71 72 75 76 78 83 86 87 91 92 95 98 101 107 112 113 119 122 127 131 133 135 138 139 144 147 148 152 155 157 159 167 171 175 178 182 183 184 188 190 193 194 196 197 198 199 202 204 207 211 214 217 222 223 227 229 
24 32 39 42 48 50 52 56 60 64 70 73 76 78 82 86 90 92 96 99 100 103 104 106 110 113 114 116 120 123 130 135 138 139 141 144 146 151 155 156 159 160 162 169 174 179 182 183 184 187 190 192 195 199 202 204 207 209 211 215 216 220 224 226 229 232 233 236 
28 34 40 46 52 54 56 57 64 65 74 77 79 80 85 89 91 93 100 101 105 106 107 111 115 118 121 124 127 131 132 139 141 142 144 145 149 152 159 161 163 164 166 172 176 182 186 190 193 196 197 201 204 206 207 209 210 211 215 218 220 221 228 230 234 237 238 239 
29 35 43 49 56 58 61 64 66 67 77 78 82 86 88 93 94 97 102 103 107 111 114 115 119 120 125 128 131 135 136 141 142 143 147 150 151 153 162 165 167 169 171 173 178 186 188 194 198 200 202 205 206 208 212 215 216 219 223 225 227 228 230 232 238 242 244 247 
31 37 47 51 59 60 62 68 72 74 80 82 84 89 93 97 100 103 105 107 110 112 116 120 122 126 130 131 134 137 138 145 147 149 150 154 158 159 165 167 169 170 175 178 180 190 191 195 199 201 206 210 214 216 217 221 224 228 230 233 235 239 240 241 243 245 248 250 
34 38 49 52 60 62 63 71 75 76 84 85 87 92 97 99 103 106 107 111 112 113 117 122 125 130 132 135 139 140 141 147 151 155 159 161 162 164 169 171 175 176 178 182 184 193 196 197 203 207 208 211 218 220 221 224 227 229 232 236 239 242 244 248 250 251 255 257 
35 39 50 53 62 63 66 73 77 79 85 87 89 94 98 102 104 109 111 115 119 122 126 129 130 134 137 140 144 147 151 154 157 159 162 166 170 174 178 179 182 186 187 188 190 195 199 203 204 210 212 216 222 224 228 231 232 236 237 239 240 243 248 249 254 256 259 262 
39 40 53 54 66 68 69 74 78 82 88 91 95 96 102 106 108 111 114 119 120 123 130 133 135 138 141 144 146 151 155 156 161 164 167 169 172 178 180 182 183 188 190 194 195 199 202 207 210 214 218 219 223 228 232 236 239 241 242 243 247 249 251 253 256 257 263 264 
42 46 54 56 68 71 74 76 81 83 90 95 97 101 105 107 111 114 117 121 124 125 132 134 139 143 145 149 153 155 157 161 164 167 170 171 174 181 182 184 187 189 192 196 199 201 205 209 211 216 222 224 226 231 236 237 243 246 247 249 250 254 256 260 264 266 270 272 
45 48 57 61 69 73 76 79 85 88 94 98 102 104 108 110 113 116 120 124 125 126 135 139 143 146 147 152 155 156 160 163 167 168 173 177 179 183 187 189 192 195 199 202 205 206 207 213 215 218 225 227 230 234 237 239 245 249 252 253 256 257 260 264 268 272 275 276 
49 51 61 63 73 76 77 80 86 89 98 102 106 107 112 116 119 123 126 129 132 135 137 142 144 150 152 154 158 159 161 167 168 171 174 179 182 187 188 192 194 197 203 204 208 212 216 220 224 227 231 234 238 241 245 246 249 252 254 255 259 263 267 270 274 276 279 283 
51 54 62 66 74 79 81 83 89 92 99 106 110 112 116 117 120 125 128 130 136 140 142 145 147 153 155 156 159 163 165 168 171 174 178 180 183 188 191 193 196 200 204 205 212 214 219 223 226 230 232 236 240 242 247 251 252 256 258 261 263 266 269 271 277 281 284 287 
53 55 64 69 76 82 85 89 90 96 101 109 111 115 120 124 125 128 132 133 140 142 143 147 148 155 156 157 163 166 168 172 175 178 179 184 188 190 193 195 197 202 205 208 216 219 222 227 230 231 233 237 241 245 250 253 255 260 263 265 267 271 275 279 280 283 287 291 
55 56 66 70 79 84 86 93 97 101 102 111 112 117 122 125 126 129 135 136 144 145 148 151 152 156 157 159 167 170 173 175 179 183 185 187 192 195 197 199 203 204 209 213 218 223 226 230 231 235 239 242 245 249 253 255 258 264 265 267 270 272 278 280 284 285 289 293 
56 57 67 72 82 88 89 96 98 103 107 114 117 121 124 127 129 130 136 138 147 149 152 156 159 162 164 168 171 173 176 178 182 187 190 191 195 197 201 204 205 209 211 216 222 225 229 233 234 239 240 245 247 251 256 257 262 266 268 269 273 274 281 285 287 288 292 297 
58 61 71 73 86 92 94 100 102 105 111 116 121 122 127 130 131 134 137 142 148 152 153 158 160 166 169 172 174 177 181 182 184 189 194 197 200 204 206 209 211 214 218 221 224 228 232 237 240 242 246 247 251 255 257 259 264 269 270 274 277 280 284 286 289 291 294 301 
62 64 72 74 88 94 95 101 105 107 112 119 125 126 130 131 134 135 140 145 150 155 156 162 166 167 170 173 176 180 184 187 188 191 195 198 201 208 212 213 216 218 220 222 226 229 233 241 245 247 249 250 253 256 258 261 267 273 277 279 280 283 285 290 292 295 299 303 
63 67 76 78 90 96 97 104 108 110 115 120 126 127 132 134 135 136 144 147 153 159 161 166 168 171 174 175 178 184 187 190 193 197 198 201 205 210 215 217 220 223 225 228 232 235 238 245 247 248 250 252 256 260 264 265 269 276 279 280 283 284 286 291 294 298 302 305 
65 70 79 83 91 98 100 106 110 114 117 124 127 129 134 136 138 141 146 149 157 160 164 170 173 175 177 178 182 186 190 192 195 200 204 207 211 213 219 222 223 224 229 230 236 239 243 246 248 249 252 253 258 262 266 268 271 277 280 284 288 292 293 295 296 300 303 308 
68 74 80 84 95 99 104 109 111 116 120 125 129 131 137 141 142 145 150 154 160 162 166 172 174 177 179 180 184 190 191 193 198 201 207 210 213 214 222 226 230 233 236 240 243 245 248 252 256 257 259 263 265 268 270 271 275 278 284 288 291 293 297 299 301 304 305 310 
72 76 82 86 99 101 108 111 115 120 123 127 132 133 138 145 149 152 153 156 163 164 167 175 178 182 185 188 189 191 193 196 201 202 208 212 217 221 224 230 232 236 237 243 247 251 254 255 259 260 261 265 266 269 273 275 276 279 285 291 293 297 300 301 303 306 310 314 
73 80 86 90 101 102 110 114 119 123 125 130 134 138 140 146 152 154 157 159 165 167 170 176 182 186 188 191 193 194 198 202 206 209 210 216 219 223 226 234 238 240 244 246 248 254 256 258 262 263 265 266 270 271 275 279 282 284 287 294 297 298 301 302 305 307 311 317 
75 84 90 93 104 105 114 116 122 124 128 131 136 141 145 147 153 156 159 161 167 169 174 179 186 190 192 194 198 201 205 206 209 212 216 217 220 227 228 238 239 241 245 250 253 258 260 263 267 268 271 272 276 279 282 284 285 287 290 296 301 303 306 310 313 317 321 324 
76 87 91 96 106 109 117 119 126 127 129 135 139 145 147 150 155 160 164 166 168 170 177 183 188 194 197 201 202 204 208 210 211 216 218 221 222 229 231 240 241 244 248 253 255 261 264 266 270 273 277 278 282 283 287 289 292 293 294 300 303 307 308 314 317 320 324 326 
80 88 93 98 107 110 118 123 127 128 131 137 141 146 148 154 159 162 167 171 173 175 179 185 192 198 200 202 203 206 212 216 217 219 223 227 231 232 234 241 242 247 250 256 258 265 267 268 271 276 279 282 285 286 289 291 294 296 300 304 305 308 312 316 318 323 326 329 
84 89 95 101 111 113 120 126 128 131 132 139 143 148 151 158 163 167 171 173 176 177 183 189 195 201 202 203 205 208 213 219 223 225 229 232 236 239 242 246 247 251 255 257 261 267 270 274 277 280 284 285 289 292 295 297 298 302 306 307 309 310 313 317 320 326 329 331 
86 93 99 104 113 114 124 130 133 136 140 142 147 152 153 161 164 168 172 177 179 182 186 193 199 203 207 210 214 218 221 222 224 227 231 234 238 241 245 249 250 254 257 260 263 268 273 277 280 284 285 286 293 297 298 301 302 303 308 309 312 313 315 318 321 327 330 332 
87 95 103 108 116 118 128 133 134 139 141 143 148 155 159 162 166 171 173 181 184 188 191 195 200 207 208 213 216 220 222 224 228 231 232 238 240 244 248 252 256 257 258 264 267 269 275 280 283 287 291 292 294 298 300 305 309 313 314 317 320 324 326 327 331 335 339 340 
91 99 107 112 117 119 130 136 138 142 144 146 150 158 162 166 168 174 176 184 186 190 194 199 202 211 213 217 218 224 225 228 230 232 234 239 244 247 249 256 259 263 265 269 271 273 279 281 287 290 295 298 299 302 306 310 311 315 317 321 323 328 332 334 337 341 343 344 
95 102 109 113 118 123 134 138 142 145 147 151 155 160 166 170 174 176 177 188 189 193 196 200 205 212 214 218 219 228 231 233 237 241 243 247 251 254 255 257 260 266 268 273 274 277 282 284 288 292 297 301 303 305 307 314 315 316 320 324 327 332 333 338 342 343 347 350 
97 103 111 116 122 124 136 142 144 149 150 152 158 164 169 173 177 180 182 192 196 200 204 205 209 214 218 221 225 231 235 237 240 244 248 250 255 258 261 262 265 270 273 276 280 283 284 287 289 293 299 304 308 310 311 318 322 326 330 332 335 339 341 344 346 347 350 353 
98 104 113 118 125 126 139 145 147 151 152 153 159 168 171 175 180 184 188 193 200 201 207 209 210 217 221 225 226 233 236 239 242 247 251 253 256 262 266 269 273 277 278 282 284 288 290 291 292 295 300 308 310 314 315 322 323 330 333 336 340 341 343 348 350 352 354 357 
101 108 114 122 128 130 140 149 153 155 156 159 161 169 175 179 182 187 192 197 203 205 210 212 213 220 223 226 230 237 240 241 246 249 253 254 260 265 270 274 277 280 282 285 287 292 294 295 297 301 305 311 312 315 316 324 327 332 334 339 344 345 347 350 354 358 359 360 
102 111 115 126 131 133 144 151 154 156 159 161 165 173 178 181 184 189 193 199 204 209 212 215 217 223 226 230 231 240 242 244 249 251 255 257 263 266 274 278 282 284 286 288 292 293 296 298 299 304 308 313 314 319 323 326 331 333 337 341 348 352 353 355 359 360 363 364 
105 114 116 130 134 138 148 152 157 160 161 164 168 175 180 182 186 190 195 201 207 210 216 220 222 227 229 234 237 243 245 247 250 252 259 260 265 269 277 281 285 289 290 291 295 297 301 305 309 313 315 319 321 323 325 327 334 336 338 342 352 355 357 361 363 367 369 370 
107 115 119 131 137 139 150 155 161 165 169 172 173 176 181 183 190 191 199 205 209 213 220 221 224 230 234 236 240 244 249 252 254 255 261 265 266 271 279 284 288 291 294 298 299 303 305 307 310 317 320 323 325 327 328 329 337 341 342 344 356 359 362 364 366 369 371 372 
108 117 120 134 138 141 152 158 162 167 172 176 180 184 188 191 194 196 200 207 211 215 223 225 229 231 237 240 241 248 253 256 258 261 262 269 270 275 281 285 290 293 297 299 300 304 307 309 314 320 324 328 331 332 335 337 339 344 348 351 360 364 365 367 369 372 374 377 
111 118 123 137 142 146 154 159 165 171 175 179 183 186 191 194 197 200 204 210 215 219 225 229 233 236 240 244 247 250 255 257 260 262 265 270 274 278 284 288 291 297 298 303 306 308 311 312 315 323 326 329 332 333 338 342 344 345 352 355 364 367 370 371 375 379 382 384 
113 119 127 140 145 148 158 161 167 175 176 183 184 188 195 198 199 203 208 213 219 222 227 231 234 237 243 245 248 251 259 262 263 265 269 271 276 281 288 291 292 301 303 305 310 313 315 319 320 324 329 333 336 337 342 343 345 348 355 357 367 371 372 374 377 381 385 386 
115 122 128 143 146 151 160 163 170 176 180 186 190 193 198 202 206 208 210 216 223 226 228 235 238 241 247 250 252 256 261 263 265 267 271 273 278 285 292 294 296 305 308 311 314 316 320 322 323 325 332 335 338 342 345 347 349 352 358 362 370 374 377 379 383 384 388 390 
119 124 132 146 148 154 164 166 172 179 181 188 191 196 199 204 208 212 214 217 224 228 229 237 240 245 250 253 255 260 263 265 266 270 275 278 279 288 295 296 298 309 313 315 316 317 322 323 324 328 336 338 341 346 348 350 351 354 360 363 372 375 381 383 386 389 391 393 
121 127 133 147 149 158 168 170 175 181 185 190 193 198 200 206 210 213 216 221 226 232 233 238 244 249 251 254 258 263 265 266 270 274 278 282 286 289 296 298 300 310 317 318 320 321 324 327 331 335 339 342 345 349 352 356 359 361 363 367 375 378 382 384 388 392 393 395 
124 131 135 148 151 160 172 175 176 185 187 193 195 201 202 207 213 216 219 222 229 235 238 241 245 250 252 257 262 265 267 269 271 275 280 283 290 292 300 303 307 311 319 323 325 328 331 333 337 338 340 343 347 353 356 357 360 363 366 368 377 382 386 389 390 395 398 401 
127 132 138 152 155 161 175 179 182 188 189 195 199 202 205 210 216 220 224 225 232 236 242 243 246 253 255 260 265 266 269 270 272 278 281 284 291 296 304 305 309 314 321 325 328 329 333 337 340 344 347 350 351 356 358 362 364 367 370 373 378 385 387 391 392 397 399 402 
129 134 139 154 156 164 178 182 185 191 195 198 201 204 206 213 217 223 226 228 236 237 245 248 252 256 260 263 267 269 273 274 277 279 283 287 295 298 306 308 310 318 322 329 333 335 336 338 344 347 350 351 354 359 363 367 371 372 375 377 382 387 389 393 397 398 400 406 
133 137 141 156 159 167 179 186 189 194 199 201 203 206 208 214 220 225 230 232 239 240 249 250 253 259 262 266 270 271 274 277 278 281 285 290 297 302 308 311 313 319 323 330 337 341 344 347 350 352 356 359 362 365 367 370 372 374 379 382 383 389 393 394 400 404 408 412 
137 141 143 160 162 169 180 189 192 195 203 206 209 212 214 217 223 226 232 236 242 243 250 252 257 261 265 267 274 278 281 282 286 290 292 294 298 303 311 315 317 323 324 333 339 342 347 349 354 356 359 361 366 370 371 373 376 379 381 386 390 393 395 398 401 408 410 415 
140 144 148 163 167 173 182 191 195 199 206 210 212 213 216 221 227 230 235 237 246 247 252 255 260 263 269 273 278 280 284 285 287 292 296 300 303 307 314 316 318 326 328 336 340 344 351 355 356 358 362 366 368 374 377 378 381 383 386 388 394 397 398 401 403 411 415 419 
141 146 149 165 170 174 183 195 196 201 209 212 214 218 220 223 230 233 239 240 250 253 255 259 264 265 273 274 279 281 286 288 292 293 298 301 305 311 318 320 321 330 331 338 344 345 353 357 359 361 365 369 373 377 378 382 386 389 393 395 399 401 403 407 411 412 416 420 
142 148 153 168 171 177 187 197 201 203 213 217 219 223 226 229 234 235 241 242 254 256 257 263 267 269 276 278 280 284 290 293 296 298 301 302 307 315 320 324 326 331 332 339 346 348 355 359 361 364 368 370 374 380 383 384 387 391 397 399 400 405 406 411 412 413 417 421 
146 150 155 171 174 181 188 201 205 206 216 221 223 227 228 232 237 239 242 246 258 262 264 268 269 271 280 284 285 289 293 295 298 299 303 306 309 316 322 325 328 332 334 343 349 351 359 360 362 367 369 371 376 383 386 387 388 394 398 402 403 408 412 414 415 417 419 425 
149 153 157 173 177 185 191 203 207 208 218 223 224 229 233 234 239 242 245 250 260 265 266 272 275 276 283 288 289 290 295 296 301 304 307 311 313 318 326 327 331 334 335 345 353 357 360 364 365 368 371 373 377 385 387 391 394 398 402 403 405 410 416 419 421 425 428 431 
150 154 160 174 179 186 192 205 210 214 221 227 231 234 237 238 240 243 247 252 262 266 267 274 279 282 287 291 294 295 296 300 302 307 309 314 315 322 330 331 334 335 339 348 356 359 363 367 369 371 372 374 381 388 391 394 398 402 403 406 409 411 417 420 425 428 432 434 
153 156 161 176 182 187 194 207 212 218 223 231 235 239 243 246 249 250 254 257 264 269 270 278 282 286 290 292 298 301 305 308 309 310 312 317 318 325 331 334 338 341 342 352 357 361 366 368 373 375 378 379 382 391 394 397 402 404 406 408 411 412 420 421 429 433 435 437 
157 160 165 178 184 188 198 210 214 221 227 234 238 241 246 250 253 256 260 264 265 271 273 282 285 288 293 296 301 304 309 311 315 319 323 326 328 332 333 336 340 345 347 355 359 362 367 372 376 378 379 380 385 393 398 401 404 406 407 410 412 414 422 426 432 437 438 442 
159 161 167 180 186 192 199 211 216 222 228 237 241 245 249 251 255 260 264 268 272 274 278 286 290 292 296 299 304 305 311 312 319 321 324 330 334 338 340 344 347 349 350 356 361 365 368 375 377 379 382 386 387 396 402 403 408 410 412 415 418 421 424 429 435 439 441 446 
162 166 168 184 190 194 202 212 219 223 230 240 244 248 250 255 257 264 267 271 276 278 282 287 291 294 297 302 306 308 313 316 323 324 325 333 335 342 344 345 350 354 356 359 363 368 371 376 381 385 387 390 391 399 406 408 410 411 416 420 423 424 426 430 437 443 447 450 
166 169 172 185 193 197 205 214 221 226 233 243 246 251 255 257 261 267 270 274 279 283 287 290 294 295 299 306 308 310 317 319 324 325 328 337 340 343 348 349 354 358 361 364 368 371 374 380 384 387 388 394 396 402 410 412 414 415 418 421 427 428 432 433 441 445 451 454 
168 172 173 188 196 198 207 217 222 229 237 244 250 252 257 259 264 270 271 277 282 286 290 293 298 300 301 308 312 313 318 321 325 328 331 339 342 347 351 352 356 360 362 366 369 375 377 383 386 390 391 397 398 406 414 416 420 421 424 428 431 432 435 438 442 446 455 459 
