5 9 13 14 15 18 22 24 27 30 31 33 37 39 43 47 50 54 58 59 63 64 68 70 73 76 77 80 81 85 87 89 92 95 99 102 104 105 109 112 114 115 116 117 121 125 127 131 133 134 135 136 139 140 142 146 147 149 151 152 154 156 160 163 167 170 171 175 179 180 181 184 188 192 195 199 203 206 209 210 213 217 218 222 223 226 228 230 233 236 237 240 243 246 250 252 254 255 256 260 264 268 272 275 278 280 284 285 289 293 296 299 301 304 307 310 312 314 316 319 323 325 326 327 328 330 333 335 337 341 343 347 348 351 353 355 356 357 361 364 365 369 371 374 
7 12 15 17 19 20 25 27 30 31 35 39 43 44 45 49 52 57 60 64 68 70 74 76 77 81 85 88 91 92 94 95 97 98 101 103 106 107 110 113 117 118 120 121 124 128 130 132 135 138 142 145 146 150 153 156 158 159 162 165 168 169 172 175 176 178 179 182 183 186 190 194 198 199 201 205 206 207 212 213 215 220 223 227 230 234 237 239 243 244 248 252 253 255 258 262 264 266 269 270 272 274 277 281 285 288 292 295 296 298 301 303 305 308 312 313 314 317 319 323 326 328 331 333 336 340 341 343 345 349 351 354 358 359 361 362 363 366 368 370 371 374 375 378 
10 13 16 18 21 22 28 29 33 35 38 43 47 48 51 54 57 59 64 66 72 73 75 77 80 84 87 92 93 95 97 100 104 107 109 111 114 116 119 121 124 125 126 128 132 136 140 143 145 149 151 155 157 160 163 165 166 170 171 175 177 180 182 185 189 193 197 198 200 202 204 208 211 212 214 216 220 221 223 225 226 229 233 236 237 240 243 246 249 252 256 257 258 259 260 265 267 271 273 275 276 280 283 284 287 292 293 297 301 305 308 310 314 318 322 323 327 331 333 336 339 341 342 345 349 353 357 361 365 368 371 374 375 379 380 383 387 391 394 397 401 404 408 409 
13 16 18 21 23 27 29 31 36 40 41 46 49 52 53 55 59 63 66 68 75 78 82 84 87 88 90 95 98 102 105 106 109 112 116 117 121 122 124 126 129 132 133 134 136 138 143 147 151 154 156 159 163 167 168 171 174 175 176 179 183 186 188 190 193 197 201 204 208 210 211 215 216 219 223 224 225 228 230 234 238 239 240 242 245 249 252 253 254 257 259 263 267 270 273 277 278 281 285 287 291 295 297 300 301 302 304 308 310 311 314 316 319 321 326 330 332 336 340 344 345 349 351 353 354 356 358 362 369 371 375 378 381 383 386 387 389 392 395 401 403 405 409 410 
16 20 24 28 30 31 33 35 40 44 47 51 55 57 60 64 65 68 69 71 77 81 86 87 90 91 95 97 102 106 107 110 112 115 119 123 127 131 134 138 142 145 149 151 152 156 159 162 164 165 168 172 176 177 179 181 182 183 187 190 191 195 198 200 204 208 211 215 217 218 219 220 222 225 228 229 233 236 238 241 244 247 251 254 258 260 263 264 265 269 272 273 274 277 280 283 284 287 288 291 294 296 299 302 303 307 311 314 318 321 324 327 331 334 336 340 341 343 347 351 352 353 355 357 358 362 366 370 373 376 379 380 383 385 388 392 395 398 400 405 409 410 413 415 
20 24 27 30 31 32 34 37 43 47 48 55 57 59 63 65 69 72 73 74 81 82 90 91 92 96 100 101 106 109 113 117 118 121 123 125 128 134 137 142 145 146 152 156 160 163 167 169 173 174 177 181 183 185 187 191 193 194 197 199 200 202 206 208 211 215 218 219 221 224 226 229 231 235 236 239 240 243 246 249 250 252 255 259 260 261 266 268 271 272 274 275 278 282 285 286 288 289 293 296 297 301 303 307 310 311 314 317 319 324 327 329 334 337 339 343 344 345 351 353 355 358 362 364 368 369 370 371 374 378 381 382 384 386 389 393 397 402 404 408 410 412 417 418 
23 25 31 35 39 40 43 47 49 52 53 59 62 64 68 69 71 76 78 82 84 88 92 95 98 99 102 104 107 110 116 118 120 124 127 129 130 138 141 145 149 153 155 159 163 164 169 171 175 179 180 185 189 190 194 195 198 199 201 202 203 205 210 212 214 216 219 222 226 229 231 234 236 239 242 246 247 250 253 256 260 263 266 267 271 272 276 280 283 286 289 293 297 298 299 301 304 307 308 309 313 317 321 324 326 327 328 330 333 337 340 344 347 348 350 353 357 359 363 365 369 370 373 376 380 384 387 390 393 395 396 398 401 404 406 408 409 413 414 415 417 418 419 423 
26 30 33 37 42 45 48 50 51 56 57 60 66 70 74 75 79 80 83 84 86 91 95 98 102 103 105 106 110 112 118 119 123 127 131 135 137 139 145 149 150 154 159 163 167 171 172 176 178 182 184 187 193 196 198 199 202 203 204 207 209 213 216 220 221 223 227 231 235 237 238 242 245 246 248 252 256 258 259 263 266 269 270 271 274 277 278 284 288 289 290 296 301 302 305 309 311 313 316 319 322 325 327 331 332 336 337 341 345 346 347 349 353 355 359 362 365 369 372 375 376 378 381 383 386 388 391 393 395 397 398 400 403 408 410 412 414 418 421 423 427 431 435 439 
29 33 35 39 45 48 52 54 57 60 61 62 68 71 76 78 81 83 87 89 92 94 96 99 105 107 110 114 116 120 122 126 128 131 132 139 141 143 149 151 154 157 160 165 170 172 174 177 181 184 186 190 195 200 201 203 206 207 209 213 215 217 219 223 227 230 232 234 239 240 243 245 248 249 250 254 260 261 263 265 268 273 276 279 282 284 286 287 292 295 297 298 303 307 310 312 313 314 320 323 324 328 330 335 338 340 341 342 346 347 350 354 357 358 361 364 369 373 374 378 382 385 386 388 389 392 394 398 399 402 404 406 407 411 412 414 417 422 424 427 428 435 437 443 
33 35 38 42 49 52 56 58 60 63 66 70 73 77 78 80 85 89 93 97 99 103 104 107 109 112 114 116 117 124 127 128 129 133 134 142 143 144 153 156 158 160 164 169 172 173 178 180 183 188 191 192 199 202 206 209 213 217 218 222 223 224 226 229 232 236 237 238 243 247 250 251 253 254 255 256 264 265 267 269 272 277 281 285 287 291 292 295 297 301 305 309 310 312 315 316 320 322 326 327 331 332 335 336 340 341 343 346 348 351 353 357 360 364 368 372 375 379 382 383 387 389 393 397 401 404 408 411 412 415 416 417 421 422 423 424 425 427 430 433 436 440 441 445 
34 37 40 46 51 53 59 60 62 65 68 74 76 81 84 88 91 92 97 99 101 106 107 111 114 116 119 121 123 128 131 134 136 140 142 143 145 149 154 157 162 166 169 171 175 179 181 184 186 192 194 198 201 205 207 212 214 218 222 224 227 229 230 234 238 239 241 243 244 251 254 256 257 261 264 265 267 268 269 272 276 280 283 289 293 295 299 301 305 309 311 315 316 319 322 324 325 329 333 336 339 341 345 346 350 352 353 356 357 360 361 365 368 372 374 376 379 383 384 387 388 391 394 399 404 405 409 414 417 420 421 424 427 428 430 434 437 440 442 443 447 451 452 456 
38 42 43 48 54 57 60 62 64 69 70 76 80 82 87 92 93 94 101 102 106 108 111 114 115 117 121 122 127 131 134 135 140 143 146 147 149 150 157 159 164 168 170 173 177 181 185 189 191 196 199 203 205 207 211 216 220 221 223 228 229 230 232 235 242 246 250 251 253 257 258 260 263 265 268 270 274 278 282 283 287 291 294 295 297 300 304 306 310 312 314 316 319 321 326 328 332 336 339 341 345 346 349 353 355 358 361 365 366 367 371 375 377 378 381 385 387 388 392 394 398 400 402 404 406 409 410 417 418 421 425 426 429 430 433 438 441 445 446 450 451 452 453 460 
42 45 49 52 55 60 64 66 68 71 72 80 84 88 92 96 97 98 104 108 111 113 116 117 121 125 129 130 132 135 138 141 143 144 150 153 155 156 159 163 168 172 175 179 180 184 189 192 195 200 202 206 208 209 212 219 222 225 227 230 231 232 235 236 245 250 251 252 256 260 261 263 264 266 272 273 278 279 284 287 288 295 297 298 299 302 306 310 311 315 317 319 320 322 328 329 334 339 341 343 347 351 353 356 360 363 366 367 370 373 376 377 381 383 387 389 392 396 398 401 404 408 412 413 415 417 421 425 429 431 433 437 441 444 448 450 453 455 459 461 462 463 467 468 
43 48 50 53 56 62 67 68 69 73 74 84 86 91 94 98 101 104 107 112 113 114 120 121 123 127 131 132 134 139 141 144 147 151 154 155 158 159 161 166 170 176 178 182 184 187 191 193 198 201 205 208 211 212 216 222 224 226 229 233 234 238 240 242 249 251 255 256 257 263 265 268 269 273 276 278 279 281 286 290 292 299 301 305 306 307 308 314 315 318 321 324 328 330 331 334 335 340 342 346 348 354 355 357 362 366 368 369 372 374 380 383 385 386 388 390 393 400 402 405 406 409 413 414 418 419 424 427 430 434 435 441 443 446 449 451 456 457 463 465 469 473 477 478 
45 50 52 57 59 63 70 71 74 75 79 86 88 93 98 99 105 108 109 114 116 117 121 123 126 129 132 136 138 141 143 145 150 154 156 159 160 162 164 169 174 177 180 185 188 191 195 197 202 205 207 209 214 217 218 224 225 230 234 237 239 240 244 246 251 252 259 262 265 267 269 272 276 279 281 282 284 286 288 293 296 303 304 309 313 316 318 321 325 328 331 333 337 338 341 342 345 349 351 352 353 355 356 358 365 368 369 371 373 375 382 384 387 391 394 397 401 403 406 409 413 414 416 418 422 426 428 431 432 436 438 443 445 448 452 453 457 458 466 470 472 477 479 481 
49 54 57 60 64 66 71 74 77 78 80 87 91 97 102 105 107 111 112 117 120 124 127 131 133 137 138 140 142 143 146 147 154 158 160 161 163 167 169 171 177 180 183 186 191 194 199 200 205 209 213 217 220 223 225 228 231 234 238 241 245 246 248 250 253 256 260 264 268 270 272 273 279 281 282 285 286 290 293 295 297 304 306 312 314 317 320 322 326 330 334 336 340 342 344 346 350 353 357 360 363 364 368 370 371 373 376 380 383 384 387 390 394 396 397 398 404 406 408 412 415 418 422 423 427 429 432 435 437 438 440 445 447 450 456 458 460 462 469 471 476 479 481 484 
53 55 61 65 67 69 73 78 81 85 87 89 94 99 106 110 112 114 116 119 121 126 129 132 134 138 139 144 148 149 151 155 157 161 164 168 170 173 176 177 178 183 186 188 193 197 203 205 207 210 214 220 224 227 229 232 236 239 243 246 247 251 255 258 262 263 265 266 271 273 276 277 280 285 289 292 293 297 300 302 304 307 310 314 318 322 325 326 327 332 336 339 342 343 346 350 354 357 359 364 367 371 372 376 378 380 383 386 387 389 391 393 397 398 400 402 406 407 411 414 416 421 424 425 428 432 434 439 442 444 447 449 451 452 459 461 464 465 472 475 478 482 483 485 
56 60 65 66 71 73 74 82 83 87 89 92 96 102 108 111 115 118 120 121 124 129 132 136 137 139 141 146 152 154 158 162 164 168 169 173 176 177 181 185 186 189 193 195 198 201 207 210 211 213 218 221 225 228 230 234 237 243 245 249 253 257 260 261 266 269 272 275 277 280 281 282 286 290 291 296 300 304 307 310 314 315 317 319 320 326 330 333 337 339 343 344 345 346 347 352 358 359 363 368 372 373 374 379 380 382 386 389 391 393 394 395 400 403 405 406 409 412 413 418 422 426 430 433 435 437 441 445 447 451 452 454 457 461 464 465 467 469 475 478 479 485 487 488 
60 61 67 70 73 77 81 85 89 91 94 97 101 106 109 113 117 120 122 123 128 131 136 137 139 143 146 149 155 156 160 163 166 169 173 174 179 182 186 190 194 195 198 200 204 205 208 212 216 217 220 223 226 231 233 235 240 247 248 252 255 259 262 265 267 271 274 276 280 283 285 287 291 292 296 299 301 308 309 312 317 319 322 326 329 332 334 337 338 342 344 348 352 356 359 361 362 363 367 369 375 377 378 382 384 385 387 392 394 397 398 400 401 407 411 414 416 418 421 424 426 430 431 436 439 442 444 448 452 453 457 458 460 464 465 466 470 474 476 480 483 489 491 493 
64 66 68 72 77 79 84 89 91 93 97 98 105 109 110 116 118 121 125 126 129 133 139 143 147 150 154 156 159 161 162 167 168 170 176 180 181 185 188 192 197 199 202 206 210 213 216 220 224 228 230 231 232 235 238 242 246 250 251 254 259 262 263 269 273 277 280 284 285 288 292 294 297 299 300 304 308 310 312 315 318 323 324 330 333 335 338 340 342 343 346 351 354 359 363 365 367 371 372 374 379 382 386 389 390 391 392 395 396 399 401 405 406 410 413 417 418 421 424 426 430 433 437 440 442 443 448 451 455 458 460 464 465 469 470 472 474 476 477 484 487 493 494 498 
67 71 72 75 79 82 85 91 93 95 98 102 108 110 112 118 121 122 129 132 136 140 143 146 148 154 158 160 162 165 166 169 171 175 178 181 185 186 191 195 199 203 206 207 214 218 222 223 227 231 232 234 238 242 243 247 249 251 254 256 260 265 269 272 274 281 283 286 287 289 294 295 301 305 306 308 310 313 317 318 322 326 329 333 337 338 342 344 346 349 350 354 355 362 367 369 371 373 377 379 381 385 390 393 397 398 401 405 408 409 412 413 414 417 420 422 424 428 432 434 437 440 444 446 448 450 453 456 457 460 462 466 469 473 475 476 479 483 484 488 492 496 499 501 
69 73 76 77 82 84 87 92 96 97 100 103 112 116 119 123 124 126 131 133 140 143 145 149 150 158 159 162 165 169 173 175 178 179 181 182 188 191 195 199 201 206 207 208 218 222 225 229 232 236 240 241 242 246 249 253 254 258 262 263 265 268 273 275 279 285 289 292 294 297 299 303 306 310 313 316 318 319 321 323 327 330 331 334 340 344 345 346 349 351 353 358 359 363 370 371 373 376 381 385 389 390 394 395 398 401 402 409 410 413 416 419 420 421 425 427 429 432 433 437 440 443 448 452 455 459 460 464 466 470 474 475 478 481 485 486 490 491 495 498 501 505 507 511 
73 75 79 81 84 87 90 93 100 104 107 109 115 117 120 126 128 129 133 136 141 146 148 153 156 160 162 163 166 172 177 180 184 187 189 192 194 195 196 200 202 207 208 211 222 224 229 231 236 239 242 246 248 252 254 258 259 263 266 269 273 275 277 279 280 288 292 295 298 299 300 307 311 312 316 317 321 324 327 328 330 334 335 338 341 347 348 351 355 359 360 363 366 367 373 376 378 381 385 386 390 393 396 397 399 405 406 413 417 421 423 427 430 431 432 436 439 441 443 446 450 451 455 457 459 462 465 466 469 474 475 479 480 485 486 488 491 494 499 503 506 508 510 512 
77 79 83 85 87 88 94 95 104 106 110 114 117 119 123 128 130 131 136 138 142 150 154 156 158 164 167 170 172 174 181 182 187 189 193 195 197 198 199 202 205 211 214 218 223 228 231 235 237 242 246 249 253 256 259 261 262 264 269 272 275 279 281 285 286 292 293 297 300 302 303 310 315 317 320 321 322 326 331 332 335 336 338 339 344 348 352 354 358 361 362 364 368 369 376 379 381 385 389 392 394 398 401 404 405 406 407 415 420 425 427 428 431 432 433 438 442 444 446 447 452 454 456 459 461 464 467 470 471 478 480 482 484 487 490 492 496 500 502 505 509 510 513 517 
81 82 86 89 91 94 98 100 106 108 112 118 119 123 124 131 132 133 139 142 145 153 158 160 164 166 169 173 177 179 183 184 189 190 195 197 199 202 203 205 207 213 217 220 227 232 236 239 240 244 248 252 257 261 263 267 268 270 274 277 281 284 286 289 291 293 295 298 302 304 306 311 318 321 322 323 326 327 335 338 342 345 348 349 353 356 359 360 363 366 368 372 374 377 379 383 387 391 392 393 397 401 403 408 409 412 413 419 422 428 429 433 436 439 441 443 445 449 452 454 457 460 462 463 467 468 470 473 477 482 484 487 490 493 495 499 503 506 510 514 518 520 524 528 
83 84 90 92 95 98 101 104 109 112 116 119 120 124 125 134 137 140 144 148 152 154 161 163 166 168 170 174 181 182 187 190 194 195 197 200 201 203 204 207 209 214 219 221 228 235 238 241 243 245 251 255 261 264 268 272 274 277 280 281 284 286 287 290 292 297 298 301 304 307 308 315 322 323 325 327 330 334 338 341 345 348 352 355 359 363 365 369 370 371 372 373 375 380 381 384 389 392 396 397 399 404 406 412 416 418 420 421 424 432 434 435 439 440 442 445 447 450 453 458 459 461 464 465 470 471 475 477 480 483 486 491 495 496 497 500 504 508 511 518 521 524 527 532 
86 90 92 93 96 100 104 105 110 114 119 121 124 126 129 137 139 144 146 151 156 157 162 164 168 172 174 178 185 189 193 197 201 205 208 211 214 217 219 221 223 224 225 227 232 236 240 242 244 248 253 259 262 266 272 273 275 279 283 287 290 294 297 299 303 305 309 313 314 316 320 321 324 327 330 334 337 340 344 347 351 352 355 359 363 367 371 373 377 381 385 389 391 395 397 401 402 405 406 410 413 414 415 419 422 423 427 431 432 435 436 437 442 444 447 448 451 453 455 462 465 469 470 474 475 479 481 484 488 490 492 493 498 500 502 506 509 511 515 522 524 527 530 536 
88 92 96 99 103 104 107 108 114 116 122 124 126 127 131 139 143 148 152 155 159 160 166 168 171 174 177 181 189 191 196 198 205 207 210 213 215 220 222 224 227 229 231 233 234 237 241 245 249 252 257 260 266 267 273 276 278 281 287 290 291 298 301 304 307 308 312 316 320 324 325 329 330 334 335 338 340 342 347 349 353 357 361 365 367 371 375 376 380 384 386 391 392 398 401 402 404 409 410 411 416 419 423 427 430 431 435 436 438 441 444 447 450 452 454 458 460 463 465 466 467 472 476 477 479 482 483 487 489 491 494 496 499 501 503 509 511 514 518 523 525 530 534 539 
91 94 97 103 104 106 109 112 117 118 123 126 128 129 133 143 144 151 153 157 162 165 169 173 177 180 181 184 192 195 197 200 209 213 217 221 223 224 225 227 228 233 237 240 243 244 246 249 253 254 258 261 268 272 277 280 283 287 289 292 294 300 305 307 310 313 315 319 323 325 329 330 332 335 336 340 342 343 350 352 355 360 364 369 373 374 376 377 381 386 387 393 396 401 402 406 407 412 415 419 422 423 424 431 435 438 439 443 447 449 453 455 459 461 463 464 466 467 470 474 476 478 479 481 483 487 488 491 493 497 499 502 503 506 509 513 514 517 522 524 528 532 535 541 
93 95 98 104 105 110 114 116 119 120 124 128 131 134 138 145 146 152 155 158 163 168 173 174 180 182 183 188 196 199 203 206 213 214 221 225 227 230 231 232 233 236 240 242 245 249 250 252 257 259 263 264 269 273 281 283 285 289 291 293 296 304 308 312 314 316 317 320 325 327 332 334 337 338 339 341 344 345 352 354 359 361 365 372 376 379 382 386 388 392 393 395 398 404 408 410 414 417 418 420 426 430 433 436 438 440 443 446 449 452 455 456 463 464 466 468 469 473 477 478 482 485 488 491 493 495 499 501 505 506 510 513 514 515 517 518 520 521 526 529 531 533 536 542 
97 98 99 108 109 114 116 120 121 125 126 130 132 137 139 146 149 156 158 160 166 171 175 178 183 187 188 192 197 203 205 210 217 220 225 228 231 235 237 241 245 247 251 253 255 257 261 263 264 266 267 269 273 274 283 285 286 290 294 296 297 306 310 314 316 318 319 321 327 330 336 338 342 343 346 349 353 356 358 361 363 364 366 375 379 383 386 387 391 393 396 398 402 407 412 414 418 421 425 427 429 431 434 437 440 442 445 448 453 455 459 462 464 467 468 471 474 475 480 484 487 488 490 494 495 498 503 505 509 512 515 518 519 523 525 528 530 531 533 537 540 543 545 549 
100 101 102 109 110 116 120 121 124 128 131 133 136 141 145 147 152 158 162 165 168 173 178 181 187 191 193 196 198 206 208 212 220 223 229 230 233 239 243 244 249 250 254 256 260 264 265 266 267 269 271 273 277 281 284 287 289 293 297 299 303 308 314 318 322 323 324 328 329 331 338 340 345 348 350 351 354 358 360 363 367 369 373 379 382 387 390 392 396 399 401 403 407 410 416 420 422 425 426 429 433 436 437 440 441 445 449 450 454 458 460 463 465 469 470 473 475 476 483 485 491 494 496 500 504 505 506 510 512 515 519 523 527 530 531 533 535 537 539 540 542 545 549 551 
102 103 105 113 115 119 124 127 128 129 135 136 139 142 146 149 155 161 166 167 169 175 181 183 190 193 194 200 201 207 211 215 222 225 232 233 236 242 245 249 252 256 257 261 265 269 270 272 275 278 280 284 288 291 295 297 299 303 307 310 313 316 318 321 325 329 333 335 337 338 339 343 348 350 352 353 357 361 364 368 369 372 377 381 383 391 392 395 400 403 405 406 411 415 418 423 425 427 429 431 434 438 440 442 445 447 451 455 458 459 463 465 466 472 474 475 477 481 487 489 492 496 499 501 507 510 514 515 518 521 524 526 528 532 535 538 540 541 542 543 546 548 550 555 
106 108 110 115 118 121 126 131 133 136 137 139 140 144 150 152 157 164 168 172 173 177 184 186 193 194 196 201 205 210 212 217 226 227 236 239 240 246 248 250 255 260 264 267 271 274 276 279 280 282 286 290 293 297 299 303 305 307 310 312 315 319 320 325 328 333 336 337 340 344 347 348 352 356 360 361 364 366 369 371 374 376 379 383 385 392 396 397 403 407 408 410 412 416 422 424 428 431 434 436 440 441 443 446 449 452 455 458 462 464 465 467 468 473 475 476 478 485 490 494 496 499 501 505 509 513 518 521 524 526 528 530 534 538 540 543 546 550 553 554 557 559 563 565 
108 112 114 116 119 122 129 135 136 140 144 148 151 153 157 160 161 166 172 173 174 178 188 191 196 197 199 203 209 213 216 219 230 233 238 242 244 250 252 254 256 262 266 268 272 277 280 281 284 288 289 292 297 300 301 307 311 314 315 319 322 324 328 331 333 335 339 341 345 348 352 355 359 362 363 365 367 371 374 375 379 381 385 387 388 396 397 399 404 408 412 413 415 419 424 427 430 434 436 440 444 448 452 455 457 458 461 464 467 468 472 473 477 480 481 483 487 490 493 497 501 504 507 508 511 514 519 525 529 533 534 536 539 541 544 548 551 553 555 559 563 567 570 573 
110 113 115 120 123 126 131 139 143 144 145 150 154 156 160 161 163 168 174 177 180 183 189 194 198 201 203 207 213 217 218 220 234 235 241 246 247 254 255 259 260 263 268 271 273 280 283 284 288 290 294 295 300 304 307 311 312 317 320 321 326 327 331 332 334 337 340 343 347 350 353 356 360 366 367 369 370 375 377 378 381 385 386 390 391 399 402 404 408 409 414 416 418 420 425 428 433 436 438 442 447 452 454 458 459 463 465 469 473 476 477 480 484 485 486 490 494 497 500 503 506 508 509 513 516 518 521 526 531 535 539 540 543 544 548 551 554 558 559 563 565 571 574 575 
114 118 120 123 127 129 135 142 147 150 152 156 159 163 164 168 171 172 178 181 185 189 192 196 201 205 207 209 217 219 223 226 238 239 242 247 250 257 261 265 269 270 274 276 280 282 284 287 289 291 298 300 302 308 311 315 317 318 321 323 329 331 334 337 341 344 345 348 349 353 355 360 364 367 368 372 374 378 380 383 385 387 391 393 396 403 407 410 414 418 420 423 427 430 434 435 439 443 447 449 451 453 458 461 463 465 469 471 475 477 480 481 488 491 492 494 495 499 502 507 510 513 517 521 525 527 531 532 534 539 542 544 547 549 551 553 556 562 566 570 572 574 576 579 
116 121 123 124 129 132 136 144 148 153 155 159 160 166 167 171 174 175 180 184 186 191 193 200 203 207 208 213 218 221 226 228 241 244 245 250 253 259 264 266 270 271 277 279 282 283 286 291 292 293 302 304 305 309 312 316 319 320 325 326 333 336 339 341 345 348 349 353 355 356 360 363 368 371 374 378 379 383 386 388 391 393 397 399 401 407 408 414 418 422 424 428 431 432 436 438 443 445 450 454 456 458 460 464 468 470 474 475 476 479 482 483 491 493 494 496 498 502 506 510 511 514 518 524 529 530 533 534 535 543 544 547 551 553 554 555 558 566 567 571 574 576 580 583 
118 123 127 130 133 137 140 147 150 154 157 161 165 169 170 172 178 179 183 188 189 192 194 202 207 211 215 218 221 224 228 231 245 246 249 251 256 263 268 269 273 275 278 283 286 287 289 293 295 299 303 308 309 310 315 320 323 327 329 332 335 339 343 344 349 352 353 355 357 361 365 366 372 374 376 380 381 387 391 395 397 400 403 405 407 408 409 418 419 424 427 429 435 436 437 439 444 446 451 457 461 465 469 471 474 475 476 479 482 486 490 493 495 498 501 504 508 511 513 514 517 520 521 525 532 535 536 538 541 547 550 553 555 559 563 564 565 568 569 575 579 582 585 588 
121 125 130 131 136 140 144 151 154 157 159 163 169 172 174 176 180 184 188 191 194 195 196 205 211 215 219 222 224 225 230 234 249 252 255 258 259 264 272 275 277 280 281 287 288 289 290 296 300 301 305 311 312 316 318 323 325 331 334 336 340 341 347 350 353 355 357 358 360 365 367 368 375 379 380 382 383 389 395 398 401 404 405 408 411 413 414 420 422 426 429 432 438 439 441 444 448 451 453 458 463 466 473 475 479 480 483 484 485 488 492 497 499 503 505 508 509 513 515 517 518 522 525 529 535 538 540 541 544 549 554 558 561 564 568 571 575 578 581 582 586 589 592 594 
125 127 131 133 140 142 145 154 158 162 164 165 173 174 178 180 183 186 190 195 198 199 200 207 212 219 223 225 226 227 234 237 250 253 259 263 265 266 275 276 280 283 285 288 289 292 295 299 302 303 309 312 315 319 322 326 327 335 339 342 344 346 350 354 355 359 363 367 371 372 373 376 377 380 383 387 388 391 399 400 404 406 410 414 416 417 420 424 425 430 433 434 439 441 444 446 451 453 455 461 466 469 477 481 483 484 487 488 492 495 499 501 503 506 510 513 517 519 520 521 524 528 532 536 537 539 543 547 550 554 555 560 565 567 571 575 578 579 584 585 589 591 594 595 
127 130 134 136 143 146 150 157 162 165 169 172 175 177 179 182 186 188 193 196 201 204 205 208 216 222 225 229 231 235 238 240 253 254 260 267 270 272 276 280 283 284 287 291 292 295 299 303 305 306 312 314 317 321 325 327 331 336 342 345 346 350 353 357 358 363 366 368 375 377 378 381 382 385 387 390 394 395 401 403 407 409 413 418 421 422 426 429 433 434 435 437 441 445 448 450 452 454 457 465 468 471 481 482 485 487 491 495 497 501 502 503 507 509 511 517 520 521 524 526 529 530 533 540 542 544 546 550 551 558 560 564 566 571 572 579 581 584 585 588 590 592 596 598 
128 132 137 138 144 150 152 160 164 167 172 174 179 183 185 189 191 195 196 199 202 207 211 215 218 225 227 232 236 237 240 244 257 258 262 271 273 277 280 284 287 291 292 293 297 299 302 305 306 308 316 319 323 326 329 332 336 337 344 348 351 353 355 361 365 366 368 370 378 379 380 385 387 388 392 395 396 397 403 405 408 411 415 420 422 426 427 430 435 436 437 438 443 448 452 454 458 459 461 467 470 474 483 485 488 489 492 499 502 505 508 510 514 515 517 519 521 525 529 532 533 536 539 543 546 550 553 556 557 559 561 565 567 573 574 581 584 586 589 591 594 597 598 602 
132 134 140 143 145 154 155 161 166 170 175 179 180 187 190 192 194 197 201 204 207 209 213 216 220 227 230 233 239 241 243 245 259 263 264 273 276 279 284 288 289 294 296 300 302 303 306 309 312 313 317 320 325 329 330 333 338 340 347 351 352 355 356 364 368 369 372 373 380 382 386 390 393 395 399 400 401 403 404 406 412 414 419 423 424 429 431 435 439 441 443 444 445 450 455 459 462 463 467 469 474 477 487 491 492 496 497 503 505 507 511 514 518 522 524 526 528 529 530 536 538 540 544 545 550 554 557 558 560 564 565 568 570 576 579 582 588 592 593 597 599 603 604 605 
133 137 143 146 150 157 159 164 170 174 178 180 184 191 195 198 199 200 203 208 212 214 217 221 222 229 231 236 243 247 248 251 260 265 267 274 279 282 285 289 291 296 299 302 306 307 310 313 314 315 321 325 329 330 334 338 339 341 349 354 358 361 364 366 372 375 379 381 382 383 390 394 398 401 404 408 410 414 417 420 423 425 426 430 432 433 435 439 440 442 447 451 453 456 458 461 463 467 469 470 478 480 489 494 495 500 502 506 509 513 517 520 524 526 528 531 533 537 538 542 543 546 550 552 555 558 559 562 566 568 572 574 578 582 583 586 591 595 598 602 603 604 605 606 
137 141 146 148 151 158 163 165 173 178 182 183 185 194 197 200 202 204 208 210 213 218 220 225 229 233 234 240 247 249 252 255 261 269 273 275 283 286 290 291 295 300 301 304 308 309 312 316 317 320 323 326 331 332 336 342 344 346 353 358 360 364 365 368 375 379 382 386 388 391 392 395 400 402 406 410 412 417 419 421 426 427 430 432 436 437 440 441 443 446 450 455 458 461 462 465 468 472 476 478 480 482 491 495 498 502 506 508 510 516 519 521 528 531 534 536 539 542 545 546 548 552 554 556 557 559 560 564 567 572 573 575 581 586 587 589 594 599 601 606 608 610 614 616 
140 144 150 152 154 159 167 171 176 182 185 189 192 198 201 202 205 209 210 212 217 220 223 229 232 236 240 244 250 251 256 258 265 270 274 277 286 288 291 293 298 301 304 305 309 310 314 320 321 322 326 330 332 333 338 344 345 349 356 362 364 365 368 371 377 383 384 389 390 395 397 400 401 406 410 412 413 420 423 426 428 431 432 434 438 442 446 447 451 455 458 459 460 463 467 468 469 473 479 482 485 489 495 497 501 504 509 512 514 519 521 524 529 533 538 541 543 546 549 550 554 558 560 561 563 566 569 571 573 575 576 580 584 589 593 594 596 602 605 609 611 613 616 619 
142 146 153 157 158 160 170 173 177 184 186 192 195 199 204 208 211 213 217 220 224 225 226 231 236 239 241 247 254 257 261 263 268 271 276 280 289 292 294 298 302 306 309 312 316 317 318 322 326 328 331 335 336 338 340 348 350 353 357 363 367 371 374 378 380 385 388 392 396 400 401 402 405 407 411 413 414 423 425 430 431 432 435 438 442 443 448 449 454 458 460 464 466 467 470 472 475 476 482 483 487 492 496 498 504 505 513 515 517 520 525 528 532 535 542 543 544 548 550 552 558 559 562 564 567 569 572 573 575 576 579 584 587 593 594 597 601 605 606 611 614 615 618 622 
145 148 156 159 163 165 171 177 180 188 191 194 198 202 208 212 213 217 220 222 225 229 231 234 238 242 243 249 255 261 263 264 272 275 278 283 292 296 298 302 305 309 311 315 320 324 328 329 330 332 334 337 338 339 342 350 354 358 361 365 371 372 378 382 384 386 392 393 399 401 404 408 412 414 418 420 423 427 429 433 434 437 439 443 447 448 450 451 458 459 463 467 469 473 476 479 480 481 483 486 489 493 500 504 508 509 514 518 520 524 528 530 534 539 544 546 547 550 553 555 562 564 566 567 568 572 574 576 579 583 584 587 591 597 600 603 607 610 613 615 619 621 623 625 
147 152 160 163 165 169 175 179 181 190 195 196 199 203 210 215 217 221 225 227 228 233 236 239 240 245 246 251 257 264 267 271 275 276 279 284 295 299 301 306 308 312 316 319 321 327 330 334 338 341 342 344 348 349 352 353 355 362 364 368 375 376 382 385 387 389 395 397 400 402 406 409 414 418 421 423 426 429 431 436 439 440 442 445 450 451 455 458 462 465 467 471 473 475 478 483 485 489 490 493 496 498 501 507 512 514 517 520 524 525 531 535 537 540 547 549 550 552 554 558 563 565 570 573 575 577 578 579 581 586 589 591 593 601 604 608 611 615 619 622 624 625 628 629 
149 153 161 166 170 172 177 180 182 192 199 202 204 208 212 217 220 222 229 232 234 235 239 241 245 247 250 254 258 265 270 273 278 280 282 288 297 302 306 308 311 316 318 321 322 328 331 337 342 344 345 346 350 351 353 356 358 365 366 369 377 380 385 389 392 396 399 401 403 404 408 411 416 422 424 426 430 431 434 439 442 446 447 450 453 457 459 462 466 470 472 475 478 481 484 486 489 491 495 496 500 502 504 508 514 516 518 521 527 530 533 537 538 542 548 553 557 558 562 564 566 567 571 574 578 582 583 587 590 592 594 596 597 604 608 609 615 617 621 624 628 629 631 634 
152 156 164 169 174 178 180 181 186 194 202 203 208 211 215 221 222 223 230 236 238 240 244 245 247 249 251 257 259 269 273 274 282 284 287 290 301 304 310 311 315 317 320 324 328 330 334 338 344 347 349 351 354 356 358 359 360 367 370 371 379 384 386 390 396 398 402 403 407 410 413 417 421 424 426 430 434 437 440 441 446 447 451 455 458 462 465 469 473 475 477 479 480 485 486 489 492 496 500 501 502 506 508 511 518 522 526 529 532 534 537 540 544 545 552 557 561 563 567 568 569 571 573 576 581 585 589 590 593 597 598 601 604 605 609 613 616 618 622 626 630 634 638 640 
155 157 168 170 178 182 185 187 189 198 203 207 211 213 217 222 223 225 232 240 243 246 248 249 252 255 257 259 261 272 275 278 285 288 292 296 304 308 311 312 316 319 324 327 329 333 336 339 346 350 351 353 357 359 361 362 363 371 372 376 382 388 392 394 399 402 404 406 411 414 417 418 425 426 427 432 437 440 444 448 451 454 457 459 460 465 466 471 477 480 482 486 490 494 498 501 503 505 509 512 516 519 521 522 526 528 530 533 537 541 542 546 548 551 555 558 565 568 571 574 578 581 585 586 589 592 594 598 600 601 604 608 612 616 619 622 623 627 631 632 633 636 642 645 
156 158 170 173 181 185 186 191 195 201 205 208 215 216 218 223 224 229 233 241 244 250 253 254 255 256 260 261 264 274 277 281 288 289 295 299 305 311 313 315 320 323 327 328 330 337 338 342 348 351 354 358 360 362 364 366 369 372 373 378 383 392 393 398 400 406 408 410 414 415 418 421 428 430 433 435 440 444 446 449 453 455 459 462 464 466 467 472 480 483 486 488 491 498 501 505 508 512 514 518 519 522 524 526 527 530 532 536 541 545 549 551 555 558 560 562 568 572 574 578 582 584 587 588 590 594 598 601 603 605 609 612 615 620 623 624 625 631 632 634 635 637 645 648 
157 161 173 174 184 189 192 196 197 203 209 213 217 218 221 225 229 230 234 242 246 251 255 256 259 262 266 267 269 275 279 283 291 295 297 301 306 313 315 317 324 327 328 332 334 340 341 345 349 354 357 361 362 365 368 371 373 375 376 380 385 393 394 399 402 407 411 412 416 420 424 426 431 434 435 438 442 447 448 450 454 456 460 466 468 471 475 479 483 485 488 490 492 501 504 507 511 516 519 520 523 527 530 532 536 539 540 544 547 548 551 555 556 559 561 565 569 574 575 581 584 588 592 593 594 597 602 606 609 611 615 619 623 625 629 631 635 638 641 645 647 649 653 655 
159 165 174 176 185 193 194 198 200 204 213 216 220 224 225 227 233 236 239 243 247 254 256 260 264 265 269 273 277 281 285 288 292 298 300 304 308 317 321 324 327 330 333 337 340 341 342 348 352 357 360 362 364 367 372 375 379 380 381 384 387 397 398 403 405 410 414 418 421 423 426 428 432 435 437 442 446 451 454 457 458 459 464 470 471 473 477 482 487 489 492 496 500 503 506 509 512 520 524 525 526 528 532 534 537 541 543 545 548 551 553 559 563 565 567 569 572 575 577 583 587 589 595 596 597 599 604 608 612 615 616 623 624 626 631 635 638 642 646 648 650 652 656 659 
161 169 178 181 189 194 198 200 203 208 216 217 221 226 230 232 234 240 241 246 250 256 260 261 267 271 272 275 281 282 288 291 295 302 304 306 312 319 325 327 330 334 336 340 342 344 348 349 354 361 363 365 369 373 376 377 382 384 387 389 393 398 401 405 407 412 417 419 424 428 429 433 434 439 440 446 449 455 458 459 461 463 467 472 475 476 480 484 491 495 497 501 502 504 509 513 514 523 528 529 532 533 537 538 539 542 546 547 549 553 554 563 565 567 571 572 574 577 581 584 588 592 598 601 605 609 611 614 615 619 622 626 628 630 633 637 639 644 647 650 651 655 658 661 
164 172 179 184 193 195 200 201 207 210 220 221 224 227 234 238 242 244 245 249 252 257 261 262 269 275 279 283 284 287 290 295 298 303 305 309 313 322 328 329 334 336 339 341 343 347 349 353 355 365 369 373 377 381 385 387 388 392 395 397 398 401 402 408 411 416 421 425 429 431 433 437 439 441 442 450 453 457 462 464 468 469 470 475 476 478 482 488 494 497 499 502 506 510 511 517 521 527 530 531 535 538 539 541 542 544 547 549 552 555 557 564 567 571 575 576 578 582 586 590 594 596 602 603 606 612 616 618 622 623 624 629 631 634 638 639 641 648 652 656 659 661 665 668 
165 173 183 186 196 199 204 206 208 214 223 224 228 231 237 240 245 249 253 257 259 261 263 267 270 276 282 285 289 290 291 297 301 306 310 313 317 325 329 331 337 340 342 344 345 351 354 358 361 367 373 374 379 385 387 389 392 393 397 401 403 407 410 411 414 417 425 428 433 437 438 441 444 446 450 452 456 460 463 465 469 470 474 476 477 480 485 490 498 501 503 504 510 511 512 521 522 530 534 538 539 541 542 543 547 551 554 555 556 560 564 567 571 575 577 579 580 586 590 591 598 602 603 605 609 616 619 620 623 625 627 630 635 637 639 640 642 650 656 658 660 662 668 669 
167 174 185 189 197 200 206 207 209 216 225 229 230 232 241 244 246 250 255 261 265 267 268 270 272 278 284 287 290 291 292 300 303 309 312 316 319 326 331 335 339 343 347 350 351 355 358 361 362 371 377 381 383 386 388 393 395 396 398 403 404 411 414 415 419 420 426 431 437 440 443 444 445 449 453 455 459 462 465 466 472 475 479 482 484 485 487 492 500 503 504 506 513 517 520 523 524 531 535 539 543 545 546 547 548 552 555 557 558 563 566 568 575 577 579 583 584 588 591 593 600 603 606 610 612 618 621 622 625 629 631 632 636 639 643 646 648 651 657 659 662 666 672 674 
169 175 186 191 201 205 208 212 214 218 228 231 235 236 243 245 249 251 256 265 267 270 272 275 277 281 285 288 292 296 300 301 306 310 314 320 323 330 334 336 342 346 351 353 355 357 359 365 366 375 380 383 387 388 389 395 397 399 400 407 409 414 415 416 421 422 429 433 438 442 444 448 452 455 456 457 461 465 469 470 473 476 481 485 487 490 493 494 504 506 508 512 515 520 524 526 528 534 537 543 546 548 550 553 554 557 561 563 564 568 572 576 577 580 584 588 591 592 594 598 604 607 610 614 616 620 622 625 627 630 634 637 641 644 648 650 653 657 658 662 664 669 673 676 
170 176 190 192 205 207 210 216 217 222 230 234 238 242 247 248 252 253 257 267 268 274 278 279 281 284 288 292 293 300 301 302 307 313 317 324 328 331 337 339 344 348 354 358 359 361 365 366 368 377 383 385 389 393 394 399 402 405 409 413 417 418 422 425 428 432 433 435 441 443 445 451 453 456 459 462 465 466 473 476 480 482 483 489 492 493 495 499 507 508 511 513 518 524 525 528 531 535 539 546 547 550 554 557 560 561 564 567 570 574 575 579 581 585 586 591 592 595 599 601 607 610 611 618 622 624 625 627 631 635 638 642 645 646 651 652 657 661 663 665 666 670 677 681 
173 179 191 195 207 209 212 218 220 225 231 238 239 245 250 254 257 259 262 271 273 277 282 283 287 288 292 294 298 301 303 306 311 314 318 325 330 332 339 342 347 350 355 362 364 365 367 371 372 379 386 389 390 395 399 403 405 407 413 415 418 421 423 426 430 436 438 439 443 445 448 453 456 459 463 466 467 470 477 481 482 483 486 492 495 498 500 504 508 512 515 516 522 525 529 533 534 536 540 548 550 553 556 561 564 568 572 573 574 577 579 582 584 587 589 592 593 599 603 607 608 612 613 619 626 630 631 633 636 639 642 645 646 647 655 656 659 663 664 666 669 672 680 683 
175 182 193 197 211 215 217 220 224 228 234 242 243 246 251 256 258 262 263 275 278 282 284 288 291 293 295 296 300 303 304 308 312 318 322 326 332 336 342 346 351 352 358 363 365 369 372 374 378 381 389 393 394 398 401 407 411 413 416 420 423 427 428 432 434 437 441 444 448 450 451 457 459 463 465 470 471 475 478 483 486 488 492 495 498 500 501 508 512 515 517 521 525 526 532 537 538 539 542 550 554 557 561 564 565 572 576 578 581 583 586 589 593 597 601 605 607 609 613 616 620 622 623 624 629 632 633 637 639 640 643 649 653 654 656 657 661 667 668 670 673 677 683 684 
179 184 194 198 213 218 222 226 228 232 236 245 249 252 256 257 262 263 267 279 282 286 287 291 295 298 301 304 307 308 311 314 315 322 324 329 333 338 343 350 355 358 360 366 370 372 376 378 381 382 390 396 397 399 405 411 413 416 417 424 428 431 434 436 440 441 445 448 450 452 456 458 460 465 469 471 475 478 482 487 491 493 495 496 501 502 506 510 516 517 521 523 527 531 535 539 543 545 549 554 555 559 565 567 568 575 577 582 583 586 587 592 594 598 605 606 609 611 614 620 622 623 627 631 632 636 640 642 646 648 649 653 657 658 662 666 669 671 674 677 678 681 685 687 
183 187 196 199 217 221 223 229 230 235 237 247 250 253 259 261 265 267 270 282 283 287 288 293 296 300 304 307 308 310 312 316 318 324 328 331 336 340 346 352 359 363 364 368 373 375 379 382 385 387 392 398 402 405 407 415 417 419 423 425 429 435 439 441 443 444 449 450 453 454 460 462 465 468 472 475 479 480 483 490 494 498 502 503 506 508 512 516 518 522 526 529 531 535 537 542 544 546 551 556 559 560 568 570 574 579 580 586 589 592 595 597 598 600 608 611 613 614 618 624 626 627 631 634 638 640 642 643 647 649 652 654 660 664 667 669 670 672 678 681 684 685 687 690 
185 189 199 200 218 224 225 230 232 239 243 250 252 257 263 264 267 269 273 284 287 289 293 294 299 304 308 310 312 313 317 320 324 327 331 333 340 341 348 355 361 364 366 372 376 379 380 386 389 392 394 401 403 406 410 417 419 422 426 429 430 439 441 443 444 445 453 454 455 459 464 468 471 472 475 478 483 487 488 494 497 502 503 504 510 511 515 519 521 525 527 532 533 537 540 545 546 550 553 558 560 562 571 572 575 582 586 590 592 595 599 600 601 603 612 616 620 622 626 628 632 636 640 642 646 649 653 657 661 663 665 669 672 676 680 683 684 687 688 691 692 695 699 702 
189 191 202 206 219 228 232 236 239 242 247 254 255 261 264 265 270 274 278 288 289 291 295 298 301 305 310 313 314 315 320 323 327 328 333 336 341 342 350 356 363 367 370 374 379 383 384 387 393 394 397 405 409 412 413 419 423 424 427 430 432 443 444 446 449 453 457 460 464 468 469 471 472 474 479 480 487 490 493 498 501 505 509 513 517 520 523 525 526 527 530 534 536 541 543 546 547 554 556 561 564 566 572 573 579 585 590 593 597 598 601 604 607 609 616 617 624 626 630 633 634 639 643 646 649 653 657 660 662 665 669 672 676 679 683 687 690 692 693 697 699 703 704 708 
193 195 205 208 223 229 235 238 243 244 248 256 257 264 267 268 271 276 281 291 294 296 298 301 304 307 312 314 317 318 323 325 330 332 334 339 342 346 351 357 366 370 373 376 383 385 386 391 394 397 400 409 410 413 416 420 425 429 430 431 436 444 447 450 453 456 460 463 467 472 475 478 479 483 487 489 493 495 499 503 504 506 511 515 521 523 525 527 528 529 533 536 537 545 549 553 555 559 562 566 568 570 575 577 581 586 593 594 598 602 604 607 611 614 618 619 627 628 631 634 635 643 645 650 652 654 659 661 666 670 672 674 680 682 687 689 694 695 696 699 700 705 709 712 
196 198 206 210 226 233 236 241 247 250 251 260 262 265 270 274 277 278 283 292 297 298 301 303 308 312 315 317 320 321 327 331 334 338 341 342 344 347 352 361 368 374 376 377 386 387 391 395 396 401 404 413 415 417 421 423 428 430 433 436 439 446 450 452 455 459 463 465 468 474 479 480 482 485 489 492 496 499 503 507 509 510 515 516 525 527 531 534 536 540 543 544 548 549 550 554 557 561 566 570 572 574 576 581 583 589 596 600 604 608 611 614 615 616 620 621 629 632 635 639 643 647 651 655 657 661 665 669 671 672 674 676 681 686 691 692 696 700 704 706 710 714 717 718 
200 203 209 214 230 236 240 245 251 255 258 264 267 270 274 278 281 285 286 293 298 299 303 306 309 316 320 324 328 332 336 340 343 347 349 350 352 353 354 365 369 375 379 380 390 394 395 398 401 404 408 414 416 419 424 428 429 433 436 438 442 448 452 453 457 461 467 469 473 476 483 484 485 486 491 495 497 502 504 508 512 516 518 520 528 530 533 538 540 543 547 551 555 559 561 563 565 567 570 572 576 577 580 583 586 591 599 604 607 612 614 617 618 622 626 630 634 636 640 644 646 650 653 659 662 665 669 673 675 679 681 684 687 691 695 697 698 703 708 711 712 716 718 719 
201 204 211 215 231 239 241 246 252 257 260 267 271 274 277 282 284 286 289 297 302 304 305 309 312 318 323 328 329 333 337 341 345 351 355 359 361 362 364 369 371 377 382 383 393 397 400 403 404 407 409 418 422 426 428 429 431 436 439 440 444 449 454 456 458 465 470 471 477 478 486 490 491 492 496 499 502 504 506 509 514 519 521 524 529 533 535 539 544 547 548 555 556 563 566 569 571 574 578 582 583 585 586 589 591 592 601 608 611 614 616 619 622 624 629 631 636 637 644 647 649 652 656 662 666 670 673 677 678 682 684 687 688 695 696 701 705 708 712 713 715 717 721 724 
205 209 212 217 234 241 244 248 254 260 264 269 275 276 280 284 288 290 291 301 305 308 310 314 317 321 324 329 330 335 339 343 346 354 359 360 365 367 369 371 375 381 385 388 396 399 403 406 407 408 412 420 426 427 432 436 437 438 442 444 447 450 456 457 461 467 473 477 478 482 487 491 492 495 497 502 504 505 509 512 516 521 525 526 530 535 538 542 546 550 551 558 561 567 571 573 574 577 582 585 588 591 593 597 598 600 603 609 614 615 617 621 623 626 631 635 640 641 646 648 650 656 657 666 667 672 677 681 685 688 690 693 696 698 702 703 706 711 714 715 717 719 725 726 
206 213 214 219 237 243 245 249 255 264 265 271 277 279 284 286 290 291 293 302 306 311 313 315 318 325 327 330 332 338 340 345 348 358 363 367 368 369 370 374 378 385 389 392 400 403 405 407 411 415 417 424 427 431 434 439 443 445 447 450 451 455 457 460 462 469 477 479 483 485 488 495 498 500 503 504 506 508 512 513 517 523 529 532 535 536 541 545 547 553 557 559 565 568 572 574 578 580 584 588 591 595 597 599 602 606 609 610 618 622 626 628 630 633 634 636 642 644 648 649 652 657 659 669 673 676 681 684 689 693 694 695 697 701 705 707 708 714 718 719 721 725 726 730 
210 214 216 220 240 245 247 252 257 265 269 275 278 280 288 290 293 294 296 306 310 313 317 318 321 327 330 331 334 340 341 349 350 361 365 368 371 374 377 381 384 386 390 395 402 405 409 411 412 416 421 425 429 433 438 440 444 448 450 452 453 457 460 461 465 473 478 480 484 488 491 499 501 504 508 510 514 515 518 520 523 527 533 537 539 540 543 549 550 556 561 564 567 570 573 575 581 584 588 591 593 597 600 604 605 610 612 615 621 624 627 629 634 638 639 642 643 647 652 654 655 660 662 670 676 677 684 688 691 695 697 698 701 702 709 711 715 716 721 725 728 730 732 734 
212 215 218 221 244 248 252 253 259 268 270 278 281 282 289 294 297 301 305 307 314 315 321 324 325 328 332 334 337 343 347 353 354 365 368 371 374 377 379 383 386 387 393 398 404 408 411 413 416 418 425 427 431 434 441 442 448 449 452 456 458 460 464 466 467 475 481 485 488 491 493 503 507 508 512 513 518 522 526 529 531 535 537 538 540 544 548 551 553 559 563 567 571 572 577 581 584 585 590 592 594 601 602 605 609 612 616 619 624 626 629 630 637 641 642 644 645 648 653 657 658 664 667 671 680 684 688 689 692 698 700 702 706 707 713 716 717 719 725 728 730 733 735 738 
213 217 222 223 245 252 256 259 261 270 271 279 284 286 293 297 298 302 308 311 316 319 323 326 327 332 334 337 340 344 350 355 359 369 373 376 377 380 384 386 387 391 395 401 408 412 416 420 423 426 428 429 435 438 443 447 452 453 456 460 464 465 468 472 474 476 484 489 490 492 496 506 511 514 517 519 523 527 529 531 535 537 541 544 545 548 551 554 557 561 565 568 575 579 583 584 587 591 594 595 596 602 603 606 611 614 619 621 627 628 633 634 639 642 645 649 653 656 658 660 664 666 669 675 682 685 689 693 697 702 704 705 710 711 717 718 721 723 729 730 732 736 739 741 
216 218 224 225 247 255 260 262 266 271 272 282 285 288 295 299 301 304 311 312 319 320 327 329 332 335 336 338 342 348 354 359 360 373 377 381 385 387 390 391 392 396 397 404 412 416 417 422 425 428 430 432 436 441 446 450 453 454 460 463 468 472 474 478 480 481 488 491 493 495 498 509 513 518 522 526 527 530 533 536 538 542 545 546 549 551 554 558 562 563 569 571 579 582 586 590 593 597 601 605 608 610 612 616 617 619 620 623 628 631 634 638 642 644 648 651 657 659 661 664 665 668 673 677 683 687 690 694 698 706 708 709 714 716 720 721 722 727 733 737 740 741 745 748 
219 222 226 227 250 259 262 264 270 272 274 285 289 292 299 301 302 306 312 316 321 325 331 333 336 337 340 343 346 351 355 360 362 376 379 384 387 390 394 396 398 400 402 406 415 420 421 426 427 432 435 437 441 443 450 453 455 456 461 465 472 473 478 479 484 488 490 494 498 501 503 510 514 520 526 530 531 533 535 539 540 544 546 548 552 556 559 560 566 570 571 574 581 586 590 592 597 599 602 606 611 614 616 619 623 626 629 631 633 637 639 641 646 649 651 652 658 662 666 668 669 671 677 678 684 691 693 698 701 709 713 717 719 720 721 725 729 731 735 739 742 745 748 751 
223 224 229 230 253 261 266 268 274 277 281 286 292 294 303 306 307 308 313 319 325 328 332 335 339 342 343 344 350 352 359 361 364 377 380 388 391 392 398 402 404 407 411 413 418 424 428 430 434 436 438 441 445 449 454 458 461 465 468 470 474 477 479 482 486 489 493 497 500 502 505 512 515 523 530 532 535 536 538 540 542 546 548 549 554 557 561 563 570 573 577 581 585 589 591 594 598 603 606 610 615 619 621 623 625 627 633 636 638 639 640 645 648 650 654 656 660 666 669 672 674 675 679 681 686 693 697 700 705 713 717 721 725 728 730 734 736 738 740 741 745 747 750 755 
225 226 232 234 256 264 270 271 278 282 286 288 293 297 305 309 311 315 316 320 328 329 336 337 343 346 349 352 353 356 363 366 370 381 384 390 392 393 400 405 409 410 412 415 420 428 431 433 435 438 440 443 447 452 456 462 466 468 470 472 476 478 483 485 488 490 494 500 502 503 508 516 518 526 531 533 539 542 544 548 550 551 553 555 559 561 563 564 571 577 578 582 587 591 593 597 601 604 608 614 617 623 626 629 633 637 641 643 646 648 652 656 658 662 665 668 671 674 678 680 681 684 685 688 689 697 699 703 708 716 718 722 726 732 734 735 739 742 746 749 751 755 758 761 
228 230 236 237 259 266 274 275 282 284 290 293 295 301 307 311 313 316 317 321 330 333 337 341 344 348 352 353 357 358 366 368 372 383 386 391 395 398 403 408 412 415 419 420 424 430 434 438 441 443 447 450 451 454 460 463 469 472 473 475 480 484 487 489 492 495 496 501 504 505 509 519 523 530 533 536 543 547 551 554 556 559 562 564 568 572 574 577 580 584 585 588 590 593 596 599 605 606 612 617 620 626 630 634 635 639 644 648 649 652 653 660 662 666 667 670 674 677 682 685 689 692 694 696 699 700 704 708 709 720 721 723 728 733 735 739 741 746 750 753 757 759 761 763 
229 233 239 240 261 267 276 280 283 288 294 296 298 303 309 312 317 320 324 328 333 337 338 342 347 351 353 355 360 364 369 373 377 385 390 392 396 402 406 409 416 417 421 425 429 434 436 440 443 447 448 451 452 457 462 467 473 474 476 479 484 487 490 491 495 497 499 503 507 509 510 521 524 532 537 539 547 548 555 557 561 564 566 569 570 574 578 582 584 585 586 589 593 595 600 604 606 608 613 620 622 628 634 638 641 642 647 649 653 654 655 662 664 669 672 675 676 681 683 687 691 693 696 700 701 703 708 712 715 723 724 725 732 735 739 740 742 747 752 757 760 763 767 768 
233 236 241 242 262 268 278 281 285 289 298 302 305 308 312 314 318 324 325 331 337 340 344 348 352 356 357 359 364 365 373 375 380 387 393 396 398 405 409 411 420 424 428 429 433 436 438 444 448 452 454 457 458 460 466 470 475 479 480 483 487 489 491 493 498 500 501 507 509 511 513 522 527 534 539 543 549 550 559 563 564 565 567 573 577 581 583 585 586 590 591 592 597 599 602 607 610 613 616 622 624 632 636 642 646 648 650 651 657 660 663 666 669 673 675 676 677 685 688 689 694 697 698 702 705 708 712 713 718 726 727 729 734 739 741 745 747 751 755 761 763 765 769 772 
235 238 245 247 266 270 279 283 288 292 302 306 308 311 316 318 319 325 329 332 339 344 347 352 355 359 362 366 367 371 376 380 383 390 395 398 402 407 411 413 422 425 429 431 434 438 441 448 452 454 455 461 464 465 470 472 478 482 486 487 489 493 495 498 501 502 505 510 513 516 517 526 529 537 540 546 550 554 562 566 567 570 572 576 579 585 587 591 593 595 597 600 603 606 607 611 615 619 620 623 627 635 638 646 650 652 655 656 658 664 665 668 670 674 678 682 686 690 692 694 698 700 702 705 709 712 715 717 721 727 728 733 736 743 745 748 750 755 758 762 764 767 770 776 
236 239 246 249 269 271 281 284 290 294 305 308 312 313 317 319 323 327 330 334 341 347 349 353 356 361 363 367 369 374 377 381 384 391 396 399 404 408 413 417 425 426 433 437 439 441 444 450 455 458 460 463 468 472 473 475 479 486 487 491 492 494 496 501 502 504 509 512 516 520 523 527 531 540 543 548 553 557 566 568 572 573 574 578 580 588 590 595 598 601 604 607 608 609 611 612 618 621 624 626 629 638 641 649 652 656 657 661 665 666 670 671 673 677 679 685 689 693 694 695 699 704 705 709 710 715 717 718 723 728 732 736 738 747 749 751 755 758 760 766 768 769 774 778 
238 242 247 252 272 274 283 287 291 297 308 310 313 317 321 323 324 331 335 339 345 350 352 355 358 365 367 368 370 376 381 384 387 393 399 401 406 411 417 418 426 429 436 440 443 444 448 453 458 462 463 466 472 474 475 476 481 489 490 493 497 500 504 507 509 512 515 516 518 521 524 530 532 544 547 552 555 560 567 570 573 574 576 582 585 592 594 597 600 603 605 608 610 611 613 614 620 622 626 629 631 642 646 650 653 658 661 665 668 672 674 677 680 683 684 687 692 697 699 701 705 709 710 713 715 719 722 726 727 730 734 739 740 749 751 753 759 762 763 770 772 775 779 783 
241 243 248 256 274 278 285 291 295 300 312 315 318 319 323 326 327 334 337 343 348 351 355 357 362 368 369 372 376 378 384 388 389 395 402 404 408 415 419 423 428 432 439 441 446 447 452 454 459 463 464 468 475 477 481 484 486 492 495 498 500 504 508 510 512 516 520 524 525 528 530 532 534 548 549 554 557 564 570 574 578 582 583 584 586 593 596 600 604 605 606 612 613 617 619 622 625 627 628 631 633 646 648 651 656 660 664 667 671 674 675 678 683 687 688 692 694 699 700 703 706 711 712 715 716 720 723 727 730 732 735 740 742 751 752 756 762 764 768 771 774 778 781 787 
243 246 250 259 277 279 287 294 296 303 314 317 321 324 325 330 332 338 340 345 350 352 359 363 364 371 372 374 377 382 386 391 394 396 404 406 412 416 420 425 432 434 443 444 449 453 456 459 461 466 470 471 478 479 483 488 491 495 498 500 502 508 510 513 515 518 523 526 527 531 535 539 543 549 553 555 558 568 571 575 579 585 586 589 591 595 600 603 605 608 612 615 617 620 621 626 628 631 633 637 641 648 652 656 660 663 666 671 675 679 683 684 686 688 691 693 697 700 703 707 711 714 716 718 719 723 726 730 732 736 737 742 744 752 754 758 766 770 774 778 779 783 785 788 
247 249 252 262 279 283 288 296 298 306 318 320 323 325 327 332 334 342 343 348 352 353 362 365 369 373 376 379 382 383 388 394 396 400 407 410 414 419 424 427 434 438 444 447 453 457 460 464 467 471 475 479 480 484 488 490 493 496 499 501 503 511 514 516 519 522 526 528 530 533 537 540 547 551 556 557 561 569 573 576 581 589 593 594 596 598 604 608 612 615 619 620 622 626 630 631 633 635 639 640 644 651 656 660 662 666 670 673 676 680 685 689 690 693 696 698 699 704 707 709 712 715 720 723 725 727 730 733 734 740 741 745 746 756 757 762 769 773 777 779 783 786 790 793 
248 252 255 266 280 286 292 300 301 308 322 323 325 327 329 336 339 344 348 349 353 354 365 366 370 376 378 380 383 386 392 398 402 404 409 412 417 421 426 429 437 441 448 449 454 460 463 467 470 475 476 481 485 487 489 491 494 498 500 502 507 512 515 520 521 523 527 531 532 534 538 541 550 554 559 562 566 571 577 579 584 593 597 599 600 601 606 612 614 617 623 626 630 634 637 639 642 646 650 654 655 658 662 663 665 667 671 674 680 684 689 692 695 698 700 702 703 708 712 713 715 717 721 727 729 730 731 737 741 742 745 749 753 760 764 765 772 776 781 784 788 791 793 796 
251 254 258 270 283 287 294 302 306 309 324 325 327 328 333 338 340 348 350 351 355 358 369 372 373 379 380 382 386 389 396 401 406 410 414 418 420 424 429 432 440 444 452 454 456 464 467 469 473 478 479 484 487 488 493 496 498 502 506 509 511 516 518 522 526 529 531 534 538 541 543 547 551 558 562 566 568 572 578 581 586 595 598 603 607 609 610 614 615 619 626 629 634 638 640 644 648 650 654 655 657 662 663 667 668 672 674 678 684 685 693 694 699 700 703 706 709 712 714 717 720 724 726 729 733 737 739 743 744 747 750 751 755 762 766 768 775 777 782 785 789 793 794 798 
255 257 259 273 286 291 296 304 310 314 327 330 332 333 335 341 344 352 354 355 358 362 373 375 379 382 385 386 390 391 400 403 408 414 417 422 423 425 430 434 443 446 455 456 460 468 471 473 474 481 485 489 490 494 498 501 505 507 510 511 515 519 520 524 528 532 535 539 540 542 545 548 553 562 565 570 571 576 579 582 589 597 600 607 609 611 613 617 619 620 627 630 638 641 643 646 652 655 658 661 663 667 668 672 675 676 677 682 687 691 697 699 703 707 711 712 713 717 718 720 722 728 729 733 735 741 745 749 752 755 756 759 761 763 767 770 776 780 784 788 790 796 798 801 
257 260 262 275 289 293 300 307 312 316 328 333 334 335 339 342 346 355 358 359 360 366 376 379 383 385 387 390 391 395 404 407 409 415 421 423 426 429 432 438 444 448 459 462 466 472 474 478 479 484 489 491 493 496 501 502 508 512 513 517 520 523 524 528 532 533 539 540 542 544 546 550 557 565 569 573 575 579 583 585 591 600 602 608 613 616 617 621 624 628 632 634 641 643 646 650 653 658 662 664 667 671 675 676 679 681 682 686 689 694 700 703 706 708 712 715 716 719 721 724 727 731 733 737 739 743 748 751 753 759 761 765 769 770 771 774 777 784 786 792 796 799 803 805 
260 261 263 276 293 294 304 308 316 320 331 337 341 345 348 352 355 356 360 364 365 369 380 383 385 388 391 395 396 400 408 412 414 416 422 427 431 435 439 442 447 450 462 465 468 476 478 479 483 488 490 493 494 500 504 508 509 513 516 520 522 526 529 530 536 539 541 543 546 549 550 553 559 568 570 575 577 582 587 589 592 602 603 611 616 620 623 626 630 633 636 639 642 647 648 653 656 659 666 667 668 674 678 680 683 684 688 690 693 697 703 704 709 713 715 716 718 722 724 725 730 732 735 738 742 745 750 752 755 761 762 768 771 772 773 778 779 788 790 795 799 802 804 806 
263 264 266 278 296 299 307 312 320 324 334 341 344 346 350 354 359 361 362 366 369 372 384 385 386 390 392 397 400 402 410 416 417 419 423 430 435 437 441 445 448 451 464 469 470 477 482 485 489 493 495 498 500 501 508 512 515 517 521 522 523 528 532 535 540 543 545 548 550 554 556 558 561 569 572 577 579 583 590 592 594 606 610 614 620 623 626 629 631 637 639 642 646 650 654 658 661 664 670 673 676 677 681 683 684 685 692 694 695 700 707 710 713 717 719 723 727 729 730 733 737 739 743 745 748 751 753 755 756 762 764 771 775 779 780 781 783 790 792 798 801 804 808 811 
267 268 271 281 297 301 309 313 322 326 337 342 345 350 354 358 363 365 366 367 373 375 386 390 392 395 396 399 402 406 414 419 423 426 429 434 438 440 445 448 450 453 465 473 476 478 486 487 491 497 498 501 502 503 509 514 516 519 522 525 529 533 537 538 544 546 547 549 551 556 557 559 564 572 576 581 584 586 594 596 599 610 614 615 622 625 630 633 635 640 641 644 650 654 655 660 664 665 671 675 678 680 683 686 687 688 695 698 700 704 708 714 715 720 724 728 732 733 737 739 741 742 744 747 752 754 757 758 760 763 768 774 776 782 785 788 789 793 797 802 806 809 810 813 
270 272 274 283 300 302 311 315 323 330 338 343 346 354 356 359 364 367 370 371 377 378 387 392 394 396 398 400 406 407 418 423 427 428 430 436 440 442 449 450 452 455 466 474 477 480 487 489 495 501 504 505 506 509 513 516 518 521 524 527 532 536 539 541 548 550 551 555 559 561 563 566 570 574 580 582 587 590 597 601 605 612 615 618 623 628 634 638 640 644 645 647 651 657 659 662 668 671 674 676 680 682 687 689 693 697 701 702 705 707 712 716 720 723 726 732 736 739 743 746 750 753 754 757 758 761 762 765 767 771 775 776 778 785 788 790 792 797 801 803 807 813 816 820 
273 276 280 287 303 307 315 317 324 332 339 346 350 355 357 363 366 369 371 374 378 381 391 393 398 400 404 408 412 413 419 426 431 432 435 438 444 446 451 454 457 458 470 475 480 484 490 491 496 505 508 512 514 518 519 521 525 528 529 532 535 538 540 543 552 553 557 559 562 565 566 570 573 578 583 585 590 594 601 604 607 614 619 622 626 632 635 642 644 645 649 653 657 661 662 666 672 675 677 681 684 687 688 691 694 698 702 705 709 711 714 718 722 724 728 733 737 741 746 748 753 754 757 760 762 764 765 766 769 773 777 780 783 786 790 792 796 799 805 808 810 815 817 821 
274 277 282 289 304 310 317 319 328 333 342 348 352 359 362 365 370 373 377 381 385 387 393 395 401 404 407 412 415 418 422 430 432 434 437 440 448 451 455 457 458 461 472 479 484 487 493 495 499 508 509 513 517 519 523 526 530 531 532 536 539 543 544 548 555 557 558 561 566 570 573 574 577 582 585 587 592 598 605 606 611 617 621 623 630 635 636 646 649 651 654 655 660 663 667 669 675 677 681 685 686 688 690 693 695 701 706 708 710 714 717 722 726 730 734 737 740 743 748 752 756 757 758 764 766 768 772 773 777 778 779 781 787 791 795 798 800 801 806 810 812 816 818 823 
278 282 286 291 306 313 320 323 331 337 346 350 355 362 363 366 371 377 381 382 386 389 396 398 402 407 411 414 418 420 424 431 434 437 440 443 452 454 458 462 465 466 473 482 486 488 496 498 500 509 513 515 520 522 527 531 534 538 539 541 542 547 549 553 556 558 559 563 568 571 577 579 581 585 588 591 593 601 606 610 613 620 624 627 634 636 637 650 653 656 659 661 665 669 672 676 680 682 683 689 693 695 698 700 704 708 711 712 715 716 718 723 730 734 737 738 743 745 749 756 759 763 767 768 772 775 777 780 783 784 785 787 790 793 798 799 803 806 810 813 816 818 819 827 
281 283 289 294 308 317 321 327 334 339 348 351 358 366 370 371 374 381 384 388 392 395 400 402 405 408 414 418 420 421 427 435 438 439 441 445 456 460 461 463 467 471 477 486 490 492 499 502 505 513 514 516 521 526 530 534 535 541 544 546 548 550 553 557 561 563 565 569 570 572 581 585 586 587 591 594 595 604 609 613 617 622 625 631 637 640 643 652 655 658 662 666 670 672 673 677 683 684 686 690 697 699 703 705 707 709 713 716 717 718 719 724 733 738 741 745 749 753 755 760 762 767 770 772 774 779 783 787 788 791 792 795 798 802 806 808 812 814 817 818 820 823 824 830 
282 285 292 297 311 318 324 330 338 342 349 352 360 367 371 375 378 384 388 392 393 396 404 406 409 410 417 420 424 425 430 438 441 443 444 447 457 464 465 468 471 475 479 490 492 493 503 504 509 516 518 522 526 527 531 538 539 545 548 549 553 556 560 561 563 565 568 571 572 573 582 589 591 594 597 598 599 605 610 616 618 624 628 635 639 641 644 653 659 663 665 668 671 675 676 680 684 686 690 693 698 703 706 709 712 714 717 721 725 728 731 732 736 740 745 747 753 756 760 763 766 771 775 776 778 780 787 788 791 794 797 801 802 803 810 812 813 818 819 820 823 825 827 831 
284 289 294 299 313 320 328 334 340 346 350 353 361 370 373 377 381 385 391 396 398 399 407 411 415 419 421 425 428 431 434 440 445 448 450 453 458 465 467 470 475 477 483 491 493 495 506 509 513 520 522 526 530 533 537 539 541 548 549 550 554 558 563 565 566 570 573 577 581 585 587 592 594 596 598 601 603 608 614 619 623 627 631 638 640 643 645 656 662 665 666 671 673 678 681 684 688 691 694 695 700 707 710 714 715 717 721 723 728 729 734 737 740 742 747 751 755 758 764 765 769 774 777 778 782 783 791 795 797 801 802 803 805 809 813 814 816 820 823 825 826 830 831 834 
285 292 296 303 317 324 332 338 344 350 354 358 364 374 375 381 384 387 394 398 401 403 411 414 418 420 424 426 432 434 436 444 448 452 453 455 462 467 470 471 476 481 485 494 495 496 510 512 515 523 526 528 532 534 539 541 545 550 553 554 557 560 566 568 571 575 576 580 584 587 591 596 600 604 608 611 613 615 616 622 626 630 632 640 643 645 649 659 663 667 671 674 675 680 685 687 690 695 698 699 703 711 714 718 719 723 726 728 730 733 737 740 741 745 751 752 756 760 766 770 774 776 779 781 786 790 794 796 801 803 806 809 811 813 817 821 824 828 829 833 837 839 841 842 
289 296 299 305 320 325 336 339 346 351 356 360 365 375 379 385 387 388 397 400 403 404 413 417 419 424 428 429 435 436 438 446 450 453 456 459 463 468 472 475 478 484 489 496 499 501 514 518 522 527 529 532 533 537 543 547 550 553 554 558 559 562 569 573 577 579 583 587 590 592 593 598 601 608 611 612 616 620 621 625 627 632 634 642 644 647 652 662 664 669 675 677 678 684 686 691 694 697 699 701 705 714 718 721 722 725 729 730 733 735 741 743 746 750 755 756 760 763 769 773 776 780 783 787 790 793 795 798 805 806 810 813 815 816 819 825 826 831 833 836 841 843 844 846 
292 298 301 309 323 329 340 342 349 353 357 364 368 376 380 386 390 392 401 404 408 412 417 419 421 428 430 432 439 442 445 448 451 457 460 461 466 471 475 477 482 487 491 498 500 504 517 520 525 530 534 537 541 545 548 552 554 557 560 561 564 565 572 574 581 584 588 589 591 596 597 600 604 609 615 617 618 623 624 628 629 633 635 646 650 651 654 665 669 673 679 682 684 686 689 692 698 700 703 705 707 715 721 724 725 729 730 731 736 740 743 745 750 752 759 760 763 767 770 775 778 782 785 790 791 795 799 803 807 810 812 815 818 819 822 826 830 835 837 840 842 847 848 849 
294 300 304 310 324 331 343 347 351 357 360 366 371 379 384 390 392 395 405 407 409 416 420 421 422 429 431 434 442 443 448 449 453 461 463 467 469 474 479 482 483 489 494 501 504 508 518 522 529 534 537 541 542 548 552 554 556 560 564 568 572 574 577 578 583 588 589 593 594 597 600 603 607 613 616 619 620 626 629 633 635 639 641 647 653 654 656 666 671 675 680 685 689 690 694 697 701 704 705 707 708 719 724 728 729 732 733 736 738 741 747 750 751 753 762 766 768 772 773 776 780 785 787 794 795 798 801 807 809 813 814 817 819 822 824 827 834 839 843 844 848 852 853 857 
297 301 307 311 325 333 345 351 353 360 363 367 373 381 386 392 395 399 408 412 416 419 423 425 429 432 435 438 444 445 450 454 455 463 467 470 473 477 481 483 485 490 495 502 507 509 522 526 530 536 541 544 547 549 553 558 560 563 567 569 574 576 578 581 585 590 593 595 599 600 602 607 611 616 618 622 623 627 633 635 636 643 646 649 657 659 660 669 674 676 683 686 690 693 697 699 702 705 707 708 712 721 726 729 732 736 737 741 742 743 749 753 757 760 765 769 772 773 777 781 785 788 789 797 799 801 804 808 812 814 815 820 823 824 827 829 837 840 846 848 851 853 854 861 
299 305 311 314 326 337 349 352 355 363 364 369 376 382 389 396 397 403 410 415 420 421 424 426 433 435 439 442 445 448 453 455 459 465 470 474 478 482 483 486 488 494 498 506 508 511 525 529 533 539 542 546 548 553 557 561 562 567 568 571 575 578 580 585 586 594 598 599 601 602 605 608 612 617 621 623 624 630 637 639 643 645 650 654 660 664 668 673 677 680 684 690 692 696 701 705 706 708 712 716 719 725 728 731 733 739 741 743 747 749 751 756 759 764 767 771 774 775 780 785 789 791 795 798 803 804 808 811 816 817 818 823 824 826 828 831 838 843 850 853 854 856 858 864 
301 306 314 318 327 338 353 357 360 364 367 371 380 385 390 398 402 406 412 418 421 424 425 429 437 438 443 447 451 452 455 459 461 467 472 478 479 485 489 492 495 499 503 510 511 515 526 532 536 540 545 549 552 557 558 564 568 569 571 572 579 580 582 588 590 595 602 606 608 609 613 616 619 621 624 627 630 633 640 644 645 647 653 657 662 665 669 674 681 682 688 694 697 699 705 708 710 713 714 717 722 727 731 733 737 742 743 747 749 751 753 760 763 765 769 774 775 776 784 786 792 794 797 799 806 809 811 812 818 821 824 825 829 830 831 835 839 847 854 858 862 866 869 871 
304 309 318 321 328 339 354 360 363 368 372 375 382 387 394 401 403 408 416 421 423 428 430 434 439 441 447 448 454 458 462 464 466 468 474 479 480 486 493 497 500 503 507 514 515 519 530 534 538 543 546 553 557 561 564 567 570 574 578 581 583 587 590 593 597 598 603 608 610 613 614 617 620 625 628 629 633 634 641 646 648 649 656 659 664 666 671 677 683 686 691 698 702 706 708 709 714 716 719 722 726 730 734 736 741 743 744 751 752 753 757 761 767 770 773 777 781 785 787 791 795 798 802 805 807 810 814 815 821 822 826 827 830 831 832 836 841 848 856 859 866 869 871 875 
308 312 320 325 330 341 357 362 367 369 376 379 385 388 397 405 407 410 418 424 425 431 435 439 441 443 451 453 456 462 465 469 470 473 475 480 483 487 496 501 502 506 510 517 518 522 531 538 540 546 550 557 561 564 565 571 574 578 582 585 588 591 593 596 601 604 608 610 613 617 619 620 623 626 629 632 635 639 643 650 651 655 657 663 668 672 674 679 685 687 694 701 703 707 710 714 718 719 720 723 727 733 738 741 745 746 750 753 754 757 758 762 770 773 777 781 783 786 790 794 796 800 804 807 808 811 815 819 823 824 829 833 836 837 841 845 846 851 858 861 870 874 876 880 
312 316 324 326 334 342 360 366 371 372 380 384 388 392 401 406 410 411 421 426 430 432 436 441 444 448 455 458 461 465 469 473 477 481 483 487 491 494 497 502 506 510 513 519 522 524 535 540 543 550 554 561 565 566 569 575 579 580 583 588 591 595 596 599 603 607 611 614 618 621 622 623 624 630 633 637 639 642 645 652 655 658 659 664 672 674 678 680 689 693 697 702 704 711 715 716 720 721 725 728 731 737 741 742 749 753 756 758 761 763 765 767 774 778 782 785 789 791 792 797 800 803 808 810 811 812 819 820 826 827 833 836 838 840 844 848 852 854 859 864 872 877 878 882 
315 319 328 332 336 344 363 369 375 378 383 388 391 393 405 410 414 415 423 428 432 435 440 444 446 451 456 462 466 469 473 474 480 483 487 490 493 498 501 505 510 512 517 523 524 528 536 542 547 552 557 565 569 570 571 578 583 587 588 589 595 598 601 602 606 609 612 615 619 623 624 626 628 631 636 639 640 644 647 654 657 662 663 667 675 676 679 681 693 694 701 704 706 715 716 720 722 726 728 731 734 739 742 743 752 754 758 760 762 765 768 770 775 779 784 788 793 794 798 799 801 805 810 814 817 818 823 827 831 833 834 839 841 845 846 849 854 855 862 868 874 879 880 885 
316 321 330 336 339 345 367 373 378 379 386 389 395 399 409 414 417 419 425 429 434 437 443 446 448 455 460 464 469 472 477 479 483 486 491 494 495 501 504 508 511 514 521 525 529 532 538 543 550 553 561 568 572 574 578 580 587 590 593 595 596 602 604 605 609 611 615 619 621 625 626 627 632 635 637 640 642 645 649 656 658 664 666 668 677 681 684 688 694 696 704 706 708 719 722 726 730 732 736 737 740 744 745 747 753 757 760 761 765 769 773 777 778 782 785 791 797 799 801 804 806 807 814 817 820 821 825 828 833 835 838 841 844 847 848 850 858 861 866 870 876 880 881 887 
319 325 334 339 342 349 371 375 381 385 389 393 399 400 410 415 420 424 426 431 435 441 445 450 454 459 464 465 472 476 479 483 487 491 495 496 499 504 506 512 515 519 525 528 531 536 539 547 551 554 562 569 574 576 580 582 588 591 595 598 599 603 605 608 612 614 617 623 624 628 629 630 634 639 643 647 651 655 656 659 660 665 668 671 681 685 687 690 696 697 705 707 710 721 724 728 733 735 738 739 744 748 750 752 757 760 762 764 768 773 775 778 782 785 787 795 798 800 804 808 809 810 815 820 824 828 831 833 837 839 843 846 849 852 853 854 862 866 868 874 878 884 888 890 
323 329 338 342 343 353 374 379 384 389 392 395 400 402 411 417 423 426 428 435 437 444 448 454 458 463 468 469 475 478 480 485 490 495 496 499 502 507 510 513 519 520 526 529 533 540 542 550 555 559 566 573 578 582 586 587 590 595 599 603 605 608 612 615 619 620 623 625 626 632 633 635 636 641 645 648 653 658 660 663 666 670 672 675 683 686 688 694 700 701 706 709 713 723 726 732 734 739 741 742 745 752 755 757 760 761 766 768 770 777 779 781 784 786 791 798 799 804 806 812 816 818 819 822 828 832 833 834 840 844 846 847 850 854 856 858 865 870 874 875 879 888 891 893 
326 332 340 343 347 356 377 381 385 393 397 401 402 406 414 420 425 430 433 437 439 448 451 456 461 466 469 471 476 482 484 489 494 496 499 500 505 511 513 514 521 524 530 534 538 544 548 553 558 561 567 576 582 584 588 591 593 598 601 607 611 615 619 621 622 626 628 629 633 636 640 644 646 647 651 655 656 659 664 666 668 671 676 678 685 689 691 698 703 707 711 712 714 725 728 735 738 743 747 751 755 758 759 760 764 766 769 772 773 778 783 785 789 792 796 802 806 808 812 815 820 822 824 827 830 835 837 840 842 847 851 852 855 859 861 863 866 871 877 879 883 890 892 894 
327 334 341 346 351 357 380 385 388 394 398 403 404 407 418 424 426 434 437 441 442 451 452 459 463 467 470 472 477 485 489 491 495 500 503 507 510 514 517 518 522 526 532 538 542 548 551 555 561 564 568 579 585 587 590 595 596 599 604 610 614 617 623 626 630 631 635 639 640 642 645 647 649 651 653 657 661 662 668 669 670 673 677 679 687 692 694 702 706 710 714 718 719 729 731 736 741 745 750 754 758 762 766 770 774 778 782 783 787 788 790 794 797 800 801 803 808 811 816 818 822 825 827 829 831 839 842 843 844 850 855 858 861 864 865 868 871 875 881 885 887 893 895 899 
330 337 342 349 355 359 383 387 389 398 400 404 408 409 419 428 429 435 441 445 448 454 458 461 464 470 473 474 480 488 491 493 497 501 505 509 511 516 518 519 524 528 533 541 545 549 554 557 565 567 571 580 587 591 594 597 600 604 608 611 618 620 624 628 634 638 640 641 642 643 647 650 654 657 661 662 664 668 671 672 676 680 683 685 688 693 698 704 710 714 717 721 723 730 733 740 742 747 752 757 762 765 769 773 777 782 784 786 791 794 796 798 800 801 803 807 810 813 820 822 823 826 831 832 833 841 846 849 852 855 856 859 862 866 868 871 874 877 883 887 888 894 896 900 
333 340 343 353 356 362 386 389 391 400 403 406 412 416 423 432 433 438 444 449 451 457 459 463 466 473 476 478 483 492 493 496 501 502 509 513 517 518 521 522 527 532 536 545 548 553 555 558 567 568 574 582 591 594 595 598 603 605 609 612 620 622 628 631 638 642 644 646 647 650 654 658 659 661 662 663 667 670 672 675 677 684 686 688 689 694 702 708 713 717 720 722 727 732 736 741 746 748 754 761 765 769 771 775 778 786 790 791 795 799 800 803 807 810 813 817 818 819 824 825 829 830 834 836 838 842 848 851 854 858 862 865 868 871 872 876 879 880 885 891 895 897 901 905 
336 343 345 355 359 365 387 393 397 404 406 408 413 420 424 433 437 439 446 453 456 459 461 467 470 476 477 481 487 494 497 501 504 505 513 515 520 522 524 526 531 535 540 548 549 556 558 560 569 570 578 586 592 595 599 601 605 606 613 616 622 626 631 632 642 643 646 647 649 654 655 660 664 666 670 673 677 679 681 682 686 689 692 695 696 700 704 709 717 718 722 723 729 736 739 743 747 749 758 762 768 772 774 778 782 788 794 798 800 802 804 806 810 811 817 820 822 824 827 829 832 834 835 838 841 843 852 856 858 861 866 870 871 873 875 877 881 884 888 895 899 901 902 909 
340 347 350 358 360 369 390 394 400 407 411 413 417 424 426 434 440 444 449 454 459 462 465 470 471 478 481 482 488 496 499 505 506 508 517 519 524 526 529 530 535 538 541 549 551 560 562 565 570 571 581 590 593 596 603 607 610 612 616 620 624 627 635 638 644 648 650 652 656 660 664 666 670 671 673 677 678 681 683 686 689 691 695 697 701 705 707 712 721 723 727 730 731 737 742 745 750 752 761 766 771 775 778 779 784 791 796 801 802 805 806 807 811 815 818 823 826 830 832 833 834 836 837 839 843 847 855 858 862 863 869 873 877 879 881 885 887 889 891 899 901 903 906 913 
342 350 353 360 364 370 392 398 401 410 413 414 421 428 431 435 442 446 453 458 460 463 466 472 475 479 482 485 492 499 502 506 507 509 520 523 527 531 534 536 537 540 544 553 556 564 565 567 573 577 585 593 597 601 605 610 614 615 619 622 625 630 636 639 646 649 654 655 659 663 665 670 674 677 678 681 682 685 686 689 693 694 696 701 705 708 712 714 724 728 731 734 738 741 744 746 751 756 764 768 772 779 783 784 786 794 798 802 804 806 808 810 814 818 822 827 828 833 837 840 842 844 848 849 852 855 856 861 866 868 872 874 879 881 884 889 893 894 897 900 905 907 910 916 
345 354 358 361 366 373 394 402 405 413 417 418 423 431 434 439 445 449 457 462 465 468 472 475 477 483 487 490 494 501 505 507 510 514 524 525 529 534 538 540 541 543 546 554 557 565 566 570 574 578 586 596 601 603 606 614 618 620 623 625 627 633 639 641 647 651 658 659 660 667 668 672 676 680 684 688 692 696 699 702 705 706 710 712 716 719 720 721 725 731 734 735 742 744 747 751 753 758 768 769 775 780 784 786 787 795 801 804 808 810 811 812 816 820 823 828 832 836 838 841 845 849 853 855 857 859 860 864 869 873 874 875 882 886 889 893 895 896 898 901 907 908 913 917 
349 355 362 363 369 375 397 405 409 417 421 424 426 435 438 440 446 451 459 465 469 471 476 480 482 486 489 492 496 504 509 511 512 515 527 529 530 536 542 544 548 549 552 558 559 568 571 573 576 582 589 598 603 604 609 617 622 624 627 628 632 637 642 645 651 652 661 663 666 671 672 676 679 682 688 690 696 700 704 705 707 708 712 714 717 722 726 727 728 735 738 740 743 748 749 754 757 762 772 773 779 783 788 791 793 797 802 807 810 812 814 816 817 824 828 831 834 840 844 845 848 850 855 856 858 861 864 867 870 874 875 879 885 887 892 894 896 898 899 903 910 914 918 920 
350 357 366 370 374 379 400 407 412 419 423 426 429 436 439 441 450 452 463 466 470 473 480 483 486 489 493 497 499 507 513 515 519 521 530 533 534 538 544 547 551 553 557 560 561 570 572 576 579 583 592 601 605 608 613 619 623 626 631 633 635 640 645 649 652 656 665 668 669 672 675 679 681 686 691 692 698 703 705 707 708 711 716 720 721 725 727 731 733 738 740 742 745 750 751 758 761 766 775 779 783 786 790 793 794 800 805 808 814 815 819 823 826 827 829 835 836 841 848 850 852 854 859 860 862 864 867 868 874 875 876 880 886 888 895 897 900 902 905 909 911 918 922 923 
351 358 368 373 378 382 401 408 415 421 427 428 431 439 443 445 453 455 467 471 475 479 484 485 487 493 496 501 502 511 514 517 522 526 533 535 539 542 545 549 555 559 560 561 563 571 576 579 581 586 594 604 609 613 615 620 627 630 635 636 637 642 648 650 654 659 666 669 670 676 679 683 685 687 694 698 701 704 709 713 716 720 721 723 724 728 729 735 736 741 742 745 749 752 753 760 762 767 779 780 785 788 791 796 797 801 809 813 815 819 821 827 831 835 839 840 842 846 852 856 859 861 865 868 869 870 872 873 877 878 880 881 889 890 896 901 903 907 911 912 913 922 924 927 
353 362 370 374 381 384 403 411 417 425 431 434 437 440 447 448 456 460 468 473 476 481 486 488 490 494 498 505 509 513 518 519 523 527 535 536 542 544 549 552 559 560 561 565 568 572 578 582 584 590 598 607 611 614 618 623 630 631 638 639 641 646 651 655 656 661 669 673 677 679 680 686 688 690 698 699 704 705 713 715 717 723 725 727 729 733 735 738 742 745 747 749 751 754 757 762 764 770 781 784 786 792 793 797 799 802 810 816 820 822 826 828 834 838 841 843 844 849 856 859 862 864 869 872 875 878 881 882 885 886 890 894 897 900 902 906 909 913 914 915 919 923 926 928 
357 365 371 377 384 388 406 413 419 427 432 435 438 443 448 449 459 464 471 474 480 483 488 489 491 495 500 508 513 515 520 522 526 531 538 539 543 545 553 555 560 561 565 569 570 576 582 584 588 592 600 609 612 616 620 625 633 635 642 645 647 651 654 658 662 665 673 675 680 682 685 690 692 695 700 703 708 711 716 718 719 724 727 730 734 738 739 742 745 747 751 753 755 756 758 764 765 772 782 787 790 795 799 803 805 809 814 818 822 824 830 831 838 842 844 846 848 852 857 862 863 867 872 874 876 882 886 887 888 889 894 896 901 904 907 910 914 915 918 919 920 927 930 934 
358 369 372 381 386 391 408 415 423 431 436 440 441 445 451 454 463 467 474 476 482 486 491 495 496 497 503 509 516 518 523 527 531 532 541 543 544 546 554 559 564 567 568 572 576 579 584 587 589 595 604 613 617 618 622 629 634 636 645 646 648 652 656 659 666 667 677 681 682 686 688 693 697 699 703 704 711 714 719 722 726 729 733 735 738 739 742 744 747 751 752 756 760 762 763 766 770 773 786 791 793 797 800 804 806 811 816 822 824 826 831 835 841 845 846 847 850 854 861 864 868 872 875 878 882 885 890 892 895 898 899 902 905 907 909 913 917 921 922 926 927 931 932 938 
360 371 373 385 390 392 412 418 427 434 439 442 444 447 455 458 467 470 478 480 485 490 493 498 501 502 506 510 520 522 527 528 533 534 543 546 548 552 557 561 565 568 570 575 580 582 588 590 593 599 607 616 618 619 624 633 635 638 647 648 652 655 659 663 669 673 681 682 686 688 690 697 698 700 707 708 712 718 722 724 730 733 735 736 742 744 748 749 752 755 758 759 761 766 767 771 774 778 788 794 795 800 802 805 807 814 819 824 828 832 835 839 844 848 850 852 856 857 864 867 869 876 880 882 885 887 894 897 900 902 905 906 910 914 915 916 919 924 928 931 934 938 939 940 
363 372 374 387 393 395 416 421 428 436 440 443 446 450 458 460 469 471 481 485 487 494 497 500 505 507 511 514 524 525 529 532 537 539 544 548 549 555 560 563 567 569 572 576 584 585 591 593 596 603 608 617 622 623 627 634 636 641 651 652 654 659 660 667 670 674 682 683 690 693 696 700 702 706 708 711 714 721 723 727 734 738 739 740 745 748 750 753 756 757 762 766 768 770 772 776 778 779 792 795 797 801 805 808 810 815 823 826 830 834 839 841 847 852 854 856 857 859 868 870 872 879 884 886 887 889 897 901 903 904 907 910 911 915 916 919 920 927 931 933 935 940 943 947 
366 374 378 389 397 399 419 425 429 438 442 445 450 451 460 463 471 472 485 489 491 498 502 505 508 510 514 516 526 529 531 534 541 544 546 552 554 557 562 565 571 573 575 577 587 589 594 598 601 607 611 621 626 628 632 635 640 644 655 659 661 663 666 671 675 676 686 690 692 695 697 703 704 709 713 716 717 724 728 730 737 742 746 747 750 753 754 758 759 761 763 770 771 773 775 780 781 782 795 797 801 802 806 811 815 819 826 828 833 838 843 847 848 853 856 858 860 861 872 875 878 882 886 889 891 894 899 905 909 913 917 919 923 925 928 929 933 934 936 937 938 944 948 949 
369 378 382 391 399 400 423 426 430 440 445 447 451 453 461 466 474 476 487 493 494 500 505 507 511 515 519 522 529 531 534 536 544 546 548 553 555 561 564 569 574 578 582 584 589 593 598 601 604 610 613 625 628 629 635 639 644 645 659 663 667 670 672 674 676 677 688 694 696 700 703 706 708 712 715 720 722 725 731 733 741 745 748 751 755 758 760 761 763 766 768 771 775 776 777 783 785 787 797 799 805 807 811 812 819 822 829 831 835 840 844 849 850 857 860 861 864 868 875 878 879 883 888 891 894 898 903 908 910 914 918 922 924 929 932 934 938 942 944 946 948 951 952 954 
371 381 385 393 402 405 424 430 431 442 447 449 455 457 462 468 478 481 490 495 496 501 506 509 512 517 520 526 530 534 537 540 548 550 553 555 556 564 566 573 578 582 584 585 591 596 599 604 607 611 614 627 631 632 639 642 648 651 660 665 671 675 679 682 684 688 689 696 700 704 705 708 709 714 716 724 726 729 734 736 744 748 752 755 756 761 765 768 769 771 774 778 780 782 786 790 794 796 798 802 809 812 814 818 823 824 830 835 836 843 847 850 853 858 864 865 868 870 878 882 884 885 891 892 898 899 904 911 913 918 921 924 925 931 936 938 941 945 948 949 952 954 958 962 
372 385 389 395 406 410 425 434 438 443 450 452 456 460 465 471 481 483 492 499 502 503 508 512 515 520 521 527 531 538 541 544 551 555 556 557 558 568 572 576 580 585 587 590 592 599 601 607 610 612 616 629 634 638 640 644 650 653 662 668 673 678 681 685 688 690 693 698 704 707 709 713 717 720 724 725 730 733 738 741 748 749 755 759 763 767 770 774 775 779 780 783 787 789 790 791 796 799 801 803 812 816 819 823 824 826 834 837 840 847 848 852 856 862 866 870 874 876 882 884 885 887 893 897 900 901 907 914 915 921 923 928 931 935 939 942 945 949 952 953 954 957 961 964 
374 389 390 399 409 412 429 436 442 447 453 454 457 462 469 474 484 488 493 502 505 507 510 516 519 522 525 528 535 540 543 546 554 558 562 563 566 570 575 579 582 587 588 592 595 602 606 610 614 616 619 631 636 641 645 647 654 658 665 670 674 681 684 688 691 693 694 699 708 711 714 717 718 723 726 730 733 735 739 745 752 755 758 763 764 768 771 776 779 781 782 785 790 793 797 798 800 802 805 808 816 820 822 826 827 830 838 840 841 849 851 856 859 866 870 871 878 881 883 888 892 893 894 900 902 904 911 917 919 925 926 932 936 939 942 945 946 953 956 957 961 962 965 968 
375 393 397 402 411 416 430 437 444 451 456 457 459 464 470 475 486 491 497 505 509 512 514 519 521 523 528 532 537 542 547 549 558 562 566 567 568 574 579 580 586 590 593 597 600 603 608 613 616 618 622 634 638 645 648 651 655 662 669 672 676 685 689 691 693 697 699 701 709 713 717 719 722 727 729 732 736 739 743 747 754 756 760 765 766 771 773 779 782 783 787 788 792 796 800 802 806 809 813 817 821 822 826 829 832 833 839 842 846 853 857 860 862 869 871 874 881 884 885 891 893 896 897 903 904 908 915 918 922 927 931 934 939 941 945 948 950 957 961 962 964 966 969 973 
377 395 401 403 413 419 433 441 447 453 459 461 464 468 472 477 490 492 498 506 511 515 519 521 523 524 530 534 539 543 551 555 561 563 570 571 573 576 581 583 588 594 596 600 604 605 609 617 620 624 628 635 641 646 652 654 659 663 673 675 678 688 690 694 696 701 705 708 712 714 719 720 726 731 732 734 739 741 744 748 756 760 761 768 769 775 777 780 784 785 788 792 794 799 804 806 808 810 816 821 822 824 829 830 835 838 842 846 847 854 858 861 866 873 875 878 885 889 893 894 898 900 902 904 907 911 917 919 925 929 935 939 941 942 949 952 955 961 964 966 970 971 975 979 
380 399 403 404 417 420 435 445 448 457 463 464 467 469 475 480 494 495 502 507 514 518 523 525 527 531 533 537 543 544 554 557 564 565 574 575 579 580 583 584 589 596 599 604 608 612 613 621 623 627 629 638 642 650 655 657 663 664 674 679 683 692 693 696 697 703 709 710 713 715 721 722 727 735 737 740 744 746 749 750 760 762 764 771 772 778 779 782 788 789 790 794 795 801 805 808 809 814 818 823 826 827 833 837 841 845 848 850 852 857 859 862 868 876 879 883 886 890 896 898 899 903 904 908 912 913 921 924 928 933 937 941 942 943 953 956 958 963 966 970 972 976 978 981 
381 402 405 408 419 424 437 448 449 461 464 465 469 473 478 482 498 502 504 509 517 521 527 528 529 533 534 540 547 550 556 559 566 567 575 577 581 585 588 591 594 600 603 606 609 615 617 624 626 628 630 641 645 653 658 659 666 667 675 681 685 694 697 698 702 706 711 715 718 721 724 727 730 736 739 743 746 750 753 756 761 763 767 773 775 779 782 786 792 793 796 797 799 804 809 813 815 818 819 825 830 832 835 841 844 847 849 852 854 860 862 865 872 878 880 886 887 891 899 903 905 908 912 915 917 918 923 925 929 935 939 944 947 950 956 957 959 965 967 974 975 980 983 985 
383 404 408 411 420 428 440 452 453 465 469 471 473 476 479 483 500 506 508 511 520 524 531 534 535 536 537 543 549 552 560 562 570 572 576 580 583 589 590 594 598 604 606 607 613 616 620 625 628 629 632 643 648 654 661 663 668 670 677 685 688 696 698 701 704 710 713 716 720 725 727 730 731 737 740 744 747 753 755 759 765 769 772 774 777 781 783 788 796 799 802 805 807 808 811 817 821 823 824 826 832 835 838 843 848 850 853 856 859 862 864 868 874 882 884 889 893 897 902 905 909 913 914 916 920 923 927 929 933 936 940 945 948 952 957 961 963 969 970 977 979 982 986 987 
