4 8 11 12 16 19 21 24 28 32 35 39 42 45 47 49 52 56 59 60 61 62 66 67 68 72 73 75 78 79 80 81 85 88 89 91 94 98 102 105 109 113 116 117 121 123 125 126 128 131 132 136 137 141 142 146 148 150 153 155 156 159 160 161 162 166 167 170 172 176 180 184 185 188 191 192 193 196 198 200 201 202 206 210 214 218 222 225 229 232 235 236 237 241 245 247 251 253 254 257 259 263 264 265 266 270 271 275 279 280 284 287 288 292 293 294 296 298 299 302 305 307 310 313 315 317 321 325 329 333 335 339 343 346 348 352 354 356 359 362 366 370 374 376 377 381 384 388 
6 9 13 15 18 21 24 26 32 36 39 43 44 47 50 52 54 59 63 67 69 73 76 80 81 85 86 90 93 96 99 103 105 109 112 115 119 120 121 122 125 128 130 131 134 136 137 139 142 146 148 151 152 155 159 163 166 169 171 175 179 182 186 190 192 196 199 200 204 206 207 208 209 211 212 213 215 219 222 226 228 230 232 234 235 239 243 247 248 250 254 257 261 263 264 267 271 273 274 275 279 280 282 286 288 290 293 297 300 302 305 306 308 310 313 314 316 318 319 322 326 330 332 333 336 337 339 342 344 347 350 352 353 356 360 363 367 368 369 370 374 378 381 382 384 387 391 392 
10 11 17 19 20 24 26 28 34 40 44 46 49 52 56 60 62 66 70 72 75 79 80 83 86 89 92 93 97 101 102 104 107 113 117 121 123 127 131 133 134 135 136 137 138 140 143 147 148 149 152 153 155 158 162 164 168 173 176 179 181 183 188 194 197 198 202 206 209 212 214 217 221 224 225 227 228 232 235 236 238 242 246 247 250 252 256 257 259 261 262 265 267 268 271 272 276 279 281 285 286 290 294 298 301 305 306 308 312 316 320 322 324 325 326 329 330 332 335 337 338 340 343 345 346 349 350 353 355 359 361 364 365 369 371 372 376 379 383 387 388 392 396 397 400 401 404 407 
12 16 21 25 29 30 34 36 40 42 48 50 52 54 58 64 68 70 72 75 76 82 86 90 92 93 94 95 100 103 104 106 109 116 119 122 127 128 132 137 139 141 144 147 149 152 153 154 158 160 162 166 170 172 174 176 179 180 184 187 188 190 191 197 201 205 207 208 212 216 220 223 225 228 230 231 233 234 237 239 241 243 247 250 253 256 260 263 264 266 269 273 277 279 282 283 287 290 294 297 298 301 304 306 310 312 316 319 322 325 326 327 331 332 336 337 339 341 342 345 349 353 355 356 358 360 364 365 368 371 374 376 378 381 382 384 387 391 392 396 398 399 402 406 408 409 411 415 
13 17 23 29 32 35 38 41 43 46 51 53 56 60 61 68 72 74 76 78 80 84 88 94 96 99 103 105 109 111 112 114 118 119 120 123 131 133 135 138 141 145 147 151 152 156 157 158 159 161 164 167 171 175 177 179 183 187 188 191 192 194 195 199 203 209 213 217 220 221 222 225 228 230 231 233 237 240 243 246 248 250 251 255 257 259 262 265 266 270 273 274 278 281 285 288 292 293 298 300 302 304 307 308 312 314 317 321 323 327 331 335 337 340 343 344 345 346 350 353 355 358 360 361 365 367 369 373 377 381 382 384 387 390 392 394 396 399 401 403 406 410 411 414 415 417 421 423 
17 19 24 32 35 39 40 45 47 49 55 59 60 64 68 69 75 79 80 81 83 87 92 95 98 102 104 109 110 115 118 120 121 123 125 127 134 137 141 145 146 149 152 154 156 158 160 164 166 167 170 172 173 176 178 182 184 190 193 194 198 199 203 205 207 212 216 220 221 223 227 231 233 236 238 240 244 245 248 252 253 254 256 257 258 261 265 269 272 274 276 278 279 282 289 291 293 295 302 304 306 310 313 317 320 322 323 326 330 333 334 336 341 344 345 347 351 353 355 358 359 362 365 367 368 371 375 377 378 384 388 391 392 394 395 398 401 405 408 409 412 414 418 422 426 430 434 435 
18 21 25 33 36 43 47 51 54 57 58 61 62 68 70 72 78 82 83 87 91 94 98 102 103 104 108 110 113 117 120 124 127 130 131 133 136 138 142 149 151 155 157 161 162 163 165 166 167 171 174 177 179 183 184 187 188 191 194 196 199 200 207 208 211 214 219 224 228 231 235 236 238 241 243 247 248 252 254 255 257 258 262 265 266 269 270 272 273 275 280 281 283 287 293 297 298 300 305 309 311 313 316 321 324 328 331 332 334 336 340 343 346 348 350 351 355 359 361 363 367 371 372 373 377 380 384 385 389 393 395 399 403 404 406 410 414 418 422 424 427 431 434 436 438 442 445 446 
20 25 29 34 39 45 50 52 57 59 63 64 67 72 76 79 82 84 88 92 96 97 101 106 108 109 110 111 116 120 124 125 130 133 135 139 141 142 144 152 154 158 159 164 167 169 172 174 177 181 183 187 190 192 193 197 200 204 206 208 210 212 216 217 220 224 225 226 231 234 239 242 243 246 247 249 250 254 257 258 259 261 264 266 270 272 273 274 278 280 284 288 291 293 294 298 300 301 307 311 314 318 320 323 328 332 336 337 340 344 347 351 354 356 358 360 364 366 370 373 377 378 380 384 387 389 392 395 397 398 400 402 405 406 407 412 416 420 424 425 429 435 436 440 444 445 446 447 
22 29 33 37 43 46 54 58 62 63 64 65 71 73 79 83 87 88 90 96 98 102 106 107 112 114 117 120 122 124 126 129 134 135 138 140 145 148 150 153 157 159 160 165 168 170 173 175 181 182 187 188 192 195 196 200 204 206 210 213 214 216 218 222 224 227 230 231 233 237 240 244 248 249 253 257 258 261 265 267 271 274 278 279 280 284 288 290 294 298 302 303 304 305 306 309 312 314 316 317 318 320 324 326 329 334 338 340 343 348 351 352 355 360 364 367 369 372 373 376 380 381 383 385 388 391 394 399 401 403 406 410 411 412 414 415 417 421 426 428 432 437 438 444 446 450 454 455 
26 31 36 41 46 47 58 62 65 66 70 73 75 76 81 85 90 92 95 97 100 105 108 112 115 118 119 124 127 128 132 133 136 138 139 142 147 150 151 156 158 160 161 169 170 172 175 178 185 186 189 190 195 199 203 206 209 211 213 217 219 223 225 228 231 233 237 239 241 245 247 251 253 255 257 261 262 263 267 269 273 277 281 282 286 289 293 294 295 300 305 309 311 313 314 318 320 324 325 329 333 336 339 340 344 346 347 350 351 355 356 359 362 365 368 369 372 373 376 380 383 387 390 394 398 401 403 406 407 408 412 416 419 421 424 428 430 432 433 434 436 441 442 446 450 451 456 457 
28 35 39 44 47 50 62 64 66 68 74 78 82 84 86 88 91 96 98 101 102 108 109 113 119 120 121 128 132 134 136 139 143 147 148 152 156 158 159 163 166 169 171 172 174 178 179 181 187 190 194 198 200 202 206 208 212 216 218 221 225 227 230 234 235 238 242 243 245 246 250 255 257 259 260 262 265 266 268 273 276 279 284 288 292 296 298 302 303 307 308 310 315 316 320 324 327 331 333 334 335 340 342 345 347 351 353 357 359 361 365 369 370 371 375 376 377 381 384 388 389 392 395 398 399 404 406 409 412 416 418 420 422 423 426 429 434 438 442 444 448 450 453 456 458 459 460 464 
31 37 40 45 48 52 65 68 71 73 77 80 83 87 90 91 94 99 102 105 106 111 114 115 120 123 125 129 135 138 141 144 146 149 152 155 157 162 166 169 171 173 176 178 181 184 185 189 191 194 195 202 204 205 208 210 213 220 223 224 228 231 234 235 239 243 246 247 248 250 251 257 259 262 266 267 268 269 271 275 278 283 287 291 294 297 301 305 308 309 312 315 316 318 322 327 329 334 335 336 337 342 343 348 351 353 357 358 361 365 367 370 372 374 378 381 382 385 388 392 394 396 397 399 403 405 408 413 414 417 422 426 430 432 435 437 441 444 448 450 454 458 459 463 464 468 471 473 
32 40 43 46 51 53 67 72 76 77 81 82 86 88 94 95 96 103 104 108 109 115 118 122 125 128 131 134 136 140 144 146 148 152 156 158 159 163 169 172 173 176 177 179 183 186 188 191 194 195 198 204 207 208 211 213 216 223 224 227 229 235 237 240 241 245 249 252 253 255 259 260 261 266 268 269 272 276 279 282 284 287 288 294 296 301 304 309 310 313 316 320 321 324 328 332 333 335 337 339 342 344 348 351 355 356 359 361 365 369 371 375 378 381 383 386 389 392 393 394 398 401 403 405 407 411 412 417 418 419 424 428 433 437 440 441 444 445 449 454 458 461 463 464 468 470 475 479 
33 44 45 47 54 57 71 74 78 79 85 87 88 89 98 101 105 107 109 112 114 117 122 123 129 130 133 138 141 144 145 149 150 154 158 162 165 168 172 174 176 180 181 183 184 187 189 195 198 200 202 206 209 212 215 216 217 227 228 230 234 239 243 244 248 251 252 253 254 257 263 267 268 271 272 275 279 282 286 289 290 293 295 297 298 303 305 312 313 317 321 323 327 328 330 333 337 340 341 342 343 348 349 355 358 361 365 367 368 370 373 377 379 382 385 389 390 396 400 403 407 409 410 412 414 415 419 421 423 424 425 429 434 439 442 444 447 449 452 458 460 463 466 470 472 475 478 483 
35 48 49 53 57 61 72 76 81 83 86 89 91 92 101 103 106 110 114 117 119 120 126 130 131 132 137 142 146 148 150 151 153 156 159 165 168 172 174 177 178 183 186 188 191 195 198 202 203 204 206 208 212 216 220 222 226 229 233 236 239 243 247 249 253 254 256 258 260 261 265 270 271 274 278 281 285 289 292 293 296 299 303 305 307 310 312 315 319 323 325 329 333 335 339 343 346 349 352 356 359 360 363 367 368 371 372 374 378 379 382 383 386 387 390 391 395 400 401 407 411 415 417 421 422 424 426 428 432 435 439 443 447 450 451 455 457 459 463 466 468 470 473 477 480 483 485 488 
39 51 55 59 61 64 73 80 83 85 90 92 96 98 102 105 108 112 115 120 124 128 129 133 136 140 142 146 150 152 153 155 157 161 163 167 169 175 177 178 181 184 190 193 195 199 203 207 211 212 213 215 217 221 223 227 228 232 237 241 245 246 251 254 256 259 263 266 268 269 271 272 275 279 282 286 290 294 298 299 303 307 308 309 311 312 313 318 321 327 330 332 334 338 340 347 348 352 353 360 361 363 367 369 370 372 376 377 382 386 390 392 394 395 396 399 403 406 408 412 414 418 421 425 426 430 434 437 441 443 444 448 449 451 455 458 460 461 466 469 472 475 476 479 481 486 488 492 
42 52 58 62 65 67 76 82 85 88 93 95 98 99 105 108 111 114 118 124 128 132 136 137 141 144 145 148 152 155 159 163 165 167 171 174 175 176 180 183 184 186 194 196 200 203 206 211 214 217 218 222 225 229 232 235 238 239 240 243 249 250 255 256 260 261 265 269 271 274 276 279 283 287 291 294 295 297 300 302 304 311 315 317 320 322 325 329 331 332 333 337 338 342 345 351 353 356 358 364 367 370 373 377 379 381 383 387 388 392 394 398 402 406 409 412 415 417 418 419 423 427 429 431 435 438 439 441 445 447 449 452 454 456 457 460 461 462 467 471 475 476 478 482 483 487 492 495 
43 53 60 65 68 72 80 83 87 91 94 97 99 101 108 112 116 118 119 127 131 135 139 142 144 147 151 153 155 156 160 164 168 170 173 178 180 182 186 189 192 195 199 203 207 208 210 213 215 220 224 228 230 231 236 238 240 244 247 248 251 254 257 259 264 267 269 271 275 276 277 281 285 288 293 297 298 300 304 308 312 316 319 322 326 330 331 334 338 340 341 343 347 351 353 355 356 358 362 367 368 374 376 378 382 383 386 390 394 396 397 401 404 409 413 415 418 420 423 426 428 429 431 434 439 443 444 445 448 450 453 456 457 458 462 466 469 473 476 480 481 482 485 486 488 490 495 496 
44 54 61 69 73 77 82 87 88 92 97 98 102 105 111 116 118 120 124 131 133 136 140 146 150 153 155 158 162 166 170 173 177 178 181 183 186 188 189 191 194 196 202 206 209 210 214 215 219 223 228 230 234 237 241 242 243 247 251 254 255 259 262 264 268 270 271 274 278 280 281 283 289 292 297 301 302 305 307 311 316 317 323 327 328 332 334 337 342 343 345 347 350 352 354 356 358 360 365 369 372 375 380 384 386 388 390 394 397 398 402 403 406 413 417 418 419 423 425 430 433 435 438 439 441 447 450 454 457 460 461 462 466 467 469 473 476 478 479 483 487 489 492 496 500 501 504 506 
45 58 63 72 74 78 85 88 90 96 98 99 106 109 114 119 123 127 129 133 135 138 142 150 152 157 159 160 166 170 174 175 179 181 184 186 190 192 196 197 200 203 204 210 213 216 217 218 221 226 232 236 239 241 244 246 250 254 257 259 263 266 270 271 274 278 279 281 282 283 284 287 290 294 301 302 303 307 311 312 319 323 327 329 332 334 335 340 344 345 347 351 355 359 361 363 367 370 374 378 382 384 388 390 391 392 393 395 398 402 406 408 410 415 421 423 426 428 429 433 435 438 442 446 447 448 451 455 458 462 464 466 469 470 474 476 479 480 482 486 488 493 495 498 502 504 507 511 
46 61 65 73 77 80 88 92 96 98 101 104 110 111 116 122 127 128 133 136 138 140 144 151 156 161 164 167 170 172 178 181 184 185 189 192 196 198 201 205 206 208 209 214 216 220 224 225 229 230 236 239 242 243 247 251 255 258 261 264 266 267 271 275 277 280 282 285 289 290 293 297 298 301 304 308 309 310 315 319 320 325 330 333 336 338 341 344 346 349 350 353 356 361 365 369 371 372 378 379 384 387 391 394 397 400 402 406 409 413 416 418 420 424 426 430 434 438 440 444 447 448 451 452 455 458 460 462 464 465 467 470 474 477 480 482 486 487 490 491 495 498 499 502 503 508 512 514 
50 64 66 75 78 81 90 93 97 100 102 106 112 114 120 124 129 133 135 139 143 144 147 152 160 165 166 168 173 174 179 183 187 189 191 195 200 202 204 209 211 213 216 219 220 223 227 230 232 233 239 240 245 247 251 255 259 260 264 267 271 274 275 279 283 285 288 289 292 293 296 301 305 309 312 313 316 318 320 323 325 329 331 335 337 341 343 348 350 352 353 357 358 362 366 371 374 377 381 383 385 390 395 397 401 405 407 411 415 419 421 424 428 432 433 436 440 443 445 446 448 452 456 457 461 463 465 469 471 473 477 480 483 487 489 491 495 497 500 503 505 509 510 513 515 518 520 524 
52 67 71 79 81 84 91 96 98 102 104 110 113 117 122 128 132 134 136 140 144 148 150 153 164 169 172 175 178 182 186 189 193 197 201 205 206 210 212 215 218 222 225 226 227 229 231 233 237 241 244 246 250 251 254 258 262 264 266 271 275 279 281 283 285 288 289 290 296 300 303 307 310 311 315 317 318 321 325 326 327 332 335 339 340 344 348 351 355 356 357 361 365 369 373 376 379 382 385 386 387 392 398 401 405 409 413 415 417 423 425 429 433 437 439 442 446 450 452 454 457 459 462 463 465 467 471 474 476 479 482 483 486 489 493 496 500 503 507 508 511 513 515 516 517 521 523 525 
54 71 74 81 82 86 95 98 101 104 106 112 117 121 123 130 135 138 142 145 149 150 152 156 166 171 174 179 182 185 187 192 197 200 202 209 211 212 213 217 221 224 229 230 232 236 238 241 244 248 251 252 254 258 260 264 267 271 273 277 278 283 287 290 291 293 295 296 299 301 306 311 313 317 320 321 324 328 332 335 338 340 341 343 345 349 351 353 356 359 363 364 369 373 375 379 383 386 388 391 393 395 400 404 409 410 416 420 422 424 426 433 437 438 440 444 450 452 453 458 462 465 468 471 474 478 479 480 483 487 489 491 495 499 500 502 503 506 510 513 514 516 519 520 524 525 527 528 
56 73 75 83 85 90 99 102 105 106 108 113 121 122 127 132 137 141 146 149 150 152 156 157 169 172 175 182 183 189 190 196 201 203 205 211 213 214 217 219 223 225 233 235 236 239 241 244 246 249 254 257 258 261 262 266 270 274 275 278 280 284 291 293 297 298 302 304 308 310 312 314 317 318 323 327 330 331 336 339 343 344 347 348 349 352 355 356 359 363 366 368 372 377 378 383 385 387 392 393 394 398 402 406 411 412 420 424 426 427 431 435 438 441 444 447 454 458 459 463 466 468 472 473 476 481 482 484 488 492 495 496 500 504 505 506 509 513 516 517 520 523 526 528 529 532 536 538 
58 77 78 86 88 92 103 106 107 111 114 116 125 129 130 134 141 142 148 153 157 161 163 167 171 174 177 184 188 190 193 200 203 205 209 214 217 219 223 225 228 231 236 238 239 242 246 249 250 251 258 262 264 268 272 275 279 282 284 285 289 292 293 296 300 303 307 310 314 318 319 322 325 326 329 332 335 338 339 343 344 348 350 354 355 356 358 359 361 366 367 372 374 380 383 386 389 393 394 396 398 402 404 409 415 417 423 425 428 431 433 438 442 446 449 453 457 461 465 469 471 472 473 475 477 485 488 492 496 497 500 504 505 507 511 512 513 514 520 523 525 526 530 531 535 537 538 540 
62 80 81 87 91 93 104 107 109 113 118 121 126 130 133 138 145 147 152 156 160 163 167 168 174 178 180 186 189 193 196 203 206 209 213 216 221 222 227 229 231 233 237 239 242 244 248 253 255 256 260 264 267 270 276 277 283 287 288 292 296 298 299 300 303 307 311 314 318 321 324 327 329 330 333 336 337 339 342 344 345 352 353 356 359 361 363 365 366 367 371 376 377 384 388 389 393 394 395 399 400 404 408 413 418 420 424 428 429 433 434 440 446 450 453 457 459 463 467 471 475 476 477 478 480 487 492 496 497 501 505 507 508 509 514 517 519 522 526 528 529 533 536 539 541 542 546 549 
64 83 85 90 92 97 105 111 112 116 120 123 129 134 136 141 149 150 154 157 163 167 169 173 177 182 186 189 191 194 199 204 207 211 215 218 222 223 229 230 234 238 241 244 247 248 250 256 260 263 264 267 268 274 279 280 287 288 290 295 299 300 304 307 309 311 313 315 319 325 329 331 332 333 336 339 342 343 345 349 351 353 354 359 362 363 365 366 370 374 377 379 382 387 390 393 397 398 399 400 404 406 411 417 421 423 428 432 433 434 437 443 448 451 456 458 460 464 469 472 478 480 484 485 489 490 495 498 502 505 508 510 514 517 521 523 525 527 529 533 537 541 545 547 548 549 552 553 
68 87 91 93 97 99 106 113 117 120 123 125 132 138 141 142 153 155 159 161 167 170 172 177 181 183 187 192 194 198 203 205 208 213 219 223 225 229 233 235 237 239 242 247 251 254 257 260 263 265 266 271 275 277 283 287 289 290 293 296 301 304 306 308 313 316 317 321 323 326 330 332 333 336 340 344 348 352 353 354 357 359 361 365 368 369 373 377 380 383 384 388 389 392 395 398 401 404 407 408 411 415 418 420 425 428 432 436 440 443 447 450 454 456 458 460 464 467 473 477 482 485 486 489 490 494 498 499 504 507 511 514 517 519 524 526 528 532 535 536 541 542 549 553 556 559 560 562 
69 88 93 94 98 100 107 116 120 123 126 130 135 141 144 148 157 161 163 167 169 173 177 178 184 186 189 195 199 201 205 206 210 216 221 227 228 232 236 237 238 243 246 248 254 255 259 261 267 270 272 273 277 280 287 290 291 295 297 299 304 306 309 311 317 319 323 326 329 330 332 335 339 340 344 345 350 356 357 361 363 367 370 372 375 377 378 379 382 386 388 390 393 396 400 403 404 407 409 411 412 418 421 423 428 432 433 438 441 446 451 452 457 458 462 466 470 471 477 478 483 487 490 493 497 498 499 500 508 512 514 516 521 522 528 532 536 537 538 539 544 545 552 556 558 563 565 567 
73 91 94 97 101 105 110 120 124 125 129 132 137 142 145 151 161 162 167 171 175 176 181 183 187 191 192 199 200 205 209 211 212 218 224 231 233 234 239 241 242 244 250 254 258 262 263 264 270 273 274 278 280 282 291 294 298 300 301 305 308 310 311 315 318 320 327 328 331 334 338 342 343 346 349 350 353 357 361 364 367 369 373 376 378 382 386 389 390 393 394 395 398 399 404 405 408 411 414 415 419 423 426 430 434 436 437 441 443 448 454 457 459 461 466 469 473 477 481 482 487 491 494 495 498 502 503 504 512 516 518 521 524 526 529 533 538 541 545 547 550 551 553 558 559 564 568 572 
76 92 97 98 102 108 113 121 128 130 132 133 140 143 148 155 162 166 168 172 179 182 185 189 193 196 198 202 204 207 210 213 215 221 228 235 238 239 242 245 247 250 254 256 260 266 270 273 276 277 279 282 285 289 295 299 300 301 305 306 310 311 315 316 319 324 330 333 335 336 342 343 347 350 354 358 362 365 367 368 371 373 377 378 381 386 389 390 393 394 395 399 400 402 407 411 413 414 416 417 421 426 428 432 438 442 445 447 450 451 458 461 463 467 469 471 477 480 484 486 491 492 496 497 500 506 509 513 515 517 521 523 525 528 533 534 539 542 546 551 552 553 556 561 564 568 570 573 
80 95 100 101 105 110 115 123 129 132 136 138 141 147 151 159 165 167 172 174 183 187 190 193 196 199 200 206 210 212 213 215 217 224 229 238 240 244 245 246 249 251 257 261 264 270 271 275 278 282 285 289 290 291 299 303 304 306 309 313 317 320 323 325 328 332 336 339 341 344 345 349 351 355 358 362 364 369 370 371 374 378 379 381 383 390 391 393 396 398 400 401 405 407 408 414 415 417 418 421 424 429 431 433 441 443 448 450 452 453 461 463 464 471 475 476 480 481 487 488 495 496 497 498 504 507 512 514 517 519 524 525 528 532 536 537 541 544 549 555 558 559 561 562 567 572 574 576 
81 99 103 104 109 111 118 125 130 133 137 142 145 151 155 162 166 168 175 176 187 189 191 197 201 205 208 212 213 216 218 220 224 226 232 242 244 247 250 251 254 257 258 265 269 271 272 278 280 286 288 290 291 292 301 304 305 310 311 317 319 323 324 326 331 334 339 341 344 345 349 350 353 359 361 365 368 370 374 378 379 382 383 387 389 392 396 400 402 406 408 412 413 414 416 417 421 425 429 430 434 435 439 441 443 447 449 454 458 462 466 470 474 478 481 483 484 485 489 492 498 501 505 509 511 512 516 520 524 527 531 532 535 537 541 543 547 550 552 559 560 564 565 568 571 575 579 580 
82 102 105 106 111 113 120 128 134 135 141 146 148 155 157 163 168 170 177 178 190 192 193 200 204 207 209 214 215 219 221 225 229 232 235 246 250 252 255 256 259 261 265 267 271 274 277 282 285 287 289 293 297 300 302 308 312 313 317 320 321 326 330 334 337 338 342 344 347 350 354 356 357 363 365 368 372 374 375 382 386 390 393 397 398 400 402 406 410 413 416 418 421 422 425 428 431 435 438 442 446 450 451 454 456 459 462 465 466 467 471 474 476 481 485 489 493 495 496 498 502 504 506 511 514 516 519 521 528 530 533 537 540 543 547 549 551 555 557 563 565 567 571 572 575 578 580 581 
86 104 107 108 113 115 122 132 136 139 145 148 149 157 161 166 169 173 179 182 193 196 198 204 205 210 211 215 217 223 227 230 232 235 237 250 252 255 259 260 261 262 269 273 274 276 280 286 288 291 294 297 298 303 304 312 316 318 321 322 324 329 331 337 341 343 347 351 355 357 361 363 364 366 367 372 373 377 379 383 388 392 394 400 401 405 407 408 411 414 417 420 423 427 428 431 432 437 439 446 450 452 456 458 460 461 466 469 472 476 478 479 483 486 489 490 496 498 500 503 507 510 512 514 515 518 520 524 531 533 535 538 544 548 549 550 552 557 559 565 569 573 575 579 580 584 587 588 
89 108 111 115 116 119 125 135 137 141 146 150 151 160 165 170 171 176 182 186 194 197 202 208 211 213 214 216 221 225 231 235 238 242 246 251 254 257 260 262 266 269 273 275 277 281 284 288 292 296 300 301 303 307 309 316 318 321 323 324 327 332 334 341 343 347 351 352 359 360 364 367 368 370 371 376 378 380 384 387 390 395 397 401 402 409 413 415 418 421 422 424 425 431 434 437 438 439 442 450 454 456 459 460 464 467 469 473 477 479 482 485 488 491 494 496 500 502 503 507 511 513 517 521 525 528 531 532 534 536 537 541 547 550 554 557 560 563 565 568 573 577 580 584 587 588 589 591 
90 110 115 116 120 122 128 136 139 143 150 151 155 163 167 172 174 178 186 187 196 198 206 211 215 219 222 224 228 232 236 239 243 244 249 254 257 258 264 268 270 272 276 278 282 283 287 290 293 300 302 305 308 312 314 317 322 323 326 327 328 334 337 344 345 348 354 358 360 363 365 370 374 375 376 379 380 381 385 388 391 397 398 403 407 410 415 417 422 425 428 430 433 434 435 440 444 448 450 453 458 462 464 465 469 470 474 477 480 482 485 486 491 494 497 501 503 505 509 512 513 517 518 522 527 530 533 536 537 540 542 546 548 553 558 561 565 568 569 570 576 581 582 586 590 592 595 599 
92 112 118 119 122 126 130 139 143 144 152 156 160 167 170 176 179 183 190 191 199 201 210 213 219 222 226 229 230 234 238 241 246 248 251 257 261 265 266 271 275 277 280 284 286 288 291 293 297 303 304 306 311 314 318 320 324 328 331 335 339 342 345 349 351 352 357 360 364 367 370 373 376 377 381 384 385 389 391 395 397 398 399 406 410 412 419 423 425 427 429 432 436 439 443 447 450 452 453 454 462 466 470 474 477 478 480 484 486 487 489 493 497 499 501 502 505 506 511 516 518 519 523 525 531 535 537 539 542 544 546 549 550 557 562 566 570 571 575 579 582 586 587 591 595 597 599 602 
94 113 119 121 126 128 132 143 145 149 153 157 164 170 172 179 181 187 193 196 201 205 211 215 223 225 230 232 234 235 239 243 247 250 255 259 264 266 267 273 279 282 284 288 291 294 298 302 304 305 307 309 314 316 319 322 326 329 333 336 341 344 348 352 356 359 360 364 367 371 374 378 382 384 388 392 396 397 398 399 403 404 408 412 413 417 423 424 426 431 433 436 439 440 446 448 451 454 456 457 465 468 472 475 480 483 486 490 491 493 497 499 503 506 507 509 513 516 520 522 524 525 527 529 532 539 543 547 550 553 554 558 561 562 566 568 572 574 577 581 586 588 592 595 596 600 603 606 
97 115 122 125 129 133 137 147 151 152 155 158 167 173 174 181 184 189 197 199 204 207 214 219 227 228 233 237 239 243 246 248 251 254 259 263 265 268 271 275 283 286 287 289 293 296 299 304 308 309 313 314 315 318 322 324 328 333 336 338 343 348 352 356 360 364 366 368 371 374 376 380 384 385 390 395 399 403 404 407 410 413 415 419 420 421 425 428 430 435 438 439 443 445 449 453 456 457 458 462 466 469 475 479 481 487 488 492 495 498 501 503 504 510 514 516 520 522 525 526 529 532 535 537 538 542 545 551 552 556 557 560 565 566 569 573 575 576 580 584 587 592 593 596 599 604 607 610 
99 118 125 127 131 135 141 150 152 155 159 160 168 177 180 185 189 190 198 200 207 210 216 223 231 235 236 239 240 244 249 251 254 258 262 267 269 272 274 277 284 287 288 290 297 299 302 308 309 311 317 319 320 323 324 328 329 335 339 342 344 352 356 359 362 365 368 370 375 377 380 384 388 390 391 396 403 406 409 411 413 417 419 421 425 427 431 435 438 442 444 445 446 450 454 457 458 460 463 464 467 472 479 480 483 491 493 497 500 503 504 508 510 514 518 522 526 530 532 536 538 542 546 550 552 555 557 561 565 567 568 571 572 574 578 579 581 584 585 587 591 594 596 597 602 608 611 615 
102 120 129 132 134 136 143 151 153 158 162 165 171 181 184 187 193 197 201 205 211 215 220 227 232 239 241 243 245 248 251 253 255 259 263 268 270 274 276 279 285 289 291 293 298 302 303 312 314 318 321 322 323 324 326 332 336 337 342 346 347 354 358 363 367 369 373 377 378 379 382 386 392 394 398 399 405 407 410 415 416 421 423 426 427 431 432 438 440 443 445 446 449 452 456 461 465 466 467 469 471 476 483 486 490 492 494 501 504 505 507 509 511 515 521 523 529 532 533 540 542 545 547 554 555 558 562 564 566 568 572 574 577 581 583 585 588 592 595 597 598 600 602 604 607 609 615 617 
105 123 131 136 139 141 144 154 155 160 165 167 172 185 188 191 196 201 202 208 215 216 224 228 234 242 245 246 247 250 254 258 259 261 267 269 273 275 279 282 286 292 293 294 302 305 308 316 317 319 325 326 329 330 332 335 340 341 344 348 351 357 360 364 368 370 377 378 379 383 387 390 394 397 401 404 406 410 411 419 422 424 427 430 434 437 438 442 443 447 449 453 454 456 458 462 467 469 471 473 474 480 485 490 493 495 496 505 509 511 515 518 521 523 526 530 534 538 542 546 547 548 551 555 557 562 564 566 569 573 575 577 580 583 584 586 589 596 600 601 605 609 612 614 615 617 620 622 
107 124 134 138 142 145 146 156 158 161 168 169 174 189 190 192 199 202 203 212 216 217 226 231 236 243 246 248 252 254 257 260 262 265 268 272 275 277 280 283 288 293 294 298 306 309 312 320 321 325 327 328 333 335 339 342 344 346 347 350 354 361 363 365 369 371 381 383 386 389 391 394 397 398 404 408 411 413 417 422 423 426 431 433 437 440 442 444 445 449 453 456 460 462 465 466 468 473 477 481 485 487 490 492 497 501 503 509 513 514 516 520 523 525 529 532 536 541 543 548 550 552 556 560 562 564 568 570 574 576 577 578 584 588 589 592 596 600 604 605 608 612 614 617 619 621 622 624 
111 127 138 142 146 148 151 158 159 162 170 171 178 193 194 195 200 205 208 216 220 222 229 235 237 247 249 251 254 258 261 263 265 266 271 274 278 280 281 286 292 295 297 299 310 312 314 323 327 330 331 333 336 340 341 345 346 349 351 353 356 364 365 366 373 374 383 384 389 390 395 396 399 400 406 410 414 417 420 425 427 428 434 435 439 442 443 447 451 454 458 459 462 464 468 469 473 477 478 484 488 491 493 494 498 505 507 511 515 518 522 523 527 529 532 535 539 542 547 552 556 557 560 563 567 570 572 575 576 580 583 587 591 592 593 594 598 602 607 609 613 617 618 619 622 624 626 627 
113 130 142 143 148 151 153 162 165 167 171 173 181 195 196 197 203 209 210 217 224 225 233 238 241 248 253 257 261 263 267 268 270 274 277 279 282 285 286 289 295 299 301 302 311 314 318 324 331 335 337 340 341 343 345 348 351 353 357 359 362 367 368 369 375 379 387 389 392 396 399 402 405 409 411 413 415 420 421 426 431 435 437 439 443 446 450 451 452 457 460 463 467 468 472 474 475 481 485 487 491 494 497 499 500 507 510 515 518 522 524 526 531 532 536 540 543 546 550 556 559 560 563 567 569 573 574 577 580 584 587 590 593 597 601 602 605 608 609 610 616 621 623 626 629 630 632 633 
117 132 143 147 151 154 157 166 169 173 175 178 185 198 200 201 204 211 214 218 226 229 235 240 242 251 257 258 263 266 271 274 275 277 278 282 283 289 292 294 298 301 304 306 315 317 319 328 333 339 342 344 345 347 351 354 356 359 360 361 364 368 370 371 378 382 391 393 396 397 402 406 409 411 414 415 418 422 425 429 433 437 441 444 447 451 452 453 456 461 465 466 471 474 478 480 483 485 486 490 494 498 500 504 508 511 514 519 520 525 529 531 532 535 537 544 545 550 551 559 560 564 566 569 572 577 578 579 584 587 591 592 596 600 602 606 609 611 613 616 619 622 626 630 632 636 637 638 
121 134 145 150 153 156 158 170 172 175 177 182 186 202 206 209 210 215 216 220 230 232 238 242 246 253 260 261 267 271 275 279 283 284 286 289 293 296 299 300 303 306 308 311 316 321 323 329 337 342 345 347 350 353 356 360 362 363 366 367 370 374 376 378 381 385 394 396 399 400 406 410 411 414 418 422 424 425 426 433 437 440 445 447 448 454 458 462 464 465 467 470 473 476 481 482 484 488 491 493 497 501 504 507 511 513 517 522 523 529 532 536 538 539 540 546 547 551 555 561 562 565 568 573 575 581 584 587 589 591 595 598 599 602 606 607 610 613 616 617 620 626 628 632 634 637 639 643 
124 135 146 153 155 157 160 172 174 176 179 185 190 206 208 212 213 216 218 221 231 233 241 245 248 257 261 262 269 275 278 281 285 286 290 294 298 301 305 307 308 310 314 315 317 322 325 332 340 343 347 351 352 357 359 363 364 368 370 371 372 378 379 382 384 389 397 399 400 402 408 414 417 420 422 425 426 430 434 438 441 442 449 451 455 458 461 463 466 469 470 474 475 478 483 487 489 492 495 498 501 504 506 510 513 516 518 523 527 532 534 537 542 546 550 552 556 557 559 563 567 568 572 574 576 582 586 588 592 594 599 600 603 606 607 609 611 617 618 620 621 630 631 633 635 638 643 644 
127 138 150 154 156 161 162 174 175 178 180 187 194 209 211 215 217 221 222 226 232 237 243 247 250 259 262 266 273 277 280 282 287 289 293 297 302 303 307 308 312 315 317 318 320 323 328 333 342 347 351 352 353 358 360 366 369 371 372 375 378 379 382 384 385 390 399 401 402 406 411 416 421 423 427 430 433 434 437 439 442 443 452 453 456 462 464 465 469 472 475 478 480 481 486 489 491 493 498 502 504 508 509 514 515 518 522 527 529 536 538 540 546 550 552 554 557 558 560 565 569 570 575 578 582 585 590 591 596 598 602 603 607 611 615 616 619 621 624 627 630 634 638 639 642 646 649 651 
129 139 153 158 162 165 167 178 182 183 185 190 197 213 215 218 222 224 228 232 236 238 245 250 251 261 265 267 276 281 282 285 290 292 297 299 304 308 311 313 315 318 322 326 329 331 335 338 344 348 352 353 356 359 362 368 370 372 376 380 384 385 389 391 394 396 401 403 404 407 414 420 424 427 430 433 436 437 440 441 443 446 454 457 460 463 468 471 472 475 477 480 481 482 488 490 495 497 501 504 505 509 513 516 517 521 523 531 532 537 542 543 549 554 558 561 562 566 568 569 570 573 576 582 583 588 594 598 601 605 607 608 610 614 618 620 621 625 628 631 635 637 640 642 645 650 652 655 
131 140 156 161 164 166 170 181 183 185 187 193 200 216 217 221 226 228 231 235 239 240 249 254 255 265 269 273 279 284 286 288 293 295 299 302 306 309 313 314 319 320 325 330 334 336 340 344 348 350 356 359 363 365 367 372 376 378 380 383 386 387 392 393 397 400 402 404 406 411 416 423 426 429 434 437 440 444 446 449 453 456 458 461 462 466 472 476 477 480 481 482 485 488 491 492 499 502 503 508 510 514 518 521 522 524 528 533 534 541 546 547 550 556 559 564 567 568 572 574 575 577 578 586 587 590 598 602 605 609 612 613 617 618 621 623 627 629 632 633 636 641 644 645 646 654 655 659 
134 141 157 162 166 170 172 182 187 189 190 196 204 217 218 222 228 232 234 238 241 243 250 258 262 266 272 274 280 285 289 291 294 297 302 306 310 314 315 316 321 323 329 331 335 339 342 345 352 353 359 362 365 367 370 375 377 381 382 386 389 392 396 400 404 405 408 412 414 416 419 425 428 430 438 441 443 446 449 452 454 460 464 466 468 472 476 478 481 484 487 490 492 493 496 499 503 507 511 513 516 520 521 522 524 526 529 535 538 545 549 553 555 558 560 568 571 575 576 577 578 581 583 587 588 594 599 606 607 612 614 615 619 623 625 627 629 633 637 638 641 642 647 648 651 658 662 665 
138 144 158 163 167 174 177 186 188 190 194 198 208 221 223 224 231 235 238 240 244 247 251 260 265 268 275 278 284 289 290 294 295 299 303 309 314 315 318 321 323 327 330 332 336 341 343 348 354 358 362 363 367 370 373 376 381 384 387 389 393 396 400 404 406 408 410 415 418 420 423 426 429 431 441 445 449 450 453 455 456 462 468 469 471 475 479 482 485 486 490 491 495 498 501 502 505 510 512 517 521 522 525 529 532 533 534 538 542 549 553 556 559 562 564 571 574 578 579 582 585 587 588 589 593 596 600 609 612 613 616 620 622 627 630 634 637 638 639 641 642 645 650 652 653 662 666 668 
142 146 161 166 170 177 181 187 189 192 196 202 211 222 224 228 235 237 239 241 247 249 252 262 266 272 278 279 288 292 294 296 298 302 306 312 315 319 322 326 330 334 338 340 341 345 347 352 356 360 365 367 369 371 374 378 382 388 390 392 397 401 404 406 410 411 415 419 420 422 426 428 433 435 445 447 451 454 455 456 460 463 469 471 474 479 482 485 486 487 493 496 497 502 503 506 507 511 515 519 524 528 529 530 533 534 535 539 546 553 555 558 562 564 566 575 579 583 585 587 589 591 595 596 600 601 605 611 614 615 620 623 626 630 634 637 639 643 644 645 647 651 652 655 659 664 667 671 
145 147 165 168 172 181 182 191 193 196 198 205 214 224 225 232 239 242 246 248 252 256 259 265 269 273 279 280 291 294 295 300 301 304 310 314 317 321 326 330 331 336 341 345 347 350 353 356 359 361 368 371 372 374 378 382 384 392 396 400 404 407 411 413 414 418 420 424 428 429 431 435 438 439 449 450 454 457 459 460 464 466 471 473 475 482 486 490 493 495 497 499 503 506 509 511 514 515 516 523 527 531 532 536 540 541 545 549 550 554 557 562 565 568 570 577 582 584 586 591 595 599 602 606 609 612 614 616 620 624 627 629 631 635 639 643 647 649 653 655 659 662 666 667 671 673 674 676 
149 152 169 173 175 185 188 195 197 199 202 209 216 227 229 236 241 244 247 250 255 260 263 267 271 276 280 283 294 297 299 304 308 312 314 318 322 326 327 331 335 337 345 348 352 353 357 359 362 366 369 375 377 379 382 385 386 396 397 404 406 411 412 414 416 420 421 427 430 433 437 441 443 444 453 456 458 461 463 466 469 470 473 475 478 485 489 491 496 500 502 505 508 510 511 512 517 520 524 528 531 535 539 543 547 549 552 554 557 561 565 569 573 574 577 581 583 586 590 594 599 600 606 609 612 613 617 621 623 628 629 632 633 639 642 646 651 655 656 660 664 668 672 673 677 680 682 686 
150 153 171 175 179 186 191 198 202 203 205 210 220 229 230 240 245 249 251 252 259 263 265 268 272 277 283 285 295 301 303 308 311 314 315 322 324 328 331 335 336 339 346 350 354 357 358 363 367 368 370 378 382 383 384 388 392 397 401 406 409 413 417 420 421 423 427 431 434 437 441 445 449 450 457 460 464 467 468 471 475 479 481 483 487 488 491 493 500 504 506 510 513 517 520 523 524 525 527 532 533 536 540 547 548 551 553 557 558 562 566 570 575 576 578 585 589 590 593 597 602 604 609 611 615 618 620 622 625 632 636 638 640 644 648 650 654 657 659 664 666 672 676 680 684 688 692 693 
152 156 174 177 181 187 193 200 205 206 209 213 223 232 233 241 247 253 254 256 261 264 267 272 273 280 285 289 298 302 305 311 314 318 322 323 328 332 336 339 340 343 348 351 357 361 365 367 370 372 374 379 384 388 391 394 398 400 405 410 413 414 421 423 424 428 431 432 438 442 444 446 450 452 460 462 468 469 470 473 476 480 483 486 489 492 494 495 504 508 512 516 517 520 522 524 527 528 529 533 537 540 543 549 550 555 557 558 562 563 570 572 579 583 587 591 595 597 600 602 603 605 612 615 617 621 622 626 630 634 637 640 644 648 649 653 655 659 661 667 670 674 680 683 688 689 693 694 
154 158 175 179 185 190 196 204 207 209 213 215 225 236 237 245 249 257 258 262 264 268 271 273 277 283 286 291 301 304 306 312 316 322 326 329 332 335 340 342 344 347 349 352 359 363 368 371 375 379 381 384 385 392 393 396 399 403 406 413 415 419 422 424 426 429 433 435 439 446 449 452 455 456 461 466 471 474 477 478 482 485 489 492 493 495 499 501 508 510 516 517 520 521 523 527 528 529 531 536 538 542 546 550 553 556 558 560 565 568 574 575 581 586 590 595 598 599 601 603 607 608 616 618 619 623 626 629 634 637 640 644 646 650 651 657 661 664 668 671 674 678 682 684 689 692 694 697 
155 161 179 182 186 193 198 208 210 212 214 216 228 238 242 246 252 258 260 265 269 270 275 279 280 284 290 294 303 305 308 315 318 323 328 331 335 339 341 343 348 351 354 358 361 366 369 374 376 380 382 388 392 394 398 400 401 404 408 417 421 425 426 428 432 435 439 443 447 451 452 455 458 459 465 467 474 475 480 484 485 489 490 495 497 501 505 507 510 511 518 520 523 524 525 528 531 535 538 539 540 545 547 554 558 561 564 567 568 572 576 579 584 589 592 598 599 601 602 607 610 613 617 620 624 627 629 631 637 640 643 647 649 653 657 660 663 665 671 674 676 681 683 688 691 693 697 698 
157 165 182 186 189 196 202 211 213 217 218 220 230 242 245 249 256 260 263 269 270 274 278 282 286 288 294 298 307 308 312 318 319 327 329 334 337 340 345 348 350 353 358 359 362 369 372 375 378 381 385 391 396 399 403 404 406 407 409 420 422 427 428 432 434 438 440 447 449 452 456 458 459 460 468 471 475 479 484 485 488 492 494 497 498 505 506 508 514 516 520 524 528 531 533 536 538 539 541 542 543 546 548 556 560 564 568 569 572 576 580 582 588 593 597 602 605 606 610 611 612 616 621 622 625 630 631 632 640 643 647 648 653 654 661 663 667 671 672 678 679 684 685 689 695 698 699 703 
159 168 183 188 190 200 205 213 217 218 221 225 233 246 250 252 257 262 265 272 276 277 279 286 289 292 298 299 308 312 314 321 325 328 332 336 340 343 347 349 351 356 360 362 363 373 376 377 382 385 389 392 400 402 407 410 413 414 418 422 423 430 431 434 437 439 444 449 453 454 458 461 463 465 469 473 477 481 486 487 489 494 495 498 501 506 508 510 515 517 521 525 531 533 536 537 539 542 544 548 549 553 557 559 564 566 570 573 574 578 583 586 592 594 599 603 609 612 614 617 621 624 626 630 631 634 638 641 642 646 651 653 654 657 663 665 671 674 676 679 682 685 688 691 698 701 704 706 
163 171 187 190 193 203 208 215 221 222 223 229 235 249 254 256 258 265 269 274 279 280 281 287 293 296 300 301 309 316 317 325 328 330 336 337 341 346 350 351 355 360 363 365 369 377 381 384 385 388 393 397 404 408 409 414 417 421 424 428 432 436 438 442 445 447 451 453 457 459 462 466 469 471 475 479 481 485 490 493 497 501 503 504 505 508 511 514 517 521 523 527 533 534 539 541 545 548 552 554 556 558 559 560 568 570 573 577 578 580 584 588 593 598 600 606 612 613 616 618 625 626 628 632 635 636 642 646 648 651 655 658 662 664 667 670 674 675 677 682 685 689 693 694 699 705 706 707 
166 173 191 192 197 206 210 217 222 226 230 234 239 253 257 259 260 268 273 276 283 286 289 293 297 298 303 304 313 319 323 326 329 334 338 339 343 348 351 352 357 361 365 368 371 381 385 389 393 395 396 399 405 411 415 417 420 424 426 432 435 438 440 446 447 448 454 456 458 461 464 468 472 473 477 483 485 489 492 496 499 505 508 509 512 515 517 519 521 525 528 531 535 538 540 542 547 550 555 556 559 563 567 569 572 575 579 580 583 586 589 592 597 599 603 609 614 616 618 621 626 627 629 635 638 642 644 649 652 654 658 662 665 668 672 673 675 677 679 686 688 692 696 699 700 708 711 714 
168 175 192 193 200 210 214 220 224 227 233 237 242 256 258 262 264 269 276 280 284 289 293 297 299 301 304 307 315 321 325 327 333 335 340 343 347 351 354 356 359 365 367 369 373 384 387 390 395 397 400 402 408 413 417 419 421 428 429 433 439 442 445 449 451 454 458 462 465 469 473 477 481 482 484 485 488 490 495 500 503 507 511 514 515 516 518 522 523 528 530 532 536 541 542 543 548 554 556 559 562 567 570 573 577 578 583 584 585 589 591 596 600 604 606 610 617 620 624 625 630 633 636 639 642 646 649 652 656 660 662 664 666 671 675 676 679 683 686 687 690 694 697 701 704 711 712 718 
171 176 195 197 201 212 215 223 226 231 237 239 245 259 262 264 267 271 279 282 285 292 294 298 300 305 309 311 318 325 326 328 335 337 342 347 351 354 358 361 364 367 369 371 376 386 389 394 397 399 403 407 412 414 420 423 425 431 433 436 440 444 447 453 456 458 459 464 466 472 476 481 484 485 486 488 490 494 497 504 505 510 512 515 516 517 520 525 526 530 534 538 542 544 548 549 550 555 557 563 564 569 572 576 580 581 584 587 590 591 595 598 601 605 607 613 618 621 625 626 633 637 640 644 648 652 653 656 657 664 665 667 671 674 677 678 682 684 689 690 694 695 701 705 709 714 715 721 
173 179 196 201 204 215 218 226 227 232 238 242 248 262 263 265 269 274 280 284 286 295 296 301 304 309 313 316 319 326 327 332 338 340 343 351 352 358 362 363 368 370 374 378 382 390 391 398 399 403 406 409 414 417 423 424 426 435 436 438 444 448 450 457 458 460 463 466 470 476 479 482 485 488 492 494 496 500 502 505 507 513 514 519 521 523 525 526 527 532 535 540 544 547 550 552 556 560 563 566 569 571 573 578 581 583 586 591 593 594 596 602 606 609 611 617 621 624 626 627 635 641 643 645 650 654 658 660 661 665 667 669 674 675 678 681 686 688 693 694 697 698 702 708 710 718 719 723 
174 181 197 202 207 218 220 227 231 236 240 246 250 264 266 268 272 275 281 285 289 297 299 302 307 310 316 317 323 330 334 338 342 346 348 353 357 360 366 367 372 376 379 381 383 391 393 399 402 405 410 414 418 421 425 426 427 439 441 442 445 452 455 459 460 461 464 469 472 478 480 485 487 490 494 496 497 501 506 509 513 515 519 523 524 527 528 529 530 534 539 541 546 551 553 555 557 563 567 568 573 576 579 582 584 586 589 593 595 599 601 604 608 613 614 619 625 628 632 636 638 643 647 650 652 658 662 664 667 671 674 676 678 680 682 686 690 692 694 697 701 704 706 710 711 720 724 727 
177 184 201 204 208 221 225 228 232 240 241 249 252 268 269 271 275 277 285 289 292 301 305 306 309 313 320 323 325 334 336 340 346 347 351 354 358 363 369 372 374 377 383 386 389 394 398 401 403 409 413 416 420 425 427 431 434 443 444 445 448 453 457 462 465 466 467 473 476 479 483 489 491 494 496 498 500 505 510 511 515 519 522 524 528 530 534 538 539 542 546 547 550 555 557 561 562 566 571 573 575 580 584 586 590 592 594 595 599 600 603 605 611 617 620 622 628 629 635 639 643 645 650 651 656 659 666 668 669 674 676 679 682 685 687 690 694 697 700 702 704 707 708 714 717 722 726 730 
180 187 203 207 211 225 227 230 236 243 247 252 253 272 273 274 276 280 287 290 295 303 307 310 313 316 323 326 329 336 340 343 348 349 352 357 362 366 372 375 379 382 387 391 394 395 401 403 406 413 416 420 423 429 430 433 437 446 450 454 455 457 461 466 469 471 473 476 479 483 484 493 496 497 500 501 504 506 514 515 519 523 527 528 532 534 538 539 540 545 550 553 554 556 560 564 565 568 573 576 580 581 587 591 594 595 596 599 603 606 609 613 617 618 622 623 632 636 638 642 647 649 652 654 657 662 667 671 672 675 677 683 684 688 690 694 696 699 703 706 709 710 714 717 720 725 728 732 
182 189 204 210 215 228 229 233 239 247 251 255 257 276 278 281 283 284 288 294 296 304 309 311 317 319 327 331 334 339 342 347 350 352 354 361 366 367 376 379 380 386 388 394 397 399 402 407 410 417 419 422 426 432 436 439 441 449 451 456 458 459 463 467 471 472 475 480 483 487 489 496 499 501 505 506 507 509 516 519 523 526 528 529 536 539 542 545 547 550 554 558 560 564 565 568 571 575 578 579 582 585 591 594 598 601 603 604 607 608 610 615 618 619 626 628 633 637 641 644 649 651 656 659 661 665 670 675 678 681 684 687 690 693 696 699 703 705 707 710 713 716 717 719 722 728 732 733 
183 190 205 212 219 230 234 237 243 250 255 257 260 279 280 284 285 289 290 296 297 308 312 313 320 321 329 334 336 340 344 351 354 356 359 365 368 372 378 381 384 388 392 398 400 404 406 409 412 421 422 426 428 435 440 442 443 451 452 457 460 461 466 468 473 474 477 484 487 488 492 498 500 502 508 511 512 515 517 523 526 527 530 531 539 541 544 546 550 551 555 562 564 565 567 569 573 577 581 583 586 590 595 599 602 604 607 608 610 611 615 619 621 622 628 631 637 641 644 647 650 655 657 662 666 667 671 679 682 686 687 690 692 696 699 703 705 708 709 711 716 717 720 724 726 732 733 737 
186 192 206 215 220 232 235 238 244 252 259 260 264 281 285 288 292 294 298 301 302 309 316 318 324 327 333 335 338 341 348 352 355 360 362 369 373 377 382 385 386 389 395 401 402 405 408 410 414 424 427 429 432 439 441 444 445 454 457 459 464 466 469 471 475 479 481 488 491 493 497 499 503 504 512 515 516 519 523 527 530 533 534 538 540 543 547 548 552 553 559 566 569 570 573 575 578 579 585 588 592 596 600 601 604 607 610 614 615 617 618 622 624 626 629 633 639 642 645 649 652 657 660 665 670 671 673 683 686 687 691 694 697 700 704 707 710 713 714 716 717 721 723 725 728 735 739 743 
189 196 208 216 224 233 238 239 247 254 263 265 266 284 286 291 293 296 300 304 306 312 320 324 328 331 337 339 343 347 350 356 359 361 365 371 374 380 383 389 391 394 399 402 405 406 411 414 416 425 430 433 437 443 447 450 452 457 458 462 467 471 473 474 476 480 485 492 495 497 500 501 504 508 513 518 521 523 527 528 532 536 538 539 542 544 550 554 555 559 561 570 573 575 577 579 583 587 588 592 596 598 604 607 609 613 617 618 622 623 624 625 628 630 634 638 641 644 646 651 654 661 665 669 672 675 679 685 688 691 693 698 699 701 705 711 714 718 719 720 722 724 725 727 732 736 740 744 
193 198 211 218 227 234 242 244 249 255 267 268 269 288 291 294 295 298 304 308 312 316 324 325 331 332 340 344 348 349 352 359 360 362 369 375 377 384 387 390 392 398 402 405 406 410 412 415 417 429 432 437 438 445 451 452 454 458 460 466 468 473 475 478 479 484 489 493 499 503 504 506 507 511 517 519 522 524 530 532 534 538 540 541 544 546 551 556 560 563 567 571 575 577 578 582 586 588 591 594 599 602 608 609 610 617 618 621 624 626 627 631 635 638 639 643 646 647 649 655 659 663 666 672 676 678 681 687 689 694 697 699 700 702 706 715 717 721 722 726 729 731 732 734 738 742 746 750 
194 202 215 221 229 237 246 248 251 258 269 272 274 291 292 298 302 304 307 310 315 317 325 326 335 336 341 347 352 353 356 363 367 371 375 377 379 387 388 393 396 402 403 407 408 412 413 418 422 430 435 439 442 447 452 455 459 461 465 470 474 477 481 482 485 487 492 494 503 507 509 512 516 519 522 526 529 531 532 533 536 542 545 546 548 551 555 557 562 567 569 573 578 581 584 586 590 592 594 596 600 605 612 616 620 622 625 627 629 630 633 636 637 641 642 647 650 654 656 659 661 666 668 675 680 681 682 691 694 697 699 700 701 704 708 717 719 722 726 730 731 734 736 737 739 745 748 754 
195 205 216 222 232 241 248 252 253 262 272 273 275 294 296 300 305 308 310 312 317 318 329 332 337 340 343 350 355 356 357 366 370 374 378 381 385 388 390 397 401 406 408 412 416 420 422 423 427 431 437 441 444 451 454 456 462 465 466 471 478 480 483 487 490 491 496 497 506 509 510 513 518 522 524 527 530 534 535 536 539 546 547 551 554 557 560 562 564 570 573 577 580 584 587 590 592 596 597 599 602 609 613 620 623 626 629 630 632 635 636 637 640 642 645 649 653 656 658 663 667 671 674 679 683 685 688 693 698 699 703 704 708 711 713 718 722 723 729 733 734 736 740 744 746 750 753 757 
196 209 219 223 236 243 249 254 256 265 276 277 278 296 298 304 307 312 314 317 320 322 331 336 340 344 348 354 357 358 359 370 374 378 382 385 389 393 394 399 403 408 409 414 417 424 425 428 432 435 440 444 446 453 458 461 465 466 467 474 479 482 485 491 495 499 502 506 510 512 516 519 521 523 525 529 531 535 538 539 540 547 550 552 556 561 565 566 568 574 576 579 583 585 591 594 598 599 602 606 608 611 615 624 628 632 633 637 641 642 646 647 649 650 653 654 655 660 663 664 670 675 676 682 686 690 691 694 699 701 707 711 714 716 719 723 726 728 731 734 738 741 744 748 749 752 754 761 
199 213 221 226 240 247 250 257 259 269 280 283 287 298 299 307 310 315 317 319 321 323 333 339 341 348 351 358 361 364 365 374 375 379 384 387 390 394 397 401 406 411 412 415 418 425 426 429 436 437 444 446 449 455 459 464 469 471 473 475 483 487 490 493 499 502 504 507 514 515 518 522 524 525 529 532 536 537 542 545 548 549 552 555 558 562 567 571 574 575 579 582 584 586 593 598 602 606 608 611 614 617 620 626 630 636 639 640 642 643 649 653 654 657 659 661 663 667 669 670 674 678 680 685 688 693 696 700 703 707 710 712 715 719 723 727 729 730 735 737 739 744 748 751 755 759 762 766 
201 215 223 230 244 251 255 261 263 270 283 287 289 302 304 309 312 316 320 323 326 329 334 343 345 352 354 360 363 367 369 378 382 384 388 391 394 398 400 402 410 414 417 421 423 429 433 436 438 439 445 448 450 458 462 468 473 474 478 481 485 490 493 496 503 504 505 510 516 518 521 526 528 529 532 533 539 542 544 549 552 555 557 560 562 564 571 575 577 578 581 584 585 590 595 599 606 608 610 613 618 622 624 629 634 639 642 645 648 649 650 654 657 660 661 664 667 669 672 673 678 681 683 686 691 696 697 703 706 710 713 715 717 720 724 729 732 733 736 738 741 747 751 754 756 761 764 768 
202 217 225 231 247 255 257 264 267 272 286 289 293 306 307 312 314 317 324 325 327 333 337 346 347 356 357 361 365 368 370 382 384 386 392 394 395 399 404 405 413 418 422 424 428 432 436 437 441 445 447 451 454 460 463 471 475 477 481 485 488 494 496 499 504 506 510 512 517 520 524 528 530 533 534 538 540 544 545 553 555 556 560 563 564 565 573 576 578 582 586 590 593 597 600 603 608 610 611 617 619 625 628 632 638 642 643 647 650 651 652 655 659 663 666 667 669 673 677 681 684 687 691 692 693 700 704 708 709 713 717 720 722 723 728 730 734 736 739 742 745 750 753 756 758 764 765 770 
204 219 226 233 248 258 259 268 271 275 290 291 296 310 312 313 315 319 327 330 331 336 340 347 349 359 363 367 370 374 378 384 388 389 393 398 399 400 406 407 416 421 424 427 429 435 439 441 444 446 450 454 456 461 466 474 476 480 483 489 491 495 497 500 505 510 511 515 518 521 528 532 534 537 541 545 549 553 554 558 560 563 566 567 568 570 576 580 581 583 588 592 594 599 604 606 612 614 616 620 622 629 632 633 641 645 646 648 653 655 657 661 665 667 668 669 673 677 681 683 687 691 694 696 699 701 706 712 715 719 721 725 728 731 734 735 738 741 743 744 748 752 756 758 759 767 770 771 
207 220 229 236 252 260 262 271 275 278 291 294 299 314 315 317 320 322 331 332 336 339 342 348 350 362 366 368 374 377 379 388 390 394 396 401 403 405 408 410 420 423 428 430 433 436 440 445 446 447 454 458 461 463 470 475 478 484 488 491 493 499 503 504 506 514 515 518 520 525 529 533 536 540 542 547 551 556 557 559 564 565 567 569 570 572 579 584 588 590 592 596 599 601 606 608 613 617 619 621 623 630 635 638 644 646 650 654 656 659 660 662 667 671 673 676 680 683 687 689 691 693 695 699 703 706 709 713 719 722 726 727 729 735 736 739 741 743 745 748 752 754 760 762 765 771 775 778 
210 224 232 238 253 261 264 272 279 281 293 297 303 316 320 322 325 326 334 335 340 343 344 350 352 366 369 373 375 379 381 392 393 396 400 405 406 409 411 412 422 426 430 431 435 438 442 449 451 454 456 459 465 468 472 478 479 486 489 494 497 500 507 509 513 518 522 525 527 529 533 537 538 543 544 551 554 558 560 561 565 566 571 573 574 578 580 587 591 595 598 601 604 605 608 609 617 620 623 627 631 634 638 642 647 649 652 658 660 664 667 669 671 673 677 680 682 684 690 692 693 696 700 704 708 711 712 715 720 724 729 733 734 737 738 741 744 748 750 752 755 757 761 766 770 775 777 781 
213 225 235 240 257 263 268 276 281 284 297 301 304 318 322 326 327 330 335 338 341 346 349 354 358 367 370 375 376 380 383 393 397 401 404 406 408 412 415 417 424 427 434 435 437 441 443 453 457 460 463 466 470 474 475 481 485 490 493 498 500 501 508 513 514 522 526 527 529 531 537 541 542 546 548 554 558 560 563 565 567 568 573 576 578 580 583 588 594 596 601 603 608 610 612 615 618 624 625 628 634 636 641 645 648 653 656 659 661 665 670 674 678 680 681 682 683 686 692 693 696 699 703 705 711 713 716 718 722 725 731 736 739 742 744 746 750 751 755 757 758 762 764 768 773 778 779 785 
215 229 237 241 260 265 271 278 282 285 301 303 306 322 323 327 329 332 336 341 344 348 350 357 361 370 371 378 381 384 385 396 398 402 405 410 411 415 417 419 426 430 435 436 439 444 448 455 458 461 467 471 474 478 481 482 489 493 496 501 505 506 512 516 518 525 529 531 535 536 538 545 547 549 551 555 559 562 564 568 569 571 577 581 584 588 590 592 598 600 602 607 612 615 619 620 623 626 627 632 637 639 644 649 653 657 660 661 663 666 673 677 679 681 683 687 691 695 697 699 701 705 706 710 712 717 718 721 724 728 733 739 740 745 746 749 751 754 757 760 762 763 768 772 776 780 784 788 
219 230 239 242 261 269 272 280 283 287 303 305 307 323 324 328 333 336 340 343 346 349 354 361 364 374 375 382 385 386 387 399 400 403 407 412 415 416 420 421 430 432 437 441 444 446 452 457 461 462 469 472 477 481 483 486 492 495 498 505 506 510 514 517 522 526 532 533 537 538 540 549 553 555 557 561 565 567 569 572 573 575 580 584 585 592 595 599 602 605 606 608 616 617 620 622 624 630 634 637 639 640 646 650 656 658 662 664 665 667 677 681 682 685 686 688 693 699 703 706 707 711 713 717 721 725 726 730 733 737 738 743 747 748 751 752 753 755 759 761 766 767 769 774 778 783 787 792 
223 231 240 244 263 270 276 281 284 289 307 310 314 327 329 331 334 340 341 347 349 353 357 363 365 375 377 384 386 387 389 403 406 409 412 413 419 421 425 428 433 434 440 442 447 449 453 460 462 465 471 474 479 485 488 491 493 497 502 509 510 513 516 520 524 530 534 535 538 542 546 553 557 559 561 563 569 570 573 576 578 580 581 585 588 594 598 603 607 611 614 618 621 622 626 628 630 633 638 642 646 649 653 655 657 662 666 670 672 675 681 682 684 688 690 691 694 702 705 708 712 716 718 721 722 729 730 733 735 738 739 744 748 751 755 758 762 763 764 766 767 769 773 778 782 785 789 795 
224 234 241 247 265 273 279 283 286 291 308 314 316 330 332 335 338 341 344 351 352 356 359 365 367 376 378 386 389 392 393 407 411 415 416 419 422 426 429 433 437 438 443 446 451 453 456 462 463 467 473 476 483 488 490 494 497 499 505 513 516 518 521 523 525 533 535 538 541 544 550 556 559 560 564 567 571 574 576 579 583 585 589 593 596 600 603 604 610 614 617 619 622 624 629 633 634 638 639 643 647 651 654 659 662 665 669 672 673 679 683 684 687 689 692 694 697 705 706 711 714 717 719 724 727 731 733 737 740 741 742 745 752 753 756 759 765 766 769 770 773 774 775 782 785 786 791 796 
228 236 242 251 268 274 283 287 290 292 312 317 318 332 335 336 340 343 346 355 357 360 363 367 371 380 383 388 390 396 398 408 413 416 419 421 426 430 431 434 438 440 444 450 454 457 460 465 469 471 474 477 487 492 493 497 499 501 509 515 518 519 523 527 531 535 536 539 543 548 552 557 563 566 568 569 573 576 577 583 586 589 593 596 598 604 608 610 613 618 619 620 626 629 630 637 640 643 647 649 650 655 658 660 666 669 671 673 674 682 686 688 692 695 697 699 701 708 710 714 718 721 723 725 728 732 735 740 742 746 750 754 755 758 762 764 767 769 770 773 775 777 779 785 788 792 794 799 
230 238 245 252 272 276 287 291 293 297 313 318 319 335 337 338 343 347 348 359 360 363 365 369 372 381 386 389 393 397 402 411 414 418 423 424 427 434 438 441 445 449 452 454 456 460 463 468 470 475 476 480 488 493 497 500 502 505 512 519 520 522 525 530 534 539 541 545 548 551 553 559 565 567 572 573 576 579 581 585 589 592 595 598 599 607 609 611 617 619 622 625 630 631 632 640 642 647 648 650 651 656 661 665 667 672 673 677 681 683 688 689 695 697 698 703 705 712 713 716 720 725 729 731 732 735 737 742 744 749 752 755 759 761 766 769 772 775 776 779 783 784 787 791 795 796 798 802 
232 239 248 254 274 280 291 292 296 298 314 321 324 336 338 340 344 350 351 363 366 370 373 374 378 385 387 390 394 401 403 414 416 420 425 429 431 436 442 445 446 450 454 457 459 463 465 471 474 477 480 482 492 496 499 501 503 509 515 522 523 526 527 532 535 541 545 549 551 553 556 561 568 572 573 577 578 583 585 586 590 595 598 600 602 609 613 616 619 623 626 627 631 632 633 641 643 650 652 654 657 660 663 667 671 674 678 682 684 687 690 694 697 700 702 707 711 713 716 720 724 727 731 732 735 736 740 744 746 751 753 757 762 764 770 774 778 780 781 783 784 785 788 794 799 801 803 806 
236 240 249 255 278 283 292 295 297 302 317 325 326 337 342 343 346 351 354 364 370 372 374 377 382 389 391 392 396 405 407 416 419 422 426 433 436 440 445 447 449 453 456 458 463 464 467 473 477 481 483 487 495 500 501 503 507 513 517 524 525 527 529 533 539 544 549 551 554 556 558 562 572 574 578 582 583 587 588 591 593 598 599 602 605 611 615 617 621 624 630 633 635 638 641 644 647 651 655 658 661 664 667 671 673 676 681 684 688 692 695 696 699 702 706 711 715 716 718 722 728 730 733 735 738 740 744 747 751 753 754 761 765 769 773 775 779 783 784 787 791 795 797 800 804 807 809 811 
240 244 252 258 280 284 295 297 300 304 318 328 330 341 346 347 348 353 357 365 373 374 376 381 384 392 394 397 398 408 409 417 423 427 431 435 438 444 446 448 451 456 460 463 464 468 472 474 479 483 486 491 496 501 502 507 508 514 521 528 531 533 537 541 545 546 553 557 560 563 565 567 574 578 579 586 590 592 595 597 599 602 603 606 609 615 618 622 624 628 633 635 639 642 644 647 648 654 657 660 664 667 669 672 674 680 683 687 691 696 699 700 704 706 708 713 717 719 723 725 730 732 736 739 740 742 748 751 755 758 761 764 769 772 776 777 780 786 788 792 794 796 799 804 805 808 811 813 
244 248 254 262 284 285 296 299 303 306 322 332 334 345 349 350 351 357 358 369 376 380 384 385 387 395 397 401 403 411 415 421 426 429 433 437 442 447 448 449 454 457 462 464 468 471 473 475 481 487 490 493 497 504 507 508 512 515 525 529 533 536 540 545 547 548 557 558 562 567 570 571 577 580 584 587 593 595 599 601 604 607 609 613 614 617 622 624 625 630 637 641 644 647 651 654 658 661 664 668 672 674 675 678 682 685 689 691 694 700 704 708 710 713 714 716 718 721 726 727 733 735 738 743 744 747 750 753 756 759 764 766 771 775 780 784 785 788 789 794 796 800 803 807 810 814 818 819 
248 251 257 266 288 290 297 300 307 308 325 333 338 346 350 351 353 361 363 372 379 384 385 389 391 398 401 404 407 412 416 423 427 432 437 441 444 449 451 453 456 458 463 468 470 473 474 479 483 490 493 496 498 508 510 513 517 518 527 532 536 537 544 548 552 553 559 563 564 568 572 576 580 582 585 590 595 599 600 605 606 609 610 616 620 622 625 627 629 634 638 644 646 649 652 658 659 665 668 671 674 678 679 680 686 689 692 693 697 701 706 711 712 715 716 719 721 722 730 733 737 740 744 747 751 753 756 757 759 763 767 771 774 776 781 788 792 795 799 801 804 805 808 812 814 815 821 825 
252 256 260 267 290 292 298 302 310 313 326 336 339 350 351 354 358 364 367 374 383 385 386 392 393 401 403 406 410 413 419 424 431 434 441 443 446 453 454 457 460 463 467 470 473 474 475 481 487 491 496 497 502 510 514 515 520 524 528 533 540 542 545 549 553 555 561 565 566 569 575 577 583 587 591 594 598 600 604 606 607 613 614 617 623 626 627 631 634 636 639 647 649 651 655 659 662 669 670 674 675 679 682 686 689 693 695 696 700 704 710 713 717 719 721 722 723 724 733 737 739 744 747 748 755 758 759 761 763 767 770 772 777 779 785 789 796 797 802 805 809 811 812 816 817 819 824 829 
255 258 261 270 292 296 302 304 311 314 327 337 340 352 354 355 360 368 372 375 386 390 394 396 398 402 407 408 412 415 421 427 433 437 442 446 450 457 461 465 469 472 474 477 479 483 486 487 488 495 499 502 504 512 517 520 522 525 530 537 541 544 546 551 557 559 563 566 567 573 577 581 586 590 592 598 602 603 608 609 610 616 620 623 624 630 633 634 637 639 640 651 653 656 657 662 666 672 673 677 680 683 684 687 692 694 699 702 703 706 713 715 718 722 724 726 730 733 735 738 740 747 751 752 757 759 763 767 770 771 772 776 781 782 787 790 799 803 807 809 812 815 816 820 822 826 830 831 
256 261 264 272 295 297 304 305 312 316 330 341 342 355 356 360 362 371 375 377 389 391 397 400 401 406 411 412 416 419 425 430 434 440 443 450 454 460 465 469 473 474 477 481 484 486 488 492 494 496 500 505 508 514 520 523 526 528 532 539 544 546 549 554 561 563 566 569 573 575 580 584 588 593 595 602 603 604 612 615 618 621 623 625 626 631 637 638 640 642 645 655 658 661 665 669 673 674 678 680 681 687 690 692 694 698 700 703 704 708 714 717 722 726 729 732 735 739 742 746 749 751 755 756 761 765 769 771 774 777 779 780 784 788 792 795 800 806 810 814 818 820 824 826 827 831 833 834 
260 262 267 273 296 301 308 310 313 320 333 343 347 359 360 362 363 374 379 380 390 393 399 403 407 410 415 419 420 423 428 431 436 443 446 452 457 463 466 471 474 476 478 485 487 490 493 495 496 499 504 507 509 515 523 526 528 529 535 541 545 547 553 557 564 565 569 570 575 577 584 588 592 596 600 606 609 610 616 617 622 623 626 629 633 634 640 644 647 649 651 657 660 664 668 671 675 676 682 684 686 691 693 696 697 700 701 705 707 710 718 721 724 727 732 734 739 743 747 749 752 753 756 759 764 769 770 774 775 780 781 785 787 792 794 799 802 807 813 817 819 821 827 828 831 832 835 837 
264 267 269 276 299 304 312 315 318 322 337 344 349 361 365 366 367 375 382 386 394 396 400 405 409 411 416 421 425 428 430 434 438 446 450 456 461 464 467 474 476 480 482 489 492 494 497 500 503 505 508 510 511 517 525 527 529 532 536 545 548 550 555 559 567 571 572 573 579 580 587 591 596 599 601 608 610 613 619 620 623 624 630 634 636 639 644 647 649 652 653 659 662 667 671 675 677 681 686 687 691 693 697 699 703 704 708 712 714 716 720 724 727 731 736 740 743 746 749 752 753 756 759 762 767 771 773 775 777 783 785 789 791 794 798 801 804 811 817 818 821 822 829 833 837 839 843 845 
266 271 273 280 303 308 316 320 324 327 341 347 352 364 368 371 373 377 385 390 396 400 402 407 410 415 420 423 429 432 434 437 440 448 454 460 464 466 471 476 478 481 486 492 495 498 502 505 506 510 514 516 518 520 529 530 534 536 538 547 549 554 558 563 571 574 576 578 581 582 588 593 600 601 602 610 611 615 621 624 626 628 632 636 638 643 646 651 653 656 658 661 664 669 675 677 678 683 690 693 694 697 699 703 704 705 710 716 718 722 726 730 733 735 738 742 744 747 750 754 758 761 763 764 768 773 774 779 780 787 791 795 796 799 801 803 807 814 820 824 825 827 832 836 838 842 846 848 
267 274 276 284 305 311 318 324 325 330 345 350 353 367 369 375 379 383 386 394 400 401 405 410 411 416 422 425 430 434 438 442 443 450 458 462 467 469 473 477 479 482 490 495 499 503 507 511 514 517 520 523 526 528 530 532 535 539 543 551 554 556 560 565 572 575 577 582 584 586 592 596 603 606 607 611 613 617 624 626 630 631 633 637 641 644 647 652 654 658 662 663 666 671 679 681 685 687 692 697 701 703 704 706 709 711 713 717 719 725 728 733 737 738 740 743 747 751 753 756 761 765 768 772 776 778 781 783 787 790 792 798 799 802 806 807 808 815 821 828 830 834 838 841 844 848 849 851 
270 275 279 288 309 313 320 326 330 332 346 352 355 370 374 376 380 384 390 395 401 405 409 411 415 420 425 427 431 435 441 446 450 453 460 466 471 475 479 482 485 488 493 497 500 504 508 515 517 520 522 526 528 529 532 535 539 540 545 552 558 560 562 569 574 576 579 583 585 590 595 598 607 611 612 616 618 622 626 627 631 635 639 640 643 645 650 656 660 661 664 666 670 675 680 685 689 690 694 700 704 708 709 713 714 715 719 721 722 729 730 735 740 744 746 748 749 752 757 760 763 766 769 775 778 782 783 784 788 791 795 801 805 809 811 812 815 818 822 829 831 835 842 843 848 852 854 856 
274 278 283 289 312 317 321 328 331 335 349 355 359 372 375 380 382 387 392 399 403 408 410 414 418 423 426 428 432 439 444 447 451 455 462 470 472 478 481 484 489 493 494 498 503 506 511 519 522 526 528 529 532 533 535 537 541 544 549 556 562 565 567 570 576 580 581 586 589 591 596 602 608 612 614 620 622 623 628 631 634 639 642 645 647 650 652 660 664 668 670 673 677 679 683 686 692 696 698 702 705 711 715 718 720 722 725 726 728 730 732 739 741 745 749 752 754 755 759 763 767 769 770 779 782 786 790 793 794 797 801 802 806 810 814 817 820 823 827 833 837 838 843 844 850 853 858 862 
276 282 284 291 314 320 324 329 334 339 353 357 361 373 379 381 386 390 395 400 407 411 415 417 422 425 429 433 435 440 448 449 455 459 465 474 478 482 486 487 490 494 498 500 506 510 514 521 526 527 529 531 533 536 538 539 545 548 552 559 563 567 571 575 579 582 583 590 594 596 598 605 610 613 617 623 624 628 632 635 639 641 645 647 648 654 656 662 667 669 672 675 680 683 686 687 695 698 702 705 708 714 718 720 723 724 729 733 735 739 740 742 746 747 753 757 758 761 765 769 770 773 775 780 786 790 791 795 797 798 805 807 809 813 818 819 822 825 831 836 839 840 845 847 854 858 861 864 
278 284 285 293 316 321 326 330 337 341 355 358 363 377 383 386 389 391 399 404 409 414 419 422 426 429 433 434 437 443 451 453 457 460 466 475 482 484 490 494 497 501 504 505 508 512 517 525 527 530 532 534 538 540 541 543 548 551 555 560 565 569 574 577 580 583 585 592 595 600 603 606 613 617 620 624 628 630 636 639 642 645 647 649 650 657 661 666 668 670 676 679 681 686 690 693 699 703 705 706 712 718 721 723 724 725 733 736 740 743 747 751 752 756 757 760 761 763 766 773 775 776 779 781 788 791 793 797 801 805 806 811 813 815 822 823 827 828 832 838 841 845 847 851 855 862 865 867 
279 287 289 294 318 322 330 334 338 342 358 362 367 378 386 388 390 395 400 408 410 417 421 423 430 433 435 436 440 444 452 457 459 463 467 476 483 485 493 497 499 504 505 509 510 514 521 527 530 531 535 536 542 545 546 547 552 555 557 564 568 572 576 580 583 587 590 593 596 604 607 608 617 619 623 625 629 634 639 643 646 648 650 653 655 661 665 667 669 674 679 683 685 687 694 698 703 705 707 711 713 721 723 727 730 733 737 738 742 744 751 754 758 760 764 768 772 776 777 779 780 782 784 786 792 795 799 802 803 807 808 812 816 817 824 825 831 835 839 843 845 846 849 854 858 865 866 871 
283 290 292 297 322 325 333 336 341 343 362 363 371 382 387 389 394 399 403 411 415 419 424 428 433 436 439 441 444 445 455 461 465 466 469 478 486 488 496 499 501 505 509 513 517 521 522 531 535 539 542 545 549 550 551 554 557 559 560 566 569 573 578 581 584 588 594 595 598 606 609 610 618 622 624 627 630 635 640 646 648 650 651 657 660 665 667 668 672 675 683 686 689 693 696 700 704 708 711 712 716 723 727 731 732 735 738 740 744 747 752 756 759 763 767 772 776 777 779 783 786 787 789 790 795 797 801 805 807 810 813 817 819 820 825 827 835 837 841 846 848 852 854 855 861 867 870 873 
287 293 294 300 326 329 337 339 342 344 365 366 375 386 388 391 395 402 406 413 419 420 426 429 435 438 440 445 447 449 459 465 468 470 472 480 490 494 499 503 507 511 513 515 518 524 525 534 537 542 543 546 550 553 556 558 559 561 563 569 571 577 582 583 587 590 596 600 603 607 613 615 621 626 629 630 633 636 644 649 652 655 657 658 664 667 668 670 675 678 687 688 690 694 699 702 706 710 712 713 719 725 731 733 735 738 741 743 746 751 753 759 760 766 771 775 780 781 782 787 788 789 791 794 796 801 803 806 809 813 814 819 820 821 827 829 838 839 845 850 854 855 859 860 865 871 875 879 
291 295 297 301 329 332 341 344 345 349 368 369 378 390 392 393 397 404 409 417 423 425 429 431 436 439 442 446 448 450 461 469 472 476 478 481 494 496 502 506 511 513 515 517 522 527 530 537 540 544 548 552 553 555 559 560 561 563 564 571 574 578 585 587 591 595 597 602 604 611 617 618 623 627 631 633 637 639 645 652 656 660 661 663 666 670 673 675 678 680 691 695 696 698 702 704 707 712 713 717 722 727 733 737 740 742 743 747 751 753 756 761 765 768 773 777 781 782 786 790 793 794 797 801 805 809 812 815 817 819 821 823 827 828 830 831 839 841 846 853 856 857 861 864 867 875 878 882 
292 297 300 303 333 337 342 345 346 350 371 374 381 391 394 398 402 408 411 419 424 427 432 435 437 441 446 448 452 456 464 472 473 480 484 487 495 497 506 510 515 516 518 522 524 529 533 541 542 548 550 556 560 564 566 568 571 573 576 578 581 584 589 591 593 597 599 605 607 613 619 623 624 629 635 636 641 644 647 655 658 663 666 668 672 674 678 679 680 682 695 696 699 701 706 709 710 716 717 720 725 729 737 741 744 745 748 749 754 755 760 764 766 771 774 780 782 785 790 793 795 797 800 803 808 811 813 816 821 824 828 830 834 838 839 842 846 850 852 856 859 863 864 868 870 878 882 883 
294 301 303 304 335 340 344 348 349 351 372 375 382 395 397 400 404 412 414 421 428 431 434 437 441 443 449 451 455 460 465 475 476 482 485 488 496 500 508 511 519 522 525 527 529 533 536 542 546 550 552 559 563 565 568 571 574 576 578 579 582 585 592 594 595 600 601 606 610 614 620 624 625 632 636 639 643 645 651 659 663 664 667 671 676 679 682 686 689 692 699 701 705 709 713 715 717 721 724 725 726 731 741 742 747 751 753 756 760 763 766 767 770 773 776 782 783 789 794 798 802 806 809 812 814 816 817 819 824 828 832 833 837 839 841 845 847 851 853 857 862 866 870 873 876 881 884 887 
296 302 304 306 338 343 347 351 354 357 376 378 385 396 401 402 407 413 416 425 429 435 439 443 445 446 452 453 459 463 467 476 477 484 486 489 497 501 511 513 521 524 528 532 535 538 540 546 547 553 557 561 565 566 569 573 578 581 582 586 588 592 594 595 599 602 603 609 612 618 623 625 629 636 638 642 644 646 653 662 665 667 669 672 680 682 683 688 693 697 701 705 707 710 717 719 721 724 726 727 729 733 745 747 750 754 755 759 761 767 769 771 772 776 779 783 786 792 798 801 803 810 814 816 819 821 824 825 828 830 835 839 843 847 851 854 858 862 863 865 866 867 871 874 877 883 888 891 
297 304 308 309 340 347 349 352 356 358 378 381 389 398 403 407 411 416 418 429 432 436 440 444 448 450 456 457 461 466 471 477 480 487 491 493 499 503 513 515 523 528 532 533 539 543 545 548 552 557 560 563 568 571 573 574 579 584 588 592 596 598 602 606 607 610 612 614 617 619 627 631 633 637 642 643 646 647 656 664 669 670 672 676 683 686 689 691 695 701 705 709 710 712 720 722 724 726 729 733 737 738 747 749 752 757 760 763 766 768 771 772 775 777 782 787 790 794 799 805 806 813 816 819 823 825 828 830 832 834 837 840 845 851 855 856 859 865 869 872 873 874 876 877 880 887 892 895 
299 305 312 314 341 351 354 355 357 360 382 385 390 401 406 408 413 420 423 433 437 440 442 447 449 453 457 460 462 467 472 481 484 490 495 499 501 504 516 517 525 530 534 536 543 547 550 553 555 561 563 567 570 572 576 578 580 585 591 594 599 600 603 609 613 617 618 622 625 627 630 635 639 641 644 648 649 651 657 667 672 673 675 677 685 689 691 693 696 703 709 710 713 716 722 724 725 730 733 734 740 744 748 752 756 758 763 767 768 772 774 775 776 779 784 791 795 799 803 809 813 817 818 823 827 829 830 831 835 837 841 845 849 855 858 862 865 869 870 874 875 877 878 880 884 890 893 896 
301 309 314 315 344 352 355 358 359 362 385 386 391 403 409 410 414 424 426 436 438 443 445 449 450 455 460 463 465 469 475 485 486 491 496 501 503 506 520 524 528 534 535 537 546 548 553 556 557 562 565 569 573 577 580 581 583 589 593 597 600 604 605 613 615 619 621 625 629 630 634 639 642 643 648 649 651 654 658 670 675 678 682 686 689 692 694 696 698 706 711 714 716 720 725 726 728 734 738 742 743 747 751 755 757 762 766 771 773 776 777 781 785 789 791 793 797 800 805 812 815 820 821 825 828 833 834 836 839 840 842 849 850 859 862 865 866 871 874 878 880 881 883 885 888 893 894 898 
302 312 318 322 345 355 356 362 366 367 389 391 392 406 413 414 416 427 431 437 441 446 447 451 454 458 463 467 471 474 477 489 490 493 498 502 505 508 522 528 530 535 536 540 548 549 555 559 561 564 566 570 575 578 582 584 585 592 595 601 605 608 610 614 618 623 626 629 631 634 636 640 646 647 649 653 657 658 662 671 676 681 686 689 691 696 699 702 703 708 713 716 718 724 727 728 732 736 740 744 746 748 754 758 762 766 769 775 779 782 783 784 786 790 792 796 800 804 806 815 818 823 827 830 831 835 838 842 845 849 852 856 859 863 867 868 872 876 878 882 884 886 888 892 896 899 900 901 
306 313 320 323 347 357 358 365 369 370 390 395 399 407 414 417 420 431 435 440 442 448 450 454 458 460 465 470 474 477 478 493 495 497 502 504 508 512 526 530 532 536 538 544 549 550 558 563 565 566 569 571 579 581 583 588 591 595 597 604 608 609 614 615 619 627 628 633 637 640 644 647 648 651 653 656 661 665 669 675 677 683 689 690 694 698 703 706 710 711 717 719 721 728 731 734 735 737 742 747 750 752 758 759 763 769 771 778 781 786 788 791 794 798 801 803 804 805 808 818 821 827 831 833 836 840 842 845 848 851 856 860 861 864 869 870 873 879 883 885 887 890 894 897 900 904 906 908 
308 315 323 327 349 359 362 368 372 376 391 398 401 409 418 419 422 432 436 442 445 451 454 455 462 466 467 472 477 479 481 497 499 501 503 508 509 515 527 534 537 540 541 547 552 554 560 564 568 570 574 578 580 583 585 590 594 597 598 607 609 610 618 619 623 629 631 636 638 644 648 649 651 652 654 660 662 669 672 679 680 686 693 696 698 700 706 708 711 713 718 721 724 731 734 736 740 742 743 748 754 757 762 765 768 773 774 780 782 789 791 794 798 800 805 807 808 812 813 822 823 829 834 838 842 844 847 851 854 858 859 863 864 867 871 873 875 880 885 888 891 894 895 899 901 908 910 914 
310 318 327 328 353 361 366 370 373 379 394 402 405 413 421 422 424 434 440 446 450 452 455 456 466 468 471 473 479 481 484 500 503 505 508 512 515 517 528 535 541 544 546 551 556 559 561 566 571 572 576 579 581 586 590 593 596 601 605 610 612 616 621 624 628 632 633 637 642 647 651 654 655 657 660 662 663 672 673 683 685 689 696 698 702 705 708 712 715 716 720 723 726 732 735 737 741 746 749 752 757 758 763 769 773 776 779 784 786 790 794 795 800 801 809 810 813 814 818 823 825 830 838 840 846 849 851 855 858 860 863 866 868 872 876 879 882 886 888 891 895 896 899 900 904 909 913 915 
313 321 329 330 354 363 367 371 376 380 398 405 408 416 425 426 429 436 442 447 452 453 459 463 468 471 473 476 481 483 487 501 504 506 512 513 518 522 531 537 543 548 549 555 560 561 565 570 573 575 578 580 585 588 591 595 599 602 608 614 615 618 622 627 630 636 638 639 645 650 654 658 660 662 665 666 670 675 677 686 689 693 700 701 705 709 712 716 718 719 722 724 728 735 737 739 743 749 753 757 758 762 767 770 775 777 783 788 792 796 798 801 802 806 813 814 815 819 821 827 831 835 840 844 848 851 852 859 860 862 867 870 874 877 880 884 887 888 892 895 896 900 902 904 905 911 917 920 
314 323 332 336 356 367 371 375 377 382 400 409 410 418 427 430 431 437 445 450 454 457 460 467 472 474 478 482 486 490 493 502 507 509 514 517 522 525 532 540 547 550 552 557 563 564 569 574 575 578 582 583 587 589 594 597 603 607 611 618 619 623 626 630 633 638 639 641 649 653 655 661 665 668 672 676 678 682 683 689 690 694 701 703 706 712 716 719 720 722 723 728 729 739 741 742 746 753 754 759 762 764 769 774 776 779 786 790 793 799 802 804 808 810 815 816 820 824 828 831 835 836 844 847 852 854 855 863 865 866 869 871 875 880 882 888 892 895 898 900 901 902 903 905 907 912 920 923 
317 327 333 338 359 370 374 377 379 383 404 413 416 422 429 431 432 438 446 451 457 459 463 469 476 478 481 483 490 491 496 504 508 510 516 518 525 529 536 542 550 552 554 559 567 571 572 578 581 582 583 584 589 591 598 600 604 611 613 622 623 627 631 632 636 640 641 643 651 655 658 665 668 669 673 679 682 683 685 691 695 696 704 708 711 715 720 724 728 730 734 738 741 744 747 749 751 756 757 761 763 768 772 777 779 781 789 793 796 803 807 809 812 815 816 820 821 825 832 834 838 840 846 850 856 858 861 866 868 871 874 876 878 883 885 889 894 897 900 902 906 910 913 917 918 922 923 924 
319 328 337 339 361 374 378 382 385 389 408 417 419 424 433 436 438 440 449 452 459 461 467 473 479 482 484 485 493 495 497 508 510 514 519 523 526 530 539 546 554 557 560 564 570 574 575 581 585 587 591 595 599 601 602 604 606 613 615 625 626 629 635 638 639 644 647 651 654 657 662 667 669 670 675 680 685 686 687 695 699 703 705 712 716 718 724 728 729 734 737 740 742 746 749 751 753 758 762 764 767 771 773 779 782 786 790 796 800 807 811 812 815 817 819 821 822 827 835 836 840 844 849 853 859 861 864 868 870 872 877 880 883 886 889 893 896 900 901 904 908 911 916 920 923 925 928 932 
323 331 341 343 364 375 379 386 390 392 409 418 422 425 437 439 441 443 451 455 462 464 471 476 482 483 487 490 494 497 501 512 515 517 521 525 530 533 541 547 556 560 563 567 573 578 582 584 588 590 595 599 603 606 607 608 610 616 618 629 630 634 636 639 641 647 648 652 655 660 665 671 675 678 681 685 687 691 693 697 703 707 708 716 717 719 726 730 731 738 740 742 746 748 753 754 758 759 764 768 769 772 777 781 786 788 793 800 804 810 815 816 820 822 825 827 830 833 837 841 844 848 850 855 863 864 866 869 872 874 881 882 886 888 893 896 899 903 905 908 912 914 920 924 928 932 933 935 
325 333 342 344 365 377 380 390 393 394 412 420 425 426 438 441 443 445 453 456 466 467 473 478 483 486 488 493 496 498 503 513 519 523 526 528 531 534 542 548 557 564 565 568 577 580 586 590 592 593 597 603 607 609 610 612 613 618 620 630 631 637 639 640 643 649 652 655 659 662 667 672 677 680 682 688 691 694 696 700 707 710 712 719 721 724 728 734 738 742 746 749 750 751 757 760 761 765 768 769 770 774 778 784 788 791 794 802 805 812 817 819 824 825 828 830 833 834 839 845 847 851 852 859 867 868 870 873 875 878 884 887 891 894 898 901 905 907 909 911 916 920 922 928 931 934 938 939 
327 337 343 347 369 378 382 391 396 399 416 423 428 429 442 446 448 452 456 460 468 470 475 480 485 490 492 494 498 500 504 517 522 526 528 530 532 537 545 552 561 567 570 574 579 583 587 593 595 597 600 605 609 613 617 621 624 627 628 632 634 640 644 646 650 654 656 660 664 667 668 675 679 684 686 692 695 698 701 705 711 713 717 720 725 729 733 736 741 744 750 751 753 755 761 764 765 768 771 772 776 777 782 786 790 793 797 805 808 814 821 825 827 831 832 834 835 838 840 847 851 854 858 860 871 873 874 878 879 881 887 890 895 898 901 902 907 911 914 917 921 923 924 931 934 937 939 941 
328 338 344 351 373 381 385 392 397 403 419 424 430 434 445 448 450 455 457 462 471 474 477 484 487 493 494 495 499 504 506 521 526 529 532 535 537 541 549 554 563 571 575 576 581 586 590 597 598 600 601 609 610 614 621 623 628 631 632 633 637 643 645 647 653 656 659 663 666 669 673 679 681 686 687 693 699 701 703 709 712 716 721 722 729 733 737 741 743 747 751 752 756 760 763 767 771 772 776 779 781 785 786 787 793 797 800 809 813 817 823 826 831 835 837 838 840 844 848 849 855 858 860 862 874 877 878 882 884 887 888 891 896 902 906 909 910 912 915 920 923 925 926 934 937 938 941 945 
330 341 348 355 377 385 389 396 399 407 422 428 433 437 446 451 453 459 462 465 474 478 479 485 490 494 497 500 501 505 507 525 528 530 536 538 540 545 552 558 567 574 578 581 582 589 592 598 599 602 603 611 613 616 623 627 629 635 639 640 644 648 649 650 656 657 660 665 669 673 676 682 684 687 690 694 703 707 711 715 717 720 722 723 732 734 738 745 746 748 754 757 759 763 766 770 775 779 781 783 784 786 789 793 796 799 801 811 816 819 827 828 832 839 840 842 846 848 849 852 857 859 864 868 878 879 882 885 889 893 896 898 899 906 910 912 914 917 918 924 925 928 932 936 939 943 947 951 
334 344 349 358 378 387 391 397 401 411 425 429 436 441 448 455 457 463 465 467 475 481 484 488 493 497 501 505 507 509 511 527 532 536 538 540 542 549 555 560 570 577 579 584 585 593 595 599 601 604 607 615 619 620 626 631 634 638 641 642 645 649 653 655 657 658 661 669 670 676 679 684 688 689 691 695 707 710 713 716 720 723 727 729 734 737 741 746 750 753 757 761 763 766 767 773 777 782 783 787 791 794 795 799 803 804 805 815 819 823 831 835 836 840 842 846 847 849 850 855 858 863 865 870 880 882 885 887 893 897 898 902 905 910 911 915 916 918 919 925 929 930 936 940 943 944 951 952 
336 348 352 362 379 391 394 401 403 414 428 433 438 442 451 456 458 465 468 469 477 483 487 490 496 498 502 506 509 512 514 529 535 540 544 545 547 550 556 561 572 578 581 586 588 595 598 600 605 609 612 618 623 627 631 635 636 640 643 646 649 651 654 659 660 662 664 672 676 679 682 685 689 692 695 696 709 712 715 720 723 726 728 733 738 739 745 747 754 758 761 764 767 770 771 777 778 784 787 789 795 798 800 803 806 807 809 816 822 824 833 838 842 846 848 850 852 853 855 859 861 865 867 874 884 888 892 893 896 898 901 903 908 914 917 921 924 927 930 934 937 940 944 945 949 951 954 958 
337 349 356 366 383 394 397 403 407 417 432 435 441 443 454 457 461 467 472 476 478 487 490 494 500 504 508 510 512 516 520 532 538 543 548 551 554 558 561 562 574 581 583 588 589 599 603 605 607 610 616 620 627 629 633 639 640 642 647 649 651 654 655 660 662 664 665 675 678 681 686 689 692 693 696 697 712 715 716 724 725 729 732 736 742 743 748 750 755 759 765 766 770 772 773 778 782 788 789 790 798 799 801 804 809 812 815 817 824 826 836 841 846 848 852 853 854 857 858 862 865 869 873 875 888 891 895 899 902 905 908 912 915 916 919 923 925 930 934 936 940 941 947 949 952 955 958 960 
341 351 359 368 387 397 398 406 411 419 434 439 445 449 457 458 465 469 475 479 483 491 493 496 501 507 510 511 513 520 523 535 542 546 552 554 557 561 565 569 578 583 586 589 593 601 607 611 613 616 619 622 628 631 635 640 644 645 648 653 654 655 656 661 664 667 668 678 680 683 688 691 696 698 701 704 713 718 721 725 729 732 736 740 743 747 752 755 758 763 766 769 774 775 777 781 786 792 796 798 802 805 809 811 815 816 817 820 825 829 838 845 848 850 856 860 862 865 869 873 874 876 877 879 889 894 898 900 905 909 910 916 920 923 926 930 931 935 936 940 941 942 950 954 956 957 962 964 
345 353 363 370 390 398 400 409 412 421 436 440 447 450 458 462 468 471 476 480 485 493 495 498 505 508 513 514 518 523 526 539 545 548 554 556 560 564 566 573 579 586 589 593 594 605 609 612 615 618 620 623 631 634 636 644 646 649 653 657 661 665 669 672 673 674 678 680 684 685 689 692 697 699 703 707 715 722 725 729 733 736 739 744 745 749 754 759 761 764 770 773 778 781 782 786 789 796 799 803 806 807 811 813 817 821 823 826 829 830 842 848 851 853 860 862 864 866 872 874 877 878 881 884 890 898 900 904 908 912 916 919 922 927 930 931 934 939 940 944 946 947 953 955 959 961 966 967 
346 355 365 374 392 400 401 413 415 423 438 442 448 453 459 464 469 475 477 484 489 497 499 503 508 509 517 521 523 527 530 542 546 549 555 557 563 567 571 575 580 589 590 594 595 606 611 616 619 621 622 626 633 637 640 647 648 651 656 658 662 668 672 674 677 678 679 684 686 690 694 698 699 703 705 709 718 726 729 731 735 740 744 746 750 754 758 762 764 765 773 774 780 782 783 789 793 797 801 805 810 811 812 815 821 822 825 829 832 834 846 852 853 856 863 866 869 870 875 878 880 882 883 887 893 900 904 907 909 915 918 923 926 930 931 933 935 941 945 949 952 953 954 957 960 964 969 971 
349 357 366 376 396 401 403 416 418 425 442 444 450 454 460 468 472 478 481 486 490 500 502 505 511 513 520 522 527 530 534 544 548 553 558 562 564 568 574 577 581 590 593 598 601 608 613 620 624 626 630 633 635 638 643 649 653 655 660 662 665 670 675 677 680 681 684 688 692 695 697 699 700 707 711 713 720 728 730 733 739 743 745 750 753 757 762 763 765 768 775 777 784 788 791 795 797 800 805 807 812 814 816 820 825 826 828 831 834 837 848 854 855 860 864 869 871 874 879 880 884 885 888 889 896 901 905 908 913 917 919 927 928 932 933 935 937 945 948 952 955 958 960 963 965 969 971 972 
353 358 370 380 400 403 406 419 423 426 443 448 451 455 461 469 473 480 484 489 492 503 507 508 514 518 523 525 530 533 538 547 550 554 559 564 568 570 578 580 584 591 596 602 604 611 615 623 625 630 632 637 640 641 645 650 654 657 661 665 669 673 677 680 683 685 686 689 695 696 701 704 706 710 713 715 722 730 732 735 743 746 748 754 755 759 765 769 771 773 777 781 785 792 793 798 799 802 807 808 814 815 817 823 827 829 830 834 835 839 852 857 858 863 865 871 872 878 883 887 890 892 896 897 901 904 907 910 915 918 921 931 934 937 938 941 943 949 953 957 958 961 964 968 969 973 975 979 
355 361 371 383 401 404 409 420 424 430 447 452 454 459 464 470 477 481 488 492 493 506 508 512 517 522 526 530 532 536 539 550 552 557 560 567 571 575 582 583 585 594 597 603 606 612 617 627 630 634 638 641 643 646 648 651 658 662 666 668 673 677 678 683 687 691 694 697 700 701 702 706 707 714 717 719 724 733 736 738 744 750 752 756 760 764 768 771 772 775 781 784 786 794 795 802 804 805 809 812 816 817 818 826 831 834 838 840 842 845 853 861 864 868 869 873 876 879 885 891 894 895 898 901 904 908 910 911 917 920 923 934 935 940 943 947 951 952 954 961 965 968 970 972 975 976 978 983 
357 364 375 387 402 406 412 421 427 434 449 455 459 463 467 472 478 485 492 496 499 507 510 516 521 526 530 531 535 540 544 552 554 560 564 571 575 577 583 584 586 596 600 607 609 613 618 631 635 638 642 646 648 651 654 657 662 666 668 671 677 679 682 686 688 693 696 699 702 704 707 711 714 715 721 724 728 736 739 742 746 752 754 759 763 766 772 775 776 779 784 788 791 795 799 804 807 811 814 815 817 819 823 830 832 838 839 844 847 848 854 865 868 869 870 875 880 884 886 892 895 898 900 902 906 911 914 917 921 925 928 937 940 941 945 950 954 956 957 965 967 969 974 978 980 981 982 984 
360 366 379 389 406 407 414 423 428 438 451 457 461 466 470 473 482 487 495 497 500 509 514 520 525 529 533 535 539 541 545 555 557 563 568 575 578 580 586 589 592 600 604 610 613 615 619 633 637 640 643 647 651 652 658 661 665 669 670 673 680 683 687 691 693 696 697 703 705 706 709 714 715 717 725 727 731 740 743 744 747 756 760 763 764 769 773 776 778 783 788 791 793 799 800 807 808 812 815 816 818 823 827 832 836 841 845 847 850 851 857 868 869 870 874 878 882 888 890 893 898 899 903 904 908 914 915 921 922 927 930 941 945 947 948 954 955 959 963 968 971 973 976 982 984 985 989 992 
361 367 382 390 410 414 415 424 429 440 455 461 462 467 473 477 484 488 497 498 502 513 515 524 526 531 537 538 541 543 546 556 561 566 571 579 583 586 590 591 595 602 606 612 616 620 624 636 640 642 647 651 653 657 659 664 669 673 674 678 682 687 691 692 697 698 700 707 709 711 712 716 718 722 726 731 734 741 744 747 748 758 761 767 769 771 774 779 783 786 792 794 795 800 804 810 811 813 819 823 824 826 828 834 837 844 849 852 856 859 862 871 875 876 878 879 883 892 894 896 902 903 907 910 914 915 919 923 924 930 934 944 948 952 954 956 958 961 964 972 975 976 979 986 987 989 993 996 
362 371 383 394 413 415 419 425 431 441 456 464 466 468 477 481 486 489 500 503 504 517 520 527 530 535 540 543 545 546 549 559 565 569 574 582 584 589 594 598 599 603 607 613 620 623 625 640 642 644 651 652 656 659 662 667 672 674 675 679 683 690 692 696 701 703 705 708 712 716 717 720 721 725 727 735 736 745 747 748 751 759 762 770 772 775 778 783 787 788 794 797 800 804 807 812 813 815 821 824 825 830 831 838 839 847 853 856 860 863 867 874 878 881 883 884 887 894 896 900 903 905 908 911 917 919 922 927 929 932 937 948 950 954 955 958 959 964 967 974 978 981 982 988 991 994 996 998 
363 373 384 397 417 419 421 427 435 444 458 465 470 473 481 483 487 493 502 507 509 520 523 529 534 537 543 545 549 552 553 562 567 570 576 584 585 592 598 600 604 608 612 616 622 624 626 643 647 648 654 656 657 662 663 670 676 680 684 688 689 692 693 697 702 706 709 711 715 719 723 725 726 730 731 737 741 747 751 752 753 760 764 773 774 776 779 786 790 791 795 798 802 806 810 815 816 820 823 826 830 833 835 839 842 850 854 858 861 866 871 877 880 882 884 886 888 897 901 903 904 906 912 913 920 924 925 930 933 936 940 952 954 956 957 962 966 967 969 977 982 983 986 990 995 996 998 1002 
367 377 387 401 421 424 425 428 438 446 459 467 472 477 484 487 491 497 503 511 513 524 528 531 537 540 544 548 552 554 557 563 569 573 577 587 590 595 601 603 608 612 613 620 625 629 633 647 649 651 656 657 661 663 666 672 678 681 685 692 695 696 698 701 704 710 713 714 717 723 725 727 729 732 734 741 743 750 755 757 759 762 768 777 779 782 784 788 791 795 797 800 805 809 813 818 819 823 827 828 834 836 837 840 845 852 856 859 863 868 875 879 882 886 890 892 894 900 904 905 909 913 917 919 922 926 928 932 936 937 943 953 958 961 962 966 967 971 975 981 984 986 987 992 996 999 1002 1003 
368 378 388 403 425 429 433 437 442 447 462 468 473 479 487 489 494 501 507 515 516 525 529 535 541 543 545 552 556 558 560 566 573 577 579 590 593 598 602 607 611 613 614 623 628 631 637 650 654 657 659 662 666 668 672 676 681 683 686 695 696 698 701 702 705 712 714 718 722 724 727 731 732 734 736 744 746 751 756 761 762 764 771 778 782 785 789 791 793 796 801 804 809 813 814 820 824 825 830 833 838 841 843 847 851 856 858 863 866 870 879 882 883 890 894 897 900 903 906 910 913 916 918 921 925 929 933 935 940 942 945 954 960 965 969 972 973 976 979 985 988 992 994 998 1001 1003 1007 1009 
