3 6 8 10 14 15 17 20 21 24 26 28 32 35 39 40 42 46 50 54 58 61 63 65 66 70 74 75 79 81 83 86 88 92 94 96 100 101 105 108 109 113 117 120 121 123 124 127 128 132 135 137 138 141 145 148 150 154 158 161 165 166 169 170 171 173 176 177 181 183 187 191 192 193 
7 11 13 15 19 23 26 27 30 32 33 37 40 42 44 45 49 50 52 57 62 63 64 67 71 72 76 77 83 86 90 94 96 97 100 104 106 109 110 114 118 121 123 124 126 130 132 136 139 141 144 148 150 151 153 154 158 161 162 166 169 172 176 180 184 186 187 190 193 196 198 201 202 203 
10 13 14 18 22 24 29 32 36 37 38 40 43 45 47 51 52 55 56 61 65 66 67 71 72 74 78 81 86 88 94 95 97 99 104 108 111 113 114 116 120 124 128 132 133 135 139 142 145 146 148 152 154 158 160 161 163 165 166 168 171 176 180 184 185 189 190 194 197 198 202 204 208 209 
14 17 18 19 24 25 31 33 37 40 42 45 48 50 53 55 59 61 63 65 67 68 70 74 78 82 85 86 87 90 97 99 101 105 108 112 114 115 119 120 123 126 131 135 137 139 141 143 147 151 152 154 157 162 163 166 168 172 176 177 180 182 184 185 187 192 194 196 198 199 206 208 211 215 
15 20 24 27 31 35 36 39 40 43 44 47 51 55 59 61 62 64 68 69 73 74 78 82 83 85 86 89 90 91 99 101 104 107 109 113 115 117 121 124 128 131 135 136 141 144 145 146 148 154 155 156 159 163 167 168 170 174 178 179 182 185 189 190 192 194 196 198 200 203 208 211 214 218 
19 23 26 30 35 36 37 41 42 45 49 53 56 59 62 64 66 69 70 72 74 78 80 85 87 89 91 95 97 98 100 104 105 111 112 116 120 122 126 130 132 134 138 140 142 147 149 150 153 155 157 160 162 167 168 170 171 177 180 182 183 186 192 194 198 200 204 208 212 213 217 219 222 225 
20 24 29 33 37 40 43 45 46 47 52 57 59 60 63 67 70 73 74 78 80 81 85 86 91 93 97 100 103 104 105 106 107 112 113 119 124 126 130 132 134 138 140 141 146 150 154 158 160 163 167 171 175 179 181 185 186 188 192 196 200 204 205 207 211 212 215 216 217 219 222 223 225 227 
21 25 32 36 38 41 44 47 51 55 56 59 62 65 68 70 72 75 77 82 84 86 90 91 95 99 101 104 105 106 108 112 114 118 121 123 126 130 131 135 136 142 144 148 151 153 155 159 164 167 170 174 177 182 185 188 191 193 197 200 202 207 210 213 215 216 218 222 224 225 227 230 234 235 
25 26 34 38 39 45 46 50 53 57 59 63 66 67 72 74 77 80 84 85 87 88 92 96 98 103 107 110 113 117 119 120 122 123 127 128 130 131 134 138 141 145 149 152 154 158 160 161 165 169 172 176 178 185 187 191 192 195 198 201 205 208 214 217 220 222 225 229 231 232 233 237 238 241 
27 28 36 39 43 47 50 52 57 58 62 65 70 72 75 78 80 83 86 89 91 95 98 101 103 104 111 115 118 119 121 122 123 127 129 131 133 135 136 139 143 147 151 155 156 160 164 165 166 171 175 178 181 188 192 196 199 201 204 205 209 213 215 220 221 224 227 230 232 234 235 241 245 246 
28 29 38 40 44 49 52 54 59 62 66 67 73 74 78 79 84 88 90 93 95 99 103 106 110 113 115 117 120 124 127 130 133 135 139 143 146 147 151 152 156 159 160 164 167 170 173 174 177 179 182 185 189 190 195 199 203 206 209 213 216 220 222 225 227 231 232 235 238 241 242 246 247 251 
29 32 40 41 47 51 56 57 62 66 70 72 75 77 82 85 87 89 93 97 100 103 106 108 114 117 121 125 127 131 135 137 141 145 148 149 150 152 153 154 159 161 163 166 171 173 175 179 180 181 184 186 190 192 197 201 204 210 214 216 220 224 226 228 232 234 237 241 243 246 247 250 252 255 
32 34 43 46 51 52 57 58 64 67 73 75 79 83 87 90 93 97 100 102 104 105 109 111 116 118 124 129 132 134 137 141 145 149 151 152 155 158 162 165 166 168 171 172 176 179 182 183 184 186 189 191 193 196 198 203 207 211 215 218 222 227 228 230 234 235 239 242 245 250 252 255 256 260 
35 36 46 49 53 56 60 63 65 69 74 76 81 87 90 94 98 101 102 105 107 111 114 118 120 121 128 131 134 135 141 145 146 153 154 155 156 160 166 167 168 172 176 180 183 186 188 189 193 194 196 199 200 204 206 210 212 213 216 220 225 229 230 231 238 241 243 244 249 254 257 259 263 267 
36 40 47 52 57 59 63 67 71 74 76 80 82 88 91 95 99 102 103 107 109 112 116 120 122 124 130 133 138 141 145 148 149 157 161 163 166 168 172 176 178 181 185 187 189 191 195 198 202 203 207 208 210 211 212 216 217 221 225 228 230 234 237 241 242 245 249 250 254 256 260 264 266 269 
40 42 48 54 60 64 68 71 73 77 80 83 85 92 96 98 103 107 110 114 116 118 120 123 126 127 131 135 142 144 148 149 150 160 162 167 168 169 175 177 182 185 187 188 191 192 199 201 205 206 209 210 212 216 220 224 227 229 230 234 237 240 243 246 247 250 251 255 259 262 264 268 269 272 
44 45 49 57 62 66 69 74 78 79 84 85 88 94 97 99 106 111 115 116 119 121 125 128 131 133 137 140 144 146 149 153 155 161 164 168 170 172 178 181 186 190 193 196 200 203 205 209 211 213 214 217 221 224 228 230 234 236 239 241 245 246 249 250 252 255 256 257 261 265 267 269 273 276 
47 48 53 61 64 70 72 77 82 85 89 90 92 98 102 106 108 113 116 120 122 124 126 131 134 138 139 143 148 149 151 155 159 165 169 171 173 175 181 182 189 192 196 198 203 204 208 212 215 217 218 222 226 229 231 235 239 242 244 247 250 253 254 257 258 262 263 265 269 270 271 272 275 279 
50 54 57 64 67 71 76 81 86 90 92 95 96 100 104 108 111 114 119 121 124 127 128 135 139 142 144 147 150 152 155 159 163 166 170 173 176 178 184 186 193 194 200 203 206 207 210 213 216 220 222 223 227 231 235 237 241 246 247 250 251 256 258 261 264 266 270 271 272 276 280 284 287 290 
53 57 59 65 71 73 80 84 87 93 94 97 101 102 108 111 115 119 121 125 129 133 134 136 143 146 148 152 156 159 161 164 167 169 172 177 179 183 188 189 197 201 204 208 211 215 217 218 222 226 227 231 234 235 237 241 245 248 250 253 254 258 260 265 269 270 272 274 278 279 281 285 289 294 
56 60 63 68 75 76 81 88 91 94 98 99 104 105 111 114 118 122 125 126 133 137 138 139 146 147 151 153 158 162 163 168 171 173 177 181 184 186 189 192 201 202 208 210 214 217 218 220 226 227 231 233 236 237 240 244 247 252 255 258 260 263 264 267 273 277 278 280 284 288 292 295 297 300 
58 61 67 69 77 79 83 89 92 98 102 106 109 112 113 116 120 124 129 133 136 139 140 143 148 149 152 154 162 165 167 170 172 177 181 184 185 190 191 196 205 208 209 212 218 221 224 225 227 228 234 237 241 243 246 247 249 254 258 262 264 266 268 270 276 278 282 284 287 290 294 296 300 301 
60 64 70 73 79 82 86 93 96 99 103 107 111 114 116 118 121 126 132 134 138 140 142 145 151 154 157 160 165 169 171 174 176 179 182 185 186 194 197 201 209 212 213 217 222 223 228 229 233 237 241 245 246 247 248 252 255 256 259 264 267 268 272 274 277 280 283 286 288 292 296 299 302 306 
63 67 74 76 80 83 90 95 99 100 105 108 115 116 117 120 123 129 136 137 139 144 148 150 154 156 158 161 168 171 175 177 181 185 189 193 195 196 200 204 212 215 217 219 223 225 230 232 236 239 243 248 249 253 257 258 259 262 263 268 270 272 275 279 281 283 286 289 293 297 300 302 306 307 
64 71 76 79 84 86 94 99 100 101 106 109 119 120 124 127 128 130 139 143 144 146 152 155 156 160 162 165 171 175 178 180 185 187 192 194 199 201 202 207 214 217 221 224 228 229 231 236 237 241 247 251 253 257 259 262 266 270 273 275 276 277 278 280 282 284 288 290 297 301 304 307 308 311 
68 73 77 81 87 89 96 100 104 108 109 113 121 123 128 130 132 133 140 146 150 152 155 158 161 164 167 168 175 178 182 183 188 189 196 199 201 204 207 211 218 221 222 227 229 230 234 240 243 244 250 254 256 259 263 265 267 273 274 278 280 281 283 287 289 292 294 298 302 304 308 311 312 315 
70 77 81 84 89 91 100 102 105 111 115 118 123 124 129 131 134 138 144 149 152 154 156 162 166 167 168 170 176 179 185 186 190 191 200 204 208 212 214 216 219 222 224 231 234 235 236 243 247 248 252 257 260 262 264 266 271 275 279 281 285 289 293 294 298 299 302 306 308 311 312 315 316 319 
74 78 83 88 93 97 101 103 109 114 116 121 126 127 131 134 138 139 147 150 154 157 159 166 168 172 176 177 180 181 188 192 196 197 203 205 209 214 215 217 223 225 228 232 235 238 239 245 250 251 255 261 262 266 268 269 275 277 282 283 287 293 294 296 300 304 306 310 313 317 320 324 328 331 
76 80 86 90 96 101 102 106 112 118 119 124 130 133 136 138 142 146 149 153 157 160 164 170 172 176 177 181 183 187 190 196 200 203 205 207 213 216 220 221 225 226 229 235 239 243 247 248 253 254 258 263 266 268 269 272 277 279 286 289 290 295 297 298 304 308 309 312 317 320 323 327 330 334 
80 81 87 92 99 105 107 108 116 121 125 127 131 136 137 141 146 150 151 157 159 163 166 174 176 180 182 186 187 188 191 200 201 207 211 215 217 219 222 224 229 232 236 239 242 247 251 255 256 260 264 265 268 270 273 275 280 282 288 292 293 296 298 301 305 312 314 315 318 324 327 330 331 338 
83 86 88 96 100 109 111 112 118 123 127 128 132 139 141 143 148 151 153 159 163 166 170 176 180 182 183 189 192 194 196 201 202 210 215 216 219 222 223 226 233 236 240 242 243 248 252 257 259 262 268 271 272 274 275 279 284 287 290 294 295 299 302 303 309 316 320 321 322 325 329 332 333 339 
86 90 94 100 103 110 115 119 123 127 128 131 133 140 145 148 152 153 155 162 165 167 173 178 181 186 190 193 197 201 203 205 206 212 219 222 224 228 229 233 235 240 241 244 248 249 254 258 261 264 269 274 275 277 280 283 286 288 291 297 300 303 306 310 313 317 323 326 329 332 335 337 339 343 
89 94 97 101 104 113 119 122 125 131 133 136 137 141 147 151 154 155 158 166 168 169 176 181 182 187 192 197 201 204 208 209 212 215 220 226 229 232 236 240 241 245 247 248 252 255 256 261 262 268 272 278 282 285 286 288 290 293 295 299 304 306 309 314 316 321 324 327 331 334 339 342 346 349 
92 96 99 104 106 117 121 125 129 135 139 140 141 145 151 153 158 161 163 168 169 173 179 183 185 189 195 199 203 208 212 215 219 223 224 230 234 236 237 242 243 246 251 253 257 260 262 266 270 274 275 282 286 287 290 293 294 296 297 303 307 309 312 315 319 322 328 329 334 337 341 345 348 351 
96 99 103 105 108 121 123 128 130 139 140 142 146 150 154 155 159 162 164 172 175 176 180 186 187 191 199 201 206 212 216 219 221 226 229 231 237 239 240 245 246 248 255 256 259 263 265 270 272 278 279 286 289 291 293 294 295 297 298 304 311 314 315 319 321 323 330 331 338 341 344 346 352 356 
97 103 104 109 113 122 125 131 134 140 144 146 147 154 157 159 160 166 170 176 178 181 185 188 192 195 201 205 210 213 217 223 226 229 230 232 240 241 243 248 250 252 256 259 263 265 269 272 273 279 282 288 292 295 299 303 307 309 311 314 318 321 325 328 330 333 335 336 340 343 345 347 356 358 
100 105 108 111 117 126 128 135 139 142 146 149 150 156 159 162 164 170 174 178 179 185 188 192 194 197 205 209 213 214 221 224 227 230 232 234 243 246 248 250 251 254 258 261 264 266 270 275 277 280 284 292 293 298 303 304 310 311 312 317 320 322 329 332 334 337 341 345 348 350 353 355 359 362 
104 107 109 115 121 130 133 139 140 143 147 150 154 157 160 166 170 174 177 180 184 188 191 195 199 201 209 211 214 215 222 228 229 232 236 239 245 247 251 252 256 257 262 266 270 272 274 279 280 282 285 296 299 300 304 308 312 313 315 319 321 324 332 334 336 339 343 349 353 356 360 363 366 368 
106 109 113 118 125 133 135 141 142 145 149 151 156 159 163 168 174 176 181 183 185 189 194 199 203 205 213 217 220 223 226 231 234 237 238 242 249 250 255 257 258 260 264 270 273 276 277 282 286 289 291 300 303 305 306 310 313 314 316 320 322 326 333 335 337 341 346 351 355 360 363 365 368 370 
108 112 116 121 126 134 137 145 146 150 153 154 160 163 165 172 176 177 184 187 189 192 196 200 206 207 214 218 224 227 231 232 238 239 242 245 250 252 258 262 264 267 271 273 274 279 280 283 288 291 294 304 307 309 311 313 314 315 319 321 324 327 337 341 343 344 348 352 356 361 364 369 370 371 
112 116 120 123 127 135 141 148 150 153 155 157 164 166 170 174 177 180 185 188 190 193 200 204 210 214 215 219 227 231 232 236 242 246 249 251 253 257 260 266 267 271 273 274 278 281 284 286 292 296 297 305 309 310 315 316 319 323 327 331 335 339 343 345 348 349 351 353 358 364 367 373 377 380 
115 120 122 125 128 139 145 151 152 157 159 160 165 169 173 175 180 183 189 191 193 194 201 205 211 216 218 220 228 235 238 242 244 248 250 253 254 258 264 268 272 275 277 281 283 287 288 290 296 297 298 306 312 313 317 321 325 328 332 334 336 341 347 350 354 356 360 362 363 366 368 376 378 381 
118 122 124 128 131 143 147 154 157 161 165 169 170 174 178 180 182 185 190 195 196 200 204 208 215 219 220 222 232 238 240 246 250 254 258 260 262 266 269 271 276 277 280 285 286 290 291 294 298 301 302 309 313 315 318 322 326 332 334 335 339 342 349 353 358 361 363 364 366 370 373 377 382 385 
120 125 126 130 135 144 151 157 159 163 166 171 173 177 179 181 183 186 193 197 200 204 208 209 219 222 224 227 233 239 242 247 253 255 262 263 266 267 273 274 277 281 285 286 288 291 295 298 299 304 308 312 315 317 322 323 330 333 338 342 343 346 350 356 359 365 366 369 372 376 379 381 385 386 
124 126 130 131 139 145 154 161 163 164 168 175 178 182 186 187 191 195 199 201 204 205 210 211 223 224 227 231 237 243 245 251 254 258 264 267 269 273 277 278 280 284 286 288 290 295 296 300 304 307 310 316 318 319 324 328 334 338 342 344 345 348 353 358 360 368 371 375 376 378 382 385 389 391 
128 131 133 134 140 147 157 162 164 167 171 177 181 185 190 194 198 201 205 207 208 212 216 218 227 228 232 236 241 245 247 252 256 260 268 271 275 276 281 285 289 291 293 295 299 300 304 308 311 315 318 322 323 327 331 335 336 339 344 347 350 353 355 360 361 370 373 379 383 385 387 389 391 395 
132 133 134 137 143 150 161 164 166 171 173 181 184 189 194 198 200 205 207 208 212 216 217 219 230 234 235 238 242 249 250 253 257 261 269 275 279 280 284 289 291 293 297 300 304 306 309 312 316 318 321 323 324 328 334 339 343 344 348 349 351 357 358 363 367 373 374 382 387 390 392 394 398 400 
133 137 138 140 147 151 164 165 168 173 175 182 188 193 198 199 202 207 208 209 216 219 223 227 234 237 238 242 245 251 252 254 260 264 272 277 280 282 285 290 295 297 301 302 307 309 312 315 318 319 323 325 328 330 335 343 345 346 349 353 357 358 360 367 370 377 381 385 390 394 397 400 401 405 
135 138 139 144 149 154 165 169 171 177 181 184 192 195 199 202 204 211 214 215 217 221 224 230 238 241 242 245 249 254 258 261 265 267 273 281 284 286 290 291 297 298 302 305 310 312 315 316 322 326 330 333 334 338 340 345 348 349 351 354 360 363 364 369 373 381 383 387 391 397 401 404 408 411 
137 139 141 146 153 157 166 173 176 178 182 187 193 196 203 207 211 215 218 221 222 225 226 231 242 244 245 248 250 257 260 264 267 271 274 282 286 287 294 295 298 299 304 308 311 314 316 318 324 329 333 336 337 342 346 349 350 351 353 357 362 365 368 373 375 382 384 390 392 398 405 406 412 414 
138 140 144 147 155 160 170 177 178 179 186 190 195 198 206 209 212 218 222 224 227 230 232 233 244 248 252 256 257 258 261 268 272 274 278 284 288 289 297 299 301 305 309 310 314 317 320 324 327 330 334 337 339 343 347 353 355 359 361 363 364 368 371 374 379 386 389 393 396 401 409 412 413 417 
142 145 146 150 158 162 172 178 179 183 188 194 199 201 209 213 215 220 224 225 229 234 235 239 248 252 256 257 261 264 265 270 275 277 281 288 291 292 301 303 306 309 311 313 318 319 323 326 330 331 337 340 344 347 351 355 357 362 365 368 372 375 378 380 382 390 391 395 397 405 413 416 418 422 
143 148 149 151 160 165 174 180 183 185 192 195 200 202 212 217 218 224 226 230 232 235 237 241 250 254 257 258 265 268 270 274 276 278 283 289 294 298 304 308 309 311 314 318 320 321 326 329 334 335 339 341 346 350 354 357 361 366 367 370 376 377 381 383 385 393 396 399 401 407 417 419 422 423 
146 151 154 155 164 168 177 181 184 187 196 197 204 207 216 221 224 228 230 233 235 239 240 244 251 255 258 259 267 270 272 278 279 281 285 290 296 300 308 311 313 315 318 320 321 324 330 331 337 338 341 344 348 353 355 361 365 367 368 373 377 381 383 385 389 395 399 402 406 409 420 424 425 427 
150 153 157 158 166 169 178 182 186 188 199 200 206 211 219 224 228 230 232 237 238 243 245 248 254 259 261 262 268 273 275 280 283 286 288 293 298 304 312 315 318 322 325 328 329 332 336 338 342 346 350 352 355 356 360 365 367 368 369 376 379 385 386 387 393 398 402 403 407 411 422 428 432 436 
151 157 159 162 169 172 182 184 188 190 202 206 210 214 223 225 230 231 236 239 243 244 247 251 255 262 263 264 272 275 279 281 287 291 293 295 301 305 314 316 322 326 329 332 334 335 339 342 346 350 354 355 357 359 361 367 369 372 373 379 383 387 391 393 397 400 406 410 412 413 425 431 435 438 
155 158 163 166 170 176 185 188 191 195 204 210 214 215 224 228 234 236 238 242 244 245 251 254 256 265 267 269 275 277 282 286 290 295 296 298 305 308 317 320 323 330 334 337 340 343 344 347 350 354 357 361 364 368 370 373 376 378 380 382 386 391 393 397 398 402 409 413 414 416 426 433 439 443 
158 161 167 170 174 179 187 190 192 198 206 212 215 216 225 232 236 237 241 243 245 247 255 257 260 268 269 273 278 281 283 290 293 298 299 300 307 312 320 322 325 332 335 339 344 345 349 352 356 357 358 363 366 372 373 377 381 385 388 391 393 396 397 399 402 406 411 414 415 417 427 436 440 446 
160 165 168 174 178 183 190 194 197 201 208 213 218 220 228 233 240 241 245 249 250 253 257 258 262 271 273 274 282 286 289 294 296 299 302 305 308 314 323 325 327 336 337 343 346 348 352 356 357 360 363 364 370 376 380 381 383 387 390 395 399 402 404 407 409 411 414 415 419 420 430 437 442 448 
164 168 169 176 182 186 194 195 199 204 210 216 220 221 229 235 242 245 246 252 256 260 264 266 269 275 278 282 285 289 291 297 301 302 304 307 310 318 325 326 331 338 342 345 350 353 354 357 361 365 366 370 373 378 381 383 387 391 395 398 402 406 407 410 413 415 419 423 427 429 431 441 444 452 
165 172 173 179 183 187 196 197 201 208 211 217 221 225 231 238 244 249 250 256 257 262 265 267 272 278 280 285 288 290 294 301 302 306 308 311 315 321 328 332 333 342 345 347 351 357 360 363 366 369 371 373 376 380 382 385 388 395 396 401 406 408 411 415 417 421 425 429 432 433 437 442 445 456 
167 176 177 180 187 189 197 199 203 211 215 219 222 228 232 239 247 250 253 260 262 264 269 271 275 282 285 288 290 291 295 302 304 308 310 313 317 323 329 336 338 343 349 350 353 360 362 364 370 374 378 380 381 383 386 387 391 399 400 405 408 409 415 419 420 425 428 430 433 434 440 445 446 458 
170 180 184 188 192 195 200 201 207 212 219 223 225 231 234 243 251 253 257 261 264 266 273 276 277 286 290 291 295 299 302 306 309 310 314 318 322 324 331 340 344 345 350 352 356 362 365 368 372 378 382 384 387 389 392 396 398 402 406 408 411 413 419 421 424 426 430 433 436 440 441 447 449 460 
171 184 188 191 195 199 202 205 210 214 222 224 228 232 236 245 253 254 260 264 266 269 275 280 283 290 291 292 297 301 306 307 313 314 318 319 323 328 332 343 345 347 351 355 359 365 368 371 373 380 384 388 390 393 397 400 402 404 408 411 415 416 423 427 429 431 435 438 439 444 448 449 453 462 
175 185 190 194 198 202 205 209 212 217 223 226 232 235 238 246 254 255 264 267 268 272 276 281 287 291 293 294 301 303 310 312 316 320 322 323 324 330 336 347 350 354 357 359 361 369 372 376 380 384 387 390 394 397 401 404 406 409 410 412 418 420 425 430 434 435 438 440 443 448 452 454 455 466 
178 189 191 196 201 203 207 210 213 220 224 227 233 239 243 249 256 257 267 270 271 275 279 285 290 295 296 300 303 304 312 314 318 322 323 324 325 331 340 350 352 355 361 363 365 372 373 379 383 386 391 392 395 399 404 406 409 412 413 415 419 421 428 434 438 441 442 446 450 451 454 455 456 468 
179 192 193 198 204 207 208 213 215 222 225 230 234 241 245 251 258 260 270 274 275 277 283 286 293 296 297 303 305 306 314 317 321 323 324 326 330 332 343 353 356 357 365 366 368 375 379 380 384 390 392 396 397 401 408 411 412 415 418 421 424 425 430 436 442 445 447 450 454 456 458 459 460 470 
183 193 194 202 208 212 216 219 222 224 227 232 235 243 248 252 262 265 272 278 281 283 287 291 296 300 302 306 310 311 318 321 325 329 332 333 337 338 345 356 359 362 368 371 375 378 380 383 386 392 393 398 399 402 411 412 416 419 422 423 427 429 431 437 443 449 452 456 457 461 464 468 472 474 
184 197 201 205 209 216 217 222 226 227 231 235 236 247 249 256 266 267 275 280 283 284 288 295 299 304 306 308 314 315 322 326 327 330 333 337 340 344 347 360 363 365 369 372 377 381 385 387 389 395 396 400 403 407 414 416 418 423 424 427 428 432 434 439 445 452 454 460 464 468 469 471 473 477 
185 198 204 209 212 220 224 228 231 234 238 240 244 250 251 257 268 271 279 282 284 288 290 299 301 306 308 312 318 322 326 330 334 337 338 340 341 348 350 361 365 368 372 374 378 382 388 392 396 398 399 404 408 412 417 421 423 427 431 432 435 439 440 444 447 455 457 463 467 471 475 476 477 479 
186 201 206 210 214 223 228 232 235 236 239 244 246 252 256 260 271 273 280 286 290 292 294 303 305 307 309 313 319 323 329 331 336 338 341 344 348 351 355 365 367 369 375 377 379 385 390 393 397 400 403 407 410 415 421 425 428 431 433 436 439 441 444 446 450 456 458 464 469 474 479 483 484 486 
189 205 208 214 217 225 231 233 236 238 240 247 249 254 259 264 275 279 282 289 292 293 298 305 307 311 315 317 322 324 331 333 340 343 345 348 352 354 358 368 369 370 378 382 386 389 391 395 401 403 407 409 411 418 425 426 431 433 437 439 441 443 446 450 454 458 459 466 472 476 482 486 487 489 
193 206 212 216 220 227 234 238 240 242 246 249 251 258 260 267 278 281 285 290 294 298 300 309 311 313 317 319 323 328 333 335 343 346 347 351 356 357 362 372 374 376 382 385 388 390 393 398 405 407 409 411 415 420 428 429 435 437 440 444 445 448 450 454 457 459 462 468 476 479 485 488 492 493 
196 208 215 218 224 229 236 242 244 246 249 253 257 262 265 269 282 285 289 291 296 301 304 313 315 317 321 324 326 329 335 338 345 349 353 355 358 361 365 375 379 383 386 387 392 394 396 400 409 412 413 414 418 421 431 434 438 440 442 447 449 451 452 456 461 463 465 470 480 484 489 490 496 499 
