3 4 7 9 12 15 17 21 24 26 30 34 37 39 41 42 44 46 50 53 56 57 61 63 67 71 74 76 79 81 84 86 89 92 93 97 101 105 109 110 112 116 120 122 123 125 126 129 132 134 136 140 143 147 149 152 153 157 159 161 165 166 167 170 174 175 178 
6 8 11 13 15 16 20 25 27 28 31 38 39 40 44 47 50 52 56 57 58 61 65 66 70 75 77 80 83 87 90 94 96 97 100 102 103 107 112 114 115 118 121 125 129 133 135 136 140 143 146 149 151 155 156 158 162 166 168 169 172 173 174 175 176 178 180 
9 13 14 18 21 22 23 27 30 32 33 39 41 45 49 51 55 56 58 60 63 66 67 68 71 79 80 81 86 90 92 97 99 102 103 105 106 110 116 117 121 125 126 127 130 136 139 141 144 146 148 153 155 158 160 163 164 167 170 172 176 177 178 181 182 186 189 
11 17 20 23 24 27 31 33 34 37 39 43 47 49 50 53 59 63 64 67 70 71 75 79 82 85 89 93 94 95 99 103 106 107 108 109 110 111 117 120 122 128 132 133 135 139 141 145 147 148 149 154 158 160 162 165 167 168 171 173 180 184 185 189 193 196 198 
12 20 22 25 29 31 33 37 41 43 46 48 51 53 56 57 63 67 69 72 73 75 77 83 86 89 92 95 97 99 102 105 107 109 112 115 119 122 125 128 129 130 134 136 138 143 147 150 153 157 161 165 168 172 173 176 180 184 187 188 192 194 196 200 204 207 210 
14 22 26 28 31 35 39 41 45 46 47 50 52 55 58 62 66 68 73 77 78 81 82 86 88 90 96 100 101 103 107 111 114 116 120 122 126 128 130 132 136 140 142 144 145 149 152 154 157 159 164 168 170 174 176 180 181 185 188 190 195 197 198 204 206 208 212 
15 24 27 32 35 38 40 44 47 48 50 54 57 61 64 68 70 73 76 80 84 87 91 93 96 99 103 105 109 113 115 116 120 122 124 127 128 129 134 137 140 143 147 149 150 151 154 157 160 163 166 170 172 176 177 182 183 186 191 192 196 201 203 208 209 210 214 
16 25 29 35 36 42 44 45 50 52 55 57 60 62 68 71 74 78 80 83 87 89 93 94 98 103 104 109 112 115 118 121 122 126 130 131 132 133 138 139 142 146 148 153 157 159 162 165 168 172 175 176 179 182 184 186 190 192 195 199 202 204 208 211 215 216 220 
17 29 33 36 39 43 48 52 53 54 56 61 65 69 73 74 77 82 84 86 91 92 96 100 101 107 111 114 115 118 120 122 125 128 133 136 137 138 139 141 145 149 150 157 159 160 165 168 171 173 178 180 182 186 189 192 195 199 200 203 205 207 210 214 216 219 224 
21 30 35 38 43 45 50 56 60 62 64 65 68 70 77 81 82 86 87 88 92 96 97 104 108 109 115 116 117 119 124 128 132 133 136 140 144 146 150 154 158 161 163 167 168 170 173 177 179 183 186 187 189 190 191 196 197 203 204 206 209 213 217 218 219 221 226 
25 32 39 41 47 51 54 59 61 66 69 70 71 75 80 83 86 88 92 93 95 97 101 108 112 113 117 118 119 121 127 130 135 138 139 144 148 152 155 159 161 162 166 168 169 172 176 181 183 187 190 193 197 199 201 202 205 208 210 212 216 218 221 225 229 232 234 
27 33 43 44 48 54 55 60 64 69 71 73 77 78 84 87 89 93 96 100 104 105 107 112 114 117 120 122 124 128 129 131 139 142 144 145 150 153 158 163 165 169 171 175 177 181 185 188 190 194 196 200 204 208 212 214 217 220 224 226 229 231 235 239 240 242 245 
28 35 47 49 51 57 60 62 68 70 74 77 78 81 85 91 93 95 97 104 106 107 108 115 119 120 121 125 127 130 132 135 142 143 145 149 154 155 161 165 169 172 174 179 181 184 187 189 194 196 198 201 206 212 213 218 219 222 227 229 231 233 237 243 247 251 255 
32 37 51 53 54 61 64 66 71 72 78 79 81 84 89 93 96 97 98 108 111 115 117 120 123 125 126 129 133 134 136 138 146 150 154 155 159 162 165 166 171 176 177 182 186 187 189 191 198 202 206 208 209 213 216 220 222 224 230 231 233 237 239 247 250 254 258 
34 41 54 55 59 63 66 70 73 77 82 83 86 89 93 94 98 100 102 112 113 117 119 123 126 128 129 133 137 138 141 145 150 151 157 159 162 163 167 168 173 177 181 184 188 189 190 193 201 204 207 209 213 217 218 224 227 228 232 234 238 240 241 248 253 258 262 
36 43 55 58 61 66 69 74 78 79 83 87 88 93 95 98 99 103 104 113 116 119 120 127 130 133 137 140 144 147 148 150 152 156 160 164 166 168 172 175 178 181 184 187 191 193 195 198 202 205 211 214 216 221 223 228 229 230 236 238 241 245 246 250 254 261 266 
37 45 58 59 62 69 73 75 80 83 85 89 91 95 99 102 105 107 109 116 118 123 127 130 132 135 140 141 146 150 151 154 157 160 162 166 169 172 175 179 182 186 190 192 196 198 200 204 208 211 214 217 219 225 229 233 235 238 240 242 243 248 250 252 257 265 267 
38 49 61 64 66 71 77 78 81 86 90 92 94 97 102 106 110 113 115 118 120 124 130 131 136 140 142 146 150 154 158 160 163 167 168 172 175 179 183 186 187 189 192 193 197 201 203 205 209 215 218 219 221 229 233 235 238 242 243 246 250 254 257 260 263 268 272 
42 50 65 68 70 73 79 83 84 89 93 97 100 101 103 108 113 116 120 124 126 127 132 133 139 143 144 148 154 155 161 164 167 171 172 175 178 181 186 189 190 193 197 199 202 206 208 211 214 219 220 222 226 231 237 238 241 245 248 250 254 257 261 265 267 272 274 
45 54 66 72 75 76 82 84 85 93 97 99 103 104 108 112 116 118 122 126 129 130 133 136 142 144 145 152 155 157 163 168 169 172 174 176 179 183 188 192 193 196 198 200 203 208 212 216 218 220 223 226 228 234 240 243 246 247 251 254 258 260 265 266 271 276 279 
46 58 70 76 77 78 85 88 90 97 98 100 104 108 111 114 117 120 123 130 131 135 139 143 144 146 149 156 157 159 164 171 175 179 181 183 185 188 191 195 198 201 202 204 206 209 216 217 222 224 227 230 234 237 243 246 250 252 253 257 262 264 269 273 276 278 280 
48 59 74 79 81 82 88 92 93 100 102 106 109 111 113 117 121 122 125 132 136 140 143 146 148 151 152 157 160 162 167 173 178 182 185 188 192 195 197 199 201 205 207 210 214 216 217 221 226 227 229 234 236 239 245 250 251 253 255 260 263 265 273 276 278 281 282 
51 63 76 81 82 86 92 95 98 101 106 108 112 115 117 120 124 125 128 136 139 143 147 148 151 152 156 161 163 166 168 174 182 186 187 191 194 197 198 201 204 208 211 215 216 220 221 224 229 233 235 239 241 242 247 254 258 262 264 268 270 271 274 280 283 285 288 
52 66 79 83 85 90 93 99 103 104 110 114 117 121 125 128 130 131 132 140 144 146 149 152 156 157 161 163 166 168 169 176 183 188 192 193 197 198 199 204 206 210 215 216 220 224 228 229 233 234 237 242 243 247 250 255 260 265 268 272 276 280 282 285 286 289 291 
54 70 83 86 89 92 96 103 105 106 114 116 119 122 129 131 132 134 137 141 147 151 154 155 157 159 164 165 169 172 174 180 184 191 196 200 203 207 208 212 214 215 216 217 223 226 230 234 236 237 239 245 248 251 252 256 261 269 270 275 278 282 285 289 291 295 296 
58 73 87 88 92 93 97 106 110 112 116 120 121 123 132 136 138 140 143 144 151 152 156 159 160 162 165 166 170 174 178 183 186 195 198 204 205 208 211 215 216 218 220 223 224 228 234 237 239 240 243 246 250 254 258 262 264 271 272 278 282 284 288 292 294 299 303 
62 74 91 94 95 99 102 108 111 113 120 121 124 126 135 137 139 143 146 150 152 155 159 160 161 164 166 168 174 178 182 187 189 198 201 208 209 212 214 218 221 223 226 228 229 232 237 239 242 244 247 250 253 257 261 264 267 275 277 279 285 287 289 293 295 302 307 
66 75 93 97 98 101 103 111 112 117 121 122 125 130 137 138 141 147 150 152 156 158 163 164 167 169 173 176 180 184 185 189 192 199 202 210 213 214 218 220 225 229 231 235 238 240 244 247 249 253 255 259 262 263 266 268 270 276 280 281 287 291 292 294 299 304 311 
70 78 95 100 101 103 106 114 118 122 126 130 132 134 140 141 143 150 152 154 158 159 166 167 169 173 174 178 183 185 189 191 193 203 204 212 217 220 224 228 230 234 235 236 242 243 245 248 250 255 258 261 265 268 269 273 277 279 284 286 290 294 298 300 304 306 312 
73 82 99 102 105 108 110 116 119 125 127 133 136 137 143 146 147 153 154 156 161 164 169 173 174 175 178 179 186 189 193 196 200 204 207 215 218 224 228 232 236 240 241 243 244 246 247 251 252 258 262 265 266 270 272 274 281 284 285 288 291 297 301 302 306 308 313 
75 83 103 107 110 111 112 120 124 127 128 136 138 140 145 149 151 157 160 161 164 165 173 174 178 181 183 187 188 190 196 199 204 208 210 218 219 227 231 233 240 242 243 246 248 251 254 256 258 261 266 270 273 274 278 280 282 285 289 292 294 298 304 308 310 312 317 
78 86 105 111 113 115 117 123 125 131 133 137 140 143 146 152 155 161 165 169 172 176 178 181 183 185 187 189 192 196 200 204 205 209 211 220 223 230 232 237 243 244 248 250 252 255 256 259 263 265 267 273 276 278 279 283 286 288 290 295 296 302 305 311 315 317 321 
79 90 107 113 116 120 124 125 128 134 137 140 141 146 150 156 160 163 168 170 173 180 181 183 186 187 190 191 195 200 201 207 211 212 214 223 227 233 237 238 247 250 254 257 259 261 264 266 268 269 270 276 277 279 281 287 290 292 293 299 303 304 306 314 316 318 322 
80 92 110 116 119 123 128 130 132 135 139 144 147 150 154 157 164 168 171 172 177 183 187 188 192 196 200 202 204 207 211 213 216 220 224 225 229 236 238 240 251 252 258 260 263 265 266 269 271 274 278 282 286 290 291 292 293 297 300 303 306 310 314 315 318 321 326 
82 95 113 117 122 127 129 131 134 138 142 145 148 153 157 160 166 171 175 176 181 186 189 192 196 197 201 206 210 214 217 219 222 226 229 230 233 239 241 244 255 259 263 266 267 271 274 276 280 281 284 287 291 294 298 301 302 306 309 313 315 319 321 325 327 330 332 
85 96 117 119 126 130 132 135 139 142 143 147 150 155 160 164 168 175 176 179 183 189 191 195 197 198 205 209 213 218 220 221 224 228 231 234 236 242 246 247 259 262 266 270 274 275 278 282 284 285 286 288 295 296 299 304 306 309 313 317 319 323 325 328 332 336 339 
89 99 121 122 129 134 137 141 144 146 150 154 158 160 164 168 169 176 178 182 185 193 194 198 201 203 208 213 217 221 225 228 230 234 238 242 245 249 252 256 260 265 270 273 276 277 282 285 289 293 297 299 301 305 308 312 315 318 320 321 325 328 329 332 333 338 341 
91 102 123 124 130 137 141 145 147 151 152 157 161 162 168 169 171 180 184 186 187 197 200 203 205 207 212 216 220 224 229 233 237 239 241 245 249 250 255 260 264 269 272 277 279 281 283 287 292 296 299 303 304 308 312 315 318 321 322 326 330 331 333 335 337 339 343 
93 104 124 125 132 140 144 148 152 155 157 159 162 163 171 174 175 182 188 190 192 200 202 204 209 213 216 217 223 228 232 235 238 241 245 246 251 252 259 263 266 271 273 278 280 285 288 289 294 299 303 304 308 310 313 319 322 323 325 330 333 335 339 341 342 346 350 
97 107 125 129 136 141 146 151 153 159 161 163 166 168 173 175 178 184 190 191 196 202 204 208 210 216 217 220 225 232 234 237 241 243 246 247 252 255 261 267 268 275 278 281 285 288 291 294 296 303 306 308 312 313 316 321 323 326 329 333 336 338 340 344 346 349 351 
100 109 128 133 140 144 147 155 156 163 167 170 172 175 179 181 185 186 192 195 198 206 209 213 217 221 223 224 227 236 240 242 244 247 249 253 257 258 265 269 273 278 279 282 287 289 295 296 300 304 307 311 316 317 321 322 325 330 334 337 341 343 344 348 350 352 353 
101 113 129 137 141 146 150 157 160 166 168 174 177 178 183 186 188 190 196 198 201 210 211 214 219 224 228 231 233 239 241 243 247 249 253 255 258 261 267 271 274 282 286 287 288 293 297 299 301 307 309 313 317 321 322 325 326 331 335 341 342 345 347 352 354 357 360 
104 117 132 141 142 149 154 159 164 169 173 175 179 181 184 187 192 194 197 199 202 214 217 219 223 228 230 232 237 242 245 249 251 255 259 263 266 268 272 273 275 283 289 293 295 296 301 302 304 311 315 318 322 325 329 333 335 338 341 343 344 349 351 353 357 358 364 
108 120 136 143 145 153 158 163 168 171 174 176 181 185 188 189 194 197 201 204 208 216 220 223 225 231 234 238 239 243 249 250 252 258 262 267 270 271 273 274 276 286 293 294 297 300 303 305 307 313 318 320 323 326 332 335 338 341 344 347 349 352 353 354 360 364 365 
112 122 137 147 149 154 161 165 171 173 175 178 184 186 190 192 196 201 203 205 211 217 224 226 229 234 237 239 241 246 251 253 256 260 264 268 272 275 279 281 285 290 294 295 300 303 304 307 309 315 320 323 324 330 334 337 339 343 346 348 350 354 357 361 363 365 369 
116 126 140 150 152 155 164 167 173 176 178 182 187 190 191 194 200 204 208 212 213 219 225 230 231 237 241 244 247 249 253 254 259 264 268 272 273 279 281 283 287 291 296 299 301 304 306 310 314 316 321 326 330 331 337 339 341 344 349 351 354 358 362 365 368 371 373 
118 128 144 151 154 157 168 171 177 180 181 185 190 192 193 195 201 207 211 214 218 221 227 234 237 238 245 248 249 251 257 258 260 268 272 274 276 283 287 291 293 295 300 303 307 309 312 315 317 320 325 328 332 334 340 343 346 349 353 357 359 360 364 369 372 376 378 
122 132 147 154 157 159 171 173 178 182 185 189 193 196 199 201 204 210 215 219 221 225 228 238 242 244 247 252 253 256 261 265 269 272 274 278 280 284 289 294 298 302 303 307 308 313 314 316 320 324 329 332 333 338 341 346 347 352 355 361 364 366 368 370 373 380 382 
123 136 151 155 159 161 175 177 181 184 188 192 196 197 200 205 209 214 218 223 224 226 229 240 245 249 250 255 259 262 264 267 272 276 278 279 282 288 292 297 299 305 309 313 316 318 320 321 323 326 332 335 336 339 344 348 351 355 357 362 365 370 373 375 379 384 385 
126 140 153 156 160 164 177 179 184 187 190 195 199 202 204 207 212 217 221 225 228 230 233 244 246 252 254 259 262 263 267 268 273 279 283 286 288 291 293 299 302 306 312 316 319 320 321 325 326 328 333 339 340 341 348 349 352 358 362 365 368 371 375 379 383 388 392 
128 143 155 159 163 168 180 181 188 189 194 196 202 203 205 211 216 218 222 226 229 234 236 245 247 254 258 261 265 269 271 272 275 282 284 289 290 292 295 303 304 307 316 319 321 322 325 327 328 329 334 342 343 344 349 350 356 361 364 366 369 372 379 382 386 392 393 
131 145 159 163 165 170 181 185 189 193 195 197 206 209 212 216 217 220 224 229 232 235 240 246 249 258 259 262 266 273 276 277 281 286 288 290 292 294 296 307 310 312 317 322 323 326 327 330 332 336 340 344 347 351 353 356 357 365 367 371 375 378 381 386 390 395 399 
133 149 162 165 166 173 184 189 190 196 200 203 209 210 215 219 223 224 225 233 234 239 242 249 252 261 262 263 267 275 277 279 284 288 292 295 298 301 304 310 313 316 318 324 327 331 334 336 340 342 344 346 351 353 357 361 362 366 371 375 377 380 385 389 391 397 400 
135 150 166 169 170 176 185 192 193 200 201 204 211 214 218 221 225 226 227 236 237 241 243 252 254 262 264 268 270 277 280 283 288 290 294 299 302 304 305 311 316 319 323 328 331 333 336 338 341 346 348 349 353 357 360 363 365 367 373 378 379 384 388 391 395 400 404 
139 153 168 171 175 179 186 193 195 203 206 210 213 216 220 223 229 230 232 238 239 242 247 255 257 263 267 272 274 280 281 287 291 295 296 303 307 309 310 315 319 320 325 330 332 335 340 344 346 350 352 355 358 361 364 367 368 369 375 380 382 385 391 393 398 404 406 
142 157 169 173 177 182 190 195 199 207 209 211 217 220 222 224 231 234 236 239 240 243 250 257 260 264 270 275 278 282 286 288 294 298 302 307 309 311 312 316 320 323 327 334 338 340 341 346 347 353 355 359 360 365 367 371 375 378 379 384 387 391 393 396 399 405 408 
145 158 173 174 180 186 191 197 200 208 210 215 218 223 225 229 235 238 241 245 247 249 251 260 263 268 273 279 282 283 288 289 297 300 304 309 313 315 316 317 324 328 332 337 341 342 346 347 350 356 358 363 364 366 371 372 376 379 382 386 391 394 397 400 402 407 410 
148 161 176 178 182 189 195 201 203 212 215 219 222 226 230 231 238 240 244 249 251 254 255 261 264 272 274 281 285 288 289 290 299 301 307 313 317 320 324 326 327 329 333 338 345 348 352 356 359 362 363 366 370 374 375 379 383 387 388 392 396 398 401 404 408 412 414 
149 165 180 182 184 192 198 203 205 214 219 221 226 229 234 237 241 243 248 251 254 258 261 262 268 274 277 285 289 290 292 293 302 303 308 316 319 322 326 327 331 335 339 342 346 350 354 357 360 365 369 370 371 376 378 383 386 390 394 398 402 403 405 406 409 413 418 
152 168 181 184 188 194 199 206 208 217 221 222 228 233 237 238 242 245 249 254 255 262 265 269 271 277 279 289 290 292 295 296 304 307 312 319 322 326 327 328 333 336 343 346 349 353 356 359 362 367 373 377 380 383 386 387 391 395 397 402 404 405 409 412 415 416 421 
154 171 184 186 189 195 202 207 209 219 225 228 229 236 240 242 243 248 250 255 256 266 268 273 277 278 280 291 292 293 296 300 305 309 313 323 324 329 333 337 338 340 345 347 351 356 357 362 365 370 374 381 382 386 389 393 397 401 403 407 411 415 417 418 421 422 426 
157 172 185 190 194 198 205 211 214 221 227 229 233 237 244 246 247 249 252 258 259 270 274 275 279 282 286 293 295 299 302 306 309 312 316 326 329 332 335 338 341 345 349 352 355 360 364 366 368 371 375 382 384 388 390 395 399 405 407 409 412 417 420 424 426 427 430 
161 175 186 193 198 199 207 213 215 225 231 233 237 239 247 251 255 259 263 266 268 273 275 279 282 283 287 297 298 300 306 309 310 313 317 328 331 333 338 340 343 349 353 354 358 362 366 370 373 376 377 385 388 390 393 397 401 407 410 413 417 419 421 427 428 430 431 
163 177 190 195 202 203 210 217 219 227 232 235 240 242 249 253 259 261 267 271 274 276 279 283 287 290 293 301 305 306 310 314 316 317 319 332 333 336 339 344 346 353 356 358 360 363 367 372 375 379 383 387 392 395 396 400 405 410 414 417 421 422 426 428 431 435 436 
166 181 193 199 206 209 212 218 223 229 233 239 243 247 253 255 261 265 271 275 276 277 282 285 289 294 295 305 306 307 313 317 320 323 327 336 337 340 343 345 349 356 357 361 362 365 368 375 376 383 387 389 393 399 403 404 407 413 418 421 423 425 430 434 438 439 440 
169 182 194 201 208 213 214 221 225 233 236 241 246 250 255 259 265 268 273 276 279 282 286 287 292 298 301 308 312 313 316 318 323 327 330 340 343 346 348 350 353 357 361 362 363 369 373 378 381 385 391 392 396 403 405 408 409 417 422 426 428 430 432 436 442 443 445 
172 185 198 204 210 215 217 224 229 234 237 244 250 254 258 260 269 273 275 279 282 283 287 289 295 302 303 311 316 319 320 323 327 330 333 342 346 348 352 354 357 358 363 366 369 370 377 382 386 390 394 397 401 407 409 412 413 418 426 429 432 433 435 438 443 445 448 
