4 5 7 9 11 14 15 17 18 22 23 24 28 30 31 34 36 37 40 43 44 47 48 51 54 57 61 65 69 73 77 78 80 84 86 89 90 94 98 99 102 104 105 109 111 114 116 119 121 122 124 125 129 133 136 139 143 144 148 150 153 157 161 165 167 168 172 175 176 179 181 182 183 185 186 188 190 192 193 196 199 203 206 208 211 213 217 219 221 225 229 233 237 241 245 249 252 253 257 261 265 266 269 273 277 278 279 
5 9 12 16 19 21 24 25 27 30 33 34 36 39 40 44 48 49 50 52 53 55 59 60 62 66 67 70 71 77 81 83 87 91 93 96 97 99 100 104 108 111 112 116 118 120 122 124 128 132 134 136 138 140 143 144 148 152 156 158 160 163 165 169 173 175 179 180 182 186 190 194 196 197 200 203 204 208 209 213 217 220 223 224 225 229 231 235 238 240 241 243 244 247 248 251 255 258 260 264 267 270 271 274 280 281 285 
7 11 13 18 21 24 26 30 33 35 37 41 42 44 48 50 53 54 57 60 62 63 65 67 71 72 73 74 77 80 85 88 92 93 96 97 99 102 103 108 109 114 115 120 121 123 126 130 132 135 138 139 142 143 144 146 152 155 159 161 163 165 166 170 176 180 184 188 192 193 195 197 198 201 205 209 211 215 218 219 222 225 227 230 233 237 241 243 244 248 249 250 252 254 255 259 261 262 264 268 271 273 277 280 284 286 288 
8 13 15 19 22 26 27 31 34 39 43 45 49 51 53 54 56 60 61 63 66 69 70 74 75 77 79 80 82 84 89 91 93 97 99 103 104 107 108 112 113 115 116 123 124 128 131 133 135 139 143 145 146 149 151 154 158 162 163 165 166 167 170 174 180 183 188 192 194 195 197 199 203 206 210 212 214 219 221 222 226 229 232 234 237 241 244 247 249 252 254 258 260 264 267 268 269 273 274 277 279 282 285 286 287 291 294 
10 17 21 24 27 28 29 32 35 42 45 48 53 54 56 60 61 62 64 65 67 73 77 81 85 89 93 96 98 99 101 105 108 112 113 114 116 118 120 123 125 126 130 134 138 140 144 145 149 153 157 158 159 160 162 165 168 172 175 179 181 182 186 187 191 193 197 200 203 206 208 209 213 214 215 216 220 223 224 225 230 232 236 239 243 245 247 250 252 256 258 259 264 267 270 273 275 279 281 284 288 289 293 296 299 303 304 
13 20 24 28 30 32 33 36 39 44 47 51 55 58 61 65 69 71 75 76 77 79 80 85 86 92 94 97 102 103 104 108 109 114 118 119 123 127 130 133 137 139 140 143 144 145 148 149 150 155 158 159 160 163 166 167 169 176 178 183 185 186 188 192 193 195 198 202 206 208 209 211 215 219 221 223 224 226 230 231 234 237 240 242 245 249 253 255 259 262 264 265 269 272 273 276 280 281 284 287 289 290 295 299 301 305 308 
14 22 25 29 31 36 37 39 41 46 50 55 57 60 65 69 73 77 78 79 81 82 86 88 92 94 96 101 104 108 110 111 112 117 119 121 125 129 132 136 141 143 145 146 149 152 156 160 162 165 166 169 173 175 177 180 184 186 188 190 191 192 195 198 200 202 205 208 211 215 217 218 220 224 225 226 230 231 232 235 239 243 244 245 249 251 257 258 260 263 267 268 273 275 276 280 281 282 286 288 291 293 296 303 304 309 313 
18 26 27 30 33 37 39 40 43 48 51 58 61 62 68 73 74 78 80 84 85 86 90 92 94 98 102 103 108 110 113 117 118 122 123 124 126 131 135 137 144 146 147 148 153 154 158 161 166 167 169 171 176 179 180 182 188 192 193 195 197 201 202 203 207 208 211 212 216 219 221 222 225 228 232 233 234 236 240 244 246 249 252 254 257 261 262 266 268 269 272 276 279 280 283 286 290 294 297 298 301 303 304 308 312 315 316 
21 29 33 35 37 39 40 44 46 52 56 62 66 67 71 76 78 79 81 86 89 90 94 98 102 104 105 109 112 114 115 119 120 124 127 129 133 134 138 141 146 150 152 156 158 161 162 164 168 171 172 174 179 183 185 189 191 195 198 202 204 208 210 214 216 217 220 221 224 228 230 234 235 237 240 241 244 248 252 253 254 257 258 260 263 265 266 269 272 274 277 280 282 283 284 290 294 297 298 300 302 306 307 310 313 317 319 
24 30 37 40 44 47 51 52 56 58 62 64 69 72 76 79 80 82 86 90 92 94 97 100 105 109 111 114 117 121 122 126 127 130 133 134 138 139 141 142 147 154 157 158 160 163 164 166 169 175 176 177 180 185 187 192 193 198 199 204 206 212 214 216 218 222 223 227 231 235 237 240 242 245 249 251 253 255 259 260 262 263 266 269 270 271 274 276 279 283 287 288 290 291 293 294 298 299 301 303 307 308 312 315 317 320 323 
25 31 38 42 48 50 53 54 58 60 65 66 70 74 77 81 82 84 88 93 95 99 100 101 106 111 112 115 118 123 126 130 131 132 134 135 142 146 150 154 156 158 162 165 166 167 168 170 174 178 180 183 187 189 193 196 200 203 207 208 209 215 217 219 223 227 229 231 235 239 240 242 243 249 251 255 259 261 264 268 271 274 277 279 281 285 286 289 291 295 296 300 303 306 307 310 314 315 316 320 323 326 327 330 331 333 335 
27 35 41 45 49 52 57 61 64 68 72 75 78 79 80 84 86 87 91 97 98 100 103 106 109 113 115 116 122 126 128 131 133 134 137 140 144 148 152 155 160 162 165 166 168 172 174 177 179 183 187 190 191 193 194 200 202 205 211 215 219 221 224 227 231 234 236 237 240 242 245 248 250 254 258 259 261 263 266 270 273 276 280 284 285 288 292 294 298 299 302 306 308 311 313 315 319 323 324 328 332 336 339 340 343 346 347 
31 37 44 46 51 55 59 62 67 70 75 79 80 82 85 87 91 95 97 98 100 101 105 108 113 114 116 118 123 127 132 136 139 141 142 143 147 150 155 159 163 166 167 169 170 174 178 179 183 185 191 192 194 195 196 202 203 207 213 217 223 227 228 230 235 236 240 244 245 249 253 255 256 259 262 264 267 269 272 275 279 281 283 286 290 291 296 300 302 306 308 311 315 318 321 324 325 328 331 335 338 341 344 346 347 350 351 
35 38 45 47 53 57 60 64 68 74 77 82 86 89 90 94 98 102 106 109 112 114 115 117 121 122 123 126 127 128 136 139 142 143 146 147 148 151 158 162 164 167 168 170 174 177 181 185 188 190 194 198 201 202 205 206 210 211 216 220 227 228 231 235 239 242 243 246 248 251 254 256 259 261 264 268 271 272 275 278 282 284 288 292 294 298 301 302 304 307 312 316 318 320 322 327 331 334 338 340 342 345 347 348 352 356 358 
38 42 49 52 57 60 61 67 72 75 79 85 88 92 94 97 102 105 107 110 115 117 119 120 124 125 127 128 129 131 139 140 144 146 149 153 155 157 159 164 167 169 170 174 175 180 182 189 191 192 195 201 204 208 212 214 215 219 220 223 229 233 236 237 242 243 247 251 255 259 260 264 266 270 271 273 276 280 282 284 287 289 293 294 297 301 304 305 307 311 313 320 323 324 328 329 334 336 340 343 345 346 349 350 356 358 359 
39 43 51 54 58 63 65 70 73 79 81 87 92 94 95 100 104 107 108 113 117 120 122 124 125 127 128 132 133 136 140 141 145 147 151 154 157 160 164 165 171 174 175 179 181 183 184 192 193 196 198 203 205 211 213 218 219 222 224 227 233 236 240 241 245 249 250 252 257 262 265 266 267 271 273 277 279 284 288 291 294 298 302 303 304 308 310 312 316 317 319 321 327 330 333 334 335 340 342 344 346 348 352 355 360 364 368 
42 44 54 56 61 64 67 74 77 80 83 88 94 95 97 101 107 110 114 117 118 122 126 130 132 135 137 140 144 148 149 150 153 154 156 159 162 163 166 170 175 178 182 186 187 191 194 198 201 204 207 209 211 212 217 221 222 226 229 230 236 239 243 246 247 252 253 254 258 263 269 271 275 279 281 285 286 290 293 297 301 304 305 307 308 312 313 315 318 320 323 327 329 333 334 336 340 342 346 350 351 355 356 358 364 368 372 
44 47 57 60 62 65 69 77 78 82 85 91 98 101 104 107 110 111 116 120 123 125 129 131 135 139 143 144 147 151 152 156 158 160 161 163 165 166 167 172 179 182 185 187 188 195 198 201 204 205 210 214 215 217 219 222 225 228 233 235 239 242 244 249 250 255 258 260 262 265 270 274 278 280 285 289 293 294 297 300 302 307 309 311 312 313 314 318 322 323 324 330 333 336 337 340 342 346 347 351 354 356 359 363 365 371 375 
48 50 58 63 66 70 74 79 83 84 88 93 100 104 108 109 113 116 120 122 125 128 131 135 139 143 144 146 149 154 158 160 161 162 166 168 169 170 171 174 181 184 189 191 192 199 203 206 208 211 212 216 219 221 223 225 228 230 237 238 243 247 250 252 256 260 264 266 268 270 273 275 279 281 289 293 294 297 299 301 303 309 313 314 315 318 322 325 326 330 334 338 342 346 350 353 355 358 362 363 365 367 371 374 375 378 380 
49 53 61 66 68 72 75 80 85 89 93 97 101 106 110 114 115 118 124 126 129 133 136 137 140 147 150 151 153 157 160 164 167 168 171 174 175 176 180 182 185 186 191 194 198 202 207 209 211 215 219 220 223 226 229 230 231 234 240 243 246 248 252 256 258 261 267 271 272 274 277 280 284 287 290 296 299 300 301 304 308 312 317 320 321 323 324 328 331 332 336 340 344 348 354 357 360 361 363 367 371 374 376 377 381 383 386 
52 56 63 67 72 75 79 84 86 91 96 98 102 108 114 116 118 120 125 130 133 134 138 140 144 148 153 156 160 161 164 166 171 172 173 176 180 182 183 187 188 192 196 199 201 204 211 213 214 216 221 223 225 229 232 233 237 238 243 244 249 251 254 258 262 263 271 273 277 278 281 284 288 292 296 298 302 303 304 306 311 315 319 321 324 325 327 330 333 335 338 341 347 350 355 361 365 366 368 370 374 376 378 382 383 386 388 
55 57 64 68 73 79 81 85 89 93 100 104 108 109 116 119 120 123 126 131 136 138 142 143 148 152 157 159 162 164 165 170 172 176 180 184 188 189 191 194 198 201 202 204 208 212 215 219 220 223 227 231 235 239 243 247 249 252 253 255 258 260 262 265 268 271 272 274 278 280 282 287 292 295 298 301 303 306 307 309 315 316 323 327 328 329 333 337 338 339 343 345 351 354 358 362 367 368 372 373 376 379 381 384 385 388 392 
58 59 66 70 77 81 83 88 91 95 101 108 112 116 117 121 125 126 129 134 137 141 146 150 152 155 161 162 166 167 168 174 177 178 181 185 191 192 193 198 202 206 209 212 213 214 217 223 227 231 233 236 237 242 245 248 252 254 257 259 263 264 267 268 271 272 274 275 279 282 285 288 293 299 301 305 306 309 313 317 321 325 328 330 333 336 340 342 344 347 350 353 354 355 359 365 369 372 373 375 380 381 384 387 389 391 393 
62 65 70 74 81 82 87 91 92 96 105 112 115 117 120 122 129 131 135 136 140 144 149 153 154 158 162 164 170 174 176 177 181 183 185 187 195 199 201 202 204 210 211 215 218 221 223 224 229 234 238 241 242 246 250 254 258 260 262 266 268 271 275 277 279 281 282 284 287 290 291 292 297 303 304 306 307 313 314 320 325 328 330 334 335 337 341 345 349 350 354 356 360 362 364 367 370 374 375 376 381 385 389 391 394 395 397 
64 68 71 76 83 86 90 92 96 97 109 116 117 120 122 123 133 137 139 140 141 145 150 155 156 161 166 168 172 175 179 182 183 186 187 190 199 202 206 210 213 217 220 222 225 229 232 235 237 240 243 245 248 252 255 257 261 263 264 270 273 276 280 282 286 290 293 295 299 300 303 306 309 310 313 314 316 320 324 326 327 332 336 339 340 341 345 347 351 355 359 363 364 368 371 373 376 380 382 386 390 393 394 396 398 400 402 
65 72 73 80 86 87 92 95 97 101 113 119 121 122 124 126 134 139 143 146 148 150 152 156 158 165 169 171 174 177 182 183 187 188 189 193 203 204 208 211 215 219 221 226 227 231 233 237 240 241 244 248 251 253 257 261 262 265 267 273 276 280 281 286 287 291 295 297 301 304 306 309 310 311 316 320 322 326 329 330 333 337 338 343 346 349 350 353 355 357 360 367 370 373 377 381 385 386 388 392 394 396 398 402 404 408 409 
69 75 78 82 87 88 94 96 99 103 117 122 124 126 127 129 137 142 145 148 151 155 156 160 164 169 172 175 177 181 186 187 190 194 195 199 204 206 210 213 216 220 222 229 232 235 236 239 242 245 248 250 253 255 259 265 267 270 273 275 280 281 284 289 292 293 296 301 305 307 308 313 316 317 321 325 328 331 335 339 343 345 347 350 352 353 355 356 358 361 362 370 373 377 381 383 387 388 390 396 397 401 405 408 410 413 414 
70 78 82 85 89 91 95 97 101 105 118 126 127 131 132 133 138 146 147 151 153 158 161 162 166 170 175 179 181 182 189 190 193 197 201 205 208 211 215 219 222 223 224 232 236 237 239 241 243 249 250 252 254 257 263 267 270 271 277 280 282 284 287 293 295 296 299 305 309 313 315 318 319 322 326 327 331 334 336 340 347 348 352 353 356 358 360 362 364 366 369 371 375 378 384 385 390 394 396 399 402 404 408 412 415 417 418 
73 82 83 88 90 93 98 102 103 108 121 129 133 135 138 142 143 147 149 155 156 161 163 166 170 172 179 182 184 188 192 194 197 199 204 209 210 213 217 220 226 230 232 236 238 242 246 250 253 254 258 261 263 266 268 269 272 275 278 283 285 286 290 295 296 299 302 307 312 317 318 320 322 326 329 333 336 337 341 342 348 352 356 358 359 363 364 367 371 373 376 377 380 384 388 389 391 395 399 403 406 408 412 413 416 421 425 
74 83 86 89 91 97 100 106 107 110 124 132 134 137 142 146 148 149 150 157 159 164 167 168 171 175 181 185 187 191 196 200 202 205 209 211 212 215 218 224 227 233 236 238 239 245 250 251 256 257 262 264 268 271 274 278 279 281 282 287 288 289 294 297 298 300 304 311 316 318 320 321 324 329 330 336 337 341 343 344 352 355 359 360 362 364 368 371 372 374 379 382 383 386 392 394 397 401 405 408 410 413 415 419 421 423 427 
78 87 89 92 95 99 104 110 114 117 125 136 140 141 145 149 150 151 155 158 160 167 170 171 175 177 184 187 189 192 198 203 205 207 210 212 213 219 222 225 228 236 240 244 245 246 253 254 259 260 264 266 269 275 278 279 280 284 288 289 293 294 297 299 302 306 308 312 317 322 326 327 329 330 333 340 344 346 350 353 357 359 363 364 366 367 369 374 376 379 382 384 386 388 394 398 402 403 409 412 415 416 419 420 422 427 428 
79 89 90 93 97 103 105 111 118 119 127 137 141 144 146 152 156 160 163 167 168 172 173 175 178 180 188 192 196 200 202 207 209 213 216 217 221 224 227 231 235 240 244 245 249 252 255 258 260 261 268 270 272 276 282 286 289 291 295 296 297 298 299 301 306 307 311 313 321 324 327 328 331 332 334 344 346 347 351 357 359 361 367 371 373 375 378 379 381 385 389 391 393 394 398 402 405 407 410 415 417 421 424 428 430 434 438 
80 90 93 97 98 106 110 114 122 125 131 141 143 148 151 154 159 164 168 172 175 179 182 186 190 193 196 199 200 203 206 208 211 217 218 221 225 229 231 234 236 242 248 251 254 255 258 259 261 264 269 272 276 279 285 287 291 295 298 300 303 305 309 312 315 319 321 324 327 328 331 335 336 338 339 345 349 351 354 358 363 365 369 374 378 379 383 384 385 389 392 395 397 401 405 406 408 409 411 418 422 425 426 432 435 439 440 
84 92 96 101 103 108 114 117 125 129 135 145 148 150 155 156 160 166 169 175 178 181 185 187 191 196 200 202 204 208 210 211 215 220 221 222 227 230 234 235 238 245 250 254 258 259 260 264 267 268 271 275 280 281 287 289 292 297 302 306 309 313 315 316 318 321 323 326 330 334 336 340 343 344 347 351 355 357 361 365 366 367 370 375 379 380 385 388 390 391 395 399 401 405 407 410 411 412 415 419 425 426 430 433 437 442 445 
85 95 100 105 106 111 116 118 126 131 138 147 151 154 157 158 162 168 173 179 180 182 189 192 195 197 202 203 206 211 215 218 219 223 225 227 229 232 237 239 241 246 254 256 261 264 267 270 272 275 279 283 287 291 294 296 299 302 306 309 311 314 318 319 321 323 324 329 334 335 338 342 344 345 350 354 358 360 363 368 371 373 375 377 383 387 388 390 391 394 398 402 406 409 411 414 416 419 420 422 428 429 432 436 440 444 448 
86 97 104 108 109 113 117 122 127 133 140 151 155 158 160 163 166 169 177 183 186 189 193 197 201 202 205 209 210 213 219 222 226 229 232 235 237 241 242 243 245 248 257 259 264 268 271 273 277 280 284 288 290 294 296 299 303 304 308 312 314 316 320 323 326 329 330 332 338 342 344 347 348 352 355 359 361 362 367 370 373 377 379 382 386 388 390 394 395 398 401 403 409 412 416 419 421 424 427 428 431 435 439 440 442 448 452 
87 101 107 112 113 117 120 124 130 135 141 155 159 160 162 164 169 172 180 186 187 191 196 198 203 204 209 210 212 215 220 226 227 233 236 237 238 242 245 246 249 250 260 263 268 271 275 278 281 282 288 291 295 297 300 301 304 305 309 313 316 317 323 327 329 330 334 336 339 343 345 349 352 353 359 361 364 366 369 371 377 379 381 384 390 394 397 398 402 404 408 412 414 418 421 423 425 429 433 435 438 440 443 446 447 451 455 
88 102 110 114 117 119 122 126 133 139 143 157 160 164 165 169 172 173 183 187 191 195 198 201 206 207 213 217 220 221 223 227 228 236 238 242 244 245 246 248 250 253 261 265 272 275 277 282 284 285 291 294 296 298 302 303 306 307 313 314 320 322 327 329 330 332 337 341 345 348 351 353 357 361 363 366 370 374 375 376 380 383 386 387 392 398 400 403 405 406 411 414 417 420 423 426 427 430 437 439 442 446 450 452 454 457 461 
91 105 111 116 119 120 124 130 135 141 146 159 164 165 167 172 175 179 184 189 195 196 202 205 207 208 216 219 224 226 229 233 236 237 239 245 249 252 254 256 258 259 263 269 273 277 280 284 285 286 292 296 297 301 303 304 307 309 315 317 321 326 331 332 333 335 341 343 349 351 353 355 360 363 367 369 371 378 380 384 386 388 390 394 398 399 402 407 409 410 415 418 422 424 425 428 429 431 441 445 449 450 451 453 457 459 465 
92 107 112 118 123 124 127 132 139 145 149 161 167 171 172 175 177 180 185 191 197 198 206 209 211 213 218 220 226 228 232 237 240 244 245 246 250 255 256 260 261 264 266 272 276 279 282 286 289 290 294 300 303 306 309 311 315 318 322 325 329 331 333 335 336 339 343 346 353 355 358 362 366 368 370 372 374 380 381 385 390 394 397 401 403 405 406 411 415 417 420 422 426 430 434 438 439 443 444 447 453 455 458 462 466 469 471 
95 108 115 119 126 129 130 135 142 148 152 164 170 175 177 180 183 185 189 193 198 199 209 211 212 216 221 225 229 231 236 241 245 247 249 250 253 258 262 265 269 273 275 279 281 285 286 290 292 295 298 302 306 307 310 314 318 321 326 329 333 336 338 339 342 344 345 349 354 357 362 364 369 373 374 377 380 384 386 388 393 395 400 405 408 412 413 414 417 420 422 424 429 433 438 440 444 448 452 454 456 458 462 465 467 471 472 
98 112 118 120 130 131 133 138 146 152 154 165 173 179 181 184 187 188 192 197 202 204 212 216 218 220 223 228 230 232 238 244 247 249 252 255 256 262 263 268 270 276 277 282 286 289 291 295 297 300 303 307 311 312 313 317 321 324 328 332 336 338 340 344 345 349 353 356 357 359 365 366 370 374 377 380 382 388 392 394 397 399 404 407 410 414 416 417 419 424 426 427 432 437 439 444 446 452 454 455 457 460 466 467 471 472 475 
99 115 121 125 132 134 137 140 150 156 159 169 174 183 186 187 189 192 195 200 204 207 215 218 222 224 226 230 231 236 239 247 251 254 258 259 263 264 267 270 271 279 280 286 287 292 296 299 301 304 306 310 313 314 316 319 324 325 332 336 340 343 345 347 350 353 356 360 361 362 369 370 372 376 379 382 386 390 395 396 401 402 407 408 412 418 422 426 429 433 436 437 441 443 446 450 451 456 460 463 464 465 469 473 476 479 482 
100 118 122 129 136 138 142 145 154 160 163 171 176 187 188 191 192 195 197 203 205 211 217 220 225 228 231 235 238 242 245 248 255 259 260 263 265 269 270 274 277 280 284 288 291 293 297 302 306 308 309 311 316 317 318 323 326 329 333 339 343 345 347 349 353 356 357 362 363 365 370 371 376 380 382 384 387 394 398 399 402 403 411 412 416 421 425 430 432 435 440 441 444 447 448 453 454 460 463 465 467 469 470 475 480 483 484 
101 121 125 133 137 140 144 147 157 164 165 175 180 190 192 196 199 200 204 205 208 214 221 224 227 232 234 238 241 244 246 252 259 260 264 267 271 275 278 282 286 288 292 296 298 302 303 305 307 310 312 315 318 319 321 327 330 332 334 341 347 351 355 358 361 365 368 370 372 376 379 382 383 385 388 392 396 397 401 402 406 408 412 414 418 425 426 434 438 442 443 445 449 451 455 457 459 462 466 468 469 471 473 479 483 484 487 
103 123 127 134 138 142 145 149 160 165 166 179 184 192 193 198 200 201 207 210 212 215 225 226 231 234 236 242 245 247 251 255 263 266 267 271 273 279 281 285 289 291 294 299 300 304 307 310 312 314 316 319 323 327 328 329 334 336 339 344 349 352 356 361 364 369 373 377 381 385 387 391 395 399 402 405 407 408 411 413 414 417 420 421 424 429 431 436 441 446 450 451 453 455 456 459 461 463 470 471 473 477 480 481 487 489 491 
104 127 130 137 142 146 150 151 163 169 171 181 188 195 196 202 205 206 211 213 216 219 226 230 235 238 242 243 248 249 253 257 265 267 269 274 277 280 285 289 291 295 299 300 301 305 309 313 314 316 318 321 326 329 330 331 335 337 342 347 351 353 357 365 366 373 374 379 384 389 393 395 397 403 405 408 412 416 418 419 423 427 430 432 434 437 438 440 443 450 452 454 457 458 459 460 462 464 472 476 477 481 482 483 490 492 495 
106 130 133 140 143 148 151 155 165 172 174 182 191 199 200 203 206 209 213 214 218 222 229 233 237 241 244 247 249 250 254 259 269 272 275 278 281 285 289 291 292 296 301 304 305 307 312 315 317 321 322 326 330 334 338 339 343 346 348 352 353 355 361 366 368 374 376 380 385 393 397 401 403 405 408 409 416 419 423 427 431 433 435 439 441 442 445 449 452 453 457 459 463 464 466 470 472 473 476 480 483 485 487 488 492 496 499 
108 131 134 142 145 150 153 157 168 173 178 184 194 200 202 206 209 213 217 218 221 224 233 234 240 243 248 249 251 252 258 260 270 276 280 281 283 286 291 294 296 299 302 308 309 312 313 316 318 323 327 329 331 336 342 344 345 349 351 353 357 361 363 367 370 378 379 382 388 396 401 402 407 411 413 417 419 422 424 428 435 437 439 440 443 445 446 450 454 458 462 464 465 468 471 475 476 480 482 483 487 490 492 493 494 499 500 
109 135 137 143 148 151 154 159 171 174 179 187 197 203 206 208 211 216 221 223 227 231 236 237 241 245 251 254 258 260 264 266 274 279 282 283 284 288 294 295 299 300 306 311 313 316 317 318 321 326 330 331 334 340 345 346 349 352 355 359 363 365 368 372 375 381 384 387 392 397 403 405 411 415 416 418 420 426 430 434 437 438 440 443 447 448 449 451 456 461 465 469 471 472 474 477 478 483 485 486 490 492 494 495 497 503 505 
112 139 143 146 150 153 156 160 175 179 182 188 201 206 208 210 215 217 224 228 230 235 238 240 243 246 254 255 259 263 268 269 278 281 283 287 291 292 296 299 303 307 310 313 314 320 321 323 324 329 334 336 337 344 346 350 354 357 360 361 367 368 369 375 377 384 388 390 396 401 404 407 415 417 418 421 424 429 434 438 442 444 446 449 451 455 456 458 462 463 468 470 475 479 483 484 486 490 491 492 493 494 496 499 502 505 507 
115 140 145 150 154 158 160 162 178 181 183 191 204 210 213 217 218 219 226 229 232 237 241 245 249 253 258 260 261 265 270 273 279 285 286 289 295 299 303 307 311 315 316 320 322 325 326 328 332 334 337 340 341 347 350 351 356 361 364 366 371 373 375 378 379 387 392 393 399 404 407 408 417 420 421 425 427 433 437 442 446 447 448 450 452 457 460 464 468 471 474 478 481 482 485 489 492 496 497 501 504 506 508 511 512 516 518 
116 144 149 154 157 159 162 165 181 184 187 193 205 214 216 220 223 224 230 231 233 240 245 249 251 254 259 261 264 269 273 277 281 289 292 296 299 301 305 308 315 319 321 325 326 328 330 333 334 336 341 343 344 351 354 355 358 364 365 370 374 377 381 383 385 390 396 397 402 406 410 413 419 424 425 427 428 435 438 443 448 449 453 455 458 460 461 468 469 473 477 481 483 485 488 493 494 500 501 504 506 508 510 512 514 517 519 
120 148 150 158 159 160 163 166 183 186 190 195 207 216 220 221 225 226 233 235 239 244 249 253 254 258 260 262 265 273 276 281 285 292 293 297 300 305 306 310 316 320 323 328 332 336 338 340 343 345 349 351 354 358 359 361 363 368 369 371 376 379 385 389 393 397 399 403 406 408 411 416 423 427 431 432 433 438 439 444 451 454 455 456 460 464 466 470 473 476 479 484 485 489 493 494 497 501 504 507 508 509 514 518 521 522 524 
123 152 155 161 165 169 173 174 185 189 193 199 210 219 224 228 232 236 239 242 244 245 250 254 257 262 266 269 270 276 279 285 289 293 296 298 301 306 307 313 319 324 325 332 333 337 342 343 345 346 353 356 357 362 363 364 368 369 371 374 379 382 389 392 397 400 403 406 408 409 414 420 426 431 433 435 438 441 443 447 455 456 457 458 464 467 470 472 475 477 481 487 489 492 497 498 502 504 505 508 512 513 516 521 524 527 530 
124 155 156 165 168 172 174 177 187 191 197 202 211 222 227 232 236 239 243 247 251 252 254 257 259 265 269 271 272 279 283 288 293 294 300 303 307 308 312 315 321 327 330 334 338 342 346 350 353 354 358 361 365 366 368 371 373 377 379 382 385 389 391 396 399 404 405 410 414 415 416 424 427 435 438 439 443 445 448 450 459 460 462 466 470 472 476 480 483 485 486 490 491 494 498 502 505 508 511 513 517 520 522 524 527 529 532 
128 158 160 169 171 173 176 180 188 193 198 205 215 224 230 235 238 243 244 250 252 254 256 258 260 266 270 274 277 280 286 290 297 299 302 307 309 312 314 317 325 328 333 335 341 345 349 351 355 358 361 362 368 372 374 376 377 381 385 389 393 395 399 400 404 405 407 413 418 420 422 425 429 436 441 442 444 447 452 453 462 465 468 470 474 478 479 482 484 486 489 492 496 498 500 505 507 509 513 517 520 521 526 528 531 532 536 
130 160 163 172 176 178 182 185 192 195 201 207 216 225 232 236 242 246 248 253 254 255 257 261 263 268 271 277 281 283 288 293 299 301 306 311 312 314 316 321 326 332 337 340 342 347 352 354 357 359 364 367 371 376 378 382 385 386 390 392 396 399 400 403 408 412 416 417 422 426 430 432 436 437 444 445 448 452 456 460 466 467 471 472 478 481 485 489 491 492 493 496 499 503 507 509 512 516 518 522 524 527 530 531 534 537 540 
134 162 165 175 179 183 184 187 196 197 202 210 220 228 234 238 244 248 250 256 258 261 263 266 269 270 273 281 283 285 292 296 300 304 310 314 317 318 322 323 330 336 341 345 348 350 353 358 359 363 367 369 373 377 380 384 388 390 394 396 400 403 405 407 412 416 417 421 424 429 431 433 438 441 446 448 452 454 460 461 467 469 473 476 482 483 487 490 493 494 495 498 500 507 508 510 515 518 521 523 525 529 531 532 536 541 542 
135 166 167 178 180 185 189 192 198 200 206 211 224 230 238 242 247 249 253 259 262 265 269 271 272 273 275 285 288 289 294 298 304 308 311 316 318 322 324 326 332 339 342 347 351 352 355 359 362 367 371 373 377 378 383 385 392 393 398 399 403 407 411 413 415 418 419 423 425 433 435 437 440 443 449 450 454 456 464 468 470 471 477 480 483 484 490 492 495 497 498 500 504 509 513 516 519 522 524 526 530 531 533 534 540 543 544 
139 167 168 182 185 187 190 194 202 204 209 215 226 233 241 244 250 254 256 263 266 268 273 276 278 279 283 287 290 292 296 302 307 310 315 320 324 328 331 333 337 342 346 350 353 357 361 362 363 371 372 377 380 384 386 388 395 398 399 400 405 411 412 416 420 422 424 426 428 437 440 441 445 448 452 455 457 459 465 469 473 476 478 482 487 490 494 498 500 502 504 507 510 514 516 518 520 524 527 529 533 534 537 540 541 546 548 
143 168 172 186 188 191 192 195 205 209 211 219 230 237 244 248 251 255 259 267 269 272 277 278 279 281 286 288 292 296 297 306 308 311 317 321 325 330 332 337 341 343 349 354 357 360 363 366 368 375 376 380 381 388 392 393 398 401 405 406 408 414 416 420 423 425 428 429 432 441 442 446 449 451 455 457 459 462 469 471 475 479 480 486 491 495 497 500 502 506 508 509 514 515 520 522 524 526 528 532 535 536 540 543 545 550 552 
147 171 174 189 190 192 193 197 207 212 214 220 231 239 247 250 254 257 260 270 273 275 280 282 285 286 290 294 296 298 302 310 311 312 319 323 329 333 334 338 344 345 353 357 360 361 366 368 372 377 379 382 385 389 394 397 399 403 406 408 409 417 420 424 427 429 432 433 437 443 445 447 453 456 458 460 464 468 470 473 478 482 484 490 494 498 502 503 507 511 514 515 517 521 523 525 529 530 533 537 539 543 546 550 554 556 557 
150 174 178 190 192 194 195 199 209 216 217 224 233 241 251 252 255 259 263 274 278 281 285 286 289 293 295 298 300 302 304 313 317 320 322 326 332 336 339 340 348 352 357 360 363 367 369 372 373 378 382 386 389 391 395 398 400 405 407 409 411 419 424 427 431 434 435 438 442 445 448 451 454 458 460 463 465 469 473 474 479 485 489 492 497 502 504 506 508 513 517 521 524 525 528 529 530 534 537 540 541 545 548 554 557 561 563 
152 175 180 192 195 197 199 202 211 218 221 226 237 245 255 257 258 263 264 276 281 282 288 290 293 297 298 299 302 306 309 314 321 323 325 328 335 339 342 346 352 356 361 364 365 370 374 375 379 383 384 388 392 394 396 402 403 409 413 414 418 422 426 429 435 436 439 443 444 448 450 455 457 460 461 467 469 471 476 478 483 489 492 496 501 504 505 509 512 516 518 525 528 532 536 539 541 542 544 547 550 553 556 560 561 562 566 
153 176 184 196 198 201 205 207 215 222 225 229 241 249 256 259 263 265 266 278 284 287 292 295 297 299 302 304 306 307 313 316 324 326 327 329 336 343 344 347 356 357 363 366 369 374 376 377 383 385 389 393 397 398 399 406 408 413 416 418 420 423 428 433 439 440 442 446 449 451 453 456 459 464 468 472 476 478 480 484 488 492 494 500 504 508 509 511 513 520 521 528 530 534 540 543 547 550 551 553 554 557 561 562 566 567 568 
155 177 188 197 199 204 209 213 217 225 228 233 242 251 260 264 268 270 273 279 288 292 295 298 299 303 306 307 309 313 316 320 327 328 331 333 338 346 349 353 358 362 365 367 373 378 382 385 387 390 392 394 400 402 405 409 411 415 419 423 424 428 429 435 440 444 445 447 451 452 454 458 463 465 470 473 480 483 485 487 490 493 498 502 508 510 512 516 520 522 523 532 533 537 544 547 550 552 553 555 559 562 564 567 571 575 579 
159 181 190 201 202 207 212 215 218 229 232 234 246 253 262 267 270 272 277 283 289 296 300 303 306 307 310 311 313 317 320 321 331 332 334 335 340 350 351 355 359 365 368 371 375 382 386 390 392 393 394 397 403 404 409 412 413 419 422 427 430 433 435 439 441 448 450 454 455 456 458 460 464 469 471 475 484 487 489 490 494 498 499 503 509 511 514 519 524 526 527 534 536 539 548 552 553 556 560 564 567 571 573 577 579 580 583 
160 184 192 204 207 208 216 219 222 231 234 236 247 254 265 271 273 274 280 284 291 297 301 306 307 310 312 315 316 321 325 329 335 337 339 341 342 352 355 357 361 367 370 375 377 384 387 391 396 399 401 402 404 407 410 414 418 421 425 428 431 436 438 443 445 449 452 455 457 461 465 467 469 471 475 477 485 489 493 494 495 501 504 505 512 516 519 523 528 529 531 536 540 541 552 555 556 558 561 565 571 572 577 581 585 588 591 
161 185 194 205 210 213 220 223 225 233 235 237 248 257 269 273 275 277 282 288 293 301 302 310 314 318 320 323 324 325 328 330 338 339 340 344 346 353 356 361 362 368 373 379 382 387 390 395 397 400 405 408 409 412 414 415 419 422 429 433 434 439 441 447 449 452 455 456 459 462 466 469 473 476 478 479 486 491 494 496 498 504 508 510 513 518 520 527 530 532 534 540 543 545 554 559 560 562 563 567 573 575 578 583 589 591 594 
163 188 195 206 211 217 223 224 228 235 237 240 252 258 272 277 278 279 286 292 295 303 306 311 315 320 322 324 325 328 329 333 342 343 346 347 349 356 359 364 365 371 375 383 386 390 392 397 399 401 409 411 413 417 419 420 422 423 431 434 436 440 442 449 451 456 458 460 463 464 468 472 474 477 480 482 490 492 495 499 500 508 510 512 514 522 524 531 534 535 537 542 546 547 555 562 563 566 568 571 577 580 581 585 591 595 596 
164 191 198 207 213 219 226 228 229 237 238 242 255 259 276 279 281 285 290 293 296 306 310 312 317 322 325 328 330 334 335 337 343 345 350 354 356 359 360 368 370 372 379 385 388 391 395 401 405 407 411 413 417 419 421 425 428 431 432 437 438 442 444 451 453 459 463 467 468 469 470 473 478 480 483 487 491 493 499 500 502 510 513 514 518 524 528 535 538 541 545 549 550 551 559 564 565 567 571 573 578 582 584 587 594 599 602 
167 195 199 211 216 221 229 231 232 239 240 244 257 260 280 284 285 289 294 298 300 310 311 316 320 324 326 330 333 335 338 340 347 349 352 356 357 361 362 369 371 374 381 387 390 392 397 402 406 410 415 416 418 420 423 429 432 435 436 441 445 448 450 453 455 462 465 470 471 474 476 479 482 485 487 489 492 497 500 503 507 511 516 518 519 528 529 539 543 547 549 551 554 557 560 565 568 571 572 576 582 586 587 588 598 603 607 
170 196 200 215 220 225 231 233 234 241 245 246 261 262 283 287 288 293 297 300 304 314 315 317 324 327 330 331 334 339 342 343 349 352 354 360 361 364 367 372 373 375 382 389 393 397 401 403 408 411 418 420 422 425 427 431 433 437 439 442 447 449 451 455 459 465 469 473 474 478 482 486 488 491 493 496 497 501 505 508 510 513 519 523 527 529 530 541 545 549 550 554 555 560 563 566 572 576 577 581 585 587 589 592 602 604 611 
174 197 202 216 221 228 235 236 239 242 249 250 265 268 284 289 291 295 300 301 306 317 321 323 327 330 334 338 342 344 347 351 352 354 356 363 364 366 371 374 376 378 384 393 397 399 404 408 412 414 419 422 425 427 429 435 437 441 443 446 449 452 456 457 461 466 472 474 478 482 484 489 491 492 497 499 501 504 506 512 515 517 521 526 531 533 534 545 548 551 555 559 562 564 566 568 576 579 582 584 588 590 594 595 604 606 614 
177 200 205 218 224 229 239 240 244 245 250 254 268 269 288 293 295 297 301 305 308 318 323 325 328 332 338 342 345 348 351 355 359 361 363 364 367 371 375 379 382 383 385 396 399 402 408 412 413 416 421 425 426 428 430 437 441 443 447 450 454 456 457 460 463 470 474 478 480 484 486 493 496 499 503 504 508 512 514 518 521 525 527 529 532 535 536 548 549 555 557 561 563 566 568 569 577 582 583 586 589 591 596 598 605 609 616 
178 202 208 219 225 233 241 243 246 249 252 257 272 274 292 296 297 298 305 306 311 321 324 328 331 333 341 345 349 351 354 359 360 365 367 368 369 375 378 382 383 386 390 399 400 405 409 416 418 419 423 429 432 435 437 440 445 449 450 451 455 459 463 464 467 472 477 479 483 487 491 497 500 503 504 505 509 514 515 522 526 528 529 532 534 536 539 551 552 556 559 564 565 570 573 574 579 585 586 588 590 595 597 602 609 612 618 
179 206 210 220 227 237 244 248 250 254 258 262 275 279 293 297 301 304 309 312 314 323 326 332 336 338 342 349 350 354 357 362 366 368 369 370 373 377 381 384 387 390 392 400 404 408 411 420 422 423 426 433 434 437 441 442 447 452 455 458 462 463 466 470 471 473 479 482 484 488 494 499 504 505 509 512 513 517 521 525 527 530 534 537 541 543 547 554 555 558 562 567 570 571 576 577 581 588 591 593 597 598 602 605 613 616 622 
181 207 213 222 231 238 247 249 254 258 260 263 278 283 295 298 305 306 311 316 318 324 327 333 337 340 344 352 354 356 360 363 369 373 374 377 381 382 385 387 389 394 397 402 407 409 412 422 424 426 429 435 439 442 444 446 448 456 460 464 468 472 473 474 476 480 481 484 488 492 495 500 507 510 514 516 520 523 525 529 531 534 535 540 542 547 551 556 560 561 566 568 573 575 578 581 583 591 592 594 598 600 606 607 616 618 626 
185 208 216 223 234 242 249 253 256 262 264 267 280 284 299 300 308 311 312 320 322 325 330 335 338 343 348 356 357 359 364 367 372 377 380 381 382 386 389 393 395 397 400 406 411 412 414 423 427 428 433 436 440 446 447 450 451 459 461 466 469 475 478 481 484 485 487 488 492 494 497 503 510 513 516 517 521 525 527 530 534 537 540 542 545 550 552 557 563 565 570 572 576 578 579 585 588 594 595 599 601 605 608 610 619 623 629 
186 211 217 225 236 245 252 255 258 265 268 269 281 287 301 304 311 312 313 322 324 327 334 338 341 344 349 357 358 361 366 369 374 380 381 384 385 389 390 396 397 401 404 410 412 416 419 425 430 432 437 438 444 447 451 454 458 461 463 470 471 476 482 485 489 492 493 497 500 502 506 507 513 516 518 520 522 529 531 532 535 540 544 547 549 552 556 558 565 569 571 573 578 580 582 586 589 598 599 602 605 607 612 614 622 626 630 
188 213 219 228 237 249 256 260 262 269 272 275 282 289 302 305 313 317 319 324 326 331 338 342 343 348 352 360 362 364 370 372 377 383 386 389 392 395 397 399 402 404 408 412 413 419 422 427 433 436 440 443 445 450 455 457 459 462 466 471 474 480 484 486 492 495 497 498 504 507 511 513 514 519 522 523 527 531 533 537 538 541 547 549 553 557 560 561 569 571 573 575 580 583 587 591 594 601 604 605 608 609 613 618 623 630 633 
189 217 221 232 240 251 259 261 266 271 276 279 285 293 306 310 314 319 323 326 330 333 339 343 347 350 353 362 363 366 374 375 378 384 390 391 395 397 401 404 407 410 414 415 419 422 425 431 435 437 443 445 446 453 458 461 464 465 470 475 477 483 485 487 494 497 501 505 508 511 512 517 519 520 525 526 529 532 535 540 541 543 551 555 557 560 563 565 572 576 580 582 584 588 592 594 597 602 608 610 611 615 616 619 624 631 637 
192 220 222 235 243 255 262 264 270 274 280 283 287 297 308 312 318 323 327 331 332 335 341 347 350 353 354 363 365 369 375 376 381 385 392 396 400 404 406 410 413 415 418 422 424 426 427 434 438 440 446 449 453 456 462 463 468 472 475 478 481 484 486 488 495 498 503 508 512 514 518 521 524 528 529 530 532 533 539 543 545 548 553 559 560 563 565 568 574 580 581 586 589 591 593 595 598 605 610 611 613 619 620 624 625 634 640 
194 221 223 239 245 257 265 268 273 277 281 284 288 298 311 315 322 325 329 333 336 339 342 351 353 357 360 367 368 370 378 382 384 386 393 400 401 406 409 412 414 419 423 426 427 429 433 436 439 443 450 453 457 458 466 467 471 475 476 481 485 486 489 492 499 501 506 509 513 518 519 524 527 530 534 538 541 544 547 549 550 553 554 560 561 565 568 569 578 582 583 589 592 593 595 597 599 606 613 616 619 622 626 630 632 635 642 
196 222 225 243 249 260 269 273 277 279 283 288 289 299 314 318 326 327 332 337 340 342 343 352 354 358 362 371 373 374 381 386 387 388 395 402 406 409 412 415 416 421 424 427 430 432 434 438 440 445 451 455 459 462 467 469 472 478 482 485 489 492 494 496 501 504 507 510 517 521 525 526 529 531 537 539 544 546 548 553 554 557 561 565 568 569 571 574 580 586 590 592 596 597 599 600 604 610 615 618 621 625 630 633 637 639 644 
197 224 228 245 253 261 273 274 281 283 285 290 294 302 315 322 328 329 336 338 342 344 348 353 357 361 364 373 376 380 383 387 391 395 398 405 408 411 415 417 418 425 427 428 433 434 435 441 443 449 452 456 460 463 470 471 475 479 484 488 493 495 496 498 503 506 511 515 520 522 527 531 533 534 541 545 546 548 552 557 560 561 563 569 572 575 577 579 581 588 594 597 599 600 604 607 609 614 616 620 624 626 632 635 641 642 645 
198 228 232 247 256 264 274 275 284 287 289 294 295 303 316 323 329 333 338 342 343 347 350 354 361 364 368 374 378 383 385 390 392 398 399 406 411 414 418 421 423 428 432 433 437 441 445 449 451 455 459 462 466 470 474 478 479 483 487 490 497 501 504 505 509 513 515 517 521 524 529 533 537 538 543 547 551 552 556 561 564 568 571 572 576 577 578 581 583 591 597 600 602 604 608 609 613 618 620 621 627 630 633 637 642 645 649 
199 232 233 250 259 267 275 277 285 289 293 298 301 305 317 325 332 336 339 343 344 349 354 357 363 368 369 375 379 385 386 394 398 399 401 409 413 415 420 422 426 431 436 438 440 444 446 452 456 460 463 467 468 473 477 482 485 489 491 492 500 504 508 511 514 518 520 524 526 529 532 535 540 542 544 550 553 554 560 562 565 570 573 575 579 583 586 587 588 595 599 602 605 607 609 613 616 621 623 624 629 632 634 641 644 649 650 
201 236 239 253 263 269 276 278 289 293 297 299 305 307 319 326 335 339 340 344 345 350 357 361 365 371 374 378 381 387 390 397 402 405 406 412 416 417 423 427 428 435 437 442 444 448 452 453 458 462 467 468 472 477 479 485 487 493 495 497 502 506 511 514 517 520 523 526 530 533 535 539 544 545 547 551 556 557 564 568 571 575 579 583 587 591 593 597 599 600 601 606 609 611 612 617 618 625 628 632 633 635 636 645 646 652 656 
202 237 240 254 264 272 277 281 292 294 300 304 306 310 321 327 339 341 342 346 348 351 359 365 367 375 379 380 382 388 394 400 405 408 411 414 420 424 425 430 432 437 440 446 449 450 455 457 460 463 471 474 476 479 483 489 492 494 498 501 503 507 514 515 520 521 525 530 534 538 539 543 545 547 549 553 559 563 565 570 574 576 582 587 591 594 595 600 602 605 607 608 613 614 617 618 621 629 633 636 638 639 641 647 648 653 660 
205 239 243 257 268 274 278 283 296 300 303 308 310 314 323 330 341 345 348 349 350 352 360 366 370 378 382 383 385 389 397 402 408 410 412 417 422 426 427 433 437 438 441 449 451 453 457 458 462 465 473 475 480 482 485 491 496 498 501 503 505 511 516 518 521 525 529 531 537 540 543 546 548 550 554 557 563 566 567 573 576 580 585 589 593 595 596 602 606 607 609 613 617 619 621 623 624 632 636 639 642 643 647 648 651 655 664 
206 243 245 260 270 276 281 286 297 303 307 309 311 318 327 331 344 348 349 352 354 355 362 367 372 381 384 386 388 393 401 403 412 413 415 420 425 428 431 434 438 440 445 453 456 457 461 465 467 468 474 478 481 484 487 492 499 500 504 506 508 514 518 519 525 527 531 534 540 541 545 549 552 554 557 560 565 570 574 576 579 583 587 592 594 596 599 606 610 612 616 620 624 628 629 631 632 634 637 641 643 646 651 652 656 657 668 
208 245 247 261 274 278 282 288 301 306 310 313 316 320 329 333 348 351 353 355 356 359 364 369 373 382 388 390 391 395 405 408 415 417 418 423 428 431 434 436 439 442 448 457 459 461 463 466 470 474 475 480 485 489 490 495 502 506 508 511 514 518 521 522 527 530 535 537 542 543 548 550 555 558 559 562 566 573 577 578 581 586 589 595 597 600 602 608 614 618 621 623 626 629 632 634 637 639 641 644 645 650 654 656 659 662 670 
209 249 253 262 277 281 284 291 305 307 314 317 321 325 330 337 352 354 356 357 358 362 368 370 377 386 392 396 399 403 406 410 419 423 425 428 429 432 435 440 444 447 449 461 463 465 469 470 473 476 478 483 486 490 494 499 506 508 509 514 515 521 522 526 528 531 538 539 546 548 550 554 556 559 563 565 568 574 578 581 583 588 591 598 600 603 604 612 616 622 625 629 630 632 635 639 642 645 647 651 655 657 661 664 665 668 674 
211 253 254 263 278 285 289 294 306 309 315 319 324 329 332 340 356 359 361 364 366 368 369 373 381 388 393 400 403 405 408 414 423 427 431 434 436 438 439 443 448 452 453 465 467 468 473 476 479 483 486 490 493 497 498 501 508 510 513 515 517 525 528 531 534 537 541 544 548 552 556 557 561 563 565 566 569 578 579 583 587 592 596 601 602 605 606 614 617 623 626 631 634 638 640 644 647 650 651 652 657 661 663 667 669 673 677 
213 257 258 266 280 286 292 297 307 312 316 322 325 330 333 342 358 362 366 368 372 376 377 378 384 391 396 404 406 409 410 418 425 430 432 438 439 442 443 446 452 453 457 468 469 471 475 477 482 485 490 493 497 501 504 506 510 514 518 519 522 527 532 536 540 543 547 551 552 553 560 564 568 571 572 576 580 584 586 590 594 596 600 604 606 610 611 618 620 626 627 633 635 642 646 648 650 654 658 660 663 665 666 670 672 675 679 
215 260 263 270 282 289 294 301 309 314 318 324 329 332 334 344 359 365 370 372 375 378 382 384 387 393 397 407 411 414 416 420 426 434 438 441 443 447 450 454 456 460 464 469 473 474 477 478 485 486 491 497 499 503 505 509 513 517 521 522 526 528 534 537 543 546 551 552 556 560 561 565 569 575 578 579 584 587 589 591 596 597 601 606 610 614 618 619 624 630 633 634 638 643 649 651 655 656 659 663 665 667 671 672 674 676 682 
216 261 265 272 284 293 297 304 310 315 319 325 333 336 338 346 363 366 374 376 377 381 384 386 391 394 401 409 412 418 422 423 429 436 440 442 447 450 451 455 458 461 467 470 476 480 483 487 491 495 499 500 503 506 508 511 517 518 524 525 527 529 537 538 547 550 552 555 560 564 567 568 571 579 581 582 588 592 594 598 600 601 602 609 611 617 622 626 628 631 637 641 645 648 651 652 656 657 662 664 669 672 676 677 678 680 686 
219 264 268 275 285 296 301 307 312 316 322 329 336 337 341 350 366 369 376 378 382 384 385 388 394 395 405 413 417 422 423 425 433 440 441 443 450 454 456 457 460 463 470 473 479 482 484 489 495 498 503 504 505 509 510 513 521 522 526 528 529 532 540 542 548 554 555 558 562 567 570 574 576 583 587 588 590 595 598 599 604 608 610 611 614 619 623 627 629 632 638 644 648 649 653 655 658 659 665 669 670 675 677 678 681 682 688 
221 267 272 278 288 300 304 309 316 320 326 330 340 341 343 352 369 372 379 383 387 388 390 391 396 400 406 415 418 426 427 428 435 444 448 451 452 455 458 460 462 467 471 475 481 484 487 492 499 500 505 509 513 516 520 523 527 529 532 535 536 539 544 548 551 556 558 559 563 568 573 576 578 587 590 591 594 596 601 603 607 610 613 615 617 621 627 628 632 634 642 645 649 651 655 657 661 663 669 672 673 679 680 681 685 686 691 
223 270 274 281 290 303 308 312 320 323 329 333 343 345 349 355 373 375 383 384 390 392 395 396 397 401 410 417 422 428 430 433 439 447 452 453 454 458 461 465 467 469 473 477 483 486 491 494 502 504 508 512 515 518 524 528 529 532 533 538 542 545 548 552 555 558 559 562 567 569 576 579 583 589 592 596 599 601 602 604 609 613 614 619 623 627 628 631 633 636 644 648 652 656 658 662 665 669 671 675 676 683 685 687 690 692 694 
227 271 278 282 293 307 309 313 322 327 330 337 347 350 351 359 376 380 384 388 394 398 400 401 405 409 414 421 423 429 434 435 441 449 455 457 459 460 462 469 470 474 478 479 484 490 492 495 503 505 511 515 516 521 526 532 533 534 536 541 544 548 549 556 560 561 565 569 573 576 577 583 587 592 593 599 600 603 604 606 610 616 620 623 627 630 633 636 640 643 648 650 653 658 661 666 669 673 675 677 681 685 686 691 693 697 701 
230 272 279 285 295 311 313 314 324 330 334 339 351 355 358 363 378 383 386 389 395 402 404 405 407 413 416 423 425 433 436 437 443 450 456 461 462 465 467 471 474 476 479 481 488 491 493 496 504 507 512 518 520 524 529 536 538 542 546 548 552 555 559 562 565 569 571 572 575 577 578 584 590 596 599 602 605 608 612 614 616 620 621 626 631 632 635 637 643 646 651 652 654 660 663 668 670 677 681 685 687 690 692 694 698 701 703 
232 275 283 286 297 312 315 317 325 333 336 340 354 358 359 364 381 384 389 391 397 404 405 407 409 414 418 424 427 436 439 442 446 454 457 465 467 468 472 476 480 484 488 490 491 492 495 499 508 510 515 519 521 528 532 539 541 545 549 550 556 557 562 566 569 572 576 580 583 586 587 590 592 598 600 604 609 612 613 616 617 621 624 627 635 639 640 642 645 649 655 657 659 664 668 672 675 680 685 686 690 691 694 698 702 703 707 
235 277 285 288 301 316 318 322 329 337 340 343 356 362 363 367 382 385 393 395 401 407 411 415 418 419 422 428 431 439 440 446 449 458 459 466 471 473 474 480 484 487 490 493 494 497 500 503 512 516 517 520 523 529 536 542 544 547 551 553 559 562 566 567 572 574 580 582 584 587 588 593 597 602 605 608 612 613 616 617 619 624 626 628 637 641 643 646 650 654 659 660 661 665 669 676 679 681 689 692 694 697 700 702 706 707 708 
239 281 289 290 303 318 321 323 333 338 344 345 360 365 369 370 384 386 394 396 403 411 414 419 423 427 428 430 433 441 442 449 453 460 463 470 472 474 476 482 488 491 493 497 498 499 502 507 513 519 521 524 526 531 539 545 549 553 557 561 565 569 571 572 573 577 584 586 587 589 593 595 599 605 606 609 613 616 617 621 623 628 629 630 641 645 646 648 654 655 663 667 670 671 674 678 680 682 693 694 696 701 705 708 709 710 711 
