4 7 10 11 15 17 21 23 26 30 34 37 41 42 45 48 49 53 54 56 57 58 61 62 64 66 70 71 72 75 78 82 84 86 90 93 94 98 99 102 106 108 111 115 116 120 124 125 126 130 132 136 140 141 142 146 149 151 152 153 157 158 162 165 167 168 171 175 178 179 180 183 184 186 190 194 195 198 201 202 204 207 210 214 216 217 218 220 224 226 229 230 233 236 239 241 245 248 251 253 254 256 260 261 265 268 272 274 277 280 281 284 285 288 292 294 297 301 305 308 311 313 314 315 316 318 320 324 327 329 332 
6 9 12 16 18 20 24 26 29 31 38 39 45 46 47 50 51 56 59 62 63 64 68 71 72 75 78 82 84 85 86 89 92 96 100 104 106 109 111 112 116 118 122 125 129 130 131 134 135 136 140 142 145 148 151 155 157 161 164 167 171 173 177 178 181 185 186 188 191 193 195 198 202 206 210 212 214 215 219 221 222 226 227 231 235 238 240 244 246 249 251 255 258 262 266 268 272 273 277 281 285 288 289 291 292 293 297 300 301 303 307 308 312 316 319 320 324 328 329 332 336 340 341 345 349 353 355 358 360 364 366 
10 12 15 17 22 24 28 30 33 36 41 44 47 48 51 54 58 62 63 64 67 69 72 73 74 76 79 84 88 91 94 97 98 101 103 107 111 113 115 117 118 120 123 129 130 132 136 140 141 142 143 147 151 155 158 160 161 165 169 170 175 179 180 183 186 187 188 192 196 197 200 202 206 208 214 218 222 225 227 229 231 233 237 238 240 242 244 245 247 250 253 257 262 266 270 271 276 279 281 285 289 290 292 295 296 298 302 303 306 308 310 312 314 318 322 326 330 332 335 336 338 341 342 346 351 356 359 362 363 367 370 
11 15 16 20 25 28 31 34 36 37 45 47 49 52 54 56 60 65 66 70 74 77 81 83 85 87 90 93 97 99 101 102 105 107 108 109 115 117 119 122 124 127 130 134 137 140 141 143 144 145 148 150 154 156 161 165 168 171 173 176 180 184 185 186 189 192 196 198 200 204 206 210 214 218 221 225 226 230 233 237 238 240 242 246 249 251 254 258 260 262 265 269 271 273 274 275 279 281 283 287 291 294 298 302 306 308 310 314 315 318 321 323 326 327 328 331 334 335 339 342 346 347 349 351 352 360 362 363 365 370 373 
13 18 20 22 26 32 33 37 41 44 48 52 53 56 58 59 62 68 69 73 75 79 82 86 88 91 93 97 101 103 104 105 108 110 111 113 118 122 123 127 129 133 136 137 140 143 146 149 153 154 158 160 161 165 167 168 171 172 174 180 184 186 190 191 192 193 199 203 205 209 210 211 215 219 223 229 232 235 238 241 242 246 248 251 254 256 260 262 266 269 273 274 276 280 281 283 284 286 288 290 295 298 300 305 307 310 311 317 319 320 323 327 330 332 336 338 341 344 346 347 349 352 355 359 363 364 365 366 367 374 375 
15 20 23 26 28 33 35 41 45 47 49 54 55 60 61 64 65 71 73 74 78 80 86 87 92 93 95 99 102 106 109 112 115 119 120 124 126 130 132 136 139 141 145 148 149 151 152 154 157 160 164 166 167 171 174 177 181 182 184 186 187 189 193 195 199 202 204 207 211 213 217 219 221 222 226 233 236 238 242 244 248 249 251 252 258 262 265 267 269 271 276 278 282 285 289 293 297 299 301 302 304 305 309 310 312 314 316 321 324 326 329 330 333 335 340 342 343 348 351 352 353 357 360 363 365 367 368 369 373 378 380 
16 24 28 29 30 37 39 43 48 50 51 57 60 62 64 65 69 73 74 76 81 84 87 90 94 98 102 104 106 107 113 116 118 120 122 125 127 133 135 139 142 146 147 151 155 157 159 162 164 165 167 169 173 176 180 181 185 188 190 194 196 199 200 203 205 207 210 212 213 217 221 222 225 226 227 236 238 240 243 248 252 254 256 258 260 266 270 271 274 277 280 281 284 286 293 297 298 303 305 309 312 314 316 320 324 328 332 333 335 336 339 340 344 347 350 351 352 353 356 358 359 363 366 370 373 374 375 376 379 381 384 
20 26 30 32 35 38 40 46 51 54 58 62 63 64 66 69 73 77 81 84 85 89 91 92 96 102 106 108 110 112 116 118 120 124 125 127 129 135 138 140 145 149 153 156 159 163 167 168 170 173 175 177 181 184 187 190 192 196 199 200 204 206 209 212 213 216 219 222 224 228 230 232 236 237 238 241 244 246 249 253 257 260 263 264 268 270 272 274 276 281 284 287 288 289 297 299 303 307 311 312 314 315 320 324 326 330 335 338 340 343 347 351 352 354 355 356 357 359 363 365 367 371 372 376 379 380 381 385 387 390 394 
24 28 31 36 38 40 42 48 54 55 60 65 66 68 72 73 75 78 85 86 87 92 96 98 102 105 110 112 113 117 120 122 125 127 130 133 134 136 142 146 149 151 154 159 160 165 171 172 175 179 182 184 186 188 192 193 194 199 203 204 205 209 213 216 219 221 224 227 231 235 237 240 241 243 244 246 248 251 254 256 261 264 265 269 272 273 275 279 283 285 287 291 295 299 302 303 304 310 312 314 315 317 321 328 329 331 338 342 345 348 352 355 356 359 361 363 365 366 368 372 373 377 381 385 388 389 391 395 398 400 404 
26 29 35 39 40 44 47 52 55 57 64 66 69 73 74 75 78 80 89 91 94 96 100 104 105 108 111 116 119 122 124 128 129 132 136 140 144 147 148 151 152 155 157 163 167 170 173 177 180 184 186 187 191 192 195 199 201 203 207 211 212 216 218 220 222 223 225 229 232 237 241 244 245 249 253 255 256 257 261 262 265 266 270 272 274 275 276 281 284 288 291 293 296 302 305 308 309 314 315 318 322 323 326 330 331 335 340 345 347 349 353 357 359 363 364 365 369 373 377 379 380 382 385 389 392 395 397 398 401 402 407 
29 31 37 42 43 45 49 56 59 60 65 67 71 77 78 79 82 84 92 96 99 101 104 108 110 111 115 119 122 125 126 131 135 138 142 145 148 152 156 158 162 166 170 173 175 177 179 182 183 186 190 191 194 197 199 201 204 207 211 215 216 219 222 226 228 232 233 236 238 242 246 247 249 253 257 260 262 264 266 270 272 275 278 279 283 284 287 291 293 295 297 298 300 303 307 309 312 317 321 325 326 328 330 332 333 338 344 347 348 351 354 361 363 366 368 371 372 375 380 383 385 387 390 394 395 399 403 406 407 408 409 
32 36 38 46 50 51 54 58 63 67 70 74 77 78 80 83 86 89 93 97 102 104 108 110 113 115 119 123 125 129 132 133 137 141 144 146 150 153 159 163 165 169 173 174 177 180 184 185 189 192 194 198 201 202 205 206 210 212 214 219 221 225 226 228 230 234 235 240 241 246 248 250 254 256 261 265 268 270 273 275 279 282 283 284 288 289 292 295 299 301 304 308 311 312 314 316 317 320 322 328 332 335 338 342 344 348 350 353 355 356 360 362 367 370 374 377 381 383 387 389 392 394 398 402 403 406 410 414 418 421 425 
36 39 43 48 53 54 55 62 65 71 72 78 81 83 85 87 90 92 96 98 106 110 111 115 117 121 125 127 130 131 136 138 139 144 148 152 153 154 163 164 169 173 175 179 182 185 186 188 192 196 198 201 204 207 211 212 213 214 215 223 225 226 230 233 237 241 242 246 247 248 251 254 255 258 263 267 270 274 278 281 284 287 288 291 292 295 297 300 301 304 307 310 313 315 319 321 323 326 330 332 335 336 342 344 347 350 354 355 358 361 363 367 371 372 376 379 382 386 388 391 394 396 399 404 406 409 411 417 422 425 427 
40 41 46 49 57 59 60 63 66 73 75 82 85 88 89 92 94 98 101 102 109 112 116 120 123 125 127 128 134 137 138 142 145 149 153 154 156 160 166 169 171 174 176 181 184 186 189 193 194 199 202 204 208 209 213 217 218 220 222 227 229 231 233 236 240 242 246 248 250 251 252 258 260 261 265 271 273 276 281 282 286 290 293 296 299 301 305 309 312 316 319 321 323 327 330 334 338 342 344 345 346 350 352 355 357 358 362 365 366 369 372 376 380 381 383 387 390 393 394 396 397 401 402 405 410 412 414 419 426 427 430 
43 47 49 52 59 60 63 65 70 76 80 85 87 92 96 99 100 104 107 108 112 115 119 122 125 128 131 134 136 140 143 145 147 150 156 160 163 164 168 171 173 177 180 184 186 187 190 196 197 200 204 205 211 214 215 220 222 226 228 230 233 237 241 245 247 251 254 255 259 261 264 265 268 269 271 273 276 279 282 283 287 292 295 298 303 305 309 312 314 317 321 324 325 330 331 337 342 346 349 353 354 358 360 361 365 367 369 370 372 374 375 379 381 382 386 389 393 394 395 398 399 404 405 409 414 415 416 422 427 431 432 
46 50 53 54 60 61 65 67 71 78 84 88 91 93 98 103 107 109 110 114 118 122 123 124 129 132 134 138 142 144 145 149 150 153 158 163 166 169 170 173 174 178 184 187 189 192 194 200 203 205 208 209 214 215 216 223 226 227 229 232 234 240 244 246 249 254 255 258 262 264 268 271 275 278 281 283 286 289 292 294 295 298 302 305 308 309 313 315 318 319 323 328 330 332 334 338 346 348 350 357 359 361 364 368 370 374 376 380 383 387 388 389 391 394 395 397 401 402 403 405 406 407 410 411 418 419 423 426 431 434 436 
50 54 57 59 62 64 67 70 75 80 87 89 94 95 100 105 110 114 115 116 122 124 126 127 133 136 137 142 146 149 153 157 160 164 168 171 172 173 176 177 178 180 188 190 191 194 195 201 205 207 210 213 217 221 224 227 228 231 233 237 240 241 245 247 252 256 260 261 264 267 270 272 276 279 284 285 287 290 295 297 300 303 305 308 309 313 317 318 322 325 327 330 334 337 338 340 350 353 357 358 361 365 366 369 374 378 382 385 389 390 391 393 395 397 399 400 402 403 407 411 412 414 416 420 423 424 425 427 435 437 440 
54 56 59 62 64 68 72 76 77 83 89 90 96 99 103 108 113 117 118 119 124 128 132 136 138 141 144 146 149 151 156 161 165 166 169 172 174 177 179 181 184 185 191 194 197 198 199 203 207 211 215 218 221 225 228 231 232 233 236 239 243 247 248 252 255 257 261 265 268 270 273 276 277 281 286 287 290 292 296 300 301 306 310 311 315 317 320 324 327 331 334 335 336 340 341 345 354 355 358 362 364 367 370 373 375 382 384 387 393 397 401 404 408 409 411 414 416 417 418 421 424 425 426 429 431 435 439 442 443 446 449 
58 61 62 64 66 69 75 80 83 86 90 94 99 101 107 111 117 119 122 124 126 131 133 138 140 143 148 149 150 153 158 163 168 171 173 177 179 183 185 189 193 197 200 202 206 208 211 215 218 221 223 224 228 230 233 236 238 241 244 248 249 251 254 256 259 262 264 266 270 272 274 277 278 284 287 290 292 293 297 304 306 309 312 314 316 320 323 327 328 333 337 340 342 345 349 353 356 359 363 364 366 369 374 378 379 383 385 389 396 399 405 406 412 415 417 418 419 420 422 426 430 431 435 438 441 444 445 447 451 454 455 
60 62 63 68 69 71 76 82 84 87 92 96 100 102 109 112 118 123 127 130 132 134 135 139 141 146 152 156 157 159 161 164 172 176 177 181 184 186 189 193 195 199 202 205 210 213 216 218 221 224 227 228 229 232 235 240 241 242 247 251 255 259 263 264 268 271 272 274 278 280 282 285 288 292 295 299 300 304 306 310 311 315 316 318 321 324 327 328 331 336 340 343 347 348 353 355 359 360 366 369 370 373 375 379 380 384 387 390 398 403 409 413 414 419 423 425 429 431 435 439 441 444 447 451 452 453 456 460 461 464 467 
61 63 66 70 74 75 78 86 89 93 95 100 103 107 113 114 120 125 130 131 136 138 142 144 146 148 156 157 161 163 164 166 175 179 181 182 188 191 195 197 201 203 206 210 214 218 220 224 226 229 230 234 235 236 239 244 246 247 250 253 258 263 265 266 269 272 275 277 280 283 285 287 289 294 299 300 301 305 310 313 314 319 321 325 329 330 334 338 342 343 347 351 354 357 361 365 367 368 372 374 375 378 382 384 385 389 391 395 401 406 413 417 419 420 427 430 431 432 436 441 442 445 450 454 457 458 460 464 466 468 472 
62 65 68 71 75 79 82 88 93 96 98 101 105 111 115 118 123 127 131 132 139 142 144 145 150 151 159 160 165 166 169 173 176 182 186 188 189 192 198 201 203 204 207 213 218 220 223 226 229 231 233 235 237 238 243 247 251 255 256 257 260 264 268 269 270 275 276 278 281 287 291 293 296 298 303 305 309 310 312 314 317 321 322 327 331 333 336 339 344 347 351 352 358 361 365 369 372 375 377 378 381 383 387 390 392 393 397 398 405 410 417 420 421 423 430 433 436 440 444 445 449 450 453 455 460 464 466 470 471 473 474 
65 66 71 75 76 80 83 91 96 99 101 102 107 112 117 120 126 131 134 137 143 144 145 148 152 155 163 165 166 168 172 174 179 184 188 191 192 195 199 202 205 207 211 214 219 222 225 228 231 235 236 240 242 245 248 251 253 257 259 260 264 266 271 274 278 280 281 282 286 291 295 296 299 303 305 306 311 314 318 321 323 326 330 331 334 338 342 345 346 350 352 354 360 364 367 371 373 379 381 384 388 391 392 394 395 396 401 405 409 411 420 424 426 429 431 435 440 441 448 452 455 457 460 464 466 468 470 473 475 476 478 
68 70 75 78 81 85 88 95 99 103 105 108 112 113 118 122 127 135 136 139 144 145 149 153 157 158 167 171 175 179 180 181 184 185 192 195 197 198 202 204 209 213 214 218 223 227 230 232 233 238 239 244 246 249 253 257 261 265 266 268 269 270 273 276 280 281 283 284 288 295 297 298 301 307 309 311 312 317 322 324 328 332 335 337 340 342 345 347 350 352 356 360 362 367 371 374 376 381 383 385 390 395 397 398 402 406 410 411 414 415 422 426 427 431 432 436 444 448 451 454 459 460 462 467 470 473 476 480 484 488 490 
72 76 78 80 83 86 92 96 101 106 109 113 114 117 121 124 130 138 142 146 147 148 150 156 160 162 168 172 176 180 182 186 188 192 194 196 201 205 207 211 212 214 215 219 227 228 234 235 238 241 244 245 249 251 257 258 264 267 268 272 273 275 278 280 283 285 286 289 291 297 300 302 303 309 311 315 318 322 326 327 329 333 339 340 344 347 349 351 355 358 362 366 368 370 372 378 380 384 385 387 393 397 400 402 406 408 412 413 417 419 423 428 431 433 436 439 445 451 454 455 460 463 464 469 474 477 478 483 486 491 494 
76 80 82 86 87 91 93 97 103 109 113 116 120 122 125 128 131 139 145 147 151 154 155 158 163 166 169 173 179 181 184 187 190 195 197 199 203 208 212 215 216 218 219 222 230 232 238 241 244 245 246 250 252 254 258 260 265 269 272 276 279 281 283 286 287 288 290 293 296 299 304 307 311 313 314 316 322 325 329 332 334 338 340 341 346 350 351 352 358 362 365 370 371 372 374 382 386 388 391 395 399 403 406 407 411 415 417 421 422 424 426 431 435 436 438 440 449 454 456 457 463 466 467 471 475 479 482 485 487 494 497 
79 83 86 89 91 93 94 99 105 111 117 121 124 126 130 134 136 141 147 150 153 155 159 162 165 170 174 175 180 182 187 191 193 199 202 203 204 209 214 217 219 221 224 225 234 238 241 244 245 247 248 251 253 258 261 263 268 273 275 278 282 285 288 291 293 297 298 299 302 304 307 310 315 317 319 323 324 329 332 336 338 339 343 345 350 354 358 359 361 365 366 372 374 377 381 383 390 391 393 397 401 407 408 409 414 416 419 424 428 432 433 434 436 440 443 444 453 455 459 460 467 470 474 476 478 481 484 487 490 496 499 
83 87 90 93 95 98 102 105 109 112 120 125 127 129 132 136 137 144 151 155 157 159 160 164 166 174 178 182 183 186 191 193 194 200 206 209 211 212 215 220 221 223 225 228 236 241 243 247 249 251 253 257 261 265 269 273 275 279 280 284 286 290 291 292 296 299 301 305 306 307 309 313 319 323 324 326 330 332 336 337 342 344 347 351 354 356 362 363 364 367 370 373 377 381 382 384 391 393 394 401 405 409 411 414 415 420 424 425 432 434 435 436 439 442 446 447 456 458 462 465 469 474 476 478 482 486 490 493 495 498 501 
87 88 94 97 100 102 105 106 110 114 123 129 132 133 136 139 142 146 154 159 162 165 167 170 173 178 182 184 188 192 193 194 197 201 207 210 212 216 219 224 227 229 231 233 237 242 246 249 250 253 254 259 264 268 273 277 280 282 283 286 288 293 296 299 303 307 309 312 316 319 323 327 330 331 335 339 342 345 349 350 354 355 356 360 363 367 370 372 375 378 382 385 388 392 396 399 400 404 407 408 411 412 415 416 418 421 425 428 434 438 442 445 446 450 452 453 457 460 464 468 472 476 478 479 483 488 492 497 499 501 503 
88 92 95 98 104 107 110 114 116 120 126 133 135 139 143 144 145 150 155 160 163 166 169 171 175 182 186 187 191 194 198 201 204 206 211 212 215 219 223 227 230 234 236 238 242 244 247 251 253 256 259 263 268 270 275 280 284 288 290 292 294 298 299 303 305 308 313 316 317 323 324 328 333 336 339 340 344 348 351 354 357 360 363 367 369 371 372 375 376 379 384 386 392 393 399 400 401 406 408 411 412 414 418 422 423 426 428 432 437 441 444 446 450 452 453 455 460 464 468 471 475 479 480 482 485 489 495 500 501 504 508 
89 95 98 99 107 110 113 118 122 126 127 137 140 143 147 148 152 153 156 163 167 171 174 176 177 186 189 191 193 198 199 202 206 208 213 214 216 222 226 228 231 235 238 242 245 246 251 252 256 260 264 265 271 274 277 283 288 290 294 295 296 302 306 307 308 311 314 320 324 327 331 334 338 340 343 345 348 349 355 357 359 361 364 368 371 374 376 377 379 382 388 390 396 398 403 406 407 408 410 413 417 418 421 423 424 430 431 433 440 443 446 447 451 456 460 461 462 467 472 475 476 482 483 485 488 491 496 504 505 507 510 
93 96 101 103 110 111 116 120 123 129 131 138 142 146 149 152 154 157 160 165 168 172 176 180 184 190 191 192 197 201 202 205 210 213 217 219 220 224 228 229 233 238 239 244 247 249 253 256 260 263 267 271 275 279 283 284 291 293 296 300 304 308 312 316 317 318 319 321 325 329 334 335 341 345 348 350 351 354 359 361 363 367 369 371 374 377 380 381 384 385 389 392 399 400 405 409 413 416 417 418 421 425 426 427 430 433 437 439 442 444 448 451 452 460 463 466 469 470 476 479 481 483 484 486 490 495 497 507 511 513 516 
97 99 102 107 114 118 122 125 128 130 133 141 146 150 153 156 157 159 163 168 170 174 180 184 185 194 197 201 203 206 210 213 214 217 220 224 228 232 234 237 238 241 245 249 251 255 259 261 263 266 268 274 279 282 286 288 295 299 302 303 308 309 315 318 320 321 324 328 332 336 339 341 345 346 349 353 356 357 360 364 366 369 370 374 378 380 381 385 387 388 390 394 402 405 407 413 417 419 420 421 423 427 430 434 436 438 439 442 444 445 452 455 459 463 467 469 472 474 479 482 484 485 487 490 493 497 498 508 515 518 522 
99 101 104 108 118 121 123 126 132 133 135 143 149 153 157 158 160 161 167 170 174 177 183 187 191 196 200 203 205 210 214 217 220 221 223 227 230 234 238 242 244 245 248 250 253 257 261 264 265 267 269 277 281 286 289 290 298 300 305 308 312 314 318 321 324 327 328 331 336 339 340 342 347 351 354 358 362 365 368 369 371 373 377 380 384 388 391 393 397 399 400 404 407 409 411 416 421 423 427 430 431 434 435 438 441 444 448 449 450 452 454 458 463 464 469 471 476 477 482 484 486 488 489 493 497 500 502 511 518 519 524 
100 103 108 111 120 124 127 129 133 135 136 144 150 154 159 160 162 164 170 173 176 179 187 189 193 197 204 206 207 211 215 220 223 227 228 230 231 238 240 245 247 250 254 255 258 259 263 268 272 273 276 278 282 290 293 296 299 301 306 310 316 318 322 323 328 332 336 339 341 342 344 347 348 353 356 359 363 367 369 372 374 376 381 384 387 391 393 397 400 404 406 410 411 413 416 420 422 427 428 431 433 437 440 444 446 448 449 453 456 458 461 462 465 468 473 477 478 480 483 485 487 489 492 496 499 501 504 513 522 524 527 
104 106 109 113 121 126 128 133 135 136 139 146 154 157 163 165 167 170 174 175 179 183 188 192 197 199 208 210 211 214 217 221 224 229 231 235 239 243 247 248 249 251 256 258 262 263 264 270 274 275 280 284 286 291 294 298 303 304 307 314 319 322 324 325 329 333 339 340 344 347 350 352 355 356 358 360 367 369 373 376 377 379 382 386 390 394 395 399 401 406 409 414 418 422 424 425 426 428 431 432 435 441 445 449 451 452 454 458 460 464 467 468 472 474 476 479 482 485 487 489 490 494 498 501 503 505 508 514 523 526 531 
105 107 110 117 124 128 132 136 137 141 144 150 158 159 166 170 172 176 179 182 186 188 192 195 201 204 209 213 214 216 218 225 229 230 233 238 243 247 250 253 257 259 262 266 268 270 274 275 276 280 283 285 289 295 296 299 305 309 311 316 320 324 328 329 330 337 341 345 347 350 353 357 361 364 367 371 373 377 379 380 383 387 390 391 395 398 400 402 404 407 413 417 420 423 427 431 434 438 441 443 447 450 451 455 456 458 461 463 467 470 474 475 479 480 484 488 492 493 497 498 502 503 507 508 509 511 513 516 527 528 535 
107 108 113 118 127 132 135 140 144 145 149 151 162 164 168 172 175 178 180 183 189 190 194 198 204 208 210 217 220 223 224 229 230 231 235 242 247 248 254 256 259 261 266 270 271 273 278 279 282 286 289 290 292 296 298 300 307 313 314 318 323 327 331 334 335 339 343 348 350 353 357 360 362 366 369 373 374 379 383 386 390 392 395 399 402 403 405 409 412 415 418 422 423 426 428 433 438 441 442 446 450 453 457 461 464 467 468 470 472 475 476 479 482 483 485 489 493 496 500 503 504 506 510 512 516 519 521 525 528 531 538 
111 114 116 121 130 135 138 143 146 149 153 157 163 167 171 176 180 183 186 187 190 191 195 201 205 209 212 218 223 224 228 233 237 239 243 247 251 254 258 261 262 264 268 274 277 280 284 286 289 290 293 296 298 299 300 304 311 315 316 322 324 329 334 337 339 340 344 352 354 357 358 364 366 368 372 374 376 380 384 389 394 397 398 400 403 404 407 412 416 417 419 423 427 428 432 435 439 445 448 451 453 456 460 462 467 468 472 475 478 480 482 483 487 491 492 494 498 500 504 506 508 511 514 518 521 525 528 529 533 534 540 
112 115 120 125 133 139 142 145 148 151 156 161 165 169 173 178 181 187 189 190 192 194 197 204 208 211 214 222 226 227 232 236 239 242 244 248 255 259 262 264 266 268 272 277 278 281 286 287 291 295 296 297 302 306 307 311 315 317 320 323 328 332 337 338 343 347 351 356 357 360 364 366 368 371 375 377 380 383 388 390 396 398 399 404 405 407 409 416 420 422 424 426 429 433 436 438 440 446 451 452 457 460 462 463 469 473 476 477 479 482 484 488 492 495 499 503 507 511 512 515 516 518 521 525 527 531 534 535 536 539 541 
113 119 121 128 136 143 144 146 150 153 159 164 167 172 175 179 182 189 192 195 197 200 201 207 210 215 219 226 230 234 237 241 243 247 248 249 258 261 263 267 269 271 276 281 282 285 287 289 293 298 300 303 306 307 310 312 316 318 321 326 332 333 338 339 346 348 355 358 362 365 368 370 371 374 377 379 382 384 391 392 397 402 403 408 410 414 416 418 424 427 430 433 435 439 440 443 447 448 454 456 460 464 468 471 473 475 478 479 482 484 485 491 493 496 500 507 508 514 518 521 525 529 531 532 533 534 538 541 542 544 548 
115 123 124 132 137 145 148 152 156 157 161 167 168 175 179 182 183 192 196 198 200 204 207 208 213 217 220 228 232 235 241 244 247 248 250 251 261 263 266 271 275 278 282 286 289 291 293 297 301 304 307 308 310 313 314 317 319 322 324 330 333 335 339 341 348 350 356 361 365 367 372 373 377 378 379 380 385 387 395 397 401 405 406 411 413 415 420 423 426 431 433 435 436 442 443 447 450 452 456 457 461 465 471 473 476 477 481 484 485 486 487 495 499 503 507 510 514 515 519 523 527 530 532 535 536 537 540 544 546 550 553 
116 124 125 134 139 147 152 154 157 160 165 168 171 178 183 187 189 193 200 203 206 207 210 213 214 218 221 231 234 239 245 247 249 250 253 254 264 268 270 273 279 282 283 290 291 293 295 301 303 305 308 309 312 316 320 324 326 328 329 331 337 338 343 346 349 353 358 365 366 370 373 375 381 385 389 390 391 392 396 398 405 406 407 413 417 420 422 425 430 434 435 437 438 443 444 450 453 455 458 462 465 468 472 476 477 480 482 487 490 493 496 497 500 504 510 513 518 520 524 525 531 532 534 536 537 540 541 547 550 554 556 
120 125 129 137 141 148 156 160 162 165 167 171 175 181 185 190 194 196 203 207 211 215 217 218 220 221 224 235 239 240 248 252 254 257 259 261 268 271 275 279 281 283 287 292 294 295 299 305 306 309 312 315 317 320 323 328 329 331 334 337 339 341 344 350 353 355 359 367 368 371 376 380 382 389 391 395 399 402 405 409 410 413 416 418 422 426 430 431 434 438 441 443 447 451 453 454 458 462 464 467 469 472 474 478 479 484 488 491 493 495 500 504 505 507 512 517 521 525 528 532 533 537 540 543 546 549 553 555 558 561 563 
124 129 131 141 143 151 159 163 165 168 171 175 178 184 186 191 195 199 205 210 212 219 220 224 228 230 232 236 242 245 249 256 259 260 264 265 272 276 277 282 284 286 288 296 299 301 304 309 311 313 315 316 319 324 325 332 335 339 342 344 346 350 352 355 356 358 362 369 371 373 380 382 385 393 394 396 403 404 409 411 412 414 420 423 427 431 434 438 440 441 443 446 449 452 455 457 460 466 468 470 473 476 478 482 484 486 491 493 495 498 502 505 508 509 516 519 524 529 532 533 536 539 541 547 551 555 557 560 562 565 567 
126 132 136 144 148 152 163 167 170 174 176 178 180 187 189 195 197 200 209 213 217 220 222 225 232 233 234 239 243 249 252 259 260 263 265 267 273 280 282 284 287 291 294 300 302 303 307 311 313 315 318 321 324 327 331 336 338 342 343 347 350 352 356 359 362 365 369 371 374 376 383 385 388 394 395 400 404 405 413 414 416 419 421 426 431 433 437 442 445 449 452 453 457 459 461 464 467 471 474 475 479 481 482 483 486 487 494 497 500 503 504 508 511 513 517 523 527 530 535 538 542 543 546 549 553 556 561 564 566 567 569 
130 134 138 146 151 154 167 170 171 175 178 180 182 188 190 197 198 204 210 215 218 223 227 228 234 238 239 242 245 250 253 262 266 268 270 274 275 283 284 288 289 294 298 302 306 309 312 316 317 321 323 327 329 332 334 337 342 346 348 350 354 357 360 363 364 367 373 377 379 380 386 390 391 398 402 405 408 410 416 420 421 425 429 432 433 435 438 446 450 453 455 458 462 463 464 468 469 475 476 480 483 484 486 489 492 493 497 499 504 505 509 511 512 516 521 527 528 534 539 543 547 551 552 554 557 561 564 568 572 575 576 
134 137 140 150 152 156 170 173 177 181 185 186 187 189 193 201 202 206 214 217 222 224 230 233 238 240 242 244 246 252 255 263 270 273 277 279 283 284 285 290 293 298 302 304 310 313 317 320 321 324 325 331 334 335 337 339 345 348 352 353 356 361 364 365 367 368 376 378 380 383 390 392 395 402 406 407 412 416 419 423 427 429 430 434 435 436 442 447 451 455 458 461 464 465 467 469 471 479 482 484 487 488 492 495 497 500 501 502 507 510 512 515 517 520 525 530 531 535 542 545 550 555 559 560 563 564 567 571 575 578 580 
137 141 145 152 156 157 171 174 180 185 187 189 191 194 196 205 208 210 217 220 226 229 232 234 239 242 246 249 251 254 258 264 274 275 278 283 286 289 290 292 295 299 304 308 311 316 320 322 326 329 330 334 336 337 340 344 348 349 355 358 359 364 368 372 375 376 378 382 384 386 393 397 399 405 408 409 413 417 420 424 429 430 431 437 439 440 443 450 454 458 460 465 466 470 471 472 476 483 484 486 491 495 498 502 506 510 513 514 516 518 521 523 527 528 529 534 538 542 543 547 553 559 562 566 570 571 575 577 581 583 586 
138 144 146 153 159 162 175 178 181 187 191 194 198 202 204 209 210 213 218 221 229 230 234 235 240 243 247 252 253 257 260 267 276 279 283 287 291 292 296 299 303 306 309 313 316 320 321 325 329 331 333 336 340 343 345 346 351 355 356 361 363 366 372 376 380 383 385 387 388 390 395 400 401 408 409 412 416 418 423 425 433 437 438 439 442 443 445 451 455 462 466 470 472 475 477 481 482 484 488 491 493 497 499 505 508 511 515 516 517 519 524 527 528 532 533 535 542 543 547 551 554 561 565 570 571 572 576 578 582 587 589 
141 148 149 154 163 164 177 179 183 188 192 198 202 206 210 213 215 217 219 222 233 236 240 244 245 246 249 253 254 261 264 271 278 281 285 291 294 295 300 304 306 309 311 315 317 323 326 327 330 334 338 341 344 345 346 349 355 358 359 364 366 368 374 379 382 384 389 392 395 399 403 406 407 409 410 416 417 420 425 426 435 440 442 443 445 446 449 453 457 465 468 474 476 479 480 482 483 487 491 494 498 502 503 508 512 513 518 519 521 522 525 531 532 534 535 537 545 549 552 553 557 563 569 571 572 574 578 580 584 588 590 
144 151 155 156 165 167 178 183 186 191 195 201 206 210 212 217 220 221 222 224 236 238 244 248 252 256 259 261 262 265 266 275 280 282 289 294 297 301 302 307 310 312 315 316 321 324 330 332 336 337 341 345 349 352 356 359 360 361 363 366 369 373 378 381 383 386 393 394 399 402 405 408 409 412 414 418 422 425 426 427 436 441 446 448 450 453 457 459 460 466 471 475 477 481 484 488 490 492 493 496 499 504 506 509 514 517 521 525 526 528 530 532 535 538 542 545 548 550 555 556 560 566 571 572 573 576 581 582 585 592 596 
147 155 157 158 166 170 179 187 190 194 198 205 210 212 216 219 222 226 227 228 237 242 248 251 254 258 263 267 269 271 273 277 283 285 293 296 298 304 307 309 313 316 317 319 322 326 334 338 342 344 348 352 353 357 361 365 369 372 373 376 378 379 383 386 387 389 397 400 402 406 408 409 412 413 417 422 426 427 430 434 438 443 447 452 453 455 460 462 463 467 472 476 480 482 485 490 491 496 500 501 505 506 507 511 515 521 523 529 532 535 539 542 545 547 548 552 556 558 561 562 565 569 572 574 575 579 585 588 592 595 600 
151 158 162 166 167 171 182 188 194 198 200 206 212 213 220 222 225 228 230 231 241 243 250 254 256 259 264 270 272 275 279 283 287 291 297 298 299 305 308 313 315 317 319 322 325 329 335 340 345 346 349 356 359 362 364 368 372 374 378 380 384 386 388 390 393 397 398 403 404 407 412 414 417 421 424 428 431 433 435 437 439 445 448 455 458 460 462 466 470 474 476 480 481 486 489 491 493 497 501 504 507 511 512 516 520 523 526 531 534 536 542 543 549 550 551 556 558 559 562 566 569 572 576 577 581 583 586 590 594 598 601 
153 159 164 167 168 172 185 191 198 201 202 210 214 215 223 226 229 231 235 236 245 247 251 256 258 263 267 274 275 276 283 286 288 295 301 305 306 310 311 316 320 324 326 327 330 332 336 341 348 351 352 357 360 364 368 371 373 377 381 382 386 390 391 395 399 403 404 405 407 409 413 417 421 424 425 429 435 437 441 442 444 448 450 457 460 463 465 470 473 477 478 482 483 490 492 493 494 500 502 507 510 512 515 517 522 524 527 534 538 542 545 547 553 557 558 559 563 564 566 568 570 575 580 582 586 587 590 592 597 599 604 
157 160 165 171 175 177 187 193 200 204 208 211 217 219 224 229 230 233 237 241 246 248 254 260 262 265 270 275 276 279 286 290 291 299 302 309 313 315 316 320 321 326 329 333 335 339 341 344 351 355 356 361 362 366 370 373 377 378 384 388 391 394 397 401 402 405 407 410 413 417 421 424 425 429 431 434 438 439 445 449 452 454 455 458 462 467 470 473 477 480 483 485 487 494 497 501 502 504 507 510 513 517 520 523 526 528 529 535 542 546 550 551 555 558 562 564 568 572 574 578 581 583 586 588 589 590 592 594 601 602 608 
160 163 169 174 176 178 190 196 201 208 210 213 218 222 226 233 234 235 239 243 247 249 256 264 265 269 273 278 279 283 288 293 297 303 306 313 314 317 318 323 327 331 334 335 336 340 345 348 353 357 358 365 368 371 375 377 378 380 388 390 392 397 398 405 409 412 415 416 417 420 422 428 429 432 433 438 439 440 447 452 454 458 462 464 466 468 471 475 478 484 488 489 493 495 501 502 506 508 510 514 518 522 525 529 531 535 538 540 546 547 551 553 557 562 564 565 570 576 577 581 583 586 590 594 596 598 600 602 603 604 609 
163 166 170 177 180 181 192 200 205 212 214 216 220 225 229 236 240 242 245 247 250 254 258 267 269 270 275 279 283 285 290 296 298 304 308 316 317 321 322 326 329 334 336 337 338 341 347 351 355 361 362 368 371 374 379 380 382 385 391 392 396 400 402 406 411 416 418 420 424 426 428 431 434 437 438 442 445 448 450 455 457 461 463 468 469 472 476 479 481 486 489 490 494 499 502 506 509 511 514 517 519 526 528 533 534 537 542 543 550 552 556 557 559 566 568 571 574 579 582 585 589 591 595 597 598 601 604 606 608 609 612 
164 170 173 179 181 184 194 202 206 215 218 219 224 228 231 240 242 245 248 252 256 260 261 268 270 274 276 281 285 286 294 297 299 305 312 318 322 326 330 334 336 338 342 344 346 348 351 353 357 365 369 371 374 375 382 383 384 386 392 394 400 401 405 410 412 418 420 424 426 430 434 438 442 443 446 448 451 455 457 461 465 469 473 474 478 482 486 490 494 496 500 502 504 507 508 511 515 516 518 520 522 530 531 535 538 539 546 548 551 555 557 561 565 569 570 572 578 582 586 588 591 592 596 599 601 603 606 607 612 613 614 
168 173 177 183 187 191 197 204 209 216 221 224 226 230 234 244 246 250 253 254 260 261 265 272 275 277 280 283 286 290 297 299 303 308 316 320 325 330 333 336 340 344 347 349 353 356 358 359 363 369 373 376 379 382 385 387 391 392 396 398 401 404 407 411 415 420 422 428 430 431 436 440 446 447 450 454 456 459 463 464 468 471 476 478 482 486 488 493 498 502 503 504 507 510 514 515 519 523 524 525 527 534 535 539 543 546 550 553 557 560 564 565 569 573 574 575 581 585 590 594 595 597 601 602 603 606 609 610 613 617 619 
172 177 179 185 188 194 200 207 213 217 224 226 229 232 235 246 250 251 255 257 261 264 267 273 276 279 281 287 289 294 301 305 307 312 319 323 329 331 334 337 342 347 350 354 357 360 361 364 367 370 374 377 383 386 389 393 394 398 401 405 408 409 412 413 419 422 423 429 433 436 440 442 449 450 453 457 459 462 464 467 472 475 480 484 485 488 489 497 502 503 506 508 510 514 518 521 522 527 531 532 533 538 541 544 545 550 554 558 561 564 568 570 574 575 578 580 585 589 594 596 597 601 602 605 607 608 610 613 616 618 621 
174 179 183 189 190 195 202 208 214 218 226 227 230 235 238 247 252 256 257 259 262 266 268 277 278 283 285 288 290 297 305 309 313 315 321 324 333 334 335 339 345 350 353 357 359 362 364 366 371 374 375 381 385 390 392 394 397 400 405 409 413 416 420 423 424 426 428 431 437 440 443 447 450 454 458 459 462 466 468 472 474 477 481 487 488 489 492 500 505 507 508 509 513 516 521 523 526 531 532 534 537 541 545 547 550 552 555 562 564 568 570 572 577 581 585 587 589 593 597 600 603 607 611 615 617 620 623 626 628 632 635 
177 183 186 191 194 197 204 209 217 220 228 230 232 236 240 249 256 260 262 265 266 270 271 278 279 286 289 290 292 298 307 311 317 320 325 328 334 335 337 340 348 354 357 361 364 366 370 371 374 375 377 384 388 394 396 397 399 404 408 412 415 420 423 425 429 430 434 437 438 444 445 448 454 455 459 460 466 467 469 476 477 481 482 488 489 491 494 504 509 512 513 514 517 520 524 527 531 535 538 540 544 545 549 553 557 560 562 565 566 569 572 574 581 585 588 590 594 595 599 601 607 609 614 617 620 624 627 629 631 636 637 
181 185 189 195 197 199 206 213 220 221 229 234 238 240 241 251 260 261 263 266 270 274 276 279 282 288 290 294 297 302 309 312 321 323 328 332 338 341 342 346 349 356 361 362 368 372 376 379 381 383 385 388 389 396 397 400 403 408 409 416 420 422 426 427 432 433 436 441 444 445 449 450 458 460 464 466 467 468 472 479 483 487 490 491 495 497 498 506 510 514 517 521 525 528 531 532 535 538 540 543 546 548 552 557 561 563 566 568 571 574 575 578 582 587 590 593 595 596 600 602 608 610 618 619 621 628 632 633 636 639 640 
182 187 192 199 201 203 208 216 223 225 231 238 239 243 245 252 262 266 269 271 275 278 281 282 285 289 294 295 300 303 312 316 324 326 329 333 341 343 347 349 353 359 362 364 369 373 380 381 383 387 389 391 392 399 400 402 407 409 413 419 422 425 428 431 434 436 437 443 446 449 450 454 462 463 465 468 469 471 475 480 486 490 491 495 496 498 502 508 511 517 521 525 527 531 535 537 538 540 542 547 550 553 556 560 564 568 570 574 577 581 582 585 588 590 592 596 600 602 606 608 609 612 621 624 626 632 636 637 641 642 645 
185 191 195 202 204 205 212 218 227 229 235 239 240 247 250 253 266 270 272 276 277 280 282 286 289 291 297 300 302 306 313 320 325 327 332 334 345 349 350 351 356 362 363 368 372 377 381 384 388 389 390 392 395 403 404 408 409 413 415 422 426 428 430 434 438 441 443 445 450 454 455 459 463 464 468 470 472 473 477 484 487 493 494 499 503 504 507 509 513 519 522 529 531 533 538 542 543 547 549 553 554 558 562 564 567 569 571 578 579 585 586 590 592 594 598 599 602 605 608 610 611 616 625 627 631 635 640 644 646 648 650 
188 192 198 203 206 208 215 222 228 233 237 242 245 248 252 257 270 271 273 280 281 282 283 287 290 294 300 302 303 307 315 323 328 329 335 336 346 351 355 358 360 364 368 370 373 381 382 387 389 393 396 398 400 405 406 410 411 415 417 426 430 433 436 439 440 444 445 449 452 458 460 461 466 469 471 475 476 478 479 486 490 495 496 500 505 506 508 513 514 521 526 532 535 536 539 546 550 551 553 554 557 561 564 566 571 573 575 582 584 589 592 596 600 602 603 606 608 609 611 614 618 620 628 632 636 638 642 645 648 652 654 
189 195 200 204 208 212 216 226 229 235 239 246 248 252 253 260 272 274 275 281 282 283 286 291 294 297 303 306 308 311 317 324 329 330 338 340 347 353 356 360 361 366 370 371 377 385 389 391 395 396 397 400 403 409 413 417 421 424 427 430 431 437 441 442 445 447 450 452 454 460 464 466 468 473 476 478 481 482 483 489 491 496 499 503 507 509 511 514 517 524 527 534 538 542 544 549 552 556 560 561 562 566 567 568 573 575 578 585 589 591 594 598 604 606 609 611 615 617 618 621 622 626 632 635 639 642 643 647 652 654 656 
193 196 201 206 210 213 219 227 232 239 242 249 253 255 258 263 274 277 279 282 286 290 293 296 300 303 304 308 309 315 320 328 330 331 341 342 350 355 360 361 364 368 374 376 381 389 393 394 399 400 403 405 408 412 417 418 423 428 429 432 436 439 444 446 447 449 454 456 458 462 466 468 472 474 480 483 486 489 492 496 497 498 501 505 511 512 515 518 522 527 531 536 542 544 548 552 555 557 563 567 569 570 573 575 578 582 585 587 593 595 597 601 606 609 613 617 621 624 628 630 632 633 634 637 640 644 645 649 653 655 658 
197 201 202 207 214 217 221 230 236 242 245 252 255 258 259 264 277 281 284 288 290 292 297 301 305 306 309 312 316 317 322 332 336 338 345 346 354 359 361 362 366 371 375 378 383 392 395 398 401 405 409 413 415 417 419 422 425 429 431 434 437 440 447 450 454 455 457 461 463 466 468 472 474 475 482 486 487 493 497 498 502 505 509 511 513 516 518 520 523 531 533 540 546 547 549 556 559 560 566 568 570 572 576 577 579 586 589 593 595 597 600 604 609 610 617 618 624 628 629 633 635 639 640 642 646 648 652 654 657 659 663 
199 204 206 210 217 218 223 234 237 244 246 256 257 259 263 265 279 283 285 292 294 298 302 305 308 312 316 317 319 320 324 333 338 341 347 351 358 360 363 364 370 374 378 381 386 396 399 403 404 409 413 415 419 423 425 427 431 433 437 441 444 447 449 452 458 459 463 466 467 470 474 475 478 480 483 487 489 494 499 502 504 509 512 514 518 522 523 524 526 532 536 544 549 550 553 557 563 567 570 571 574 576 580 584 588 591 595 598 602 606 607 608 613 614 618 619 628 629 632 636 638 643 644 645 649 651 655 659 662 663 666 
203 208 210 214 221 224 225 236 240 247 251 259 260 261 267 269 283 284 286 294 296 302 303 306 311 316 320 324 327 331 334 336 339 343 348 353 361 364 366 369 372 375 380 382 387 400 402 404 405 413 416 419 422 425 429 430 434 435 440 445 447 451 452 453 461 464 466 469 471 473 475 477 480 484 485 491 492 495 503 507 511 515 516 518 522 526 528 532 536 538 541 545 552 554 555 560 564 568 573 575 578 579 581 586 591 595 598 601 603 610 614 616 620 623 627 628 631 632 636 639 640 646 650 651 654 657 659 660 666 669 673 
206 209 214 217 224 228 229 240 241 251 254 261 262 263 268 271 284 287 291 297 298 305 306 308 314 320 323 326 330 332 336 338 342 347 350 355 363 365 370 374 377 378 383 387 391 401 405 409 410 415 418 423 426 430 434 436 439 441 443 448 450 454 456 460 463 468 470 472 474 478 479 483 487 488 492 493 497 498 504 511 514 519 523 526 528 532 536 540 542 543 544 549 555 558 562 564 567 571 577 581 582 585 588 592 594 598 600 603 606 613 616 620 621 626 631 632 635 636 637 643 644 650 651 652 658 662 664 668 671 672 674 
209 213 215 218 228 230 232 243 244 253 256 263 265 266 272 276 285 290 292 301 302 307 309 310 316 322 327 330 334 335 340 344 348 352 353 357 366 367 374 375 380 381 387 389 395 403 408 412 414 417 420 427 428 432 438 441 443 445 446 452 453 458 461 462 465 470 472 474 476 482 485 487 491 495 498 502 506 509 510 512 517 523 524 527 530 535 539 544 547 549 553 557 559 560 563 568 569 575 580 585 589 592 593 596 600 603 604 606 609 615 619 623 624 630 633 636 637 639 642 644 648 654 657 661 664 668 669 672 676 680 681 
212 215 218 222 232 236 237 246 248 256 257 264 266 267 273 279 288 293 294 304 307 309 310 313 320 323 328 333 337 338 342 346 349 353 357 360 370 371 376 377 381 385 389 392 396 406 410 414 418 420 423 430 431 436 442 444 447 448 449 456 457 461 464 468 471 472 476 480 483 484 489 492 493 497 501 506 510 513 515 516 519 525 526 528 533 536 541 546 548 552 556 561 562 563 565 571 575 576 582 589 592 593 595 598 602 607 608 610 612 619 622 625 629 631 635 639 642 645 647 650 654 658 662 663 665 671 674 678 682 684 688 
216 219 222 223 234 239 242 250 251 260 264 265 267 269 274 281 291 294 295 306 311 312 313 315 323 325 332 334 340 342 344 349 351 354 361 362 372 375 378 379 384 387 390 394 397 409 413 418 420 423 425 434 436 439 446 450 454 456 457 461 464 465 469 470 475 476 477 482 484 487 490 495 496 500 505 508 511 515 516 520 524 527 530 531 537 540 544 548 552 556 560 564 568 570 571 575 576 578 584 590 596 599 600 601 605 610 613 617 619 622 624 628 630 633 637 640 644 647 648 653 658 660 665 669 672 676 680 682 686 690 694 
219 221 226 229 235 240 245 251 254 262 267 269 272 273 278 284 295 296 297 307 312 313 316 320 326 328 334 336 341 343 347 350 354 356 362 366 376 378 380 384 387 390 392 398 402 410 417 420 423 424 427 436 437 440 449 453 455 457 460 465 466 470 474 476 479 480 481 486 487 488 494 498 501 503 506 511 514 518 521 523 528 530 531 534 541 542 547 551 556 560 564 567 572 574 578 581 582 585 586 594 598 600 602 603 608 611 617 618 623 626 628 630 633 634 641 645 646 651 653 655 660 661 667 670 674 677 684 685 690 693 698 
222 224 230 234 238 243 247 255 258 264 268 272 273 274 282 288 299 302 303 308 313 316 318 321 327 331 337 339 343 347 348 353 356 360 365 367 378 382 386 387 390 394 398 402 406 413 419 422 426 430 431 440 444 447 451 457 458 459 462 466 469 474 476 480 483 484 486 488 490 494 496 499 505 508 511 514 517 522 524 526 529 531 532 537 544 546 548 552 558 562 566 570 576 577 579 584 586 589 590 597 599 603 607 609 613 614 621 624 628 629 630 631 637 638 644 649 651 654 658 662 663 666 670 674 675 678 687 689 692 695 699 
226 229 234 236 239 247 250 258 261 265 272 276 277 278 285 289 301 306 310 313 314 317 321 323 329 334 340 341 346 349 352 354 357 362 367 371 380 383 388 391 392 398 400 403 407 416 423 426 428 433 435 444 447 450 455 459 461 465 468 470 471 478 479 484 485 486 489 491 493 496 497 500 506 510 515 516 519 523 525 527 531 535 539 542 547 548 551 555 560 566 569 574 578 579 583 588 589 592 593 598 603 605 608 611 615 616 625 627 630 632 634 635 641 645 646 652 654 657 660 666 670 671 675 676 679 681 691 694 698 701 702 
228 230 236 238 243 251 255 259 264 266 274 278 279 281 289 290 303 307 312 317 319 323 325 329 333 336 343 344 347 353 355 357 359 365 368 373 383 384 390 392 396 400 403 404 409 420 427 428 432 434 437 446 450 452 456 460 462 466 471 475 477 481 482 487 489 490 493 494 498 500 504 506 507 513 519 521 522 525 527 531 533 538 540 543 549 553 554 558 564 569 570 577 580 584 588 589 592 593 594 601 606 608 609 612 616 620 627 631 633 636 640 641 644 646 648 653 657 660 664 667 672 673 676 680 682 686 695 697 702 706 709 
232 235 237 239 247 255 256 260 266 268 276 281 285 287 290 291 306 309 316 320 321 324 329 330 336 338 344 347 351 357 359 360 364 367 370 377 387 391 394 398 402 406 410 414 418 424 428 431 436 439 441 450 454 458 459 464 466 469 474 479 482 485 489 492 493 496 497 499 503 504 507 508 509 514 521 522 524 529 532 534 537 541 542 546 551 555 559 560 568 570 573 578 584 587 592 596 598 601 602 604 608 611 612 616 618 621 630 632 635 640 644 648 649 650 651 657 659 663 666 668 673 676 679 681 686 687 699 701 703 707 711 
235 239 241 243 250 256 257 264 270 272 278 283 287 288 293 297 307 313 319 323 326 330 333 334 337 341 345 350 353 361 365 366 367 368 372 379 388 393 396 402 406 410 412 418 422 425 432 435 438 443 446 453 457 461 462 466 469 472 477 482 483 487 492 494 496 500 504 507 510 512 515 518 521 523 527 528 529 532 533 537 538 545 549 552 556 559 563 567 571 573 576 579 585 589 593 599 603 605 607 611 612 615 617 620 622 626 634 638 639 641 648 652 653 656 657 659 660 664 670 674 676 680 681 684 688 692 703 706 708 710 715 
238 242 245 248 253 258 261 268 271 273 279 286 289 291 297 299 309 314 322 326 328 332 337 340 344 347 349 354 358 362 366 370 372 373 377 381 392 394 399 404 408 414 416 421 423 427 436 437 440 445 448 455 459 463 467 471 472 473 479 486 488 492 493 496 500 503 507 509 514 515 519 520 523 525 531 534 537 538 540 544 545 549 550 556 559 563 566 571 575 576 579 583 588 593 596 601 606 610 614 615 617 618 620 623 627 630 636 642 645 649 652 656 660 661 663 667 671 675 677 678 682 684 685 686 689 696 707 710 713 717 719 
242 243 249 252 257 262 263 269 274 276 282 290 294 295 300 303 313 318 323 330 334 336 338 341 348 351 352 357 359 363 370 374 377 379 383 387 395 397 401 405 411 416 417 425 428 429 439 443 446 447 450 458 463 465 470 475 476 478 481 490 493 495 498 499 504 507 511 514 518 522 526 530 534 538 540 541 544 547 549 551 552 553 554 558 563 567 569 575 578 579 582 586 592 595 597 605 610 611 617 621 624 625 629 630 631 633 637 644 648 653 655 659 663 667 671 674 676 679 680 684 687 691 692 695 698 702 711 714 716 720 722 
246 247 250 256 260 263 267 272 277 280 284 293 298 301 302 307 315 319 327 332 335 340 343 347 349 354 357 359 360 365 372 376 378 383 387 391 399 401 403 406 413 419 421 426 429 430 440 446 449 453 457 459 466 467 473 477 479 480 485 494 497 500 501 504 505 508 514 518 522 524 530 534 537 541 544 545 549 551 553 556 559 563 566 570 574 575 579 583 587 588 590 591 593 596 599 609 613 617 621 625 629 633 636 637 640 643 647 648 651 654 656 663 667 668 672 675 680 682 685 686 690 692 695 697 701 704 712 715 720 724 728 
250 254 257 260 263 264 270 275 280 281 286 295 300 305 307 310 319 322 328 334 339 343 344 349 352 358 359 362 365 366 373 379 382 387 391 395 401 404 405 407 414 421 425 429 432 434 441 448 452 455 459 460 467 470 474 481 483 484 486 498 502 503 507 509 512 513 517 520 525 526 534 536 539 542 545 546 550 554 558 560 563 566 570 572 575 576 583 584 588 591 593 595 598 601 602 610 615 621 624 628 630 635 639 643 644 648 649 652 656 659 662 666 669 673 674 676 684 686 689 693 697 700 701 703 706 709 715 717 721 728 730 
252 255 261 265 268 272 274 276 281 285 289 299 302 307 311 314 321 324 330 337 342 345 349 352 355 362 366 369 373 377 379 383 384 390 394 396 402 407 408 410 415 423 426 430 435 438 445 452 454 458 462 463 470 474 477 484 485 487 488 500 504 507 508 510 513 517 518 524 526 528 535 539 542 544 546 548 554 556 559 563 566 568 572 573 576 578 586 588 589 592 597 601 603 604 608 613 618 623 626 631 633 638 640 647 650 653 654 655 657 661 665 670 674 677 679 683 687 690 694 695 701 704 705 707 708 710 717 719 722 730 731 
254 256 265 269 273 274 278 279 285 287 290 300 303 308 315 318 325 326 333 339 344 348 351 356 360 363 368 372 376 378 383 386 388 394 398 399 405 411 415 416 418 426 429 431 438 440 446 454 458 462 465 469 472 477 481 487 491 492 494 502 506 509 511 514 516 518 522 526 527 529 539 541 543 547 551 552 556 559 560 567 569 572 573 575 578 582 590 591 594 597 601 604 608 609 610 615 619 627 630 635 638 641 644 650 651 654 656 658 662 664 668 673 678 682 683 687 689 694 698 701 705 708 709 712 713 717 721 722 726 733 734 
256 260 267 272 275 276 282 284 287 288 293 302 306 309 317 319 327 330 337 342 345 352 354 357 362 366 371 375 377 379 386 389 393 396 402 406 410 412 416 419 420 429 432 433 441 444 447 458 459 464 467 471 476 480 484 489 495 496 499 504 510 512 514 517 520 523 527 531 532 534 540 544 548 552 555 557 560 562 566 568 573 577 581 583 585 586 591 595 599 601 604 608 612 613 614 618 623 629 631 637 639 643 646 653 656 658 661 664 667 669 670 674 679 683 685 689 691 695 700 703 708 709 713 714 717 718 722 725 727 734 736 
258 263 268 276 278 280 284 285 289 291 296 303 309 313 320 323 329 332 340 344 349 356 357 361 364 369 373 379 382 383 387 392 396 399 404 410 414 415 418 420 423 432 433 435 442 445 450 461 465 466 468 473 478 483 486 492 496 498 500 508 514 515 517 521 522 525 528 534 535 536 542 545 552 554 556 558 564 566 570 571 575 578 583 586 589 593 597 601 605 609 610 614 615 617 618 620 624 633 636 639 640 647 651 655 660 661 662 667 671 674 678 682 685 686 688 690 694 698 702 704 712 716 720 724 727 730 731 733 737 740 741 
262 267 269 279 283 284 287 290 291 292 298 306 313 317 321 327 330 335 342 346 350 358 361 362 368 371 376 383 384 385 391 394 400 403 405 413 415 419 423 427 428 434 438 442 445 446 453 463 469 473 476 477 482 484 490 494 498 502 503 512 517 520 524 527 528 532 535 536 540 541 544 547 553 557 558 559 566 569 572 574 577 580 586 587 592 595 600 602 609 613 616 617 619 621 623 624 628 637 638 642 644 648 655 656 663 667 668 671 674 678 680 684 689 692 693 694 696 701 705 709 714 720 724 728 732 734 735 738 742 746 748 
266 271 273 281 287 288 291 293 295 298 299 308 315 319 325 328 333 336 343 348 353 361 363 364 372 374 380 387 389 390 393 397 404 407 410 415 419 423 424 429 433 438 440 445 448 451 455 467 473 476 479 483 486 490 493 498 500 506 510 513 518 523 527 530 533 535 537 538 542 546 549 553 554 560 562 565 569 570 574 577 580 583 589 593 596 600 601 604 613 614 620 624 628 632 633 634 636 639 643 646 649 651 658 662 667 670 671 673 676 682 683 688 693 694 696 698 700 704 706 712 715 721 728 729 734 736 738 739 746 750 752 
269 274 277 284 290 291 294 295 298 300 302 310 319 323 327 330 336 337 347 351 355 363 364 366 375 376 383 389 390 394 397 399 408 410 412 418 420 426 430 431 437 439 444 448 452 455 458 470 477 481 484 485 487 494 496 501 504 507 511 515 522 525 530 531 537 541 545 548 550 554 556 557 560 561 566 570 574 578 581 582 583 585 591 596 598 603 604 605 615 616 621 625 629 633 635 639 640 641 647 649 653 654 662 664 668 672 674 677 681 683 687 690 697 700 704 706 708 709 712 715 717 724 731 735 738 739 741 745 750 754 758 
272 277 280 285 291 293 297 301 303 306 307 314 322 324 330 334 340 341 351 354 357 364 367 370 379 382 385 393 396 399 400 404 411 414 417 421 425 428 433 435 440 442 448 449 455 458 459 474 481 482 488 492 496 497 501 505 509 513 516 518 524 527 531 533 540 542 548 551 554 557 560 561 565 569 571 573 575 581 583 586 588 589 592 597 600 604 605 608 616 620 622 626 630 637 640 642 644 645 648 651 656 658 665 669 671 675 679 680 685 686 691 695 701 702 708 710 712 713 714 718 719 726 735 737 742 743 745 746 752 757 759 
273 281 285 286 295 297 301 304 307 308 311 317 323 327 332 338 341 344 353 355 361 368 369 372 380 385 389 395 397 402 404 405 412 416 421 423 426 432 434 436 442 445 450 453 457 460 464 476 483 487 490 494 499 503 506 510 511 516 520 523 526 530 532 536 543 544 552 553 556 559 562 566 569 572 573 577 579 582 587 591 595 596 598 600 602 606 608 612 619 623 624 630 634 639 643 644 647 651 652 653 658 659 666 672 674 677 683 685 689 691 695 698 702 705 711 714 715 718 721 722 723 730 736 739 743 745 747 751 753 758 762 
275 285 286 288 299 300 304 307 308 309 313 320 324 328 334 340 343 345 357 360 364 370 372 374 381 386 393 398 399 403 406 409 414 419 422 425 430 434 438 440 446 447 453 454 458 462 465 477 486 488 491 497 502 506 507 513 515 520 521 527 528 534 538 542 546 547 553 555 557 563 564 567 570 576 577 578 580 584 591 594 599 600 603 604 606 608 610 613 622 627 628 634 636 643 645 646 649 652 653 656 660 663 669 674 676 678 687 688 690 693 699 703 707 711 713 715 716 720 725 729 730 732 738 742 746 748 749 754 755 762 765 
278 288 290 291 301 302 307 311 313 314 317 323 326 331 337 342 344 346 361 365 368 374 376 378 384 390 395 402 404 407 411 415 418 423 424 428 433 437 441 442 448 452 455 458 462 466 467 478 489 493 496 501 504 508 510 515 518 521 525 530 534 537 539 543 549 553 556 558 562 566 568 571 574 577 579 581 582 585 595 596 600 604 605 609 610 611 615 619 624 630 632 635 639 645 649 650 651 655 656 660 661 667 671 678 682 685 690 692 695 696 702 706 710 712 717 719 721 722 727 730 733 737 740 745 749 752 755 759 760 764 766 
281 290 293 294 303 307 309 312 315 318 322 326 327 334 338 346 347 348 362 369 370 375 380 384 387 394 398 406 407 410 415 416 421 424 427 432 435 440 445 447 451 456 457 459 463 470 471 480 490 494 498 505 508 512 513 516 520 525 528 534 538 541 543 544 550 557 560 564 565 569 572 574 575 578 580 582 586 589 596 598 603 605 608 611 612 613 619 623 627 633 637 638 642 646 650 652 653 657 660 662 663 670 675 681 684 686 692 694 699 703 707 710 713 715 718 722 723 727 729 732 734 739 744 747 752 753 757 763 767 769 773 
282 294 298 301 305 311 312 315 318 319 325 329 330 337 339 348 352 353 365 370 373 376 382 385 388 396 401 409 413 416 418 419 423 425 429 436 438 444 446 450 454 460 462 464 466 473 476 482 491 497 501 506 510 515 518 519 522 528 532 538 539 543 546 548 553 558 562 568 570 574 577 578 579 580 581 584 590 593 600 602 606 610 614 618 620 624 625 629 632 636 639 641 646 649 653 654 658 660 661 663 665 672 678 684 687 691 693 698 700 705 709 712 716 720 723 724 727 728 731 734 738 740 746 750 753 756 759 764 769 773 775 
283 297 300 302 306 312 315 318 320 323 326 333 337 338 341 350 355 356 366 374 376 380 383 387 389 399 405 410 414 420 424 425 429 432 435 440 442 446 448 454 457 461 466 469 472 475 478 486 493 499 502 509 511 518 521 522 523 529 533 542 545 547 550 551 557 561 566 571 572 575 581 585 588 589 593 597 600 604 605 607 610 612 617 620 623 628 630 633 637 640 642 646 649 651 657 660 663 665 668 669 671 674 679 687 688 692 695 699 702 708 711 716 718 721 724 726 728 732 734 737 739 741 750 754 757 760 764 767 771 776 780 
286 300 303 304 309 313 319 323 325 328 329 334 340 343 347 353 356 358 367 376 379 382 384 390 394 402 407 411 416 423 428 432 436 438 442 443 445 448 451 456 460 464 469 470 475 476 480 489 497 500 504 513 516 520 522 525 529 532 536 543 548 549 553 557 559 564 570 573 576 580 585 589 592 593 594 600 604 608 612 613 614 617 620 624 628 630 631 635 641 644 647 650 654 657 659 664 665 667 670 674 675 677 683 689 693 697 701 704 706 709 715 718 720 723 725 730 733 735 736 738 743 745 753 758 761 764 768 769 774 779 783 
289 304 308 310 312 314 322 325 329 332 335 337 343 347 349 355 358 359 370 377 381 385 387 392 395 406 411 413 420 425 430 435 439 443 447 450 453 457 459 463 466 469 473 476 480 481 482 493 500 502 505 515 520 522 526 530 533 536 538 547 549 552 556 561 565 566 571 574 578 583 586 593 596 600 603 606 608 612 614 617 619 620 621 626 630 631 635 638 645 648 649 654 655 658 663 666 669 672 676 677 678 680 684 693 694 701 703 707 709 713 719 723 727 728 732 736 739 742 743 744 747 749 755 759 762 765 770 772 775 780 787 
290 308 311 315 317 318 325 327 332 335 337 338 346 348 352 357 361 364 372 378 383 388 390 394 398 410 413 416 422 429 434 437 442 447 451 453 456 458 461 464 468 473 476 479 484 488 490 494 502 504 509 517 522 523 529 531 534 539 542 550 554 557 560 565 566 568 573 575 580 586 588 594 600 604 608 610 614 618 621 624 628 630 633 636 640 641 645 648 651 653 654 657 660 663 664 668 670 674 679 680 684 687 690 697 699 703 705 708 711 716 720 725 728 731 733 739 743 747 751 752 753 755 758 760 764 767 772 774 779 783 790 
294 311 313 316 318 321 326 330 334 336 341 342 349 352 355 361 364 367 376 379 386 391 393 397 400 414 416 417 423 431 435 438 445 449 454 457 458 459 462 467 470 475 478 483 485 489 493 498 506 509 513 518 523 526 532 536 538 541 543 551 557 559 564 568 570 572 576 580 582 589 592 598 602 606 610 611 616 622 626 627 631 634 635 639 641 644 646 650 654 658 661 665 668 671 675 679 681 684 686 689 690 692 694 701 704 708 710 713 714 717 722 729 730 733 735 742 747 749 754 758 759 760 762 764 767 771 773 775 783 786 794 
297 313 316 319 320 322 328 331 335 339 345 349 351 354 356 363 367 368 377 383 389 393 395 398 401 416 418 422 424 435 436 442 447 452 456 460 461 463 464 468 473 477 480 486 488 492 495 499 510 514 515 519 526 530 533 539 542 546 547 552 560 562 568 571 573 576 578 582 583 590 595 601 603 609 612 615 617 623 629 632 633 635 636 641 644 648 652 655 657 660 663 667 672 674 677 680 683 688 692 695 696 700 703 705 706 712 715 716 720 722 724 731 735 738 742 746 751 752 757 759 763 766 768 771 774 777 781 782 785 789 798 
300 314 318 322 326 327 330 332 338 342 349 353 355 358 361 365 371 373 380 385 390 395 398 400 403 417 421 425 427 437 439 446 450 453 460 464 467 468 472 476 480 482 484 488 491 495 497 502 514 516 518 521 527 534 535 543 546 549 553 556 562 564 571 574 578 580 581 584 588 591 599 605 608 612 616 617 619 625 633 635 637 638 640 644 645 652 654 657 660 663 665 670 676 680 683 685 686 690 694 696 698 701 707 708 710 714 717 719 724 725 726 733 737 740 744 750 752 756 761 764 767 768 769 772 777 779 783 787 788 790 799 
302 315 320 325 327 331 334 335 340 345 353 357 361 364 365 369 373 374 381 389 392 399 402 403 404 420 423 428 429 438 442 449 451 454 462 466 471 474 475 478 481 486 487 490 494 497 501 503 517 521 525 528 530 536 537 544 549 552 555 560 564 568 572 578 582 586 587 589 592 595 600 606 609 613 618 622 626 628 636 639 640 641 644 647 649 653 656 659 663 665 669 673 678 681 687 688 691 693 698 700 704 707 709 710 714 718 720 724 726 727 730 734 740 744 745 752 755 759 763 768 769 773 777 779 781 782 786 789 793 796 801 
305 319 321 329 331 334 336 339 342 346 357 361 362 365 367 371 374 377 385 392 393 401 406 407 411 423 426 429 432 442 445 452 455 457 465 467 475 478 479 480 482 490 492 493 497 498 504 508 518 522 527 532 534 540 541 545 551 555 556 561 567 569 576 580 583 589 591 593 594 597 604 608 611 614 620 624 629 633 637 643 644 645 647 649 650 657 661 664 666 667 673 676 681 684 691 694 695 696 700 702 706 711 713 714 717 722 723 728 729 733 734 737 741 747 748 753 757 761 764 769 773 774 779 783 787 789 790 792 797 801 802 
309 322 325 331 334 338 340 344 348 349 358 362 364 367 368 373 375 380 389 394 396 404 407 410 413 425 429 430 435 443 446 456 457 461 466 470 476 479 483 485 488 493 496 497 499 502 507 511 521 525 529 535 538 541 542 547 554 559 560 565 570 574 579 581 585 592 594 598 600 604 607 610 615 616 623 626 632 637 640 647 650 652 655 656 658 661 663 668 669 670 676 678 685 689 693 698 699 703 705 706 709 715 718 722 723 726 730 731 733 736 740 742 744 751 753 755 761 765 768 772 777 778 781 784 789 790 794 798 800 805 808 
310 326 328 333 337 341 342 346 350 351 360 363 367 368 370 377 379 382 391 395 399 406 409 414 415 428 431 432 437 445 449 457 461 462 470 473 478 481 484 487 491 495 499 502 503 506 509 514 525 529 531 537 540 544 548 549 555 561 564 567 572 578 581 585 587 596 598 601 602 606 611 613 617 620 625 629 633 638 641 648 652 656 657 660 661 662 666 671 672 673 680 683 688 691 696 702 705 707 710 714 715 716 719 725 729 733 734 737 741 744 745 749 752 756 757 761 764 766 770 774 781 782 786 790 791 793 798 800 803 807 810 
311 327 329 335 339 344 345 347 352 354 362 365 371 374 378 379 381 384 392 399 402 407 412 418 421 431 435 437 441 446 450 459 464 466 472 475 481 483 485 488 494 497 502 503 505 507 511 516 527 533 536 540 544 546 550 553 556 563 567 568 573 581 585 587 590 599 602 604 605 607 615 618 619 623 628 633 635 640 642 649 655 657 661 662 665 666 670 672 673 675 682 684 690 692 700 704 706 711 714 718 719 721 723 729 733 735 736 738 744 745 747 753 755 760 764 766 768 771 774 776 783 784 790 791 795 799 802 805 808 809 814 
314 331 334 337 343 345 349 353 355 356 365 369 375 379 381 383 385 388 395 403 407 411 414 421 425 433 436 441 443 448 452 463 467 468 474 479 484 485 488 490 496 501 504 508 509 510 514 518 528 537 541 543 545 550 551 557 559 565 571 573 575 585 587 590 594 600 606 607 611 612 616 621 625 628 632 635 639 644 647 651 657 659 665 667 669 670 674 677 678 681 685 687 692 695 703 708 709 712 717 721 723 725 726 732 737 741 745 749 752 755 756 759 763 765 767 769 773 775 777 779 787 788 793 795 799 802 805 806 809 810 816 
318 332 338 340 346 347 351 355 357 361 369 373 379 382 386 388 392 393 396 407 410 412 415 422 426 435 437 443 446 450 455 467 469 473 475 480 487 488 490 492 498 505 507 510 512 514 515 521 531 539 545 546 548 552 553 561 564 567 572 576 578 587 588 591 596 603 608 609 614 617 618 623 626 632 636 640 643 648 650 654 658 660 667 671 672 675 679 680 683 686 688 691 696 699 705 712 714 718 719 723 725 729 731 736 738 744 747 753 756 758 760 762 765 768 772 774 777 778 782 784 791 792 795 796 803 807 810 812 816 820 821 
322 333 342 343 350 353 355 356 360 363 372 377 382 386 389 390 395 397 400 411 413 417 419 425 429 437 440 444 447 451 456 468 471 475 477 484 489 491 495 499 501 509 510 513 517 518 521 523 533 541 548 551 552 555 557 562 568 570 576 580 581 591 594 596 599 604 609 613 617 619 623 627 631 633 638 644 647 652 654 657 660 662 671 674 675 676 682 683 685 687 692 696 700 703 707 716 720 722 723 724 729 733 734 737 740 745 750 757 761 763 764 768 771 774 777 781 783 786 790 791 794 796 798 801 804 808 811 815 818 822 823 
326 337 346 348 354 355 357 358 364 367 375 380 383 390 392 394 398 399 401 415 419 422 424 429 433 439 442 447 448 452 459 472 474 477 480 488 490 495 497 500 502 511 512 516 518 522 523 526 536 544 550 555 556 558 559 564 570 574 578 582 585 593 597 600 601 608 613 614 619 622 624 629 635 638 641 647 651 656 660 663 666 667 672 678 681 685 686 690 694 697 701 704 706 708 709 720 723 727 729 733 736 738 742 744 745 746 753 761 762 767 771 775 778 779 780 782 785 789 791 792 798 802 805 806 807 811 815 819 823 826 830 
329 341 348 349 358 362 364 367 371 372 377 382 386 391 395 399 403 406 409 416 421 423 425 432 437 443 447 449 451 453 461 474 476 480 483 490 493 496 501 504 507 514 515 518 522 526 529 532 540 548 551 556 558 559 562 568 572 575 581 585 586 596 598 601 603 610 616 618 622 624 625 630 638 640 644 648 655 660 664 667 668 672 675 680 684 689 693 695 699 700 704 705 709 713 715 723 726 729 732 736 738 740 744 745 749 752 754 765 767 770 775 779 781 783 785 789 791 792 795 797 801 806 810 814 815 819 820 821 826 828 833 
333 345 352 353 362 364 367 371 372 373 378 383 387 393 398 402 406 408 411 418 422 426 430 433 440 444 449 450 452 457 465 478 481 485 489 491 496 499 503 506 511 517 519 522 524 529 530 533 544 550 555 560 564 567 569 573 575 577 583 589 591 600 604 606 607 611 617 622 626 629 632 634 640 643 647 650 656 661 666 668 671 673 676 681 685 691 697 700 702 703 705 709 713 717 721 724 728 732 733 738 740 744 746 750 751 753 756 768 772 776 779 782 783 784 787 793 794 798 802 803 805 807 811 818 820 823 824 826 829 832 835 
335 349 356 360 364 367 368 374 375 379 383 386 391 394 402 406 407 409 414 422 426 430 433 436 444 446 453 456 460 463 468 481 482 488 490 493 497 502 504 508 514 518 521 525 529 532 533 535 548 554 558 561 567 570 573 577 578 579 585 593 595 603 606 610 612 614 621 623 630 632 636 638 643 645 649 653 658 665 669 670 672 676 679 684 689 695 698 704 708 710 712 714 716 719 722 728 729 733 736 741 742 747 751 754 758 761 762 772 773 780 782 786 790 793 794 798 802 805 809 810 813 815 817 820 823 827 828 830 834 836 840 
339 351 357 364 367 371 375 376 377 381 384 387 392 395 405 407 411 412 418 425 429 434 437 441 448 451 454 458 463 467 472 484 485 491 492 495 498 505 506 509 516 522 523 529 533 535 538 541 552 555 562 563 570 571 577 579 582 583 587 597 598 607 610 612 615 616 622 625 633 636 639 642 644 649 651 655 660 668 672 673 676 680 682 685 693 698 699 708 710 711 715 718 722 724 728 732 734 738 740 743 746 750 753 756 762 765 766 775 778 783 786 789 794 797 801 804 808 812 814 817 818 821 825 829 832 836 840 842 844 845 849 
340 355 360 368 369 372 379 382 383 387 390 392 395 399 407 408 414 416 420 426 432 437 441 445 450 452 457 459 465 468 475 488 489 494 496 497 501 509 512 515 519 526 527 532 534 536 540 544 554 557 565 568 574 577 581 584 585 587 591 599 603 610 612 616 619 622 624 626 636 637 642 646 650 654 655 659 662 669 676 678 679 682 684 688 694 699 702 710 711 712 718 720 724 725 729 733 738 742 746 750 753 754 755 758 765 767 771 778 779 785 790 793 795 800 803 807 809 813 818 819 822 826 828 833 834 839 841 843 846 850 853 
344 356 364 371 373 374 382 383 386 391 393 396 399 400 408 412 418 420 423 430 436 439 442 446 451 455 459 463 467 470 476 489 490 495 500 503 504 512 513 519 520 529 531 535 539 541 544 548 556 561 568 572 575 579 584 588 591 592 595 602 607 614 615 620 624 626 629 632 640 643 644 648 653 656 659 662 663 673 677 681 684 686 689 693 697 702 704 714 717 720 721 724 725 729 731 735 740 743 747 751 755 756 758 760 769 771 772 782 785 788 791 794 797 803 807 809 811 814 819 822 826 827 829 836 837 843 847 848 849 852 856 
345 360 367 373 377 378 386 387 391 394 397 399 402 403 409 416 420 422 424 431 440 444 448 450 455 456 460 467 468 471 477 493 497 501 504 506 508 516 520 524 525 533 536 538 542 546 547 551 560 565 569 576 580 582 587 591 592 596 597 603 609 616 619 624 628 631 632 636 643 645 646 650 655 659 661 664 668 675 681 683 686 690 691 697 699 705 707 718 721 722 724 728 729 730 734 736 742 745 751 755 756 757 760 761 772 776 777 785 787 790 792 796 800 805 811 812 814 818 822 824 828 831 835 839 843 847 849 852 854 856 859 
347 363 370 376 379 381 388 392 395 396 399 403 404 405 410 420 422 426 427 432 444 447 450 452 457 460 463 471 473 477 479 494 499 504 506 508 510 520 521 527 530 536 538 542 546 547 549 555 562 566 572 579 583 587 590 593 594 597 600 604 612 620 624 628 630 632 633 639 644 646 648 654 659 660 662 668 672 677 685 686 689 694 697 698 701 709 713 720 724 725 728 729 731 734 738 742 744 746 752 756 759 761 764 767 776 779 781 788 789 794 796 800 802 808 815 819 823 826 830 832 835 837 838 841 845 848 851 854 858 861 864 
351 366 372 378 382 385 391 394 397 399 401 404 408 410 411 422 423 429 431 435 446 448 451 453 459 463 466 474 478 482 485 495 502 507 509 511 514 523 524 531 535 538 539 546 548 552 556 560 566 568 574 581 584 591 594 598 602 604 608 610 616 622 628 632 635 638 642 645 648 652 656 657 660 664 667 670 675 678 687 691 695 698 701 704 707 710 714 721 728 729 732 736 739 742 743 746 750 753 754 759 760 762 768 770 777 782 783 789 791 798 802 806 810 812 818 823 824 830 832 835 836 839 842 843 849 852 855 858 860 862 868 
352 368 376 382 386 387 394 397 401 405 406 410 413 415 416 424 427 432 433 438 449 453 456 459 462 466 468 477 479 484 486 498 506 509 511 513 515 526 528 534 539 542 543 548 552 556 557 561 567 570 578 584 588 595 597 600 605 606 611 614 619 624 632 634 637 640 646 647 651 653 657 661 662 668 669 671 676 679 690 692 697 700 702 706 708 712 718 722 732 736 740 742 744 746 749 750 754 756 760 762 764 767 770 774 781 785 788 791 792 800 804 807 814 818 821 827 830 831 836 839 843 847 848 852 856 860 862 864 868 869 871 
355 372 380 386 389 391 396 400 405 407 408 412 415 416 419 428 431 433 434 441 453 456 458 460 466 470 473 478 480 488 492 501 508 510 515 519 522 527 529 537 541 543 546 549 555 560 562 563 570 572 580 588 592 596 601 604 609 611 614 615 623 627 635 636 638 642 647 648 654 655 661 664 666 670 672 673 680 683 694 696 700 702 703 709 711 713 719 723 734 737 741 745 749 752 756 758 759 763 767 770 771 774 778 781 784 789 793 796 799 801 807 809 817 820 823 831 832 836 838 841 846 849 852 855 858 863 866 869 872 875 876 
357 373 384 388 391 394 399 401 409 411 413 417 419 421 422 429 434 438 441 443 454 458 460 462 467 473 475 481 482 489 494 504 512 515 517 523 526 529 533 539 544 545 547 550 557 561 565 569 574 578 581 590 595 600 603 605 611 613 618 619 625 629 639 643 647 648 649 650 655 659 664 665 668 672 674 678 681 687 698 700 703 704 705 712 715 718 722 726 737 738 744 747 752 755 757 762 766 767 771 774 776 780 784 788 791 793 795 799 801 802 809 810 819 821 826 834 837 839 841 844 847 852 856 858 860 865 869 873 877 878 882 
358 377 388 389 392 398 401 404 411 413 414 419 422 423 425 431 438 441 445 447 458 462 463 464 471 477 478 485 489 491 496 508 514 516 521 524 529 533 535 542 548 549 551 553 561 565 567 572 575 582 583 591 598 601 606 609 612 617 622 623 627 631 640 646 650 651 653 654 658 660 667 670 671 676 680 682 685 691 699 703 706 709 711 713 718 722 723 729 738 740 748 751 754 756 761 763 770 773 777 780 784 785 787 792 795 796 797 801 805 808 813 817 821 824 827 837 841 844 847 848 849 856 859 863 865 868 870 877 878 881 883 
362 378 389 391 393 399 405 407 414 416 419 420 423 427 429 434 442 446 449 450 461 463 467 468 473 478 479 486 490 493 499 510 518 521 524 528 530 535 537 543 552 556 560 564 567 571 575 579 580 584 588 592 602 604 609 612 613 621 623 624 631 633 642 649 652 654 658 661 663 667 669 673 674 678 681 685 688 693 701 707 708 711 713 714 719 724 725 733 741 745 751 752 755 760 765 766 772 774 781 782 787 789 790 794 796 800 804 807 810 811 815 818 823 826 831 841 843 845 850 854 858 862 866 870 873 874 878 881 885 887 888 
366 380 393 395 397 401 406 408 415 420 424 426 427 428 430 436 443 449 453 456 464 465 469 471 474 479 481 489 493 494 502 512 519 525 528 529 532 539 541 546 554 560 563 567 570 573 577 582 583 585 590 595 604 608 610 616 617 623 625 627 634 638 643 652 656 658 660 663 664 671 674 677 680 682 685 689 691 696 704 708 709 714 717 718 720 726 728 735 745 749 752 756 760 764 767 770 773 775 783 784 790 791 795 798 799 801 805 809 811 813 818 819 827 831 835 843 844 848 854 855 861 865 867 872 876 880 884 885 887 890 894 
368 381 394 397 401 405 408 412 419 424 425 428 431 432 434 438 445 451 454 460 466 469 473 476 478 480 484 490 496 499 505 515 521 529 530 532 535 541 542 550 556 563 567 569 574 578 579 584 586 588 593 597 606 609 612 618 619 627 631 633 638 641 644 653 660 664 666 667 671 672 677 680 682 684 689 693 695 700 705 709 711 717 720 722 724 729 732 737 748 750 754 757 762 768 772 774 775 776 786 789 794 795 799 803 804 806 809 813 814 815 820 821 831 834 838 846 850 852 857 859 862 868 871 875 877 882 885 888 890 894 896 
