4 7 10 14 16 20 23 27 29 31 34 36 40 42 46 47 50 52 56 59 61 65 69 72 75 77 79 81 84 88 90 94 96 97 99 103 106 110 112 113 117 119 123 124 128 130 133 134 136 139 143 146 150 151 154 158 159 160 164 166 168 171 
5 11 14 18 22 25 26 30 34 37 39 43 44 48 50 52 55 56 60 62 65 67 71 75 79 80 84 88 91 92 95 99 101 103 107 109 110 113 116 120 124 125 129 130 132 136 140 144 148 150 154 157 161 162 164 165 167 169 173 176 180 183 
7 14 17 22 23 26 30 34 37 39 42 45 47 50 53 57 61 64 68 71 74 75 76 77 82 85 89 93 96 98 100 102 105 108 110 114 116 120 123 124 128 129 132 136 139 141 143 146 151 155 157 160 162 163 166 169 172 175 179 182 183 187 
10 16 21 25 28 29 31 36 40 43 47 50 51 52 57 58 65 66 69 75 78 82 83 85 88 89 92 96 99 100 102 103 106 111 115 119 120 123 126 130 134 135 137 141 145 149 152 153 156 157 161 163 166 168 171 173 176 180 182 185 186 188 
11 17 25 29 32 35 39 40 44 46 50 54 57 60 64 65 69 70 73 79 82 83 87 89 92 93 95 97 101 104 108 111 114 115 116 122 123 126 129 132 138 141 143 145 149 153 154 155 157 159 164 165 168 170 173 177 178 184 186 190 194 196 
13 19 29 31 34 37 42 46 48 52 54 55 60 64 65 67 70 74 75 83 86 90 92 93 97 100 102 104 108 109 113 114 116 117 121 123 124 128 131 134 140 142 146 148 150 154 157 159 161 164 167 171 175 177 181 185 186 190 191 192 196 200 
17 20 32 33 36 38 44 47 50 54 58 61 62 65 67 71 73 76 80 85 89 93 97 100 102 103 104 107 111 114 115 119 120 123 127 128 131 135 139 143 146 150 151 154 157 158 162 166 170 173 176 179 183 185 186 189 193 194 197 201 202 204 
19 22 36 39 41 44 45 48 54 57 59 65 68 70 71 73 76 78 83 89 92 95 100 104 105 107 110 111 113 116 117 121 124 125 129 133 137 140 142 146 147 153 154 158 159 162 163 169 171 175 178 183 187 191 194 197 200 201 203 204 208 209 
22 23 39 40 45 47 49 53 57 59 60 69 70 73 75 76 77 81 87 93 94 96 102 106 109 110 112 116 117 118 121 122 126 127 132 134 138 141 146 147 149 156 157 161 162 165 168 170 172 179 180 185 190 193 196 198 204 207 209 210 211 213 
23 24 43 44 47 50 54 55 60 63 64 71 72 76 77 80 83 86 90 94 97 101 104 109 113 117 119 123 124 128 131 134 137 139 140 143 144 146 148 152 154 159 160 165 167 170 173 177 180 184 187 188 193 194 198 199 207 209 213 216 217 218 
26 28 45 46 51 55 57 58 62 64 68 75 78 82 86 87 89 93 95 98 102 104 106 110 116 119 122 124 126 131 132 137 141 143 147 148 150 154 156 160 161 162 164 169 171 174 177 179 181 188 192 193 197 199 202 203 211 212 215 218 220 221 
27 32 49 51 55 57 60 63 66 68 69 79 81 83 88 92 93 96 99 102 106 107 108 114 118 120 125 128 131 132 134 140 142 147 149 151 154 155 160 163 166 170 171 172 176 178 179 180 183 190 193 196 198 201 203 205 215 217 219 220 222 225 
29 35 53 54 59 60 61 65 69 73 77 81 82 87 90 94 98 101 103 104 109 111 115 116 122 125 126 130 135 136 140 144 147 151 154 157 160 162 163 165 170 171 175 177 178 180 184 187 189 194 196 198 199 205 209 213 216 218 221 224 225 226 
31 37 54 58 62 66 70 71 74 76 78 85 88 91 92 97 102 105 106 110 111 113 116 117 123 127 129 131 136 138 144 148 152 153 156 158 164 167 171 172 173 176 178 180 184 188 189 192 194 195 200 202 203 207 210 216 218 221 222 225 227 229 
32 40 57 61 66 69 74 75 77 78 79 89 93 97 98 101 106 108 111 113 116 120 122 123 125 129 130 133 138 139 148 149 154 158 159 160 165 168 172 175 177 178 181 182 188 192 196 197 200 202 204 206 210 214 216 219 221 222 224 226 229 232 
36 42 61 64 68 70 78 82 84 87 90 93 96 98 102 106 110 113 117 121 125 128 129 131 133 135 136 139 142 143 151 152 156 161 162 166 167 169 173 177 179 180 183 187 189 194 198 202 204 208 212 216 217 220 223 225 227 231 235 237 240 243 
40 44 65 69 72 75 79 86 90 94 95 98 101 102 106 108 112 117 118 124 126 131 132 133 134 138 142 145 147 151 152 155 158 162 164 169 173 175 177 180 182 184 187 189 190 195 200 204 208 210 213 219 223 225 228 231 232 236 237 241 245 249 
43 47 69 70 73 76 83 88 92 95 99 102 106 109 112 113 117 119 122 126 128 133 134 138 139 143 145 148 149 155 157 159 160 164 166 173 177 181 185 188 191 192 194 198 200 202 206 207 210 214 215 220 227 229 231 235 237 239 241 243 246 250 
45 50 72 73 75 79 85 90 96 97 100 104 108 110 114 115 119 120 126 128 132 134 138 141 145 149 151 153 156 158 161 164 165 167 168 174 180 185 186 189 193 194 197 199 204 206 210 212 213 216 217 223 228 231 234 239 240 241 242 246 249 252 
49 51 75 79 83 87 88 93 98 99 104 107 109 111 118 119 120 124 128 130 134 137 139 143 148 151 152 155 158 160 163 166 167 168 169 175 182 187 189 192 196 200 204 207 211 213 217 219 223 226 230 233 237 239 240 244 246 249 253 255 256 260 
50 52 76 83 87 90 92 95 100 101 105 110 113 116 119 122 125 127 131 135 138 140 144 147 149 153 157 160 164 168 171 172 173 174 178 179 184 189 193 195 200 204 207 210 212 215 219 221 226 230 234 235 240 242 246 249 252 254 256 257 258 262 
53 55 78 87 89 91 96 100 102 103 106 113 115 120 122 126 129 131 135 139 143 146 147 151 152 154 159 161 166 171 172 174 175 178 181 183 188 190 197 198 204 206 210 213 216 219 222 226 230 231 235 239 242 246 248 252 256 259 261 262 264 265 
56 58 80 90 94 97 100 104 108 110 111 117 121 123 125 127 130 135 136 141 146 148 152 154 156 158 160 164 167 174 178 182 184 188 189 191 193 197 201 203 207 210 214 215 217 221 223 230 233 237 239 241 243 247 251 253 258 262 264 265 266 267 
59 60 81 94 96 98 104 106 110 114 115 121 124 128 131 135 138 141 145 148 150 151 154 158 160 162 165 167 169 175 182 183 186 189 192 196 197 200 205 207 211 214 218 221 223 225 227 234 237 240 244 246 250 251 252 255 259 266 269 272 274 275 
61 64 85 96 97 99 108 109 112 116 119 125 129 132 134 136 141 143 146 152 156 158 160 162 165 168 171 174 176 179 185 189 193 194 196 197 201 205 208 210 213 218 220 222 225 229 233 237 238 243 248 249 254 256 259 262 266 269 272 276 278 282 
63 66 87 98 102 105 109 113 117 121 125 126 131 135 137 141 143 146 147 156 157 160 164 165 167 169 175 177 180 183 187 191 196 200 203 205 206 210 211 212 217 222 223 225 229 232 235 239 241 245 250 254 256 259 261 264 269 270 275 279 281 285 
67 69 88 102 105 107 112 114 121 122 129 131 135 137 139 144 146 149 151 159 161 165 166 170 174 175 179 182 185 188 189 194 199 204 205 206 210 212 216 219 220 224 227 230 231 234 236 240 242 247 253 258 260 262 264 266 273 276 278 282 283 286 
69 71 92 104 108 110 116 118 125 129 133 134 139 143 145 148 149 151 153 162 166 169 173 174 175 176 183 186 187 189 190 196 202 205 206 207 213 216 219 221 222 227 230 234 238 241 243 247 249 252 256 259 261 265 267 271 275 278 280 283 284 288 
70 75 95 108 110 114 119 120 127 133 134 136 142 145 147 150 154 155 158 163 168 172 176 180 182 183 184 189 191 193 194 200 204 209 212 213 214 219 222 225 227 228 231 236 241 242 245 248 250 254 258 263 267 268 269 275 279 283 284 286 287 290 
72 77 97 111 115 118 122 125 130 135 136 138 144 146 149 154 158 159 161 165 171 175 179 183 185 187 191 192 194 196 200 204 206 212 213 215 216 223 224 227 231 235 237 240 245 246 250 252 256 257 259 264 269 273 274 277 282 286 290 292 296 300 
76 81 101 112 116 122 125 129 132 139 143 145 149 153 154 155 159 161 164 167 172 179 181 187 190 191 194 195 198 200 204 207 210 216 217 220 223 224 228 231 233 238 242 243 249 252 255 256 259 260 263 266 273 275 278 279 286 289 293 297 298 304 
78 83 105 114 119 125 127 131 134 143 145 149 151 154 158 162 165 169 170 172 173 181 184 190 194 196 198 200 201 202 206 208 213 217 219 222 224 227 232 235 237 241 243 245 250 255 258 261 265 268 269 272 277 279 281 282 290 292 297 301 302 308 
79 84 107 116 121 128 132 134 137 145 148 150 153 155 161 166 170 171 175 177 179 183 186 191 197 199 202 204 205 206 207 210 214 218 220 226 230 231 234 236 240 242 246 247 254 257 261 265 269 272 276 278 281 282 284 288 294 297 301 302 306 309 
82 88 109 117 123 132 136 137 138 148 149 153 157 159 164 167 174 175 178 181 185 186 187 195 199 202 204 207 209 212 216 218 219 221 223 228 232 234 237 241 243 244 249 250 256 260 262 268 270 274 277 279 284 286 287 289 296 301 302 303 308 311 
84 89 110 118 127 134 140 141 145 151 155 156 160 162 167 171 177 179 181 185 186 188 190 196 202 206 210 211 213 215 219 221 225 229 230 233 237 241 244 245 248 249 250 251 258 263 264 270 273 276 279 280 287 291 293 294 300 305 306 307 309 314 
85 93 114 121 129 138 144 148 152 153 158 160 162 165 171 172 178 182 186 187 189 193 194 197 206 207 211 213 214 218 221 224 226 233 236 237 241 244 248 252 256 260 264 268 271 275 278 281 283 287 291 293 296 297 301 302 303 307 308 309 310 318 
86 97 115 122 130 140 147 150 155 158 161 162 164 166 172 175 181 185 188 190 192 194 195 200 209 211 215 216 219 221 225 228 230 235 240 243 247 250 253 254 257 262 267 271 275 279 283 284 287 289 295 298 302 305 307 309 313 317 319 322 324 327 
88 101 117 123 134 141 150 153 156 161 163 165 169 172 175 179 185 186 190 191 194 195 198 202 213 216 217 218 220 223 227 231 235 236 241 244 248 254 258 260 263 267 270 275 278 281 284 285 291 292 298 301 306 308 311 315 316 319 320 326 330 333 
89 105 120 124 138 145 153 157 160 162 164 166 170 175 177 183 188 191 194 195 199 203 206 209 217 219 223 227 229 231 233 235 238 242 243 248 252 255 262 266 268 271 274 276 279 285 288 291 293 297 302 306 307 312 316 318 319 322 325 327 332 334 
93 109 123 125 140 148 157 160 161 163 165 169 171 178 179 186 189 194 198 202 204 208 209 210 219 220 224 229 233 237 239 240 242 246 248 251 254 258 264 267 272 274 275 279 283 289 292 296 298 300 305 310 312 314 320 322 323 324 329 333 334 336 
94 111 125 126 143 149 159 164 165 169 172 175 178 181 183 190 194 198 199 205 207 211 214 216 222 224 225 231 235 241 244 248 251 252 254 258 259 263 268 271 273 276 277 280 284 292 295 300 302 305 309 314 315 316 321 324 325 327 330 335 336 337 
95 114 127 128 145 151 162 168 171 174 176 180 182 186 187 194 197 199 201 207 209 212 215 220 224 225 228 232 238 242 245 249 255 257 259 262 264 268 270 274 277 280 284 286 287 293 298 303 304 306 313 317 318 321 324 326 329 330 333 336 340 344 
97 116 130 133 148 155 164 170 175 178 179 182 183 187 190 197 200 203 206 210 213 217 221 222 227 229 231 234 242 246 250 251 257 259 261 266 269 272 275 277 280 282 285 290 294 296 301 305 309 311 314 319 323 326 330 334 335 336 340 342 345 349 
99 118 131 134 152 159 168 172 176 179 183 184 187 191 193 198 203 204 207 214 218 221 225 226 231 234 237 239 243 250 251 253 259 260 262 269 273 277 278 279 283 287 291 293 296 300 304 306 311 313 318 320 324 328 331 337 338 341 342 346 350 351 
100 120 135 136 156 162 169 174 178 181 186 189 193 195 199 203 205 209 212 218 220 222 228 230 235 236 241 245 246 254 257 258 260 261 264 273 276 281 283 286 287 288 292 294 299 302 305 308 314 316 321 325 329 331 333 338 340 343 346 348 353 356 
104 123 136 138 158 164 172 175 179 184 189 192 197 199 201 205 207 210 215 220 223 225 232 235 236 239 243 247 248 257 258 262 263 265 267 274 278 282 285 289 291 295 299 303 306 308 310 313 317 321 325 327 331 335 337 339 343 344 348 352 354 357 
105 126 138 141 162 167 176 179 183 185 192 196 200 203 204 206 208 212 217 224 227 230 233 238 239 243 244 248 251 261 264 267 270 273 275 276 282 286 287 290 295 298 302 307 309 310 311 316 318 324 329 330 333 338 340 341 344 346 350 355 359 362 
107 127 139 143 166 170 177 183 187 190 196 198 201 204 206 209 212 215 220 228 231 232 236 240 241 246 250 254 257 264 267 269 271 277 280 283 287 289 291 293 296 300 303 310 313 315 316 319 322 328 330 332 334 341 345 349 351 355 356 359 361 366 
111 130 143 145 169 172 179 186 189 194 198 199 205 206 207 212 215 217 221 229 235 236 238 244 248 250 253 256 258 266 269 273 274 279 282 286 291 292 293 295 298 303 305 312 315 316 319 322 326 329 333 334 337 344 346 352 354 356 357 361 364 370 
113 132 145 147 170 176 181 190 194 196 202 205 209 213 214 217 221 224 226 233 238 240 241 248 249 254 257 259 262 269 272 277 280 281 283 288 295 297 298 300 304 308 311 314 319 320 323 327 330 332 334 335 340 346 348 356 359 363 366 370 374 376 
116 135 148 149 172 179 184 193 195 197 203 209 212 214 215 221 225 228 229 236 240 241 243 250 254 255 258 260 264 271 276 278 284 288 292 295 297 301 304 305 307 312 314 317 321 323 326 331 332 333 338 339 343 350 353 358 361 366 370 373 376 377 
117 138 149 150 174 180 185 196 199 201 206 210 215 218 222 224 226 230 231 237 241 243 247 253 255 258 259 263 267 274 278 279 287 291 294 296 299 302 307 308 312 313 317 318 322 325 328 335 339 343 344 348 349 353 355 361 362 368 372 375 378 379 
120 140 152 153 175 182 189 199 200 204 208 213 218 220 223 225 229 233 237 239 245 248 249 256 259 263 265 269 273 276 281 285 289 294 298 302 306 310 313 316 319 323 324 327 330 333 335 337 343 345 346 351 352 354 358 363 364 372 374 379 383 387 
121 142 153 155 178 186 191 200 204 208 209 217 220 221 227 231 235 238 242 244 248 249 253 260 262 264 267 270 277 280 283 289 290 295 301 306 307 313 314 318 321 327 329 332 334 337 339 340 345 349 350 355 358 361 365 366 370 376 378 381 384 391 
123 145 154 158 181 187 195 203 207 210 212 220 221 225 230 235 237 242 244 245 249 250 256 264 265 267 270 271 280 284 287 291 292 297 304 309 311 316 318 319 322 331 333 336 337 338 341 342 349 353 355 358 361 363 367 369 372 379 380 383 385 393 
127 149 155 160 185 189 199 206 210 214 216 222 223 228 233 237 239 245 248 250 254 258 259 266 269 271 273 276 282 286 291 294 298 301 308 311 312 317 322 324 328 335 337 341 345 347 350 352 355 357 359 362 363 365 370 372 374 381 384 387 388 394 
131 153 158 162 186 191 203 210 212 217 221 223 227 229 234 238 240 249 252 254 255 261 263 268 272 276 279 280 285 288 293 295 301 302 311 315 316 318 324 325 329 339 341 344 347 350 351 356 357 358 360 365 367 369 373 374 378 384 386 390 393 398 
132 155 159 163 190 193 206 214 218 219 223 224 228 231 237 241 244 250 254 255 259 265 267 270 275 279 280 282 286 289 295 296 305 309 315 319 323 326 330 333 334 342 343 345 349 354 355 359 361 362 364 366 371 372 374 378 381 387 389 394 395 402 
135 159 161 167 194 198 208 215 220 223 226 230 231 234 241 242 246 253 255 256 262 267 268 271 277 281 285 286 287 292 299 302 309 313 317 320 325 330 333 336 339 346 349 352 356 358 359 360 365 368 372 373 375 379 382 386 387 390 393 397 399 405 
139 160 162 168 197 199 212 217 223 225 228 233 237 241 242 245 250 256 257 258 265 271 272 276 279 284 287 290 291 294 302 303 310 316 320 323 327 332 336 339 343 348 350 353 358 359 361 365 366 369 374 377 378 383 387 389 390 391 395 399 402 408 
141 164 167 171 198 201 214 220 224 227 232 237 238 245 249 250 254 258 260 262 268 275 278 280 282 285 289 294 295 299 306 308 312 318 324 328 330 335 339 341 347 352 354 358 362 366 367 369 371 375 379 380 381 387 389 390 393 395 396 402 406 409 
145 166 170 174 202 206 218 223 228 229 235 241 243 248 250 253 257 262 266 270 273 277 280 283 286 290 292 297 300 301 307 309 313 320 327 332 334 337 343 344 349 355 359 360 365 368 369 371 372 379 380 382 384 391 392 393 395 399 401 403 410 411 
