4 5 8 11 15 19 21 23 25 28 29 33 37 41 43 47 49 52 56 59 63 65 67 68 72 75 77 81 85 87 90 91 93 97 99 103 107 111 115 119 122 125 126 127 130 132 133 136 139 143 145 149 150 153 155 156 157 158 159 160 163 164 167 168 172 174 175 178 181 183 184 187 188 189 191 194 195 198 202 206 207 209 212 214 218 219 221 224 227 228 231 234 235 239 240 244 248 250 252 255 256 259 261 265 267 268 272 275 277 279 280 282 284 288 290 291 293 295 299 301 302 303 305 307 308 311 313 315 318 321 324 327 330 332 333 337 341 
6 7 9 13 17 20 24 25 27 31 35 36 39 42 44 51 52 55 57 61 65 69 70 73 77 78 80 84 89 93 95 98 101 104 106 110 113 116 120 123 125 128 129 130 134 137 138 139 141 147 148 151 154 157 160 162 164 166 167 169 172 175 178 181 182 185 187 191 192 195 196 198 199 201 205 208 211 215 219 221 222 225 226 230 232 236 239 241 245 247 251 253 257 260 262 266 267 271 273 277 280 281 285 287 290 294 295 299 301 303 305 306 310 311 313 314 316 320 322 324 328 330 332 335 336 340 341 344 345 346 350 353 357 358 361 363 364 
8 12 15 17 19 21 26 29 32 34 39 43 45 47 48 53 55 57 60 65 69 73 74 77 81 82 85 88 92 97 98 101 104 106 110 114 116 118 121 124 128 131 134 135 138 139 140 142 145 150 154 155 158 161 162 166 168 172 174 175 179 183 186 187 189 191 192 196 199 200 202 203 205 208 211 215 216 219 223 226 228 232 233 236 238 241 245 247 248 250 254 256 261 262 266 268 271 272 274 280 282 286 287 288 292 298 300 304 308 310 311 314 316 319 322 324 328 332 336 340 343 345 347 349 352 353 357 359 360 362 363 366 369 371 374 376 380 
9 13 16 18 23 25 28 32 36 37 43 47 51 54 58 61 65 68 72 76 78 82 84 86 89 90 92 94 95 100 104 107 110 113 117 119 123 127 128 131 133 135 136 138 141 142 143 146 147 151 155 159 163 164 166 169 170 173 176 177 183 187 189 193 194 195 199 201 204 206 208 211 214 217 218 222 225 227 228 232 236 240 243 245 246 249 252 255 259 263 265 269 273 276 277 280 283 287 289 291 295 297 299 303 307 310 313 317 319 323 324 327 330 333 336 337 339 340 341 344 348 349 352 355 356 360 361 365 369 373 377 380 381 383 385 388 391 
13 15 17 22 25 28 30 34 39 40 45 50 55 56 61 62 66 70 76 77 80 83 85 90 91 94 95 98 101 102 105 108 111 117 120 122 126 128 132 135 138 139 141 145 146 147 148 150 151 152 157 163 166 167 169 173 177 179 183 185 189 192 194 198 199 201 203 205 206 208 209 214 218 222 224 228 230 231 235 238 239 243 246 249 252 255 257 260 264 266 270 274 277 278 282 286 290 294 296 299 302 305 307 308 309 312 315 318 322 326 329 331 332 334 337 341 342 345 348 349 351 355 358 361 364 366 369 371 373 375 379 383 386 389 391 392 395 
15 17 18 25 29 31 32 37 41 43 47 53 58 59 63 67 69 74 77 80 82 86 89 94 98 99 102 106 107 111 114 115 117 118 121 123 128 129 135 139 143 146 148 149 150 154 157 159 161 163 167 169 172 175 179 180 184 186 189 192 195 197 200 201 202 205 209 213 216 220 224 225 227 231 232 235 236 238 242 246 250 253 256 258 261 262 264 267 270 272 276 277 281 283 286 290 292 296 300 302 305 308 312 314 318 320 324 327 328 329 331 334 335 336 338 345 348 349 350 352 355 357 360 363 365 368 371 373 374 377 383 387 388 391 395 399 401 
16 20 23 28 33 35 38 39 44 48 49 57 59 63 64 69 70 75 80 83 84 89 92 95 99 102 104 110 111 112 118 122 126 129 133 135 136 138 139 143 144 149 152 153 157 161 164 166 170 172 176 179 182 184 188 191 195 199 200 201 203 204 208 211 213 217 220 222 224 227 228 232 236 240 242 245 247 251 252 254 258 259 260 264 267 270 271 274 275 277 279 281 283 286 290 294 295 297 302 304 308 309 314 316 321 325 328 329 330 332 335 337 340 341 342 348 352 356 360 363 364 366 368 371 373 377 381 382 384 387 389 391 395 396 398 401 402 
17 23 27 32 34 39 42 45 46 49 51 60 61 67 70 72 73 78 84 85 88 90 96 99 102 104 107 112 116 120 123 126 130 134 136 139 142 144 146 148 149 153 157 159 161 162 165 169 173 176 180 183 187 189 192 194 197 201 205 209 211 213 217 218 220 221 224 226 230 233 237 238 239 242 244 249 250 255 259 262 266 268 272 276 280 281 282 285 289 290 292 294 295 296 299 303 306 309 312 315 319 320 321 322 323 327 330 331 334 335 337 338 344 345 349 352 353 358 362 365 368 372 375 377 380 383 384 385 388 391 394 397 401 402 404 407 410 
19 27 28 34 36 43 44 47 49 51 52 61 62 70 72 75 77 81 86 90 91 92 98 100 104 108 111 114 120 123 124 128 134 135 140 141 143 147 150 152 154 155 160 161 162 166 168 170 174 180 183 185 189 190 193 195 198 204 209 212 213 217 220 222 223 225 226 227 231 234 238 241 244 248 252 256 257 258 261 263 267 270 274 280 281 282 286 287 293 295 299 302 303 306 308 311 312 314 317 321 323 325 327 331 335 339 341 344 347 350 354 358 359 360 363 366 368 372 374 377 381 383 386 389 391 393 395 396 398 401 402 405 408 412 416 419 422 
22 30 33 38 39 46 47 50 53 55 57 64 66 71 76 77 79 82 88 91 95 99 100 102 105 109 114 117 124 125 128 129 136 137 143 145 147 150 153 157 158 160 163 165 166 170 171 175 179 182 185 188 191 193 195 197 201 207 211 214 216 219 223 227 229 233 237 238 239 241 245 248 252 254 257 261 265 268 272 273 275 277 279 282 284 286 290 293 294 298 303 307 309 310 312 314 317 320 323 325 328 331 334 335 336 342 346 347 348 352 355 361 365 369 372 373 376 378 379 381 385 386 389 390 393 394 397 399 403 405 408 409 412 416 417 423 425 
25 31 37 42 45 48 51 55 58 60 64 65 67 73 80 81 83 86 90 94 99 100 103 105 109 112 117 120 126 128 130 131 139 142 145 149 151 152 157 161 164 167 168 170 172 173 177 179 183 187 190 193 197 201 204 205 207 211 213 217 220 224 227 229 230 234 239 241 242 244 249 251 254 256 258 264 269 273 276 278 282 285 289 293 295 296 300 304 308 312 313 315 318 322 326 327 329 332 333 337 341 345 349 351 355 356 358 360 363 364 367 371 372 373 377 381 382 385 387 390 391 392 396 400 403 407 411 413 416 417 418 421 424 427 430 431 432 
27 33 40 46 50 54 56 57 59 61 67 70 73 76 84 87 91 94 96 99 103 104 105 108 111 115 118 122 127 129 134 136 140 146 147 150 153 157 158 162 166 171 174 177 179 182 185 189 193 197 198 199 202 204 208 210 214 216 218 220 222 227 231 234 238 241 245 246 247 251 254 255 257 258 260 266 270 277 278 281 285 286 291 296 297 299 302 308 309 314 316 319 321 326 330 333 335 337 341 342 346 350 351 352 359 363 365 367 371 372 374 376 378 381 385 387 391 394 397 399 400 403 404 405 407 411 415 416 420 423 427 431 433 437 439 442 444 
28 34 42 50 52 55 57 61 64 65 70 72 75 80 88 91 95 97 99 101 104 108 110 113 114 118 122 125 131 135 137 139 143 147 149 154 156 158 161 166 167 173 176 179 182 186 187 190 197 199 202 203 207 209 213 217 220 223 226 229 231 233 234 235 242 243 246 248 250 255 257 261 263 264 267 270 274 280 284 288 289 293 296 299 303 307 308 309 310 315 319 320 324 328 331 335 336 339 345 348 350 354 357 361 365 368 369 372 374 377 380 383 386 389 392 396 397 398 400 404 408 409 413 417 421 424 425 428 429 432 434 438 439 440 442 446 450 
31 36 46 53 54 58 61 62 68 69 74 75 77 82 92 94 99 103 106 107 108 112 115 119 121 124 126 130 132 139 140 143 147 150 154 155 159 161 163 167 168 176 178 183 184 190 193 194 198 203 206 210 212 213 216 221 222 224 228 230 232 237 239 241 243 244 249 253 257 258 262 264 265 269 270 271 277 284 286 290 294 295 300 302 307 311 313 314 316 317 321 324 325 332 336 337 341 344 349 352 356 358 361 363 368 370 373 374 376 380 381 387 391 393 394 398 402 406 410 414 416 419 422 426 428 429 433 434 436 439 441 442 446 449 453 454 458 
34 38 49 55 57 59 63 66 69 70 77 80 84 88 95 97 103 106 109 110 113 115 119 121 125 126 127 134 137 142 143 145 150 153 156 157 161 165 167 171 175 178 179 186 189 191 197 201 202 205 209 214 215 216 220 222 225 228 229 232 235 239 240 244 246 250 252 254 258 261 264 266 269 273 277 278 282 288 291 295 297 299 303 304 309 312 314 318 322 325 327 331 333 334 340 344 348 352 355 359 361 365 369 373 375 377 378 382 386 387 388 392 395 399 403 405 409 411 412 417 420 423 427 429 433 436 440 442 446 450 452 455 458 462 463 466 467 
35 40 52 58 61 62 67 68 70 74 81 82 87 91 97 98 106 109 111 113 116 119 123 126 127 130 133 138 139 146 149 152 154 156 159 163 164 168 171 173 178 179 180 190 193 195 200 204 205 206 213 218 220 222 225 228 232 233 237 239 240 243 247 248 250 252 256 258 260 263 268 271 275 279 281 282 285 292 296 298 299 302 307 310 311 313 316 319 326 328 330 332 337 341 342 346 350 354 357 360 362 367 370 377 380 384 388 392 396 400 402 404 405 409 411 414 415 416 420 424 425 427 428 432 435 439 441 444 448 451 453 456 461 464 467 469 472 
37 43 55 60 64 67 69 70 72 78 84 87 91 93 98 102 108 112 113 116 118 123 125 129 131 134 138 139 143 148 151 153 156 158 163 164 166 170 175 178 180 181 182 194 195 199 201 207 208 211 214 219 224 226 229 233 235 238 240 243 244 248 252 253 257 260 263 265 268 269 272 275 279 282 286 289 291 295 300 303 306 308 311 313 317 320 324 328 330 333 334 335 340 345 349 353 355 356 359 362 364 369 374 380 382 387 389 393 399 401 403 405 409 410 415 416 419 421 422 425 426 429 433 434 436 440 442 448 451 455 458 461 464 468 469 471 475 
41 46 57 64 68 71 73 76 80 81 88 90 94 95 100 103 112 113 115 120 122 126 129 130 133 137 141 145 148 151 154 158 159 161 166 167 168 172 179 183 187 188 192 196 199 202 204 208 211 215 216 221 226 230 231 236 240 241 244 247 249 252 253 254 260 262 265 268 271 273 274 279 280 284 289 292 295 296 301 305 309 310 314 317 320 322 328 332 335 336 340 342 343 347 352 354 358 359 362 365 366 370 375 384 387 391 393 395 401 403 406 407 413 415 418 419 420 423 424 427 428 431 435 438 439 443 446 449 455 457 460 462 466 471 472 474 476 
42 48 61 65 70 74 75 77 84 86 89 93 96 99 102 107 113 114 119 124 126 129 130 132 134 140 145 147 152 155 158 161 164 166 168 171 174 175 180 187 190 193 196 199 202 204 205 209 213 216 219 223 230 231 234 238 244 246 250 253 256 260 261 263 264 268 271 274 276 278 281 282 284 287 291 294 297 301 303 309 313 314 318 322 323 324 332 335 338 341 343 347 349 353 356 357 361 362 363 367 368 373 379 386 388 392 396 399 403 404 408 410 415 418 421 422 425 429 430 433 437 441 444 448 451 452 456 457 461 464 467 470 474 476 478 482 485 
43 49 64 67 72 76 79 81 88 91 92 97 98 103 107 111 115 119 120 125 130 133 136 138 139 141 149 153 154 157 160 164 167 171 172 175 179 181 185 190 194 198 200 201 206 207 211 215 219 223 227 230 233 235 238 241 247 251 255 257 258 264 265 266 270 271 274 278 279 283 287 291 292 296 298 299 303 306 308 312 317 320 321 324 327 330 334 339 341 343 347 350 353 357 358 360 365 367 370 373 374 375 382 390 393 396 399 403 405 406 409 413 416 421 422 425 426 433 435 436 440 442 447 449 453 454 460 462 466 468 470 471 478 480 481 485 487 
46 52 66 70 73 77 81 84 89 93 95 98 100 106 108 112 116 122 125 129 134 137 140 142 143 146 150 157 161 165 166 170 174 175 177 178 181 182 187 193 196 199 204 206 208 211 214 217 222 226 228 232 236 240 242 243 248 254 256 259 263 266 267 271 273 277 279 283 284 285 289 293 296 298 300 304 306 307 310 313 318 322 323 325 331 334 335 342 343 345 348 354 355 361 364 365 366 369 374 378 382 385 387 393 397 400 404 406 410 413 416 420 422 425 428 432 436 438 439 443 445 449 453 456 459 460 461 466 469 472 473 477 481 485 489 490 492 
48 56 70 74 76 79 84 88 92 95 96 102 105 109 112 113 117 125 128 130 135 138 143 147 151 154 156 159 163 167 168 174 176 178 181 185 186 187 189 197 198 200 206 207 212 216 220 224 225 230 234 237 240 242 243 247 252 256 257 260 266 270 274 275 278 281 282 284 286 290 291 295 300 301 304 305 308 311 315 316 322 323 326 328 334 338 339 345 348 350 352 358 362 363 366 370 373 375 378 381 384 388 392 397 399 403 406 408 413 416 417 422 426 427 432 434 440 444 448 451 452 453 457 460 461 463 465 470 474 475 476 478 484 488 490 492 494 
49 60 74 78 79 80 86 92 94 99 100 103 108 110 114 116 121 126 130 132 136 140 145 149 153 156 160 163 167 168 172 178 180 182 185 188 191 195 196 201 202 206 209 213 216 219 224 225 229 231 235 239 243 246 249 251 253 257 260 263 268 274 277 280 284 288 292 294 297 298 300 302 304 307 309 311 314 316 319 322 325 327 331 335 339 343 344 349 350 354 356 359 363 367 368 371 377 381 382 383 387 391 396 400 402 404 409 413 417 418 419 423 428 430 436 440 444 445 451 453 456 458 459 464 467 468 471 474 476 480 483 487 490 494 498 500 504 
50 63 78 82 83 87 89 95 99 101 105 106 112 114 118 119 122 129 134 137 139 143 146 150 155 157 163 165 170 171 173 181 184 188 192 193 196 199 200 205 209 213 216 217 221 223 225 227 230 233 239 242 245 247 253 254 256 258 263 266 271 275 279 284 285 291 296 298 300 301 305 307 311 312 315 319 322 325 326 328 330 334 338 342 346 349 351 353 354 357 359 360 364 369 373 375 379 384 385 386 391 395 397 402 406 407 412 415 418 419 421 426 429 431 439 443 446 447 452 455 458 460 463 466 470 471 475 476 477 481 484 488 492 496 501 503 508 
52 67 80 84 86 89 93 99 100 102 108 109 113 115 120 124 127 131 138 139 143 147 148 153 159 163 166 167 173 175 176 182 188 190 193 197 198 202 206 208 210 215 219 223 225 226 228 229 233 234 243 245 249 250 254 258 259 262 267 270 273 276 281 288 289 292 299 303 306 310 311 312 313 315 316 323 326 329 332 334 338 340 344 345 350 352 353 355 357 359 360 363 366 371 375 379 383 387 388 389 394 396 399 406 408 409 415 419 422 425 427 428 433 437 440 444 450 451 455 458 460 463 467 468 474 478 481 484 487 490 492 495 496 498 502 506 511 
55 70 82 87 89 93 96 100 102 106 110 111 114 119 122 127 130 132 142 146 149 153 155 156 161 167 170 173 174 176 178 183 190 193 196 198 199 204 208 212 214 216 223 224 227 231 233 234 238 239 244 248 251 253 257 261 263 265 268 272 277 278 285 289 291 294 301 306 310 311 313 315 318 321 324 325 330 333 337 338 340 343 348 352 353 354 358 362 364 366 368 371 372 374 379 382 385 388 392 396 397 398 401 410 411 412 418 421 426 429 431 435 438 441 443 447 453 455 458 461 465 468 472 473 477 479 483 485 488 494 495 498 499 503 504 508 512 
56 71 83 88 91 94 99 102 104 110 114 116 117 123 126 129 133 136 146 147 153 155 156 157 162 169 172 174 175 180 181 184 194 195 197 201 203 206 210 214 216 220 224 228 230 232 235 236 241 244 248 251 254 258 261 265 268 272 273 277 279 282 286 291 293 295 302 308 314 316 319 320 322 325 329 333 336 338 341 342 346 348 352 356 357 361 364 368 371 372 376 379 380 384 386 387 389 393 396 397 399 403 405 413 416 418 422 423 428 432 433 438 440 444 446 449 454 458 462 463 466 469 475 477 479 480 486 487 490 495 496 501 505 506 507 509 515 
58 75 87 89 93 98 102 105 108 111 117 120 124 128 131 133 135 140 147 151 154 158 161 164 166 170 174 176 177 184 186 188 197 201 203 205 206 209 213 217 218 223 226 231 233 236 237 240 242 248 249 253 255 262 264 267 270 273 274 280 282 283 290 292 294 296 304 311 315 319 320 322 323 326 332 337 339 342 344 348 349 350 356 360 362 365 368 371 373 376 378 383 386 390 392 395 397 399 403 405 407 411 414 416 420 423 424 425 431 435 438 442 444 448 450 451 458 462 464 467 469 471 478 481 483 485 489 491 493 499 501 502 506 509 510 512 519 
59 79 90 94 95 99 104 109 113 115 119 122 126 129 134 137 141 145 150 152 157 159 165 168 170 174 177 181 182 186 188 192 200 202 205 206 207 210 214 220 224 225 229 235 236 238 240 243 244 251 255 257 260 264 266 269 272 276 278 282 284 286 293 296 300 301 308 313 319 322 323 326 329 332 334 341 343 347 349 351 355 358 362 366 367 368 371 374 375 377 382 384 388 394 397 398 402 406 409 413 417 420 424 425 428 429 433 434 438 442 444 447 450 452 453 457 462 464 468 471 472 474 482 483 485 489 490 495 497 502 503 506 510 513 514 518 522 
61 82 93 97 98 101 108 110 116 119 123 126 127 132 135 141 144 146 153 154 159 160 166 171 173 178 181 184 185 188 189 193 203 207 210 214 218 222 224 225 227 228 233 236 239 240 242 247 251 252 258 260 262 265 267 273 274 280 284 286 287 291 294 299 304 308 312 316 320 326 329 330 332 333 335 344 347 350 353 355 357 360 365 370 371 374 377 378 379 382 386 387 391 396 400 403 407 408 413 416 420 423 428 432 436 440 442 446 447 450 454 458 460 462 466 470 473 476 478 481 483 486 489 492 496 499 500 504 508 511 514 515 516 519 521 525 526 
65 83 95 101 104 105 109 113 119 123 125 128 129 135 139 145 148 150 156 157 162 164 169 174 175 179 183 186 187 190 192 197 206 208 212 215 222 224 226 228 231 232 235 240 241 243 247 250 252 253 259 264 265 266 269 277 278 281 285 289 292 293 297 301 308 310 313 319 323 327 330 332 334 335 338 348 352 354 356 359 362 363 366 371 374 376 381 384 387 390 391 394 398 400 402 405 408 412 414 419 423 427 432 434 440 441 446 447 448 453 457 461 462 465 468 473 477 481 482 485 489 490 493 496 499 500 501 505 510 514 518 519 523 525 528 530 533 
66 85 96 103 107 108 113 115 122 126 129 133 135 137 141 146 151 154 160 161 166 168 170 175 179 180 185 190 191 193 196 200 210 212 216 217 223 227 231 232 234 235 239 241 244 248 250 254 255 258 262 268 270 271 274 281 284 288 292 296 299 303 305 308 309 313 317 320 324 330 333 335 337 341 344 349 355 357 358 363 367 368 371 373 375 377 382 386 390 391 393 397 399 404 405 406 412 414 417 421 424 431 433 435 444 448 450 453 456 457 459 463 467 470 471 476 479 483 485 489 493 495 498 501 505 506 508 509 513 516 519 521 526 530 532 533 536 
68 87 98 105 111 113 115 117 124 127 131 136 140 143 146 147 155 156 163 166 168 171 174 177 183 187 190 194 196 199 202 204 211 216 220 222 226 230 234 236 238 240 242 243 248 251 254 256 260 264 265 272 273 276 277 283 287 290 295 300 301 304 307 311 313 316 318 321 325 331 337 339 342 345 348 352 357 358 361 364 368 372 374 376 380 384 386 390 393 396 397 398 402 408 409 411 415 419 423 425 427 435 438 439 447 449 454 455 458 461 464 466 471 474 475 480 483 485 489 491 496 497 502 505 508 512 515 516 520 522 525 529 531 532 533 534 540 
72 90 102 109 115 116 118 122 126 130 135 139 143 146 150 154 158 161 165 168 171 173 177 178 185 191 193 196 200 201 205 209 214 219 222 224 228 234 236 237 241 245 246 247 249 255 257 259 262 267 270 276 280 283 285 289 290 294 297 303 305 309 311 312 315 317 320 324 326 335 338 343 346 350 354 358 362 365 368 372 374 375 378 380 383 387 388 394 396 399 401 405 407 412 416 418 419 420 427 428 432 436 442 446 450 454 457 460 461 465 466 469 472 475 478 481 485 487 490 492 500 502 506 509 512 513 519 523 526 529 533 537 539 541 544 545 547 
76 92 103 113 119 120 123 124 129 133 138 141 146 150 152 156 160 162 167 169 172 175 178 181 186 194 197 200 203 206 210 214 215 223 224 227 229 236 239 241 242 248 252 253 256 259 262 263 265 271 272 277 283 285 289 290 293 295 299 307 311 313 317 320 324 328 330 334 338 342 343 347 349 351 357 360 364 369 371 373 378 381 384 387 390 391 394 397 401 402 404 407 411 415 418 420 423 426 431 432 435 437 446 449 453 456 461 465 469 471 472 476 478 481 483 487 488 489 491 495 502 505 508 511 513 514 521 526 528 533 537 541 545 548 552 554 555 
80 96 105 117 121 124 125 126 133 135 142 143 150 153 154 160 162 164 169 172 175 176 180 182 190 197 199 204 207 210 211 218 221 226 227 231 233 237 240 245 249 251 255 256 257 261 264 266 269 273 277 279 284 287 291 292 295 296 301 311 314 315 321 323 328 331 333 338 340 345 349 352 353 357 358 363 366 371 374 375 379 384 385 388 391 394 397 401 405 406 408 410 414 417 422 426 428 432 434 437 440 441 450 452 456 457 465 466 472 476 478 479 482 484 486 488 492 496 498 502 503 508 510 512 516 517 524 527 531 534 539 544 549 550 554 557 558 
82 99 108 118 122 125 126 128 136 137 143 146 151 156 160 162 165 169 171 174 179 182 183 186 193 201 202 206 210 212 214 219 224 229 233 236 240 242 243 249 252 255 256 260 262 266 268 271 274 275 279 282 287 288 292 294 297 299 303 314 317 318 324 327 329 332 336 341 345 348 353 355 359 363 364 366 367 373 378 380 384 385 387 391 393 396 399 404 406 407 410 411 417 421 424 430 431 436 438 439 441 444 452 454 458 462 466 469 475 479 482 484 488 489 493 496 499 500 504 506 509 511 515 517 520 523 527 530 533 538 541 547 551 552 558 562 564 
85 103 110 121 125 128 132 133 140 143 144 147 152 160 164 167 170 172 174 178 182 183 185 187 196 204 208 209 211 216 220 224 226 232 234 240 242 243 244 252 254 258 262 263 267 268 270 273 277 280 282 283 291 294 297 300 302 303 305 316 320 324 326 329 330 336 338 345 349 351 355 359 363 367 371 374 378 379 381 385 388 390 393 394 398 401 405 408 410 414 418 419 423 425 427 431 433 440 441 443 446 448 455 456 460 464 467 472 476 481 485 486 490 491 496 497 502 506 510 513 515 516 520 522 525 527 528 534 536 539 545 550 553 554 560 564 566 
89 106 114 125 128 130 133 137 141 144 148 151 156 162 168 171 175 178 182 186 189 191 195 199 202 208 209 211 213 218 222 225 227 234 238 242 243 246 250 256 260 263 267 270 273 274 275 276 281 284 285 287 292 297 300 304 305 306 310 318 323 327 331 333 335 339 343 346 351 352 357 362 366 368 375 379 382 383 384 389 393 397 400 404 408 409 413 416 420 421 424 427 428 431 434 437 440 442 443 446 450 451 459 460 464 467 468 473 479 482 487 491 492 494 498 499 503 507 513 514 519 520 521 523 528 529 533 535 538 540 547 553 554 558 563 568 571 
93 107 115 126 130 132 135 140 142 146 150 152 158 165 170 175 178 179 183 190 194 196 200 204 205 212 214 218 220 223 227 231 235 239 243 244 247 249 251 258 262 265 271 275 278 279 282 286 288 292 296 297 301 305 308 312 315 316 319 323 326 328 333 337 341 343 345 348 352 356 358 363 369 370 377 380 385 389 390 393 394 398 403 405 411 415 417 419 423 427 429 433 436 437 441 444 448 450 452 455 457 461 463 464 466 469 471 477 483 485 490 495 496 499 503 504 505 510 515 517 523 526 528 529 533 537 538 541 542 545 550 555 558 561 566 572 574 
97 109 117 128 133 136 139 143 145 149 153 156 162 166 174 176 180 182 186 191 196 200 203 205 207 216 218 220 223 224 231 234 237 241 245 248 249 253 257 260 266 268 272 278 279 281 286 288 291 293 300 303 305 308 309 316 319 321 323 327 330 334 337 340 343 344 349 353 355 358 361 364 373 374 379 381 388 393 397 400 404 408 411 414 417 418 420 422 427 428 432 437 438 442 446 447 450 454 456 459 461 463 467 468 470 472 475 480 487 488 492 498 501 504 506 508 511 515 516 519 527 530 533 536 537 538 541 543 544 548 553 557 561 565 569 574 576 
101 111 118 131 137 138 141 147 151 152 157 160 164 170 177 179 182 185 189 192 200 202 206 209 212 217 221 222 227 230 233 237 238 243 247 251 253 254 259 264 269 271 274 280 284 286 290 291 294 298 301 304 306 309 311 320 324 326 330 331 335 336 338 344 348 352 353 357 361 363 364 368 376 380 381 382 391 394 398 401 407 411 413 417 421 424 425 429 433 437 438 442 444 447 450 453 456 457 461 462 466 468 471 475 479 480 484 487 491 494 497 499 505 509 510 514 517 521 523 527 528 533 534 537 539 541 544 547 549 550 556 558 562 567 571 576 578 
103 112 121 134 140 142 143 148 155 159 162 163 165 174 178 182 183 186 190 196 204 205 208 212 213 219 222 223 230 233 235 241 242 245 250 255 256 259 262 266 271 275 276 283 288 290 293 295 298 300 303 308 312 314 316 323 326 327 332 334 339 342 346 347 352 354 358 362 365 369 370 372 378 383 384 386 392 395 400 404 409 413 417 420 424 425 429 430 435 441 445 447 451 452 455 458 462 463 465 468 472 475 479 480 484 488 490 491 492 496 499 502 506 512 513 518 522 526 527 529 532 535 539 542 546 550 554 556 557 559 562 565 566 568 573 579 583 
104 113 124 136 144 148 149 153 158 160 166 167 170 176 182 184 188 190 194 200 208 209 211 213 217 221 226 227 234 237 239 244 245 247 254 257 258 260 264 268 273 278 282 287 291 292 297 298 300 304 306 310 313 317 319 327 328 329 334 335 340 346 348 351 353 358 362 363 367 371 374 377 379 386 387 388 396 400 403 407 412 414 418 424 427 431 432 434 438 442 448 450 453 456 458 460 466 467 471 472 474 479 482 483 485 490 493 495 498 501 503 507 509 513 517 521 524 528 532 534 537 541 542 544 547 554 558 562 565 567 569 571 573 576 578 582 586 
106 117 127 137 146 149 151 157 161 162 168 171 175 178 185 189 192 194 195 203 210 211 214 217 218 224 230 234 238 239 241 245 247 249 256 258 259 262 268 272 277 282 284 289 294 295 298 302 306 307 311 312 317 318 320 331 335 336 339 340 343 349 353 354 357 362 363 364 369 372 378 381 382 388 389 393 397 402 407 410 416 418 420 426 429 433 435 437 442 445 450 452 454 458 460 463 469 470 472 474 478 481 485 488 492 496 499 502 503 505 508 512 516 519 523 524 525 530 535 537 538 545 549 553 557 560 564 565 569 572 576 577 579 580 582 584 589 
108 118 128 141 148 153 154 159 163 166 172 173 177 182 188 192 193 197 201 204 214 215 218 221 224 228 231 236 242 245 247 249 252 254 259 262 263 267 270 273 278 286 287 290 295 297 301 304 307 311 313 316 320 324 328 335 338 339 343 346 348 352 355 357 361 364 365 369 372 373 379 383 384 392 393 397 400 403 408 414 417 422 423 428 430 434 438 440 443 449 451 454 458 459 463 464 472 473 476 478 481 484 488 489 493 498 501 506 509 513 514 517 521 525 527 530 533 537 541 543 544 549 552 557 560 563 566 568 570 575 579 581 583 586 589 593 596 
109 119 129 143 151 155 158 161 166 167 176 179 181 184 191 195 196 198 203 208 217 221 225 229 233 235 238 239 246 247 248 250 253 257 263 267 268 272 274 276 282 289 293 297 299 300 303 305 309 312 315 320 321 328 330 339 343 346 348 349 352 356 359 361 362 366 368 371 376 378 383 387 391 396 399 401 402 405 410 416 419 424 425 430 433 437 439 444 446 452 453 458 461 462 465 467 473 476 478 479 485 488 492 493 497 500 504 508 513 515 519 520 524 529 533 534 538 540 544 547 550 553 556 560 562 566 568 570 574 579 582 585 587 589 592 594 600 
112 123 131 145 155 159 161 162 167 170 177 183 187 190 192 196 198 202 204 212 218 223 228 232 234 239 243 244 249 250 252 256 257 261 265 271 275 277 280 282 286 292 294 301 303 307 311 314 318 322 323 326 329 332 336 343 344 347 352 354 355 357 361 362 366 369 371 372 380 381 386 389 395 399 400 404 405 406 414 419 421 427 431 432 437 440 442 445 449 453 454 459 463 464 467 468 477 481 485 486 487 491 496 498 502 503 505 509 514 516 523 527 531 532 534 537 540 543 546 549 553 554 560 562 563 570 574 577 581 584 586 588 589 592 593 595 602 
115 125 132 147 156 162 163 167 169 172 181 184 189 192 194 198 201 203 206 215 222 226 232 235 238 243 246 250 251 255 259 261 263 264 267 274 277 279 281 284 288 293 297 304 308 312 313 318 321 324 325 330 332 334 337 347 348 350 353 358 362 364 365 369 372 373 374 377 382 384 387 392 396 403 407 411 415 417 418 420 425 428 434 437 439 442 446 448 451 455 457 462 465 469 472 475 479 482 487 490 494 498 500 504 508 509 511 514 516 520 526 530 534 536 539 543 545 548 552 553 556 557 562 565 567 571 576 580 584 588 589 590 593 595 599 603 606 
118 128 135 149 157 166 169 170 173 177 184 185 191 193 198 202 203 206 207 217 223 230 234 237 241 244 250 252 256 257 260 262 266 269 270 276 281 283 287 289 291 295 301 308 311 315 317 320 324 326 330 332 335 336 340 349 351 355 359 362 363 367 368 371 373 376 379 382 383 388 392 394 398 407 408 414 418 421 422 426 427 431 436 441 444 445 450 454 458 461 464 466 469 472 474 477 481 483 490 491 496 499 503 506 509 513 515 516 520 524 529 532 538 539 543 547 548 550 553 556 558 562 566 567 571 572 577 583 587 590 592 596 598 599 603 607 609 
121 130 138 151 158 169 172 176 177 180 187 190 195 199 203 204 206 207 211 219 226 231 236 239 242 247 252 255 258 260 261 263 267 270 271 277 285 287 291 293 294 299 303 311 312 318 319 321 328 329 331 336 337 338 343 353 355 356 361 366 368 371 373 375 379 381 385 389 393 396 397 401 402 408 412 417 419 422 425 428 431 435 438 444 447 451 453 458 460 462 468 472 473 477 479 481 485 489 493 494 499 500 506 507 511 515 519 522 525 527 533 536 540 542 545 548 550 551 554 558 561 564 568 572 575 579 580 587 588 594 598 602 606 609 613 615 616 
122 131 140 154 159 172 173 180 181 182 191 193 199 201 204 207 208 209 214 223 228 232 237 240 244 249 255 258 262 266 269 270 273 275 276 278 287 288 294 297 301 303 306 312 316 321 324 328 331 333 336 338 341 342 344 354 359 361 365 368 369 373 374 377 380 382 388 391 394 400 403 407 410 413 417 420 423 425 427 429 434 436 440 448 452 456 459 460 464 468 472 474 477 481 483 487 491 493 497 501 505 506 508 511 512 518 523 525 528 531 534 539 541 546 548 551 554 557 559 560 563 568 571 575 578 580 582 590 593 595 600 603 610 612 616 620 622 
124 135 143 157 161 175 178 184 187 190 194 198 201 203 206 210 213 215 219 225 229 233 238 241 248 253 258 260 266 269 273 275 278 280 282 286 291 292 296 298 304 306 307 314 320 322 327 332 334 336 340 341 342 345 347 357 361 362 369 371 372 374 376 379 384 387 390 394 396 401 407 409 414 416 418 421 427 429 431 434 435 440 444 450 456 459 460 463 467 469 475 476 481 482 484 488 493 494 500 505 509 513 514 515 517 521 526 527 531 534 536 543 545 550 553 557 561 564 567 569 570 571 573 576 580 581 584 593 595 597 603 605 611 615 619 621 624 
125 137 144 158 165 178 179 186 190 191 195 201 204 206 208 212 216 219 222 227 230 234 241 243 250 257 259 262 269 272 275 276 279 281 284 287 292 293 299 301 307 310 311 318 323 324 331 336 339 341 344 346 350 353 357 360 365 366 370 374 378 379 380 384 387 388 392 397 399 402 411 414 417 418 419 424 428 431 432 436 440 442 446 453 457 463 467 468 470 473 476 479 484 486 489 491 497 499 502 509 510 515 517 521 522 525 527 531 532 537 540 545 549 552 557 561 563 567 568 573 576 577 581 583 587 591 594 595 597 601 605 608 612 619 623 624 625 
129 139 148 161 166 179 181 190 194 198 201 204 206 207 210 213 217 222 224 230 234 238 245 249 251 259 263 265 270 274 276 279 281 283 287 290 294 297 301 303 308 312 315 321 325 326 332 340 343 347 350 353 354 357 361 362 366 367 371 377 379 381 384 388 392 395 397 399 401 403 414 417 419 423 425 427 431 432 435 438 444 447 449 455 459 467 469 473 474 478 480 483 487 489 490 495 501 504 506 512 515 516 519 522 524 528 529 535 538 540 543 548 553 556 561 564 568 569 570 577 581 583 584 586 588 592 597 600 602 604 607 612 616 623 625 629 631 
132 143 152 165 168 183 187 193 195 202 204 206 207 208 211 217 221 223 228 232 235 242 249 250 253 262 265 267 272 275 278 283 285 287 288 293 297 298 303 307 312 313 319 324 329 331 334 343 345 350 354 355 358 360 365 367 371 373 377 381 384 386 390 392 396 399 400 402 406 409 418 420 424 427 428 432 434 436 439 443 445 448 451 457 463 470 474 478 480 482 483 487 489 490 491 499 505 508 512 513 516 518 521 524 526 529 530 539 541 545 549 550 555 559 564 566 570 573 577 579 583 587 588 589 591 595 599 604 605 606 610 613 618 626 629 630 634 
135 144 156 168 172 185 190 197 198 206 210 212 213 217 219 223 225 226 229 234 239 245 252 255 256 265 266 268 273 276 280 285 286 291 292 297 299 302 307 308 316 318 322 326 330 333 338 344 349 354 358 361 365 366 367 368 373 375 380 382 386 388 391 393 399 401 405 408 411 413 419 423 426 429 433 434 437 440 441 444 448 452 453 459 467 471 476 481 482 485 488 492 496 500 502 506 509 513 514 516 519 522 524 527 529 532 533 543 546 548 553 556 560 562 568 572 573 575 579 583 585 591 595 599 602 605 608 610 612 616 619 620 622 627 632 634 637 
136 145 158 172 176 186 193 201 204 209 211 214 215 221 225 228 230 231 234 238 242 247 255 256 260 266 270 274 278 280 282 288 291 293 296 298 301 306 311 312 320 324 325 329 332 334 342 346 353 358 359 364 369 371 373 374 376 378 383 385 389 390 393 395 401 405 407 409 415 418 420 427 430 434 435 438 439 441 445 449 450 453 457 463 469 473 477 482 486 488 489 496 498 501 504 509 512 516 517 518 521 524 526 529 532 535 538 545 549 552 555 559 564 568 569 573 575 579 582 584 588 592 598 602 605 607 611 612 616 619 620 624 627 628 636 638 641 
139 148 161 175 180 190 195 202 207 213 215 218 220 224 227 232 236 237 239 243 244 248 258 261 265 267 271 277 282 284 285 290 294 298 299 303 305 309 314 317 321 325 326 333 335 337 343 347 357 361 364 366 372 374 375 377 379 380 385 389 393 395 396 400 402 408 410 412 419 423 426 430 434 438 442 445 446 449 450 451 453 456 461 467 472 475 479 485 487 491 495 500 501 502 506 510 513 520 523 526 529 530 533 535 538 540 543 546 553 554 558 563 568 569 572 576 578 582 586 590 592 593 602 604 608 609 615 619 620 623 627 629 630 631 637 642 644 
143 152 165 179 183 191 199 203 210 216 217 222 225 226 228 234 238 241 242 247 251 252 260 264 268 272 274 281 283 286 287 291 296 302 303 306 307 311 315 320 324 327 328 336 338 339 344 350 361 363 365 370 376 377 380 382 385 389 392 393 396 398 401 402 406 409 412 413 422 427 428 432 438 441 446 447 449 451 453 454 455 458 463 468 474 478 480 487 490 492 497 501 502 505 508 514 515 522 524 528 530 534 536 539 541 542 547 548 556 559 560 564 570 574 578 579 583 584 589 592 595 597 603 607 612 616 617 623 627 628 632 635 637 641 644 646 650 
146 156 169 183 184 192 203 206 213 217 219 224 228 232 235 237 242 245 248 251 255 257 264 265 269 276 280 285 286 289 293 296 300 306 308 312 315 319 323 325 327 328 331 339 340 344 347 352 364 365 369 374 379 380 381 384 389 393 395 399 400 401 402 405 408 412 413 414 426 430 431 435 441 444 447 449 452 455 457 461 465 469 472 473 476 479 483 491 494 498 499 505 508 510 511 515 516 526 530 531 533 538 539 541 542 544 551 552 560 563 564 568 571 576 581 583 586 588 591 594 599 603 605 608 614 618 619 627 628 629 635 639 643 647 650 652 655 
150 158 173 185 189 194 205 207 217 220 223 228 230 235 238 241 245 246 249 254 258 261 268 270 274 280 283 289 292 293 294 298 303 307 310 314 317 320 324 326 330 333 335 340 344 347 349 354 368 370 372 377 380 381 384 386 390 397 399 403 407 411 415 419 420 424 425 429 430 432 435 438 444 446 449 450 455 457 458 465 467 473 476 477 481 485 487 492 495 499 502 506 510 514 517 520 523 527 533 536 540 543 544 548 549 552 553 555 562 564 567 570 572 580 584 588 590 593 596 598 601 605 609 613 618 620 623 631 633 634 636 641 646 651 654 658 659 
152 160 176 188 193 197 208 209 220 222 227 232 234 239 241 245 248 249 252 256 260 265 271 275 277 284 287 293 294 298 299 300 306 311 312 316 319 324 325 329 333 335 338 342 346 349 351 358 369 374 378 379 384 388 392 395 396 398 403 407 411 412 418 422 423 427 429 430 432 436 439 442 445 447 451 452 458 462 466 469 472 474 479 482 483 488 491 496 498 503 507 508 511 517 520 523 525 530 534 540 543 547 550 553 557 560 563 567 568 569 571 572 573 581 587 590 591 596 600 604 606 608 610 614 619 621 624 635 639 640 644 648 650 653 655 662 663 
154 162 178 192 194 199 209 210 221 224 228 233 238 242 244 248 249 253 256 260 263 269 275 279 280 286 289 296 300 303 304 307 309 312 316 319 322 326 328 330 335 339 342 346 347 350 352 359 372 378 379 381 385 391 396 400 401 404 407 410 413 415 420 425 427 428 432 433 434 439 441 443 446 450 454 455 459 463 470 471 476 477 480 486 490 493 495 499 500 505 509 511 515 520 521 527 530 533 535 542 547 548 552 557 560 561 566 570 571 574 576 578 579 583 590 594 598 601 603 607 608 611 615 617 623 625 626 636 641 642 646 652 653 655 657 666 670 
155 166 181 195 196 203 213 216 224 228 230 237 239 246 249 250 251 257 260 264 268 272 276 282 284 287 291 298 301 306 310 312 316 317 319 323 325 329 331 335 339 340 345 347 348 352 355 363 376 382 386 388 390 393 399 404 408 410 411 413 417 418 422 429 432 436 440 442 446 447 450 453 456 457 459 462 465 466 471 475 479 483 487 489 494 498 502 506 510 511 514 517 521 523 527 528 531 534 536 543 548 549 553 560 564 566 569 573 576 578 579 581 583 585 592 595 602 606 609 612 614 615 617 620 627 631 635 639 643 647 651 656 659 660 664 670 674 
159 168 184 198 202 205 215 217 228 231 234 238 243 249 252 253 255 261 263 268 269 275 278 283 287 291 292 302 304 308 312 314 319 322 326 328 329 333 335 338 343 344 346 348 352 355 356 367 377 384 387 391 395 397 403 407 411 413 416 419 422 424 428 433 436 437 443 444 450 454 457 460 461 464 465 468 470 472 475 477 481 485 491 495 496 500 503 510 514 515 516 520 524 526 529 533 535 536 539 547 549 551 554 561 568 569 572 575 580 584 588 592 595 599 600 603 607 609 612 614 615 616 619 622 629 634 637 640 645 648 655 657 660 664 665 674 675 
163 172 187 201 205 209 218 221 232 235 237 242 244 251 253 255 256 265 266 272 275 278 279 287 289 295 298 304 306 312 315 316 323 324 329 333 334 335 339 343 345 349 350 352 356 359 362 368 378 385 390 395 399 402 404 408 414 415 420 423 425 427 431 436 439 443 445 446 454 457 458 461 462 466 467 469 471 473 478 480 483 486 492 497 498 503 504 512 515 518 519 524 527 530 533 535 536 539 541 550 554 558 562 563 569 573 577 578 584 586 589 593 598 602 604 608 610 611 616 620 622 625 627 630 633 636 640 644 646 652 656 660 662 666 669 677 681 
167 174 191 204 208 211 222 226 235 236 239 244 246 255 256 260 263 267 268 276 279 281 282 288 291 297 302 306 307 315 317 319 326 330 334 336 337 339 342 345 349 353 357 358 360 361 363 372 382 386 394 396 403 406 409 413 416 417 421 426 428 432 434 437 440 446 450 454 457 459 461 465 468 472 473 475 476 478 480 484 487 489 496 500 504 505 508 513 517 521 522 525 529 533 534 537 540 544 545 553 556 561 564 568 571 576 580 584 587 590 591 594 599 604 605 612 613 617 619 624 626 628 631 635 636 637 644 647 649 653 658 662 663 669 673 678 684 
168 178 194 205 212 213 225 227 239 240 243 247 250 258 262 265 268 272 276 277 281 283 285 289 293 299 304 310 314 319 322 326 329 334 337 341 343 347 350 351 352 357 360 361 365 369 371 376 383 390 397 398 407 408 410 416 419 423 425 427 429 435 438 440 442 447 453 456 460 461 463 466 471 474 477 478 480 484 486 487 491 492 497 503 507 509 513 516 521 524 526 527 530 534 536 539 544 548 550 557 559 564 567 572 573 580 584 585 588 592 595 596 600 606 609 613 614 619 623 627 630 631 635 638 640 643 648 649 651 657 659 664 667 670 675 682 685 
169 182 197 207 214 218 229 231 241 243 244 249 251 260 264 269 273 275 279 282 286 289 290 294 295 303 307 314 316 322 323 329 333 336 340 345 348 352 356 357 359 362 365 367 368 373 377 378 384 393 399 402 411 412 416 419 423 424 427 430 432 437 440 443 445 449 456 460 464 467 469 473 475 477 479 482 483 488 489 491 494 497 500 506 509 510 515 519 524 528 530 534 538 542 544 545 547 552 553 558 560 567 568 573 574 581 587 588 591 596 598 599 602 609 612 615 618 620 625 629 631 632 636 640 641 646 651 655 658 661 665 669 671 674 677 684 689 
172 183 200 210 216 220 232 234 244 245 248 252 254 263 268 271 277 280 283 286 288 292 293 297 299 304 308 316 317 325 326 332 336 337 344 349 351 353 359 363 364 368 372 374 375 379 381 382 388 397 403 404 415 416 418 421 424 425 431 432 434 440 441 446 449 450 460 463 466 470 473 474 479 483 487 488 492 493 495 498 502 505 508 509 513 517 519 521 525 532 535 537 541 544 546 550 553 555 558 561 565 570 573 575 576 583 589 591 593 598 601 602 604 611 614 618 621 624 627 631 633 636 639 643 644 650 653 658 659 665 667 672 673 675 680 686 691 
173 184 203 214 219 223 235 237 248 249 251 256 258 266 270 275 280 281 287 290 293 296 299 300 302 307 312 318 320 326 329 334 339 340 348 353 356 358 362 366 368 371 373 375 377 383 386 390 394 398 406 408 418 421 423 424 425 429 434 438 441 445 448 451 453 457 464 466 470 471 475 477 480 486 489 492 495 497 498 502 506 510 513 514 517 519 523 524 529 535 538 541 544 545 547 552 557 558 559 565 566 572 577 580 583 586 593 596 598 599 604 608 609 613 618 622 626 630 631 634 635 640 642 646 648 652 657 660 662 668 671 674 677 681 684 688 695 
175 185 206 218 223 227 237 239 249 251 255 260 264 267 274 277 284 285 288 294 297 299 303 306 308 310 313 319 322 328 330 335 343 347 351 355 360 363 365 367 372 373 375 376 380 384 388 392 396 399 407 411 419 424 426 428 432 434 436 439 445 448 452 454 456 458 466 470 472 473 477 478 484 489 491 496 500 501 502 503 507 512 516 520 522 526 530 532 536 537 540 542 547 550 554 556 559 561 565 566 567 575 580 583 586 587 596 599 603 605 606 612 613 614 622 623 627 631 633 638 642 645 648 652 656 657 660 664 666 670 672 676 678 683 685 689 696 
179 187 208 219 227 229 238 241 253 254 257 263 267 269 276 278 287 288 290 296 301 303 307 309 312 313 315 323 327 329 332 336 346 351 353 356 364 368 371 374 376 380 383 387 388 390 392 394 397 402 411 415 420 427 429 430 436 440 441 443 446 450 456 457 459 463 470 471 473 474 479 480 487 492 494 497 503 506 507 510 514 516 520 523 527 528 531 534 538 540 541 546 548 554 558 562 563 564 569 571 572 578 582 586 589 590 600 603 604 606 610 616 618 621 623 626 630 634 637 642 645 649 650 653 660 663 665 668 669 674 677 678 680 684 689 693 697 
180 189 210 223 230 232 241 242 255 256 260 264 271 275 278 281 288 290 294 300 304 308 312 313 316 317 320 326 330 334 336 340 349 355 358 359 367 371 375 377 381 385 389 391 395 396 398 402 403 406 412 419 423 428 433 436 437 444 445 446 450 453 457 460 463 466 474 475 479 482 484 487 489 495 496 498 505 507 510 514 517 519 522 524 529 532 536 538 539 543 544 548 552 557 559 563 567 569 573 577 581 583 586 588 590 593 603 604 606 608 614 617 622 623 627 628 632 636 640 643 648 651 654 656 661 664 667 670 672 675 680 681 684 688 693 695 701 
181 193 214 226 231 233 244 246 258 261 264 266 273 277 282 285 289 291 296 303 306 311 315 316 320 322 325 328 333 336 337 344 353 359 361 365 371 375 376 380 384 389 393 397 401 404 407 410 413 416 419 420 427 430 436 440 444 448 450 451 455 459 462 463 467 471 476 477 481 485 487 489 490 498 499 500 506 510 511 517 520 522 524 525 530 536 540 544 547 549 550 552 554 561 565 567 569 570 574 580 585 586 588 589 593 594 606 607 611 612 616 620 623 626 629 632 636 640 642 645 649 653 658 662 663 666 668 672 676 678 683 685 688 690 696 698 702 
183 197 218 228 233 236 245 248 262 263 267 268 274 281 286 289 292 296 298 306 307 313 317 320 322 325 327 330 335 337 340 345 356 360 363 367 373 379 380 384 387 392 395 401 405 409 413 415 418 421 422 424 431 432 439 442 445 451 452 454 459 460 464 468 471 474 477 481 483 489 491 493 495 499 502 506 507 514 517 520 522 525 528 529 533 537 544 548 552 555 559 562 563 566 567 571 572 576 579 582 587 589 590 592 594 598 609 612 613 614 619 622 624 630 633 637 639 641 644 648 653 655 661 663 665 668 670 674 680 681 685 686 692 696 697 701 705 
184 200 219 232 235 240 246 249 264 265 271 272 277 283 290 292 294 298 299 308 311 317 318 322 326 327 329 331 338 342 346 350 359 363 366 370 374 383 387 389 390 394 399 405 409 411 416 420 423 424 428 432 433 435 441 445 446 453 454 455 460 462 466 469 474 476 478 485 489 493 496 498 502 506 507 511 513 518 521 525 527 530 531 533 534 540 546 550 556 559 560 563 567 568 569 572 575 579 581 586 591 593 597 598 600 602 611 614 617 621 623 627 628 633 637 640 643 646 648 649 656 657 663 664 668 670 672 678 683 685 689 692 695 700 702 706 707 
188 203 220 234 238 244 249 253 265 267 275 277 279 286 293 294 297 299 302 312 313 321 325 327 328 330 333 334 342 345 348 354 362 367 371 374 378 385 389 392 394 397 401 408 410 414 418 422 424 426 431 436 438 439 442 447 448 455 459 461 463 465 468 472 476 479 481 488 490 496 499 500 503 510 514 517 521 522 523 528 530 531 533 534 538 543 549 552 559 560 562 567 570 571 573 576 579 580 583 588 593 595 601 605 606 608 612 615 621 625 627 629 632 635 638 644 646 647 651 655 658 661 666 670 673 676 680 683 686 690 694 696 697 704 708 709 710 
191 204 223 235 242 247 253 257 268 269 278 280 281 290 297 300 304 305 308 313 317 324 326 330 331 334 338 342 345 346 351 355 366 369 372 377 381 387 391 396 400 404 408 412 414 418 420 424 427 431 432 437 439 443 444 449 450 459 461 463 466 467 471 475 478 481 484 492 495 498 503 507 511 514 515 518 522 524 526 530 534 538 540 541 544 548 553 555 562 566 567 570 573 577 581 583 584 585 587 592 595 597 605 607 611 614 617 619 625 628 631 633 634 636 640 645 648 649 652 658 660 662 669 673 675 678 684 688 690 691 696 697 699 705 712 715 718 
194 208 227 237 246 248 255 261 271 272 281 283 284 292 301 302 306 310 314 316 320 326 327 332 335 337 341 346 349 351 353 356 370 372 374 380 383 390 395 399 401 405 410 414 415 422 423 427 429 432 436 441 444 446 449 453 454 463 464 465 469 471 472 477 481 485 488 495 498 500 505 508 514 515 518 521 525 527 528 532 538 540 541 545 549 553 556 557 565 567 568 573 574 579 583 587 590 592 596 598 599 601 607 609 615 617 619 622 626 630 634 638 639 640 641 649 653 657 658 659 663 667 671 675 677 682 688 691 692 695 698 700 704 706 714 718 720 
195 209 229 238 248 252 259 262 274 275 282 287 289 295 305 307 308 314 315 317 323 330 333 334 339 340 342 350 353 356 359 362 372 375 378 384 388 391 397 400 402 408 414 415 416 426 428 431 433 435 437 444 445 448 450 456 457 464 465 468 472 474 477 478 483 486 491 498 500 501 509 512 515 518 522 525 526 530 533 537 540 543 545 549 550 555 557 560 566 568 571 574 578 581 585 588 591 594 600 604 606 609 610 611 619 620 621 624 629 631 636 639 642 644 647 651 654 660 661 664 665 669 674 678 679 686 689 693 695 697 702 703 708 709 715 721 724 
198 211 232 240 252 255 262 265 275 279 286 289 292 297 309 311 313 315 319 321 324 332 336 338 342 344 348 351 357 358 360 364 373 379 382 387 389 392 401 402 406 412 415 416 417 427 429 432 436 437 439 448 449 452 453 459 463 466 470 471 476 479 483 487 488 492 493 500 504 508 511 513 519 522 525 529 531 535 537 538 544 545 549 550 554 559 562 563 567 572 573 576 582 586 588 590 594 595 601 606 609 610 613 617 621 625 628 632 636 637 640 641 646 650 653 656 660 663 667 669 671 675 676 679 682 690 692 695 699 701 703 707 710 711 717 722 725 
202 214 236 242 253 256 263 268 278 282 287 290 294 299 310 314 318 322 325 326 327 335 340 344 347 348 350 353 358 360 364 368 374 380 384 390 393 396 404 407 410 414 416 419 422 428 432 435 437 438 441 452 453 456 460 464 468 470 471 475 478 481 487 488 489 496 499 502 505 511 514 517 520 525 528 531 533 538 540 542 545 546 551 552 558 560 564 565 568 576 580 584 587 589 590 594 596 598 603 610 614 616 619 622 623 626 632 634 637 639 641 644 648 654 657 661 663 667 668 670 673 678 681 682 685 692 696 698 700 702 707 709 713 717 719 726 728 
205 216 237 246 257 258 267 272 280 283 290 294 298 302 311 316 319 326 330 334 336 337 341 345 348 351 352 357 360 362 365 371 375 383 388 393 397 399 407 409 411 415 418 422 424 430 434 438 441 444 447 453 456 459 461 467 469 474 478 482 485 486 491 492 494 500 504 508 509 515 517 519 521 527 531 533 535 542 543 545 549 552 553 554 561 565 568 569 573 579 583 588 592 596 597 598 602 605 609 611 618 620 623 624 627 628 633 638 640 642 646 650 654 656 660 664 665 668 670 673 674 680 683 684 687 696 698 702 705 709 711 714 718 722 724 730 731 
208 220 238 247 258 259 270 276 283 284 291 295 300 303 313 320 324 329 332 336 338 341 343 348 351 354 358 360 361 366 368 373 379 387 391 396 400 402 408 413 417 418 422 423 426 432 437 441 443 446 449 456 457 462 464 469 473 478 480 484 487 488 495 496 499 504 506 510 514 519 522 525 527 531 535 537 541 544 545 546 551 555 557 558 562 569 572 574 578 583 586 591 596 598 599 600 605 607 611 613 619 623 625 626 629 630 634 639 643 644 647 654 658 662 663 665 666 671 675 679 681 683 687 691 695 698 699 706 708 712 715 717 721 724 728 732 735 
211 224 239 251 262 263 272 277 287 288 294 297 301 306 314 324 326 333 336 337 342 344 347 350 354 355 360 362 366 370 372 376 382 390 392 400 404 405 409 414 418 421 423 425 430 436 438 445 447 449 452 458 459 463 466 470 475 479 482 485 488 492 496 497 501 508 512 516 518 520 525 527 530 532 537 540 544 546 550 552 554 558 562 564 567 573 575 576 582 585 588 593 597 600 603 607 611 613 614 617 621 625 628 630 632 634 637 640 644 647 650 655 662 666 670 673 674 675 678 681 684 686 690 694 696 700 701 709 713 714 716 719 723 725 732 736 738 
214 226 240 252 265 266 273 281 289 291 296 298 302 310 318 328 329 336 337 339 343 348 352 353 358 360 362 364 369 374 375 380 384 392 395 404 408 411 412 417 419 424 425 428 432 439 440 446 448 453 455 460 463 467 471 475 476 481 484 489 492 495 499 503 505 509 515 518 519 523 529 533 535 537 541 542 547 550 554 555 558 559 565 567 568 575 577 578 586 589 592 596 598 601 607 610 614 616 618 621 624 626 629 634 637 640 641 644 646 649 653 659 663 667 671 677 681 684 685 688 692 695 698 701 702 703 704 711 715 716 719 720 727 731 735 740 743 
216 230 244 255 267 271 274 283 291 295 300 301 306 313 320 332 333 339 342 344 347 350 355 359 360 361 366 369 372 377 379 382 388 394 396 407 410 412 415 419 420 427 428 429 434 441 442 447 452 455 458 462 467 469 475 476 477 483 487 492 495 499 501 505 509 512 519 520 523 525 530 536 539 542 545 546 551 552 557 559 560 563 568 569 572 578 579 580 587 593 594 600 602 603 609 614 618 620 624 628 630 634 636 637 640 641 644 645 649 653 654 660 667 671 675 680 684 688 691 695 696 698 702 705 706 710 712 716 719 721 722 723 729 732 737 741 746 
217 234 245 256 270 273 278 286 294 297 303 305 309 314 322 335 339 342 345 346 348 353 358 363 366 370 373 374 377 380 382 386 392 398 399 408 411 413 419 420 422 430 431 435 437 443 444 451 455 457 459 466 470 473 476 477 478 487 491 493 497 502 505 507 511 515 520 522 525 527 531 538 541 545 549 551 552 556 558 562 566 569 573 575 578 582 583 584 591 594 596 601 603 607 613 617 619 624 626 631 635 638 639 640 642 646 647 650 654 656 658 664 669 673 676 682 688 692 694 697 698 699 704 708 711 713 716 717 722 725 727 730 732 734 738 745 750 
218 235 247 259 271 276 281 287 298 299 305 307 313 316 325 337 341 343 348 351 352 357 362 366 370 373 375 379 383 385 387 388 396 401 403 409 413 416 422 425 428 433 434 438 439 444 447 453 459 460 461 469 474 477 480 483 485 488 493 495 500 503 507 511 514 518 521 526 527 528 535 542 545 547 550 554 557 560 561 565 567 570 575 577 582 585 589 592 594 598 599 605 607 608 615 619 621 628 629 635 638 642 644 648 652 653 657 660 663 666 670 672 676 679 681 683 690 693 698 699 701 703 706 712 713 715 717 718 726 729 731 735 739 741 745 747 751 
220 238 248 263 274 278 282 290 301 304 307 310 314 319 329 340 342 347 350 352 353 358 364 368 372 375 377 381 387 389 391 393 397 405 409 412 416 417 425 429 430 435 436 442 444 447 450 457 461 462 464 473 475 481 482 486 488 489 496 498 504 505 509 514 517 522 523 528 530 532 538 543 549 551 553 558 560 562 563 569 571 575 576 580 585 587 593 595 597 601 605 609 610 611 616 621 625 631 632 637 641 643 648 650 653 656 658 661 665 670 672 674 680 681 684 686 693 694 702 703 705 707 709 715 719 720 721 722 730 733 736 737 743 745 746 751 755 
224 239 252 266 276 282 283 294 303 308 309 313 318 322 330 342 343 349 354 356 360 363 366 372 374 376 381 384 391 394 398 400 402 407 413 416 419 422 429 430 433 437 439 445 446 450 452 458 462 464 465 476 480 484 486 488 492 494 497 501 505 506 512 518 522 525 526 532 535 537 541 546 552 556 557 560 562 563 567 571 574 576 580 582 587 591 596 598 602 603 609 612 616 617 620 625 628 635 636 639 645 647 649 651 655 659 661 665 669 671 674 678 681 682 688 690 696 698 704 705 709 711 712 719 722 723 724 726 734 736 739 742 744 748 752 756 758 
227 242 253 270 277 285 288 297 307 310 311 316 319 323 334 346 347 350 356 360 364 367 368 373 377 379 383 388 395 396 399 402 403 409 416 420 423 425 432 433 435 439 441 449 452 455 457 459 466 468 472 479 484 486 490 493 497 500 502 503 508 511 513 520 526 530 531 536 538 542 545 548 556 558 561 564 568 569 572 573 575 577 583 584 589 593 600 601 605 606 610 615 618 622 626 630 631 638 640 644 649 650 653 656 657 660 664 667 670 675 678 681 683 685 692 693 697 700 706 710 712 716 719 721 725 726 727 729 738 742 745 746 748 750 753 757 759 
230 245 254 272 280 287 292 301 310 313 316 317 320 327 336 347 351 353 357 363 367 370 373 376 378 383 386 392 396 397 403 404 405 411 417 422 427 429 436 438 439 440 442 450 454 457 461 464 468 469 474 483 487 488 491 497 499 501 503 507 509 512 514 521 530 534 537 541 542 544 546 549 558 560 564 566 572 573 575 576 578 581 586 587 590 596 604 605 608 610 614 617 622 623 627 633 635 641 645 646 651 655 656 658 662 663 667 669 672 678 680 683 685 689 696 699 701 704 710 713 717 718 721 725 728 730 731 735 741 744 746 748 752 753 757 761 762 
233 249 257 274 282 289 293 305 312 315 319 320 321 331 340 351 352 355 361 365 369 374 377 378 379 387 389 396 397 399 407 410 413 416 420 425 429 430 438 441 442 444 446 454 456 458 465 469 471 474 476 485 491 495 499 501 504 507 509 510 512 513 516 523 534 535 539 543 544 546 550 552 561 564 565 568 574 576 578 581 585 586 587 588 592 598 608 610 611 615 616 619 623 626 629 635 636 642 646 648 654 658 659 660 665 668 670 671 675 682 686 690 694 698 701 705 709 711 712 715 720 724 728 731 733 735 736 737 743 745 747 749 754 757 759 764 765 
236 253 261 277 284 293 297 308 315 319 321 325 326 335 343 355 359 362 366 367 371 375 381 385 386 388 393 398 400 401 410 411 415 418 421 429 433 435 439 444 447 451 455 457 458 460 467 470 475 477 478 487 492 499 502 506 507 509 513 514 516 517 521 524 537 540 542 547 550 551 555 556 564 567 569 570 577 578 581 585 586 587 590 592 594 600 609 614 617 618 620 623 624 628 630 638 640 646 648 649 655 660 661 664 668 670 674 675 677 684 689 692 695 700 702 708 710 715 718 721 723 725 729 734 738 739 740 743 746 748 750 751 755 761 765 769 771 
240 255 265 280 286 295 300 309 319 323 324 326 330 337 347 357 363 366 368 369 375 378 383 387 388 390 394 401 402 406 413 416 419 423 427 432 435 436 441 447 450 454 458 462 466 469 472 476 480 484 488 492 494 501 504 507 508 512 515 518 522 525 526 529 539 544 545 549 552 555 559 562 568 572 574 577 579 583 585 589 590 594 596 597 598 602 610 617 618 621 623 626 627 632 634 642 646 648 650 653 658 663 664 668 672 676 678 681 685 689 691 693 696 703 704 712 713 716 720 723 725 729 730 736 741 745 748 752 756 757 758 762 765 766 769 770 775 
242 258 267 283 290 297 304 311 321 327 331 335 337 341 350 358 367 369 371 372 377 379 387 389 393 396 398 402 406 410 415 418 422 425 428 433 437 441 445 450 454 457 462 464 469 470 474 477 481 486 489 494 496 503 505 509 511 515 517 522 526 529 533 536 543 545 546 551 556 558 561 563 572 573 578 580 582 586 588 593 594 595 598 599 600 605 611 618 619 622 626 629 633 635 639 646 649 650 654 655 659 666 668 669 675 680 683 687 691 695 697 699 701 704 705 715 718 721 725 729 733 736 739 741 742 746 749 755 759 760 761 765 769 771 773 777 779 
244 262 269 287 292 301 307 314 325 331 333 338 339 343 354 360 368 373 377 378 380 383 391 392 395 397 400 406 408 411 418 421 425 427 430 435 438 443 448 451 458 461 466 469 473 475 476 480 485 490 494 495 500 506 510 514 516 518 522 523 527 533 534 538 544 547 548 552 558 560 564 568 576 580 581 582 583 590 592 594 597 600 601 603 607 610 614 619 621 624 628 630 636 638 643 647 653 657 660 662 663 669 670 671 676 682 687 690 693 697 701 704 707 711 712 716 722 723 729 733 737 740 743 746 749 752 753 756 761 763 765 766 773 777 778 779 781 
246 264 272 289 295 304 311 317 327 332 336 342 344 346 355 361 372 375 380 383 384 386 395 396 397 400 401 410 412 416 420 423 428 430 434 438 441 445 451 455 460 463 470 473 477 478 480 482 487 492 498 501 504 509 513 517 521 523 524 525 530 535 536 540 545 548 549 554 562 565 568 571 579 583 587 590 591 593 595 598 599 601 604 606 608 611 618 620 623 626 630 633 638 642 647 651 654 658 664 666 668 672 676 678 680 686 690 693 697 701 703 705 709 714 718 720 726 730 734 736 740 742 744 748 753 756 759 761 762 765 769 770 775 778 780 781 783 
249 267 276 291 299 308 312 319 329 333 338 345 347 349 358 365 375 377 384 388 390 391 397 400 404 408 411 414 417 421 424 426 432 435 436 439 443 446 452 456 461 467 472 476 481 484 485 486 488 495 501 504 506 513 516 519 523 524 525 527 533 538 540 542 549 551 552 555 564 567 569 572 583 586 590 591 594 595 599 600 604 605 609 610 612 616 621 625 626 630 632 634 640 646 648 653 656 661 668 671 674 677 681 683 684 688 693 696 698 702 704 708 712 715 721 722 730 731 736 739 744 745 748 750 756 759 761 762 765 768 771 775 777 782 786 788 790 
252 268 279 292 301 310 314 320 333 335 339 349 352 355 361 368 379 383 385 389 394 395 400 401 408 411 415 419 422 425 428 430 435 436 439 443 447 450 456 460 463 471 474 477 482 486 487 491 494 496 502 506 509 514 517 521 527 528 532 535 537 541 544 547 551 553 556 560 567 569 571 576 586 590 594 596 600 602 605 607 611 613 616 618 620 623 624 628 632 635 637 639 644 650 654 658 660 664 672 673 677 678 683 687 688 689 694 697 701 704 708 709 716 717 722 723 733 734 739 743 745 747 749 751 760 763 767 770 774 777 781 784 786 790 793 795 796 
256 272 283 295 303 313 318 322 335 337 340 351 354 357 364 369 382 386 389 392 398 399 402 405 410 413 418 420 424 426 432 434 439 442 444 446 449 453 457 464 466 474 478 482 486 490 493 495 499 501 505 507 512 517 520 523 530 533 535 539 543 545 546 551 553 554 560 564 569 573 575 577 590 593 598 602 604 605 609 610 613 615 620 622 626 628 629 633 637 639 642 644 648 652 656 661 664 668 675 677 678 682 687 689 692 696 699 701 704 705 711 712 718 721 726 728 734 736 740 744 748 750 754 757 763 766 770 771 775 780 785 789 791 795 799 800 801 
260 275 287 298 306 314 321 326 336 341 345 355 357 358 368 372 384 389 391 395 402 405 409 413 417 419 421 422 426 429 436 440 441 446 447 450 453 455 460 466 468 478 481 486 490 493 497 499 502 505 509 513 517 520 522 526 533 535 537 543 544 547 549 552 557 561 562 565 571 577 578 580 594 597 602 603 606 609 612 615 616 620 624 628 629 633 637 640 643 647 649 651 654 658 662 665 667 670 678 682 686 690 691 693 697 701 702 704 707 708 714 717 722 724 729 730 735 740 741 748 752 756 757 759 766 769 773 776 778 783 789 792 794 796 801 803 805 
261 279 291 300 309 316 323 330 338 344 346 359 360 362 369 376 386 392 395 398 404 406 411 414 420 423 425 426 429 431 440 441 445 447 451 453 454 457 462 470 473 481 483 490 493 497 501 503 507 510 512 514 518 522 523 529 534 538 539 546 550 553 557 559 562 565 569 573 574 581 582 585 597 601 606 607 610 612 614 616 618 621 625 630 631 635 638 643 647 651 654 657 660 664 666 668 671 672 679 686 688 693 695 699 701 703 707 710 712 715 716 720 724 725 733 734 738 741 745 752 754 757 759 760 767 773 774 777 781 786 790 796 800 802 805 809 810 
265 283 295 304 310 320 324 334 341 346 347 360 362 365 373 379 387 396 400 401 408 409 415 418 421 427 430 434 438 442 444 448 450 454 458 460 462 466 470 474 478 482 487 492 497 500 503 507 511 513 515 519 521 525 526 532 537 541 544 549 553 557 559 562 564 567 573 575 579 584 586 588 598 603 609 610 611 614 617 620 624 626 630 631 635 637 639 647 650 653 655 658 664 666 667 672 674 676 683 690 693 695 696 701 705 708 709 712 715 717 720 724 728 731 737 738 739 742 748 756 758 760 762 766 770 777 778 780 784 787 793 798 803 807 811 813 816 
269 287 299 307 311 323 326 337 342 348 349 364 367 371 377 383 388 397 402 405 409 412 418 422 426 428 432 438 442 443 445 450 453 458 461 462 463 470 473 475 482 486 491 496 501 504 505 509 513 514 517 520 523 528 530 536 540 543 545 553 556 558 560 566 569 573 576 579 582 585 589 591 602 606 612 613 614 618 621 622 626 628 633 636 637 638 642 648 653 656 660 661 666 668 671 676 677 681 687 694 697 701 702 706 708 712 713 714 717 721 725 728 731 735 741 745 749 753 754 757 762 764 766 769 771 781 783 787 788 789 796 801 806 808 813 817 821 
272 289 303 310 315 325 330 341 345 352 355 367 370 372 379 387 389 400 403 406 410 413 422 423 428 432 434 441 443 445 447 451 456 459 462 464 467 472 475 479 484 489 492 500 503 506 510 513 517 518 519 523 524 529 531 537 542 545 548 556 559 562 564 569 570 575 580 582 586 590 592 594 606 608 613 615 617 621 625 628 629 630 636 637 639 640 644 652 654 659 664 666 667 669 673 680 684 685 688 695 700 703 704 710 712 714 718 721 722 724 729 733 736 737 745 749 753 755 758 760 763 768 771 775 779 783 785 790 794 798 802 803 810 811 814 820 824 
274 291 305 312 316 326 334 343 347 353 359 370 372 375 383 388 392 403 405 410 411 414 423 426 430 434 436 444 448 451 453 456 459 460 466 467 470 473 478 480 485 491 496 501 504 509 514 517 518 520 523 526 529 532 533 540 546 547 549 557 562 565 566 573 574 577 581 586 588 592 596 597 607 610 617 620 621 622 627 632 636 638 641 642 646 650 654 656 660 664 666 668 669 671 674 681 688 692 695 699 701 706 707 711 714 718 719 724 727 728 733 735 740 744 746 753 754 758 759 764 768 769 772 779 783 787 791 793 796 802 804 807 811 812 815 823 825 
278 292 309 315 317 328 338 344 351 355 362 372 373 378 387 391 393 404 408 411 413 416 427 430 433 437 438 445 449 455 457 459 461 462 467 470 473 477 480 481 486 494 500 503 507 511 516 520 524 525 527 528 530 536 537 543 549 550 551 561 565 568 571 576 578 579 582 589 591 596 600 602 610 614 621 622 624 627 630 634 640 643 647 651 653 655 657 661 663 665 667 671 672 674 678 683 692 695 696 701 704 709 712 716 720 721 722 726 731 732 736 737 741 747 749 756 758 761 765 767 771 775 779 781 784 789 794 795 800 804 807 811 812 813 816 825 826 
281 294 313 318 320 330 341 345 355 358 363 375 379 382 391 394 398 405 411 412 417 420 428 431 434 438 441 448 452 457 458 463 465 467 471 475 479 483 485 486 489 498 504 507 508 513 519 521 525 528 530 531 534 537 541 546 550 552 554 565 566 569 573 580 581 582 586 591 592 598 602 603 614 617 625 628 630 634 636 638 644 646 651 652 655 658 662 665 669 672 676 680 682 685 686 690 693 698 702 706 707 711 714 720 721 725 729 733 734 737 740 744 747 748 750 758 762 763 766 771 775 776 781 783 786 791 796 797 802 807 809 814 818 819 823 826 829 
283 297 316 322 323 334 345 349 359 362 367 379 382 386 394 398 399 408 415 416 421 422 429 433 438 440 445 449 455 460 462 465 468 472 474 478 480 487 490 492 495 499 506 508 510 516 522 525 526 531 532 536 538 542 546 549 553 555 559 566 567 571 576 582 584 586 589 593 595 601 606 607 616 619 627 632 633 638 640 642 645 649 652 655 656 660 664 669 673 676 677 683 685 686 688 691 697 699 706 708 710 714 718 724 728 731 733 735 739 740 744 748 750 751 755 762 765 766 767 774 776 780 784 786 789 792 797 799 805 810 811 818 820 822 825 830 833 
287 301 317 326 329 336 349 352 362 365 371 380 386 389 397 402 405 411 419 420 422 424 431 434 439 443 449 450 459 462 464 469 471 474 475 480 484 490 494 498 501 505 510 513 517 521 523 526 530 532 535 537 539 546 548 553 556 557 562 569 571 575 579 584 587 590 591 596 600 603 607 609 617 620 629 634 636 639 641 644 647 653 655 658 662 665 668 670 674 680 684 688 689 693 695 698 702 704 707 712 716 719 721 727 729 735 738 739 741 742 747 749 752 756 759 763 769 771 773 778 781 783 787 788 791 796 800 804 806 812 815 821 824 825 829 834 837 
289 303 321 329 330 338 350 356 366 370 373 381 390 393 401 406 407 415 423 427 430 432 433 436 443 446 453 454 460 463 468 472 476 477 479 481 487 491 495 501 504 509 513 514 520 523 525 528 531 536 540 541 544 549 553 554 558 562 563 573 574 577 580 587 591 593 594 600 604 607 609 611 621 625 633 637 638 643 647 649 653 654 658 662 665 667 672 675 676 684 687 692 693 696 700 701 703 707 708 715 718 723 724 729 733 739 741 742 746 749 751 754 758 760 763 767 770 775 777 781 783 786 789 791 793 799 803 805 808 814 816 825 829 831 833 837 841 
293 306 322 333 334 340 351 360 367 372 375 383 392 397 402 407 411 418 426 431 433 435 436 438 444 447 455 459 461 466 469 473 477 479 482 485 488 493 499 503 507 513 517 518 524 525 526 531 533 538 544 545 546 553 555 559 562 563 565 574 578 579 581 590 594 595 597 602 607 610 611 615 622 627 634 639 643 645 649 651 655 658 662 663 668 671 676 679 682 686 688 693 694 700 701 703 706 710 711 718 721 727 729 731 734 741 742 743 747 751 755 758 759 761 766 770 771 778 780 784 788 789 793 797 799 801 805 808 809 818 820 829 830 833 836 841 844 
294 309 323 335 338 341 355 363 370 375 379 384 396 399 403 408 412 419 430 435 437 438 442 444 445 450 457 460 465 468 471 474 481 482 483 488 489 496 500 506 509 514 521 523 526 527 528 535 536 541 545 546 549 557 561 565 566 568 571 578 582 586 587 592 597 601 602 604 611 613 614 617 626 630 636 643 646 649 650 652 656 662 666 670 673 676 679 683 685 689 690 696 699 701 702 707 711 714 716 722 723 731 733 737 739 745 748 752 754 755 758 761 764 768 772 773 776 781 782 787 790 792 795 800 801 802 809 813 814 821 825 830 831 834 839 842 846 
295 310 326 336 342 344 358 364 371 376 382 388 398 402 405 409 415 423 434 439 443 447 451 453 454 458 462 464 466 469 474 478 485 489 492 494 497 501 502 509 513 518 523 527 529 533 535 536 538 544 546 550 553 558 565 567 568 571 573 581 584 590 591 593 601 602 604 607 615 617 618 622 628 631 638 645 650 654 656 659 661 663 670 672 675 677 683 685 688 690 694 697 703 707 711 713 716 719 723 726 727 733 737 741 745 748 749 756 760 762 764 767 770 773 775 777 781 785 789 791 792 796 799 803 805 807 813 815 818 824 829 833 836 840 844 845 848 
298 311 327 339 345 347 360 368 372 380 383 389 401 406 410 411 416 427 437 442 445 450 455 457 461 462 464 467 469 473 475 481 486 491 496 499 500 502 506 513 514 519 527 530 533 536 538 541 544 545 548 552 556 561 566 569 570 574 576 583 588 594 596 600 605 608 610 613 618 622 626 629 632 634 640 648 652 656 657 663 667 671 675 677 681 683 687 691 695 696 699 702 704 709 712 716 717 720 726 727 731 736 740 742 746 751 755 759 763 764 765 771 775 779 780 784 785 788 791 795 797 799 801 805 809 813 815 817 819 827 833 837 841 843 847 849 850 
299 315 330 342 346 349 363 372 374 383 384 392 404 407 413 414 420 430 438 446 450 453 457 461 463 466 469 472 475 478 480 485 490 492 497 503 506 507 509 517 519 523 530 532 534 539 542 544 545 546 551 553 557 564 569 570 573 575 577 586 590 598 600 602 607 609 613 616 620 623 629 632 633 636 644 652 653 658 662 664 668 675 679 680 683 686 691 695 696 697 702 706 709 713 714 719 723 727 730 731 735 739 744 747 749 755 758 763 767 771 772 776 779 781 784 787 789 790 795 799 802 805 809 813 816 819 821 825 827 831 837 838 843 846 850 853 855 
301 318 331 344 347 352 365 375 379 384 385 396 407 408 417 421 423 431 441 450 453 454 460 463 464 467 472 473 476 482 485 486 493 496 498 506 510 511 514 519 521 527 532 536 540 543 545 549 550 551 554 558 562 566 572 576 580 581 584 590 593 600 602 605 609 613 615 620 624 627 631 635 638 639 645 654 658 661 666 668 670 678 682 686 688 691 693 698 700 701 705 707 712 716 720 721 724 728 732 733 737 743 748 752 756 758 761 766 770 774 778 781 783 786 790 793 794 795 799 803 804 809 813 814 819 820 822 826 828 834 838 839 845 849 851 854 857 
302 322 333 346 349 354 367 377 381 385 389 399 409 412 419 424 425 434 443 454 457 459 462 465 468 472 475 479 482 483 489 490 497 499 501 508 511 513 518 521 522 528 535 539 542 545 547 553 554 558 559 562 566 569 575 577 583 585 587 594 596 601 604 609 611 615 616 623 628 630 632 638 640 643 647 655 662 665 669 671 674 679 684 689 693 697 699 702 704 707 710 713 715 719 721 722 726 730 734 735 740 746 750 753 760 761 764 767 773 777 781 785 787 790 791 794 795 799 800 807 810 814 817 818 820 824 826 827 832 838 840 843 849 853 854 858 859 
304 323 336 347 353 357 369 378 382 387 392 402 411 416 420 427 431 436 445 455 461 463 465 466 472 474 476 483 485 486 490 493 500 501 505 510 514 517 522 524 526 532 539 541 545 549 550 557 561 562 566 568 571 575 579 581 587 588 591 598 600 603 607 611 615 616 620 624 632 634 637 640 642 647 648 659 664 669 673 677 680 684 686 691 696 699 703 704 707 711 713 717 719 723 725 726 728 734 736 739 743 749 754 755 761 763 765 771 775 780 783 789 792 795 799 800 804 807 811 815 816 817 818 822 824 826 827 829 835 840 842 846 850 855 858 860 863 
308 325 339 351 357 359 373 379 384 390 395 406 412 418 422 429 435 440 449 459 463 465 468 472 475 478 481 487 488 492 494 496 501 504 509 511 516 521 525 529 533 535 540 544 549 551 552 561 562 565 569 573 577 581 585 588 589 592 594 599 604 605 609 615 619 621 624 626 636 638 640 641 643 649 653 661 667 670 676 681 684 686 688 693 697 703 707 708 711 712 714 719 722 724 727 731 733 738 741 744 746 752 758 760 762 765 767 772 778 781 787 790 794 796 803 806 808 812 816 819 822 825 829 832 834 837 840 843 845 847 849 852 856 859 862 865 867 
309 329 343 353 360 361 374 380 385 393 397 409 415 421 423 433 437 442 450 462 464 468 472 476 477 480 482 491 493 497 500 502 503 506 513 517 518 525 526 530 535 536 541 548 550 552 553 564 567 568 571 576 578 584 589 591 592 595 597 603 605 607 611 618 622 626 630 633 637 639 641 645 646 651 657 663 669 673 680 683 685 690 694 698 699 707 711 712 715 719 722 724 728 732 735 737 740 741 744 747 750 756 761 762 763 768 769 773 780 782 788 791 795 799 806 808 812 816 817 823 826 827 831 835 836 838 841 845 847 851 854 855 860 862 866 870 871 
312 330 347 357 364 367 377 381 387 396 400 411 417 424 425 435 440 443 454 466 468 470 473 479 482 484 487 494 497 501 505 507 511 515 516 519 521 529 530 534 538 542 545 552 556 557 559 567 570 572 573 577 582 588 590 592 593 596 599 606 608 611 612 622 624 630 633 636 639 642 643 647 650 654 660 667 671 674 681 687 690 693 695 699 703 709 715 716 719 723 725 726 732 735 736 741 743 746 747 748 751 760 765 767 770 771 773 774 782 784 790 795 798 803 809 813 815 819 823 827 828 830 834 838 842 845 849 852 856 857 860 863 866 868 872 873 875 
316 331 349 360 365 368 380 382 388 397 402 415 421 428 431 436 441 446 455 467 472 474 478 481 485 486 488 497 499 505 507 508 514 518 520 521 523 532 536 539 541 546 550 555 560 563 567 571 575 579 581 583 586 589 591 596 599 601 602 607 609 613 614 623 626 632 634 638 643 645 647 648 654 658 663 671 673 676 683 688 693 694 699 700 707 711 717 720 724 727 728 729 734 738 740 744 746 749 752 755 759 762 768 769 771 772 774 777 783 788 794 799 800 807 811 814 818 821 827 829 832 834 836 839 843 846 853 855 859 863 864 867 871 873 876 877 880 
319 332 353 364 367 370 381 383 391 400 405 418 422 431 435 439 444 448 456 468 473 476 479 485 487 489 492 499 501 508 509 511 515 520 523 526 527 534 537 543 547 551 555 557 561 564 571 574 577 583 585 587 591 595 598 602 603 607 608 612 615 617 618 625 627 635 639 640 646 650 653 655 656 661 665 675 678 682 685 689 694 696 702 704 711 714 719 721 726 728 729 730 735 739 741 745 749 750 756 760 764 766 771 772 773 777 778 782 787 791 798 803 804 809 814 817 819 825 831 833 836 839 843 844 845 847 855 857 860 867 871 874 878 882 883 884 888 
322 334 357 365 368 372 382 387 394 404 406 421 425 433 438 443 446 451 457 471 477 481 485 487 488 492 494 503 505 509 511 515 516 522 524 529 533 537 540 545 548 554 556 558 565 568 575 578 579 587 588 589 593 596 602 604 605 609 611 616 619 623 626 630 634 639 642 645 647 654 657 659 661 664 666 679 683 684 686 690 698 699 705 709 714 715 720 724 730 734 735 737 740 744 748 752 754 757 761 764 768 770 772 776 777 781 782 786 789 794 802 805 809 812 818 819 820 828 833 835 837 842 845 849 850 853 857 861 865 870 873 877 881 885 889 890 891 
324 338 361 366 371 373 386 391 395 405 408 422 428 435 440 446 447 453 461 472 480 485 489 493 495 498 499 504 509 513 516 517 518 526 530 532 536 539 542 548 551 556 559 563 566 570 578 582 586 588 592 596 599 601 603 606 607 611 615 619 621 627 628 634 638 640 643 647 651 656 660 663 667 670 673 680 687 690 693 696 700 702 707 712 718 719 721 727 734 737 740 744 748 751 752 755 757 758 762 766 772 773 774 779 780 783 786 790 794 796 806 810 814 815 821 823 824 830 835 836 840 846 847 850 853 857 860 863 866 871 877 881 882 889 890 893 897 
326 340 362 368 375 376 388 394 396 407 410 426 429 437 441 449 451 456 465 476 483 487 492 497 498 502 504 508 513 514 520 523 527 531 534 537 540 542 544 549 555 559 563 566 570 572 581 584 589 590 596 597 603 606 608 610 613 615 616 620 622 630 634 635 641 645 648 652 654 660 661 665 669 674 676 682 689 691 697 700 701 706 710 713 719 723 724 730 735 739 741 745 752 754 756 759 762 765 767 768 776 778 780 783 787 788 790 791 797 799 808 814 816 817 824 825 826 832 839 841 845 848 849 853 855 859 861 864 867 873 879 884 888 893 895 897 898 
328 342 366 371 377 380 390 397 399 408 411 429 433 438 444 452 456 457 469 477 485 488 496 500 502 503 508 509 515 517 522 525 528 535 536 540 543 544 546 550 559 562 565 568 572 576 583 586 592 595 599 601 606 607 610 613 614 617 618 622 626 633 636 639 642 647 651 655 658 664 668 669 673 676 677 684 693 697 698 704 708 709 711 717 723 724 728 734 738 743 745 746 753 757 760 762 764 769 771 773 777 782 786 789 792 796 800 803 807 810 811 816 820 823 826 829 831 835 842 843 848 852 854 855 857 862 863 868 872 876 881 886 891 894 896 899 902 
331 344 369 373 378 383 391 401 403 410 415 431 436 442 447 454 460 461 473 478 489 492 500 503 505 509 513 516 517 520 525 529 531 538 540 543 544 546 550 553 563 565 568 569 573 578 584 590 595 596 603 607 608 610 614 615 619 622 624 626 629 635 640 643 646 650 655 659 663 666 669 670 677 678 682 686 696 698 701 707 709 711 713 719 727 729 730 735 740 746 748 752 757 759 762 763 767 771 774 778 781 783 790 793 796 800 801 806 809 812 813 819 821 824 829 831 835 839 845 847 852 855 856 858 860 863 866 869 875 877 884 888 892 896 900 901 905 
335 345 372 375 379 384 393 403 405 412 417 434 440 445 448 455 462 464 475 482 492 494 501 507 510 511 515 517 520 522 527 533 537 542 544 547 551 553 555 559 564 567 571 573 574 582 588 593 597 601 605 610 612 613 617 620 623 624 626 627 630 639 643 647 649 652 659 661 666 668 670 673 678 681 683 688 700 703 705 709 712 713 714 722 729 730 733 736 744 750 753 754 758 762 763 764 770 774 776 779 784 788 793 796 800 803 804 809 810 814 816 821 822 828 831 834 838 843 849 852 854 858 862 863 865 869 872 876 878 882 888 890 896 897 901 905 907 
337 348 376 380 381 387 396 405 408 415 421 437 443 447 451 457 465 467 476 483 493 497 502 511 515 516 518 519 523 524 530 535 541 546 547 548 554 555 556 562 566 569 574 578 579 583 591 597 599 604 608 612 616 617 621 625 627 629 632 635 638 643 645 648 651 656 662 666 667 672 676 677 680 685 686 691 704 705 706 711 715 719 721 725 732 735 736 737 748 752 755 758 760 765 767 770 771 775 777 781 786 792 794 797 804 808 809 813 815 817 820 824 825 832 835 838 841 845 850 855 858 860 863 867 868 870 875 877 882 886 891 893 897 901 902 906 909 
340 352 377 383 386 390 398 408 409 417 425 438 444 449 452 461 468 469 477 484 495 501 503 513 518 519 520 524 528 530 531 536 542 549 551 555 558 562 566 568 570 572 575 581 582 587 595 601 604 605 611 616 620 622 624 627 628 630 634 639 643 647 651 654 657 658 665 669 670 676 677 678 682 686 690 693 705 706 707 714 716 722 724 729 736 737 738 741 752 753 756 760 761 767 771 772 774 777 778 785 790 794 796 800 807 810 811 817 819 822 823 828 832 834 837 839 843 847 853 856 862 863 866 871 872 875 879 881 884 887 895 897 900 903 904 909 913 
341 356 381 384 389 394 401 409 412 419 427 441 445 452 455 462 472 473 479 487 498 504 506 516 520 524 526 530 532 536 540 541 544 551 552 559 562 563 570 574 578 581 582 585 586 588 599 603 608 611 613 619 621 625 628 631 634 636 640 643 647 650 653 657 659 663 668 672 675 677 680 684 685 690 692 695 708 711 713 715 719 724 725 732 739 741 745 749 753 755 760 761 765 768 774 777 780 782 785 789 794 796 798 803 811 814 815 819 823 824 828 830 835 837 838 840 845 849 856 859 865 867 869 875 877 880 881 885 889 890 898 901 903 906 910 913 916 
