2 6 10 13 16 17 21 24 26 28 31 32 35 36 39 40 41 43 45 49 51 52 55 57 61 65 69 72 73 74 75 77 78 82 86 87 88 92 94 97 99 101 104 106 107 110 113 117 119 120 121 122 126 127 129 131 135 138 141 142 145 147 148 151 152 154 156 158 161 165 169 170 174 177 181 182 185 189 190 192 195 197 200 201 202 206 208 211 213 215 216 218 219 221 222 226 228 230 232 235 238 240 244 246 250 253 256 258 
4 10 13 14 18 19 23 25 29 33 37 40 44 48 52 53 55 57 59 63 67 70 72 74 77 79 83 86 89 91 94 95 99 103 105 106 109 111 112 113 115 119 121 124 127 130 131 132 135 138 141 144 147 148 151 153 157 158 162 166 169 172 175 177 180 181 184 186 189 191 194 197 201 204 207 208 209 212 213 216 218 221 225 226 229 232 233 234 238 242 246 247 250 252 256 258 259 261 262 263 265 268 271 273 277 280 283 284 
5 13 17 18 22 24 27 28 32 35 38 44 47 50 56 60 64 68 71 73 75 78 82 86 89 92 94 95 98 99 101 104 108 112 116 117 120 123 124 125 127 131 132 135 139 142 144 146 148 149 150 152 153 156 158 160 164 168 172 173 176 177 178 180 184 185 186 188 191 194 195 201 203 206 210 213 214 216 219 221 225 227 231 234 238 242 246 250 254 256 257 259 262 265 266 268 270 272 274 277 280 284 286 288 291 292 296 300 
9 14 21 22 23 27 28 29 36 39 42 46 50 52 57 63 68 69 72 76 79 83 85 89 91 94 97 100 103 104 106 107 112 113 117 118 122 125 129 132 134 136 139 140 141 146 148 151 153 157 160 163 167 171 172 174 175 177 179 181 182 185 188 192 194 198 201 204 206 210 213 214 217 219 222 224 226 227 230 231 234 238 241 245 248 250 252 253 257 259 260 262 263 267 269 270 272 276 280 281 284 286 288 290 292 296 300 304 
12 18 24 28 29 31 32 34 40 44 45 49 51 56 58 64 70 74 76 77 80 87 88 91 94 95 100 104 108 109 111 113 115 117 120 122 125 126 132 134 135 137 142 146 147 150 153 156 158 160 162 164 169 173 175 178 182 185 189 191 193 195 198 200 204 205 206 209 211 212 215 216 220 224 228 231 232 234 237 241 243 246 250 254 257 261 262 264 266 269 273 275 278 279 280 284 288 290 294 296 298 302 303 307 311 314 316 317 
13 21 25 29 32 33 35 36 42 47 49 51 52 60 61 66 74 78 79 81 84 91 93 95 99 100 102 105 111 115 119 122 124 127 128 130 133 135 136 140 143 145 148 151 155 159 163 166 167 170 171 175 179 180 181 182 183 189 190 194 198 200 202 204 207 208 212 216 218 219 222 224 226 227 230 232 234 235 239 244 245 250 254 258 260 263 267 268 271 274 276 278 282 284 288 292 293 296 298 301 302 304 308 311 313 318 321 324 
16 23 29 32 34 37 40 42 44 50 53 56 60 62 66 68 76 81 84 86 89 95 98 102 105 109 110 111 114 118 123 126 129 132 134 137 141 144 145 149 153 156 158 162 165 166 170 173 175 176 180 183 186 190 194 197 201 204 208 212 213 217 218 220 222 224 227 231 232 233 234 236 239 243 244 247 251 255 257 260 261 262 265 266 268 269 273 274 277 281 285 286 290 293 296 297 301 305 306 310 311 315 316 320 322 325 328 332 
20 26 31 33 36 38 44 45 47 53 54 59 62 65 68 72 77 85 86 88 90 98 101 104 108 113 114 115 119 122 124 129 132 134 135 139 145 146 149 152 154 160 162 163 169 171 175 176 179 182 183 186 188 192 196 200 202 207 210 213 214 218 222 225 229 232 236 238 242 246 250 252 254 256 260 261 262 265 269 270 273 277 280 282 286 287 289 291 294 295 298 301 305 309 313 316 317 319 322 323 324 325 329 331 335 336 338 340 
22 28 35 38 42 45 48 51 53 55 56 61 63 69 70 75 79 89 91 95 99 102 105 106 109 117 118 120 121 124 126 132 133 137 140 141 147 150 154 158 160 162 166 168 173 177 180 184 187 190 193 194 198 202 203 205 207 210 214 216 217 219 225 229 233 237 238 242 244 249 252 255 257 259 261 264 266 267 272 274 276 279 284 286 287 291 294 298 299 303 306 307 308 310 316 319 322 324 326 328 329 330 333 335 337 338 342 344 
24 32 36 42 43 46 51 54 55 57 59 62 67 72 74 79 83 93 97 98 102 104 107 110 111 120 123 125 129 130 134 136 139 143 144 148 150 154 157 162 163 167 171 172 176 181 184 186 191 194 197 198 202 204 205 208 212 215 217 220 221 222 227 232 236 241 243 246 249 250 255 258 259 261 264 267 271 274 278 279 282 285 287 288 292 296 300 304 308 310 312 313 316 319 323 326 327 328 329 331 334 335 338 339 342 343 346 350 
28 35 37 44 45 48 54 58 59 60 62 65 71 76 80 82 84 94 99 102 104 108 110 111 114 123 124 127 133 135 137 141 142 144 148 151 152 156 160 164 166 169 174 175 178 185 187 189 195 197 200 204 205 209 210 214 218 219 223 226 228 230 232 236 239 243 247 251 253 257 260 261 262 263 265 269 272 276 279 280 284 286 289 290 293 299 301 305 311 312 316 320 323 327 330 332 335 339 343 345 346 350 354 357 360 362 366 368 
32 39 42 45 49 51 57 61 62 63 65 66 72 79 82 84 86 98 102 105 108 112 116 118 120 127 129 130 136 137 138 144 146 148 152 155 159 162 164 167 171 172 178 179 181 188 190 194 197 199 204 207 209 213 214 215 219 220 226 230 231 235 237 238 243 244 248 252 254 260 264 265 267 270 272 276 279 281 285 286 290 291 293 295 299 300 304 308 315 318 322 326 329 330 334 335 338 340 344 347 348 354 355 361 364 367 371 375 
35 41 43 48 52 54 58 65 68 71 73 77 79 82 84 85 88 101 105 106 111 113 117 121 123 129 132 133 137 139 142 146 148 151 155 158 161 165 168 172 173 176 181 185 186 192 195 198 201 205 207 209 212 214 216 220 223 225 229 231 234 236 241 245 248 250 252 256 258 261 266 268 269 274 275 279 282 283 287 289 293 297 300 304 308 309 312 315 317 319 324 327 330 333 336 340 343 344 348 350 351 355 358 363 366 368 375 376 
37 42 46 50 53 57 59 68 71 74 78 80 83 84 87 91 95 103 106 110 115 117 121 125 128 132 136 139 140 141 145 148 151 152 158 162 163 168 169 173 176 177 183 189 193 196 197 201 202 208 209 213 217 219 221 222 224 228 233 235 239 240 245 246 250 252 256 258 261 265 267 272 276 279 283 285 287 289 291 295 296 300 301 308 309 310 313 319 322 324 327 329 334 336 340 344 345 346 351 353 357 361 364 366 368 372 376 378 
38 44 47 51 56 59 60 69 75 78 79 81 84 85 89 93 98 107 109 114 117 121 125 128 129 136 138 140 144 146 148 151 154 157 160 163 166 172 173 177 180 183 185 190 194 198 199 203 204 210 212 214 219 223 226 228 229 230 234 239 242 243 248 250 253 256 259 260 265 266 268 273 280 281 285 288 290 291 292 297 300 301 303 309 311 314 317 321 324 328 330 331 336 340 344 348 350 353 356 359 361 363 366 368 369 376 378 381 
40 48 49 52 58 60 63 71 76 82 83 86 88 90 91 94 99 111 113 115 119 122 129 131 135 137 142 143 148 149 153 155 159 162 163 167 170 173 174 181 182 185 187 194 195 200 201 205 206 212 216 219 220 227 231 234 238 242 243 247 250 254 258 259 261 262 264 266 270 272 273 276 284 288 290 293 296 297 299 303 306 310 314 316 319 320 323 324 328 332 333 335 340 343 345 351 354 355 357 362 363 366 367 370 372 377 382 384 
44 50 53 55 61 64 68 72 78 86 87 89 93 95 96 99 101 114 118 121 125 129 130 134 139 140 143 144 150 151 156 160 162 163 165 171 172 175 176 185 187 190 193 198 200 202 203 209 210 215 219 221 223 228 232 238 242 244 245 249 252 256 260 263 265 266 268 269 274 277 281 285 286 289 292 297 299 300 301 307 311 312 316 317 320 323 324 328 331 333 334 339 344 346 348 352 358 360 361 364 366 368 371 375 376 381 383 385 
48 52 55 57 65 67 71 76 79 87 91 92 94 96 98 103 104 118 119 123 127 131 132 135 143 145 148 151 152 154 159 164 165 167 171 174 178 180 184 187 190 192 194 201 202 205 207 213 215 218 221 223 227 229 234 241 244 246 247 253 254 260 264 265 269 271 273 275 276 278 283 287 289 292 296 300 302 304 308 310 312 315 317 321 325 326 330 334 338 340 341 342 346 347 352 355 362 363 364 365 370 371 374 379 381 383 386 387 
49 55 57 61 68 70 72 78 80 91 95 96 97 98 99 107 110 122 124 127 131 135 139 140 144 147 149 154 157 159 161 167 168 169 173 178 180 184 185 188 191 196 200 204 207 209 211 215 216 222 226 230 231 232 237 242 247 249 253 254 257 264 267 268 272 274 275 277 279 280 286 290 293 295 300 301 306 308 309 311 313 318 320 325 329 333 335 336 340 342 345 346 348 349 353 356 365 366 369 373 376 379 381 383 384 387 389 392 
53 59 61 65 69 71 75 81 85 94 96 99 101 102 104 111 113 124 126 128 134 139 143 144 146 150 153 157 161 165 169 172 176 180 184 187 189 193 194 195 197 199 204 205 210 211 212 216 219 226 227 231 234 235 239 245 250 254 257 260 261 268 272 275 276 277 280 281 282 285 288 294 297 301 304 307 311 313 317 320 322 326 329 333 335 336 340 341 344 345 346 349 350 352 357 361 369 372 374 378 381 384 387 391 394 396 397 399 
54 61 65 68 71 75 78 83 87 98 102 104 107 109 111 112 115 127 129 133 135 143 144 147 151 152 155 161 164 166 171 173 177 181 186 189 192 196 199 200 203 207 209 211 213 214 217 219 222 227 230 234 235 236 241 246 254 256 261 264 266 271 276 280 284 288 292 294 297 300 301 305 307 311 313 317 320 323 324 328 330 334 336 338 342 343 344 346 349 350 352 356 359 360 364 367 371 375 377 382 385 386 389 394 396 399 400 401 
57 63 69 71 73 78 80 87 88 99 104 105 109 111 112 114 119 131 132 135 136 144 145 150 155 156 158 163 166 168 174 175 181 184 190 193 196 197 200 204 208 212 214 217 219 222 223 224 227 231 232 236 239 242 246 249 258 261 262 268 271 275 280 283 288 289 293 298 300 304 307 308 311 314 317 320 322 327 330 331 335 337 338 341 344 347 351 354 358 361 363 367 370 374 375 376 380 384 387 391 393 395 397 398 401 402 403 404 
58 64 70 75 76 79 83 88 90 103 105 109 113 117 120 122 124 132 136 140 144 146 150 151 159 161 164 166 168 170 175 177 185 186 194 196 197 199 203 207 211 216 218 219 221 224 225 226 231 235 237 241 242 245 247 253 262 265 268 271 275 279 282 286 289 290 297 302 306 309 311 313 317 320 321 323 327 331 335 339 343 345 347 351 353 354 358 360 362 365 369 372 376 377 378 382 384 388 389 394 397 398 400 403 404 406 410 414 
62 65 74 77 80 84 86 89 92 105 106 111 114 121 122 123 126 136 138 144 145 147 153 157 161 163 166 170 174 176 178 179 186 190 196 199 203 206 209 210 215 218 219 220 223 225 227 230 235 238 239 245 248 251 253 254 265 268 270 275 277 281 285 287 290 291 299 304 310 313 315 318 320 324 326 328 329 335 338 342 345 346 351 355 357 359 363 366 368 370 373 377 381 384 385 386 389 390 394 398 402 403 405 407 410 411 412 417 
65 69 78 79 81 87 91 94 98 109 113 115 118 123 125 128 129 139 141 148 150 152 154 160 165 169 170 173 177 178 181 184 187 191 200 203 204 210 214 216 218 221 222 223 227 229 233 237 239 242 245 248 252 253 257 258 267 270 274 278 280 285 286 288 294 298 302 307 313 314 317 320 322 326 328 330 332 339 343 347 350 353 355 356 359 360 365 370 374 376 377 381 382 388 392 395 399 401 405 409 413 415 419 421 423 427 430 432 
68 73 80 83 86 91 93 95 101 113 116 119 120 125 126 129 131 143 144 151 154 157 160 164 166 172 174 177 178 179 185 187 188 193 204 206 209 214 215 220 221 224 228 232 235 237 238 240 243 246 249 251 253 256 260 261 269 273 275 282 283 288 292 293 296 299 305 308 314 318 319 323 327 330 333 334 335 341 346 350 352 356 358 360 364 366 370 372 377 380 381 384 388 391 395 398 402 406 407 411 417 421 425 428 431 435 436 439 
71 76 84 85 90 92 95 97 103 115 118 120 121 129 130 132 134 145 149 154 156 159 161 165 168 176 179 181 182 186 188 189 190 196 208 210 211 215 216 223 224 228 230 233 239 240 242 246 247 250 251 254 256 259 262 263 270 276 280 284 287 291 295 298 301 303 309 310 317 319 322 325 329 334 338 342 346 348 351 353 356 360 364 366 369 370 373 376 381 384 387 389 392 395 396 400 403 408 410 414 418 425 428 431 434 437 441 443 
73 77 88 92 94 95 98 100 107 118 122 124 128 133 137 138 142 146 152 156 157 161 163 168 170 177 183 185 187 190 192 194 196 198 212 215 219 220 221 226 227 229 233 236 243 247 249 253 256 258 260 262 266 269 273 276 277 278 283 285 289 294 296 302 306 309 311 314 320 324 325 329 332 338 341 346 347 351 352 357 361 364 366 368 373 374 377 380 382 388 390 393 397 398 402 405 409 412 414 417 422 427 431 432 435 440 442 446 
77 79 90 96 98 100 104 108 110 121 123 126 131 134 141 145 149 151 154 157 161 163 165 169 171 178 184 187 190 193 194 195 198 200 215 216 220 221 225 230 234 237 240 244 247 251 255 256 259 263 264 267 268 272 275 280 284 286 290 293 296 297 301 305 308 312 313 317 323 325 326 332 335 340 345 348 352 356 360 363 364 366 367 371 375 378 382 386 390 392 393 397 399 401 406 408 410 413 416 418 424 429 435 437 438 442 446 448 
78 83 91 99 102 104 106 112 114 125 129 133 137 140 144 149 150 152 157 160 162 166 169 170 175 180 185 190 192 195 199 202 203 206 216 219 224 228 231 233 238 240 244 248 249 252 258 261 263 264 265 271 273 275 277 284 287 291 293 295 300 301 302 309 313 317 320 322 325 326 327 336 340 343 348 349 356 360 361 365 369 373 374 375 376 381 385 387 391 395 398 401 403 405 409 412 414 415 418 419 428 432 437 438 441 446 450 451 
81 86 94 100 103 105 109 115 118 129 130 137 141 144 145 153 156 159 160 161 165 167 172 175 178 182 186 192 196 200 201 206 209 212 217 220 226 232 234 237 240 244 248 251 254 255 261 263 266 269 272 275 276 277 281 288 289 293 294 299 303 305 308 310 314 318 323 326 330 333 337 340 344 348 349 351 358 363 367 370 371 374 376 380 384 385 387 389 392 396 402 405 408 412 415 417 420 421 424 427 431 433 438 439 445 448 451 455 
82 88 96 103 106 107 112 117 119 132 134 141 142 148 151 155 157 161 165 169 172 174 177 179 180 185 188 195 198 203 205 207 213 216 219 221 230 235 237 241 243 245 249 252 256 257 263 267 271 272 273 277 278 281 284 291 294 295 297 302 306 309 312 313 317 321 325 327 331 335 339 342 348 352 354 358 360 367 368 373 377 381 384 385 389 390 392 395 397 401 404 409 413 416 417 421 425 427 428 431 435 436 442 446 450 452 456 459 
84 91 97 104 107 110 115 121 125 135 136 144 148 152 154 158 160 164 168 170 175 179 182 184 185 188 190 196 201 205 207 208 216 217 221 223 233 237 241 243 247 249 251 255 260 264 266 268 272 276 279 282 285 286 288 293 295 297 301 303 308 313 317 320 322 323 329 331 332 338 341 344 352 356 358 359 363 370 374 377 380 384 388 391 392 393 394 398 399 402 405 413 415 418 421 425 428 432 436 440 443 446 448 449 453 455 458 461 
85 95 100 107 109 113 116 122 127 139 143 148 152 153 156 162 164 166 169 173 177 181 186 189 190 194 197 198 204 209 212 214 220 222 226 228 236 241 244 245 251 255 258 261 265 266 268 269 275 277 283 284 287 289 290 297 300 303 305 309 311 315 320 321 326 329 332 333 335 341 345 348 354 360 362 366 367 373 377 378 383 386 392 396 397 401 405 407 408 410 411 416 418 420 424 426 430 435 440 443 445 448 449 450 456 458 459 462 
89 99 104 108 113 115 117 123 130 140 147 152 153 154 160 163 168 171 173 176 179 183 189 191 192 197 198 202 207 210 215 218 222 223 228 232 240 243 248 250 254 259 262 266 267 268 270 273 276 278 285 286 290 292 294 298 302 305 308 313 317 318 323 326 327 332 334 335 339 342 347 352 357 361 364 369 371 374 378 379 385 390 393 399 401 403 407 410 413 416 418 420 421 422 425 428 432 438 441 446 450 453 457 461 463 464 466 470 
90 103 106 112 114 116 121 126 131 144 148 153 155 159 161 165 172 173 177 179 181 186 190 195 198 201 203 206 208 214 219 221 225 227 231 234 242 244 250 253 256 261 264 269 270 274 278 281 284 285 287 289 293 295 297 299 306 308 309 314 320 322 326 327 328 333 337 338 343 345 349 353 359 365 367 371 375 376 381 384 388 393 395 400 402 407 411 412 417 419 420 424 426 430 432 436 440 444 447 450 452 455 458 462 466 467 471 473 
94 107 110 115 117 119 125 130 135 148 151 156 158 161 165 166 175 178 180 184 188 191 194 199 203 204 208 211 215 219 221 224 227 230 235 239 246 250 253 256 258 265 268 271 273 278 280 285 288 292 295 299 300 302 304 307 310 312 315 319 321 325 329 330 332 334 341 344 348 352 355 359 362 366 371 373 377 379 385 387 392 397 400 402 405 408 414 418 420 422 426 429 432 433 436 439 442 448 450 453 455 456 460 464 469 473 475 478 
96 111 115 116 120 124 128 134 136 150 152 158 161 163 168 170 176 180 182 185 191 193 195 201 207 211 214 218 220 224 226 227 230 231 237 242 250 252 254 258 260 269 272 276 280 283 285 288 290 296 299 303 305 309 313 315 319 323 327 331 334 335 339 340 342 345 347 350 352 355 359 362 365 370 374 375 379 381 389 392 394 401 403 405 408 411 416 419 421 424 427 433 437 441 444 445 446 451 453 455 456 459 463 466 471 477 480 483 
100 112 119 121 124 128 129 136 139 151 154 160 164 165 169 173 178 182 185 186 194 196 197 204 210 214 215 222 224 228 229 230 234 238 239 245 251 253 255 261 265 270 275 280 281 287 289 290 292 299 300 306 310 311 315 316 320 325 329 332 338 341 342 344 346 350 351 354 355 357 360 365 367 373 375 379 381 382 390 394 395 404 405 408 411 414 420 421 424 428 431 437 438 443 448 451 452 456 457 460 464 467 469 471 474 478 481 486 
101 114 121 122 125 129 133 138 143 153 155 162 167 168 172 174 180 185 187 190 195 199 200 208 213 217 221 223 225 232 236 238 240 244 245 246 253 256 260 265 266 274 277 284 286 288 290 291 294 303 305 308 313 314 316 317 321 326 332 333 339 344 346 349 350 354 355 357 358 359 362 367 371 376 379 380 385 387 392 397 400 405 407 410 412 418 423 427 428 431 433 440 441 445 449 455 457 461 465 466 469 470 472 474 477 482 485 489 
104 118 123 125 128 132 137 140 145 156 159 166 168 171 175 179 182 186 188 192 199 201 202 211 216 221 225 228 232 234 238 239 244 248 251 253 257 261 263 267 270 277 279 288 290 293 297 299 301 304 308 311 316 320 322 326 330 334 335 336 343 347 350 351 353 355 356 360 362 363 366 368 373 377 382 386 387 390 395 398 404 407 409 412 415 421 424 431 434 435 438 443 444 446 451 459 463 465 469 470 472 473 477 478 479 486 490 493 
107 120 127 130 131 136 138 144 147 160 162 167 170 174 179 181 185 187 190 196 203 205 208 215 218 225 229 230 235 236 239 241 245 252 253 257 260 262 266 271 275 281 282 290 293 296 300 304 307 311 312 315 320 323 325 330 333 335 338 339 344 351 355 358 359 360 362 364 366 369 371 372 375 381 383 387 388 392 398 402 406 408 412 413 419 425 427 432 438 441 443 444 447 449 455 461 464 467 472 476 479 481 482 485 489 492 496 497 
109 121 130 134 137 140 144 145 151 161 165 169 174 178 181 183 186 190 194 197 204 206 210 219 221 228 233 234 238 239 240 245 248 253 254 260 262 265 269 274 276 282 283 292 296 300 304 308 310 314 315 316 324 328 332 336 340 342 344 345 346 354 356 360 363 367 369 370 374 375 376 378 381 385 387 390 391 394 399 404 410 411 416 418 420 427 429 435 439 443 444 445 450 452 458 462 465 469 475 478 481 483 484 486 491 493 500 502 
113 125 133 136 138 143 146 148 153 165 166 170 176 180 183 186 188 192 197 200 208 210 213 222 225 231 237 240 241 245 248 250 253 255 256 263 265 269 273 277 278 286 288 296 300 302 306 310 314 317 320 322 328 329 336 338 342 345 346 350 352 357 358 362 367 368 372 374 376 379 383 385 386 388 390 394 398 399 400 407 413 417 418 419 422 431 432 437 441 444 445 449 451 453 460 466 467 472 478 480 484 488 492 495 497 498 501 505 
115 128 134 140 143 144 148 149 154 166 167 171 177 181 187 191 193 195 199 202 210 211 216 223 227 235 240 241 242 247 251 252 257 261 263 264 269 270 275 281 284 287 291 300 304 307 308 312 316 318 324 327 329 330 340 343 344 349 353 355 357 360 363 367 371 374 378 381 384 387 391 395 398 402 404 407 409 412 413 415 416 420 421 422 425 433 434 440 442 447 450 452 456 458 464 470 472 475 479 481 487 491 495 499 503 505 509 512 
116 131 136 143 144 147 149 151 156 169 172 176 180 185 191 192 197 200 202 206 211 214 218 224 229 237 243 244 246 250 253 255 261 264 268 272 273 275 279 285 288 291 293 303 307 311 314 315 319 322 327 330 334 338 344 348 349 352 357 358 362 365 367 369 373 378 382 386 389 392 395 397 402 404 406 409 413 416 418 421 422 426 428 431 432 434 437 441 445 448 453 457 458 459 466 471 473 478 481 482 488 495 498 502 504 506 510 515 
117 133 139 145 147 151 152 154 157 170 174 177 184 188 195 196 200 204 205 210 215 218 221 228 230 241 245 246 250 251 257 258 263 265 269 273 274 279 283 288 292 295 299 305 310 315 319 320 322 324 330 334 335 339 348 350 352 353 359 362 363 366 369 372 374 380 386 389 391 395 397 398 403 405 407 411 414 420 423 425 429 430 433 434 438 442 445 449 450 452 454 461 464 467 468 472 477 481 482 484 490 496 501 504 508 510 513 519 
119 137 140 147 148 154 158 160 161 173 175 179 186 191 196 200 201 208 211 213 218 222 225 230 234 243 247 249 251 253 258 260 265 269 273 275 279 282 286 290 296 299 301 308 312 318 321 322 324 328 333 337 341 344 351 355 359 361 362 364 366 367 371 373 378 382 390 391 395 397 401 404 405 406 410 412 417 424 425 426 431 432 437 441 444 448 449 451 454 456 459 462 467 469 470 476 480 483 486 490 491 500 504 507 511 512 516 520 
121 139 143 148 150 155 162 166 170 177 180 183 188 192 198 202 205 210 214 218 222 224 228 234 238 246 251 253 254 257 259 262 267 270 277 279 282 284 289 292 299 301 305 309 315 321 323 326 328 332 336 338 343 347 355 356 360 364 365 368 371 374 376 378 382 385 394 395 397 399 403 406 408 411 413 414 420 428 431 433 437 441 444 446 447 449 451 453 456 458 462 463 471 473 476 478 481 486 488 492 493 504 507 509 515 516 517 521 
125 140 144 151 153 156 166 168 174 179 181 186 192 194 201 206 210 212 215 220 226 228 231 235 240 249 254 258 261 262 264 268 270 271 281 283 287 288 291 293 301 304 307 312 318 324 325 327 330 334 338 342 344 351 359 362 365 366 369 373 374 377 380 382 383 386 398 402 404 406 407 408 410 414 416 418 423 431 435 437 440 443 445 449 453 456 459 460 463 466 468 470 472 475 480 481 483 489 491 494 497 507 508 511 517 520 523 526 
127 141 148 152 155 160 170 173 178 183 187 191 196 197 202 209 211 213 219 223 229 232 233 239 242 252 255 260 264 266 270 273 277 279 284 286 291 295 296 297 303 308 312 313 321 326 328 329 332 336 339 346 350 355 360 365 369 372 376 378 379 382 384 387 388 391 401 404 408 409 413 414 415 416 417 420 424 435 438 439 441 444 448 452 454 459 461 463 464 467 471 474 475 478 483 487 488 491 494 495 500 510 511 514 521 524 526 530 
131 145 150 156 160 163 174 176 179 186 190 195 198 200 206 212 216 219 223 226 231 233 234 242 245 255 258 261 266 267 272 274 281 283 285 290 293 297 299 300 305 311 313 314 322 330 332 334 337 341 345 349 354 356 361 366 373 376 380 383 386 388 389 393 395 397 403 408 411 412 415 417 419 422 426 427 428 439 441 442 445 448 449 453 457 460 464 465 466 468 474 475 476 481 486 488 490 494 498 501 502 511 513 516 522 525 527 533 
135 148 154 160 163 165 175 177 182 189 192 199 201 205 207 214 218 222 224 228 232 234 235 243 249 258 261 264 267 269 276 277 285 287 291 292 294 299 301 304 308 312 315 318 325 332 333 337 339 343 348 353 358 362 364 369 376 380 382 384 388 392 395 399 400 404 405 409 413 417 419 421 424 428 432 436 440 442 445 446 448 452 454 457 461 464 465 467 469 470 476 480 484 487 490 492 494 497 502 506 508 512 515 518 526 527 531 535 
138 151 157 164 167 168 178 180 185 192 195 202 203 209 211 216 219 223 226 231 235 238 239 244 253 262 263 268 269 273 280 281 288 290 293 297 300 304 306 309 311 314 317 320 328 335 339 343 344 345 352 356 360 364 366 370 377 382 383 386 392 396 399 403 405 408 412 413 414 421 425 426 429 432 436 439 441 445 448 450 453 455 458 462 464 466 469 470 472 475 479 483 486 488 491 493 496 498 506 508 510 516 517 520 529 532 533 537 
142 155 161 165 169 170 182 185 187 194 198 204 206 212 214 219 221 226 230 235 239 243 247 248 254 265 269 271 275 278 282 285 292 294 298 302 305 308 310 311 315 316 318 322 332 338 341 344 346 350 353 359 363 365 367 371 380 386 388 391 395 400 402 406 407 410 415 419 421 422 428 430 433 437 438 442 445 448 449 453 457 460 464 467 468 472 473 474 478 482 483 487 489 492 493 494 498 501 507 512 516 519 521 523 532 536 537 540 
145 158 163 167 172 173 183 188 192 198 202 208 211 216 220 222 225 227 234 239 241 244 250 253 255 266 270 273 278 282 286 289 293 297 301 305 309 310 314 318 320 322 324 325 336 339 342 347 351 354 358 362 365 369 370 373 381 387 392 393 399 401 403 407 408 413 416 420 423 427 432 435 439 440 442 445 448 449 453 455 458 462 466 471 473 476 479 480 481 484 487 490 493 494 498 502 503 506 508 513 519 521 522 527 535 537 539 544 
147 159 165 171 175 179 186 190 193 199 204 209 215 220 224 228 230 233 237 242 246 248 252 256 258 268 272 274 280 286 290 294 296 300 305 306 310 313 316 320 322 325 329 333 340 344 348 350 354 358 361 366 368 370 371 377 382 389 394 396 400 403 406 409 413 417 418 422 426 429 436 440 443 446 449 452 455 458 460 461 463 465 468 474 478 481 485 489 493 494 495 498 502 503 505 509 513 514 518 521 525 528 529 532 539 540 542 548 
150 163 168 174 176 181 190 194 195 200 206 211 219 221 226 229 231 237 240 243 249 252 254 257 260 272 274 277 282 289 293 296 298 303 306 309 311 315 317 322 325 329 331 335 344 346 349 353 355 361 362 368 372 374 378 382 385 393 398 401 402 404 410 413 416 419 420 423 427 430 439 443 445 447 453 456 460 463 464 465 468 471 472 477 479 483 489 491 495 498 501 504 507 508 510 513 514 517 520 523 526 529 531 535 540 543 547 550 
153 167 171 176 178 184 192 198 201 202 208 214 221 224 229 232 235 238 244 245 253 254 257 258 262 276 277 278 286 292 294 299 303 305 307 310 313 319 321 326 328 331 332 339 345 348 350 355 358 365 369 373 375 376 379 384 387 394 400 402 406 407 411 414 419 421 425 428 430 432 441 447 451 453 455 458 462 467 468 472 476 480 481 482 485 487 490 495 498 501 503 508 510 514 517 521 525 526 527 530 534 536 540 541 542 545 550 551 
155 169 173 179 182 187 195 202 206 208 212 218 222 228 233 236 238 239 246 248 254 258 259 260 266 278 282 283 290 294 295 303 305 307 311 315 319 322 324 329 330 333 336 340 348 349 353 358 361 366 370 375 379 382 385 386 389 395 401 403 408 409 415 419 421 423 429 431 435 438 445 449 453 455 456 460 466 471 472 475 477 484 486 488 491 493 495 497 502 503 506 509 511 516 521 522 529 531 534 536 537 541 543 547 551 555 556 559 
157 170 174 183 187 190 199 204 208 210 216 222 223 231 236 238 242 246 248 252 257 262 266 269 271 280 283 286 292 298 299 307 309 311 314 319 320 324 328 330 332 337 341 344 352 355 357 359 362 369 372 378 383 386 387 390 394 397 405 406 410 413 417 423 424 426 433 436 437 442 446 453 456 460 462 466 467 472 475 478 481 488 489 493 494 496 500 502 505 508 512 516 520 524 528 530 531 534 537 538 539 543 547 551 555 558 561 565 
161 173 178 187 189 193 203 205 210 213 218 224 225 235 240 244 246 249 252 253 258 264 269 272 274 282 286 287 294 302 306 308 311 314 318 322 325 326 331 334 336 341 345 348 355 358 360 364 367 372 374 379 386 389 390 394 396 398 408 409 413 417 421 427 428 430 437 441 442 443 450 454 457 461 466 467 469 476 478 479 483 491 495 497 499 502 506 510 512 515 516 519 524 528 531 534 538 542 544 545 548 552 555 559 560 563 565 568 
165 176 182 190 193 195 204 209 214 215 220 225 226 239 244 245 249 253 254 258 262 266 273 276 278 284 288 291 295 305 308 311 314 318 320 324 329 333 335 338 340 345 346 352 358 361 362 365 371 376 378 382 387 390 394 398 402 405 411 413 417 421 425 428 432 436 440 443 444 448 453 456 459 464 470 473 477 478 480 482 485 492 497 498 502 504 508 513 514 516 520 522 526 531 534 538 542 545 549 553 557 560 563 565 567 570 572 573 
166 180 186 193 197 198 207 211 218 220 221 228 229 242 248 252 256 260 261 264 267 268 276 278 280 288 291 293 297 309 310 312 318 322 326 327 333 337 338 341 344 348 349 354 359 362 364 366 372 377 382 385 389 394 398 402 405 407 413 414 421 422 426 431 436 440 443 445 448 451 454 457 462 465 473 474 479 482 486 488 491 493 498 500 506 507 510 514 517 521 524 526 527 535 538 540 543 548 552 556 560 562 565 568 570 572 575 578 
170 183 190 197 201 202 211 212 221 225 229 230 231 245 252 254 258 262 265 269 272 275 278 279 284 289 293 296 300 312 313 314 322 326 330 334 337 341 345 346 349 351 353 358 361 366 368 371 373 380 385 389 392 397 399 405 406 408 417 419 424 427 430 432 438 444 448 450 451 454 458 462 463 469 477 481 482 484 487 492 495 497 501 502 509 513 514 515 520 524 525 529 533 536 541 545 548 551 555 560 564 565 566 572 576 577 580 583 
173 186 194 201 205 206 215 218 224 227 231 232 233 249 255 259 261 266 267 272 276 278 280 281 285 291 297 301 303 315 319 323 326 327 334 336 339 342 346 350 352 355 357 362 365 367 372 373 377 382 387 390 394 401 402 408 409 412 418 421 425 429 432 433 442 445 450 454 456 458 461 464 466 470 481 485 487 488 489 494 498 500 505 509 513 517 520 522 523 528 529 533 535 539 544 548 551 552 559 561 567 569 571 573 580 584 587 590 
175 187 196 202 209 213 217 219 225 229 233 235 238 252 258 261 262 270 271 273 277 282 284 287 291 293 299 304 306 316 322 325 330 332 337 341 342 344 349 354 358 362 364 368 372 376 380 383 385 389 393 394 395 402 406 411 412 413 421 422 428 430 434 438 444 449 452 455 458 461 462 465 468 474 485 489 493 495 498 501 503 504 507 513 517 520 523 527 530 531 533 535 539 543 547 551 552 555 561 564 568 572 576 578 583 588 591 594 
176 191 199 203 213 214 219 223 229 230 236 238 239 253 261 265 267 273 277 281 285 289 292 294 295 299 303 308 311 317 325 328 333 334 340 345 347 350 354 357 362 364 366 370 373 380 382 384 389 390 396 399 401 404 407 413 416 419 423 425 431 432 437 441 448 450 455 459 463 466 470 472 474 478 488 491 495 496 502 505 509 510 514 516 518 523 524 528 533 535 538 541 544 546 548 553 555 557 565 568 572 576 579 581 585 591 595 598 
179 192 202 206 216 217 221 227 233 234 239 242 244 254 263 266 269 275 278 283 287 291 296 297 298 303 304 312 314 319 328 331 335 339 342 349 353 355 357 359 363 368 371 373 375 383 384 388 391 392 400 403 404 406 408 417 421 422 425 429 434 437 441 442 452 456 457 461 466 470 473 476 477 482 489 492 496 498 506 507 512 513 515 519 523 525 529 531 535 536 541 544 548 551 553 554 559 560 569 572 576 580 584 586 587 592 596 601 
182 196 206 207 218 220 222 230 235 239 243 246 249 257 264 270 272 277 281 287 290 292 297 299 301 304 307 315 319 320 330 335 337 343 344 353 357 361 362 365 369 372 375 379 383 384 385 389 393 396 403 406 408 410 413 420 422 424 429 430 435 441 442 445 456 460 463 466 468 474 478 479 482 486 491 493 499 500 509 512 515 516 518 520 524 529 533 537 538 540 542 547 550 552 557 560 564 566 573 577 581 583 586 590 593 594 597 602 
184 198 207 208 219 224 226 234 238 241 246 249 253 260 265 272 276 278 285 288 294 296 299 300 303 308 309 316 320 323 331 336 340 345 348 357 358 362 363 369 373 375 376 382 386 390 391 392 397 398 404 409 412 415 418 423 427 428 430 433 439 442 444 448 460 462 467 471 475 479 483 485 487 490 492 495 503 506 512 513 518 519 521 523 527 531 535 540 543 546 550 552 555 559 562 565 566 569 574 581 582 584 587 592 594 597 598 606 
185 199 210 214 220 226 230 237 241 245 249 251 254 262 268 274 280 282 286 290 297 301 303 304 306 312 313 320 321 327 332 339 343 348 350 358 359 363 364 371 374 378 382 383 388 392 395 399 402 405 408 412 413 419 423 426 430 431 434 437 441 446 450 454 464 466 469 474 477 483 484 486 489 493 494 497 507 508 515 519 523 526 528 531 535 539 543 547 548 550 551 553 557 561 564 569 573 576 580 582 585 586 591 594 598 599 601 610 
189 203 212 215 223 230 232 239 242 249 250 253 258 266 271 278 281 285 289 294 300 305 309 311 313 317 318 323 327 330 336 341 345 351 354 359 362 365 367 372 377 381 383 386 391 396 400 404 408 409 410 416 418 421 426 430 434 438 441 442 446 449 451 457 466 469 471 477 480 487 491 492 493 497 501 504 508 510 516 523 527 531 535 537 541 543 545 549 552 554 556 558 559 563 565 570 574 577 582 583 589 591 592 596 601 604 606 612 
193 204 213 219 227 234 235 241 244 252 253 254 260 268 272 280 285 288 290 297 301 307 312 315 316 319 323 324 330 334 338 344 349 352 355 361 363 368 372 375 381 382 387 391 393 399 403 407 411 413 416 418 419 424 427 432 438 439 444 448 451 453 454 461 468 471 473 481 483 491 495 497 498 501 505 507 512 514 517 524 528 534 536 540 545 546 548 553 554 558 560 564 566 567 571 575 578 582 586 588 592 595 597 599 604 607 609 616 
194 205 215 222 228 235 239 244 247 254 258 260 263 269 274 283 287 289 294 298 302 308 314 319 323 327 331 333 335 336 342 346 352 355 357 362 366 369 373 377 384 386 389 393 395 401 404 409 412 414 417 420 423 425 429 435 441 443 448 451 452 454 457 465 472 474 476 483 487 495 499 501 504 507 510 511 514 518 520 527 530 537 540 543 546 550 553 554 556 561 564 568 569 571 573 577 580 584 587 591 594 596 599 601 608 609 611 619 
198 208 219 226 230 239 241 246 251 255 262 265 266 271 277 286 290 291 296 302 303 311 315 322 327 331 333 337 340 343 345 350 355 359 360 363 367 373 374 380 386 390 394 397 399 404 406 412 414 417 419 422 426 429 430 437 443 445 449 453 455 457 461 467 476 478 482 487 489 496 502 506 509 510 511 513 518 520 522 529 531 538 541 547 548 552 555 557 561 565 569 571 575 576 579 580 584 587 590 594 596 598 603 607 610 612 613 622 
200 210 220 229 232 240 242 248 254 257 263 269 272 275 280 289 294 295 299 303 307 312 319 323 330 335 337 341 342 345 349 351 359 363 367 369 373 375 377 384 389 391 398 400 401 408 410 416 417 419 423 426 430 433 437 441 444 446 452 454 457 458 464 469 480 482 484 488 493 499 504 510 514 515 517 520 524 526 528 531 532 542 544 548 549 555 558 561 562 566 573 575 576 578 580 582 587 591 592 595 599 601 607 609 612 614 618 626 
202 214 222 231 236 242 243 252 258 261 264 271 273 276 282 291 297 301 304 307 311 314 320 326 332 337 338 343 345 348 351 354 361 366 369 371 375 378 380 386 390 395 402 406 407 410 411 419 423 426 430 432 435 437 438 442 447 450 455 456 458 460 466 471 481 485 488 491 495 502 505 511 515 518 521 522 525 527 531 533 536 544 545 549 551 558 562 565 568 570 575 576 578 581 582 583 588 594 595 596 603 607 608 613 617 618 619 628 
203 215 224 233 239 246 249 253 262 266 267 274 277 281 285 292 301 303 307 308 312 315 322 329 334 338 339 345 348 349 353 356 365 368 373 374 378 382 383 387 394 398 404 408 409 412 414 423 426 430 433 436 440 443 446 448 450 452 459 462 465 466 467 473 483 489 491 494 498 503 506 513 516 522 526 527 531 533 537 539 541 547 550 551 553 561 566 567 570 571 578 581 582 585 589 593 594 595 596 600 604 609 610 614 621 625 627 630 
205 216 225 236 240 247 252 255 263 269 271 277 278 284 289 296 305 308 311 313 316 319 326 330 337 342 345 349 351 352 354 358 367 372 375 376 380 384 386 388 395 399 407 411 415 416 418 424 429 434 437 439 444 445 450 453 454 456 462 463 469 470 472 477 486 490 493 498 502 505 510 515 519 525 529 530 534 538 539 543 544 551 553 557 560 562 569 573 576 580 584 585 589 591 592 594 598 601 602 604 608 610 613 617 623 627 629 634 
208 220 226 240 243 249 253 258 266 271 273 279 283 285 293 298 307 309 313 317 318 320 328 333 341 345 347 352 355 357 358 360 370 376 377 381 383 388 392 394 396 403 410 412 416 420 422 427 433 435 439 442 446 448 454 458 462 464 465 468 473 475 476 478 490 491 495 499 503 509 513 517 523 526 533 534 535 541 543 544 548 555 559 562 564 565 572 574 579 581 585 588 590 595 596 598 602 603 604 607 611 613 614 621 625 629 631 635 
212 221 227 242 244 250 256 261 267 275 278 282 284 286 297 300 308 310 317 319 320 322 332 336 342 347 348 356 358 360 363 364 372 380 384 385 389 393 394 396 397 404 414 416 420 421 425 431 434 438 442 446 448 450 458 460 464 467 471 474 477 478 480 484 493 495 499 500 507 510 516 521 526 530 537 539 542 546 550 551 555 557 563 564 567 570 574 578 583 587 590 593 594 597 598 602 606 609 612 613 615 617 621 623 629 630 635 638 
215 225 231 244 248 252 259 262 271 277 279 283 285 289 298 303 310 311 320 324 326 329 335 337 344 349 352 358 361 363 366 367 375 382 386 388 392 394 396 400 401 405 418 419 423 426 428 435 438 441 443 448 450 452 462 463 468 472 474 476 478 482 484 487 496 498 503 504 510 511 519 524 527 533 539 542 545 547 551 553 557 558 567 568 571 572 578 580 586 590 591 594 597 598 601 606 609 613 615 617 620 622 626 627 632 634 638 641 
216 227 235 248 250 256 263 266 272 279 281 287 289 293 299 304 314 316 322 325 330 331 336 340 347 353 354 361 363 366 369 371 377 384 389 391 396 400 403 404 407 408 422 423 425 429 431 439 442 445 448 451 454 456 463 465 471 474 476 479 482 483 488 492 499 501 504 505 513 516 520 527 530 534 543 547 549 550 553 554 559 560 570 572 574 577 579 581 590 594 597 599 602 605 609 612 614 617 620 624 627 630 633 636 638 641 642 645 
219 231 237 249 252 258 264 267 275 280 283 291 295 299 302 307 318 322 323 329 334 335 339 342 351 356 357 362 365 370 371 373 381 386 391 392 399 404 407 408 411 412 426 429 432 436 439 440 444 447 450 453 456 459 464 466 474 478 480 484 486 489 492 495 503 506 508 510 516 519 523 528 534 537 546 548 550 553 556 558 563 565 572 573 575 581 582 586 592 595 600 602 603 608 611 613 615 621 625 629 633 637 641 642 643 645 648 649 
221 232 238 253 255 260 265 270 279 282 286 293 297 302 304 309 320 324 327 331 335 336 341 346 352 358 359 363 367 373 375 377 385 388 392 393 400 408 412 413 414 416 429 430 435 440 444 446 450 453 455 457 458 461 466 470 476 479 481 485 487 493 497 499 506 509 510 511 518 523 524 531 538 541 548 552 554 555 558 560 567 570 573 575 579 585 588 589 593 598 603 607 608 611 615 619 623 627 629 630 635 638 643 645 646 649 650 653 
222 236 239 254 256 263 266 271 281 285 288 295 301 304 305 313 321 328 331 335 338 339 342 347 356 362 363 367 371 375 377 381 387 392 394 395 404 412 414 417 419 422 432 435 437 443 447 448 452 456 460 463 465 468 470 474 477 481 485 487 490 497 500 504 508 510 512 514 521 525 526 534 539 544 549 553 558 559 563 566 571 574 577 580 583 586 591 593 597 601 605 611 612 614 619 620 625 629 630 634 639 641 644 647 650 651 653 657 
224 240 242 255 258 264 267 273 284 288 291 296 303 308 311 314 324 329 335 336 339 340 345 350 358 365 368 371 374 376 378 383 390 396 398 400 406 413 418 422 426 428 435 439 440 444 449 450 454 458 462 465 468 471 473 478 480 482 489 490 494 501 504 507 512 513 514 518 523 528 529 538 541 545 553 557 560 561 566 568 574 577 581 584 586 589 595 599 600 602 609 613 614 615 620 621 626 632 634 635 643 645 649 650 654 656 658 659 
226 244 246 259 260 268 271 277 285 291 292 299 307 310 313 316 327 333 339 342 346 350 354 357 362 366 369 375 379 383 386 388 393 398 400 401 407 417 420 426 427 432 439 441 443 446 453 455 456 459 464 468 471 472 476 479 483 484 490 491 496 502 506 510 514 515 516 521 524 530 534 541 544 546 554 558 561 563 568 569 575 580 582 585 588 593 598 602 604 606 612 614 615 618 621 625 628 636 638 639 646 648 653 657 660 662 664 668 
228 246 249 262 263 270 275 280 289 293 297 300 310 314 315 317 330 335 342 343 350 354 355 360 364 369 371 377 381 386 389 392 395 399 403 404 408 420 423 429 430 436 440 443 445 447 456 460 463 467 470 471 475 479 481 483 485 487 491 495 498 503 509 513 518 519 523 526 527 534 538 544 546 548 557 559 562 565 571 573 577 582 583 587 591 597 599 603 607 610 614 616 617 619 622 626 631 640 644 646 649 651 656 660 663 667 668 669 
229 250 254 266 269 271 278 282 291 297 298 302 314 315 317 318 332 337 345 349 354 356 359 363 368 370 373 381 384 389 392 393 396 403 407 411 414 423 425 433 436 437 444 445 448 451 460 462 464 468 473 476 480 483 484 487 490 492 493 499 500 506 510 515 521 525 529 531 532 536 539 545 550 551 558 563 566 568 572 577 580 584 588 591 594 599 601 607 609 613 615 620 621 622 625 630 632 641 647 649 652 655 658 661 665 669 670 674 
231 254 257 270 271 274 281 283 295 298 302 306 315 319 322 326 334 338 348 353 356 357 363 365 371 375 378 382 385 393 395 399 401 407 409 415 416 427 429 436 440 442 448 452 454 455 464 467 468 472 474 477 484 485 489 493 495 498 499 502 506 507 514 516 522 528 531 535 536 540 544 548 552 555 562 567 569 571 575 579 582 587 589 592 596 600 604 610 614 615 618 621 622 623 627 634 637 642 649 650 654 658 662 663 668 673 676 679 
235 257 259 273 276 277 282 285 296 300 306 307 319 320 323 328 337 339 352 355 359 363 364 369 373 376 379 384 387 394 396 403 404 409 412 417 420 431 432 438 442 444 449 453 455 459 468 471 473 476 477 479 487 489 493 496 497 502 504 508 511 512 516 520 524 532 534 536 537 542 547 550 553 559 564 569 572 576 579 580 583 590 594 595 598 601 606 614 617 620 622 624 626 629 633 637 641 646 650 653 655 661 664 666 670 677 678 681 
237 258 261 275 279 280 285 286 298 304 307 309 322 323 324 330 341 344 355 356 361 366 369 370 377 379 381 386 391 395 398 405 407 413 417 421 422 432 434 440 445 449 452 455 457 461 472 475 479 483 486 489 492 493 495 497 498 506 508 512 515 517 519 524 527 535 538 541 544 547 551 555 559 561 568 571 573 580 584 585 588 591 598 602 605 607 611 616 621 622 625 629 631 632 637 641 644 649 654 656 660 664 667 668 673 679 681 684 
240 261 263 278 280 284 286 290 300 307 310 314 326 328 329 334 342 347 359 362 366 369 370 371 380 383 384 387 392 396 400 408 409 417 419 425 429 433 435 441 449 451 456 459 462 464 474 477 480 486 490 494 498 499 500 504 505 508 511 514 518 519 521 526 528 536 540 545 549 552 554 557 561 565 572 575 579 581 588 592 596 599 601 606 609 612 613 617 623 624 629 633 634 637 639 644 647 652 656 657 661 668 669 672 675 682 686 687 
243 263 266 280 283 288 291 294 303 311 315 318 330 332 336 337 344 348 362 364 367 372 374 376 384 387 390 393 396 400 402 409 413 419 422 426 432 435 437 445 451 452 457 460 465 469 477 478 482 488 493 497 501 503 506 507 511 514 518 519 520 524 527 531 534 537 544 547 551 555 558 562 564 568 576 578 583 585 590 596 598 601 603 609 613 614 618 621 624 627 630 636 637 638 643 647 651 654 660 661 663 672 673 674 676 686 688 689 
245 264 269 281 287 290 293 295 305 314 316 320 333 335 337 341 348 351 363 366 369 376 378 381 386 389 392 397 401 402 404 413 415 423 427 431 435 438 440 449 452 454 458 463 466 470 480 481 483 490 496 501 503 505 508 511 512 517 521 523 526 529 533 536 538 542 546 549 552 557 562 566 570 571 577 581 586 587 594 598 600 602 606 613 617 621 625 627 631 633 636 637 641 643 646 648 655 656 663 665 668 675 678 682 683 687 692 696 
246 265 272 285 290 291 296 297 309 318 322 323 334 338 341 343 352 355 364 368 370 378 379 383 390 393 394 399 404 405 409 417 421 427 429 435 438 441 443 453 457 461 462 466 467 471 481 482 484 494 499 503 506 507 510 512 514 520 525 526 529 532 535 537 540 544 550 551 553 560 564 567 572 573 579 582 590 594 596 601 603 605 610 616 619 622 627 631 635 637 640 642 644 648 650 652 658 662 664 666 670 676 681 684 688 689 694 697 
249 267 274 289 293 297 301 305 310 321 325 328 338 340 343 347 354 357 365 372 376 379 382 387 391 397 398 401 406 409 412 420 424 431 435 436 439 443 445 456 461 462 464 468 470 475 484 485 487 497 502 506 509 513 517 519 523 525 529 531 535 537 539 542 545 547 551 553 555 564 568 571 576 577 580 586 593 597 601 602 605 608 612 619 623 627 631 633 637 641 643 647 650 653 655 658 659 666 668 672 675 677 682 685 690 693 695 701 
250 269 278 290 295 298 305 309 313 325 328 332 342 343 346 351 355 359 368 375 377 381 385 388 392 399 403 407 408 410 414 421 428 434 438 440 444 446 449 459 463 465 468 470 474 478 486 488 490 500 504 510 514 517 518 522 527 531 535 538 539 541 544 545 548 550 553 555 557 567 569 575 578 580 583 587 597 598 602 606 607 612 613 620 627 630 635 639 643 645 647 651 655 657 660 663 664 668 672 675 678 680 686 690 694 695 699 704 
254 273 279 293 299 303 306 313 317 328 329 336 343 347 350 354 359 363 371 377 379 385 388 391 396 401 406 411 414 415 418 424 429 437 440 441 447 450 453 461 467 470 474 477 480 481 488 490 494 503 506 513 517 519 522 524 528 535 536 541 545 549 550 552 556 560 561 562 565 570 573 576 581 585 586 591 598 600 606 607 610 615 618 622 631 635 636 640 644 648 651 655 659 663 666 667 669 672 676 677 681 685 688 694 698 700 701 705 
257 276 280 297 302 305 308 317 318 332 336 340 347 348 353 358 363 364 373 378 383 388 391 393 399 405 409 415 419 423 427 431 432 439 442 445 450 452 454 464 471 472 476 478 481 483 490 494 496 506 508 517 520 523 526 530 532 537 539 545 549 551 555 557 561 563 564 568 570 571 575 579 582 586 589 593 600 603 609 613 614 619 622 623 634 639 642 645 649 651 654 658 660 666 667 671 672 674 678 681 683 688 692 696 702 706 710 713 
261 278 281 300 303 306 311 321 323 333 338 343 349 353 355 359 365 366 375 382 386 391 392 395 403 406 411 416 421 427 428 432 433 443 446 448 453 456 457 468 473 474 477 482 485 488 492 496 499 508 509 519 523 527 528 532 533 538 541 546 551 553 559 560 562 567 569 573 575 578 580 584 585 588 592 597 601 604 610 616 618 620 624 625 638 642 645 649 651 655 657 661 665 668 671 673 676 677 679 682 684 692 696 698 705 707 713 715 
262 281 284 301 305 310 313 325 327 334 342 347 351 357 361 363 368 370 379 386 388 392 393 396 407 409 414 417 422 429 432 434 437 447 449 451 455 460 463 471 477 479 483 487 491 495 497 498 500 509 513 520 524 531 533 534 536 542 544 549 552 556 561 564 568 570 571 577 581 585 588 590 591 595 597 600 605 606 613 619 621 624 628 631 642 643 649 650 653 656 661 664 669 673 676 677 680 684 686 690 691 694 698 699 707 708 714 719 
263 283 285 305 307 313 315 328 329 337 346 350 352 358 365 369 370 372 380 390 393 397 398 399 408 410 415 419 426 430 436 440 442 449 453 457 459 464 465 472 478 480 484 489 495 497 499 501 503 511 514 524 525 535 536 540 542 543 547 553 554 559 563 568 570 573 574 581 583 587 589 592 593 599 602 603 608 611 617 620 625 628 629 632 645 646 651 654 656 660 664 666 670 675 678 679 681 686 690 692 694 698 699 701 711 714 717 723 
265 287 289 308 310 315 318 332 335 338 347 353 354 362 368 371 375 376 383 393 396 399 401 404 412 413 417 423 427 434 438 443 446 451 455 460 462 467 469 476 480 482 485 492 497 500 503 504 506 512 515 527 531 536 537 544 545 547 548 554 558 560 566 572 573 575 576 582 586 590 591 596 598 603 606 610 614 617 619 622 629 630 631 633 646 649 653 657 658 661 665 667 672 679 681 682 685 687 693 697 698 699 701 702 715 717 719 726 
268 288 293 310 312 317 322 336 338 340 351 357 360 366 370 374 377 381 387 396 399 403 407 411 414 416 420 427 428 438 439 444 449 452 456 462 464 469 472 477 483 487 488 494 500 504 508 511 512 516 517 528 535 538 539 548 550 554 556 560 563 564 569 574 577 578 579 585 588 591 592 597 602 604 608 613 616 620 624 628 631 635 638 641 648 650 654 660 664 665 666 668 674 681 685 687 689 691 696 700 703 705 707 708 718 722 724 727 
270 292 294 311 315 319 323 340 343 346 355 361 362 369 371 375 380 382 389 397 402 406 409 414 415 417 421 430 432 439 440 445 450 456 458 466 467 473 476 478 484 488 490 496 504 505 511 513 514 518 519 532 537 540 541 551 555 556 560 563 564 565 573 578 581 584 586 590 593 597 598 602 605 609 610 617 620 621 625 630 634 636 642 643 650 652 655 662 667 671 672 676 679 684 687 691 693 696 700 701 704 706 710 713 720 726 729 732 
