5 7 8 12 14 16 19 20 22 25 27 29 33 36 40 43 46 50 52 56 57 58 60 62 63 66 70 74 75 76 80 83 85 86 90 94 98 102 106 110 112 116 117 121 123 126 127 129 133 137 141 144 145 146 149 151 152 154 158 161 164 165 169 
8 9 13 14 15 20 24 26 27 31 33 37 40 43 46 49 50 53 54 57 60 62 64 65 69 72 74 75 78 81 85 87 90 91 93 95 101 106 110 111 116 120 122 124 126 128 131 134 136 139 143 146 148 152 153 157 158 159 162 164 167 170 173 
11 15 16 19 23 25 26 28 32 35 38 41 44 47 48 50 51 55 58 61 63 66 69 71 72 74 78 81 85 86 89 92 96 99 103 104 105 107 113 116 117 123 127 131 132 136 139 142 143 146 149 152 155 157 158 160 164 167 171 175 178 182 184 
14 19 20 24 28 29 31 33 35 36 40 43 47 48 49 51 53 59 62 66 70 71 74 78 80 82 84 87 91 94 96 100 103 104 106 109 113 115 118 121 123 125 131 133 134 138 143 146 150 152 155 156 160 162 165 169 172 176 180 181 183 186 188 
15 21 23 27 30 33 37 39 40 42 43 45 49 51 53 54 55 62 65 69 71 75 79 80 84 87 90 93 96 99 102 105 109 113 115 118 121 122 124 126 129 133 136 140 142 145 147 149 153 157 161 164 168 172 175 176 177 179 181 182 184 187 190 
17 24 26 29 31 35 38 40 44 47 49 52 53 56 57 60 63 64 66 73 77 79 82 84 88 90 92 94 97 101 106 108 112 114 118 119 125 128 132 134 138 140 144 147 150 154 155 158 162 165 168 170 173 177 181 182 184 187 189 190 192 194 196 
18 28 31 33 37 38 40 42 46 49 52 54 57 61 64 66 70 74 76 79 82 85 87 91 94 97 98 101 104 107 109 111 116 119 120 123 128 132 134 136 141 145 149 150 151 158 160 161 163 168 172 174 177 179 182 184 186 188 193 197 198 201 205 
21 32 33 37 38 40 44 46 48 50 54 57 59 62 66 68 72 78 81 84 88 89 93 97 101 103 105 106 109 111 115 116 118 123 124 125 131 133 137 139 142 148 150 153 154 160 163 166 168 172 176 180 183 187 190 194 198 202 205 206 210 211 214 
24 35 39 40 43 47 48 52 56 59 62 63 64 65 67 72 75 82 86 89 90 94 96 100 105 108 112 116 120 121 125 128 132 133 135 137 138 140 142 146 150 153 155 159 162 163 167 168 171 174 178 182 184 190 191 196 202 205 209 211 212 216 218 
25 36 43 45 48 50 51 56 58 62 65 66 68 69 71 74 79 84 90 91 92 96 97 104 106 110 115 119 123 127 129 132 134 137 141 143 145 149 151 153 154 157 158 162 164 168 172 174 178 182 185 188 192 193 194 197 206 208 210 213 214 217 221 
29 40 45 49 51 54 55 57 59 63 68 69 71 75 76 77 81 86 91 92 93 97 98 107 109 113 118 123 124 131 135 139 143 144 145 149 151 154 156 159 163 165 166 167 170 173 177 181 185 187 191 195 196 199 201 205 209 211 215 217 219 220 222 
31 43 48 50 55 59 63 65 67 71 73 74 75 79 83 87 88 90 93 96 99 103 107 109 112 116 122 126 130 133 137 142 146 147 149 150 155 158 160 164 166 168 172 175 178 180 183 184 186 191 192 199 200 202 203 208 213 217 218 221 225 228 229 
35 44 49 52 56 61 66 68 71 73 74 76 78 82 87 89 92 94 96 99 101 106 108 111 113 118 125 129 132 134 138 144 147 151 152 153 157 162 166 170 173 175 176 177 180 184 188 192 193 197 198 201 205 207 208 211 214 221 222 226 229 230 232 
36 47 53 57 59 62 69 72 73 76 80 83 84 85 89 93 96 100 104 106 110 113 114 115 117 119 126 130 136 138 141 146 151 152 154 158 160 166 169 174 177 181 183 184 186 188 192 195 196 198 200 204 207 211 213 216 219 224 227 231 233 236 240 
37 49 55 61 64 68 73 76 77 79 83 86 89 90 91 97 99 104 107 109 113 115 119 120 121 125 128 132 137 139 144 150 154 158 162 166 170 174 177 180 183 184 188 190 194 196 197 198 200 204 207 208 212 216 219 221 222 225 228 233 236 240 242 
38 50 57 65 66 71 75 79 83 86 87 89 91 95 97 100 103 107 108 112 116 120 123 124 128 130 133 137 141 142 147 152 156 159 165 167 174 178 179 182 185 186 191 192 198 202 203 205 206 210 213 216 217 218 221 224 225 226 229 237 240 242 246 
42 54 61 67 70 72 78 81 87 89 91 92 95 99 101 104 106 111 113 115 119 121 127 128 131 134 135 140 142 144 151 156 157 163 166 170 178 179 180 185 188 190 192 196 200 205 209 210 213 214 218 220 221 225 228 229 233 236 238 240 243 244 250 
46 57 64 69 71 76 79 83 90 93 95 97 100 104 106 109 112 114 117 119 120 122 131 134 135 139 143 145 147 150 155 160 164 165 169 172 182 185 188 189 193 195 198 199 203 206 212 214 218 222 225 228 231 232 235 238 240 242 246 250 251 253 255 
47 58 67 70 72 80 84 88 94 97 99 102 104 108 112 113 114 115 119 122 126 128 134 137 138 140 146 147 151 154 158 164 168 171 175 176 183 187 190 191 194 198 200 202 207 208 213 218 222 224 227 231 233 237 238 241 242 245 249 253 254 255 256 
48 60 68 72 75 81 87 91 97 100 104 107 108 109 116 117 121 124 126 129 132 134 138 139 140 143 147 148 152 157 162 167 170 174 177 179 186 189 193 196 197 201 205 207 210 214 218 219 224 227 230 232 234 238 242 243 247 249 251 257 260 261 263 
51 64 69 74 79 82 89 92 100 102 107 111 113 114 118 119 122 128 131 135 139 143 144 147 148 149 153 156 158 161 165 168 174 178 181 183 189 193 196 198 199 202 208 210 214 217 220 221 227 231 233 235 236 240 245 246 248 252 254 260 262 266 268 
53 67 72 76 83 85 93 96 102 105 111 113 114 115 119 121 124 130 134 137 142 144 145 151 154 157 158 161 162 164 167 171 176 181 182 184 193 195 197 199 201 204 212 213 215 221 222 226 229 235 238 242 244 247 248 249 253 254 258 261 263 268 271 
56 69 76 77 87 89 94 99 106 108 115 118 121 122 123 127 130 132 136 138 145 148 150 152 156 159 162 164 167 171 172 174 179 185 188 189 197 200 202 203 207 209 215 219 221 224 225 227 231 239 240 245 247 251 253 255 259 263 266 268 269 271 274 
57 72 80 84 88 92 98 103 109 110 117 122 125 126 130 132 133 134 137 142 149 152 155 156 160 161 163 167 171 175 177 178 183 189 192 193 198 204 208 209 211 214 218 221 225 228 232 235 238 240 244 246 251 253 257 260 264 265 268 270 273 275 277 
60 76 83 86 91 95 102 106 110 112 118 123 128 130 134 135 136 140 144 146 151 154 156 160 163 167 171 174 175 178 181 184 185 193 194 195 202 206 209 212 216 218 220 223 227 230 235 237 240 241 246 250 252 254 259 262 265 266 272 274 277 278 281 
62 77 87 91 95 96 105 108 112 114 122 124 129 133 135 137 138 144 147 150 153 157 160 161 164 170 174 177 179 182 184 185 188 194 197 199 205 210 211 216 218 220 222 226 230 234 236 241 245 247 251 253 254 255 260 265 268 272 274 275 278 281 284 
66 78 91 94 99 103 106 109 116 117 125 128 130 134 139 141 143 146 149 152 157 158 162 166 168 171 177 179 180 186 188 189 191 196 199 200 207 211 214 219 223 227 230 233 237 240 243 247 249 252 254 257 258 262 266 270 273 275 279 281 284 288 289 
69 81 93 95 101 104 109 113 119 123 129 130 134 137 140 142 146 147 150 154 159 163 167 169 170 175 180 183 186 187 190 191 194 198 203 207 209 212 215 221 226 230 232 237 240 241 246 248 253 254 258 259 261 266 269 274 276 279 281 283 287 289 291 
70 85 96 100 103 107 113 115 122 124 132 136 140 144 147 148 150 152 155 159 162 164 171 175 176 177 182 187 190 194 198 202 203 205 206 211 214 217 218 223 229 231 233 240 243 247 250 253 256 258 261 262 263 268 272 277 279 280 284 285 288 291 292 
71 88 100 101 104 110 117 121 123 126 134 139 144 148 151 155 158 160 163 165 168 170 172 176 178 180 185 189 191 195 199 203 205 207 210 215 219 221 222 225 230 234 235 241 245 251 253 255 259 261 263 264 268 270 273 279 283 286 287 291 293 295 299 
73 90 101 104 107 114 121 125 126 129 136 143 147 149 153 156 159 161 164 167 170 173 174 178 180 181 186 190 193 196 202 207 208 212 213 218 220 222 226 230 234 237 239 245 248 253 254 257 262 265 266 267 271 275 279 283 287 291 294 295 299 301 304 
77 92 102 108 111 117 125 128 130 132 139 144 151 155 159 162 166 167 169 171 172 177 180 183 186 188 189 191 194 200 204 208 211 215 218 221 223 227 228 231 235 241 245 249 251 257 258 260 263 268 270 272 273 279 283 287 291 295 298 302 303 307 310 
78 95 105 111 114 120 127 131 135 139 141 145 155 156 163 167 168 170 172 174 177 180 184 187 188 191 194 198 201 202 205 209 215 216 221 222 227 231 235 236 239 245 247 252 253 260 264 267 268 271 275 279 280 282 284 289 292 296 299 305 307 311 313 
79 99 109 113 118 122 129 132 139 140 145 148 157 158 165 168 171 175 178 179 181 185 189 193 194 195 196 199 204 205 207 211 218 221 223 227 231 233 236 238 241 248 251 253 257 262 266 269 271 275 278 280 281 285 289 291 296 299 301 307 309 313 316 
80 100 112 115 119 123 132 134 142 144 146 152 159 161 166 171 173 176 180 181 182 187 191 195 196 200 202 206 210 213 215 216 221 223 226 231 232 236 238 242 244 249 254 257 261 263 267 273 276 278 279 281 282 286 293 295 299 303 306 311 314 315 318 
84 102 114 118 120 124 133 138 145 147 148 153 162 166 167 174 177 179 184 187 191 194 196 197 198 204 205 210 212 215 217 221 222 224 227 233 236 237 240 244 248 250 255 258 264 265 269 276 280 284 288 291 295 298 299 300 304 307 310 315 317 320 324 
88 106 118 121 123 127 137 140 149 150 151 155 166 167 170 176 180 181 187 189 192 197 200 204 205 208 212 214 215 218 222 224 226 228 232 235 238 240 244 247 251 252 259 261 268 270 274 280 282 285 292 296 297 299 303 307 309 310 314 316 321 323 327 
89 109 119 125 128 130 139 142 152 156 157 158 167 169 174 179 183 185 188 191 195 199 204 205 208 210 215 217 220 224 227 230 233 236 238 240 244 246 249 251 253 257 260 264 271 273 275 281 284 288 294 300 302 306 308 311 312 313 318 319 325 328 330 
91 113 122 129 133 135 142 145 156 159 161 164 170 171 176 181 185 187 192 195 199 203 205 207 209 214 217 218 222 227 228 232 236 237 240 241 248 252 254 256 260 264 265 267 275 278 282 284 286 290 295 302 303 310 311 314 315 316 320 323 329 331 334 
95 115 123 132 134 139 144 148 157 160 162 165 172 173 179 182 188 191 194 198 201 204 208 211 215 218 221 224 225 230 232 233 238 239 242 246 251 256 257 260 263 267 270 271 279 281 285 287 290 292 297 306 308 311 314 315 317 321 325 328 331 335 339 
96 118 125 136 140 144 146 152 158 163 166 170 173 175 182 186 192 195 199 201 203 206 212 216 217 219 223 228 230 234 235 236 239 240 243 248 253 259 263 264 266 268 271 272 281 284 289 291 293 297 298 310 312 314 317 318 319 323 327 331 333 336 342 
98 119 126 140 143 145 148 155 162 165 170 172 176 178 183 188 193 199 202 203 204 207 216 219 222 224 227 231 234 235 237 241 244 246 248 252 256 261 266 270 274 277 278 281 285 288 293 295 296 299 303 312 313 316 321 325 329 331 334 338 342 343 344 
99 120 130 141 146 148 152 158 166 170 171 175 179 183 184 190 194 203 207 208 209 211 220 224 227 229 232 233 237 238 241 243 246 249 250 253 257 264 268 272 277 279 281 285 287 290 296 297 298 303 305 313 315 317 324 328 332 336 339 340 343 345 347 
100 124 132 145 148 150 154 162 170 174 177 178 182 184 187 192 196 205 209 211 213 216 224 228 230 233 236 239 241 243 244 248 251 253 255 258 260 268 269 276 278 282 284 288 291 295 299 301 305 309 313 314 318 322 327 331 333 337 343 345 346 349 350 
101 128 135 148 149 152 157 165 173 177 178 181 185 186 191 194 198 209 210 212 217 218 228 229 234 237 240 241 242 244 246 250 255 256 257 262 263 269 271 279 283 287 288 290 295 297 300 302 308 311 317 319 323 324 331 335 338 340 345 348 349 353 357 
105 129 137 151 155 156 159 169 176 180 182 186 189 193 195 199 202 213 214 216 218 222 229 232 237 241 245 249 253 254 257 258 260 261 265 266 267 270 272 281 287 288 292 295 298 300 302 303 312 314 318 320 325 327 332 336 341 344 348 349 352 357 358 
107 132 141 152 159 160 161 172 178 181 186 189 193 194 197 200 205 214 217 220 224 228 230 236 239 243 249 250 255 258 260 261 262 263 268 272 276 278 280 282 290 293 296 299 302 305 306 308 313 318 322 325 329 331 333 339 344 347 349 353 357 361 362 
111 133 143 156 160 163 166 175 181 184 187 193 195 198 199 203 207 215 220 223 226 229 233 240 241 246 251 255 258 262 265 267 269 271 273 275 279 280 282 283 291 297 299 301 305 307 309 312 314 321 323 329 331 335 337 342 345 350 352 356 358 364 367 
115 137 144 160 162 165 169 176 185 187 189 195 196 200 204 206 208 217 221 226 228 230 234 244 247 250 253 256 260 266 269 270 273 276 279 282 283 284 287 289 295 300 303 305 308 312 315 318 320 323 325 330 332 337 338 344 346 351 355 357 361 367 369 
117 138 148 161 163 167 173 180 186 189 192 198 201 204 205 208 211 221 224 230 233 236 239 247 248 252 257 260 263 268 272 275 277 280 281 284 285 287 288 292 296 301 305 307 311 316 319 320 324 326 330 334 338 341 343 346 349 355 358 360 363 369 372 
121 140 150 164 167 170 174 183 188 192 194 201 204 207 209 212 213 223 228 232 234 238 240 249 253 257 260 263 267 270 275 277 279 283 285 289 290 292 295 296 297 303 309 311 314 320 322 325 326 329 334 338 342 343 347 351 355 359 363 366 369 370 375 
123 143 153 168 169 173 177 185 192 194 198 205 207 211 213 216 219 225 230 236 240 244 248 251 254 261 264 266 271 273 279 282 283 284 288 292 296 297 301 303 304 307 313 314 318 322 326 330 332 334 335 342 344 345 350 355 356 361 365 369 370 371 379 
126 146 156 170 173 174 180 186 196 199 201 208 211 215 219 223 225 226 232 238 243 248 250 252 255 262 267 269 275 279 281 283 284 286 290 293 298 301 303 306 307 308 316 317 320 326 327 334 336 338 340 344 345 346 353 357 360 364 366 373 375 378 380 
129 148 158 173 177 179 182 189 197 203 205 209 212 218 223 227 229 230 234 241 244 250 253 254 257 263 268 270 276 281 282 284 285 289 294 298 300 304 306 309 310 314 320 322 326 328 330 335 338 341 344 345 347 351 354 360 363 368 372 376 378 380 381 
131 151 160 177 179 183 187 190 201 204 209 213 217 220 227 231 235 237 238 245 246 252 254 255 260 265 270 274 279 285 289 291 294 297 300 303 305 306 309 312 315 319 323 325 327 329 334 337 339 342 346 347 348 352 357 362 366 370 375 379 383 385 387 
132 152 162 181 185 187 188 194 204 207 210 216 219 224 228 234 237 238 242 249 250 254 256 257 263 269 274 275 281 289 291 293 298 302 304 306 308 312 316 319 320 323 327 329 331 332 336 338 341 345 349 353 354 356 359 365 368 372 376 383 384 387 390 
133 153 163 183 186 191 194 195 207 209 213 217 221 226 229 235 240 243 245 252 255 256 258 259 264 273 278 281 283 291 294 297 301 303 306 308 310 314 319 323 327 328 331 334 336 339 342 344 345 349 350 355 358 359 363 369 370 375 377 384 386 390 393 
136 154 164 186 188 194 198 199 209 211 215 221 223 227 231 238 244 246 247 256 260 262 264 267 269 275 280 284 288 294 298 300 304 308 309 313 317 321 325 326 328 330 333 338 339 341 346 348 349 352 353 358 362 366 370 371 374 376 379 387 390 392 397 
137 157 167 190 194 195 201 205 210 212 217 224 225 230 234 241 247 249 253 257 264 267 270 272 276 279 281 285 290 298 301 304 308 310 311 317 318 325 328 330 332 336 338 340 342 346 347 351 355 357 361 364 367 370 373 375 378 382 384 389 393 396 398 
140 161 170 191 196 197 204 208 214 217 218 228 229 234 235 245 248 253 255 258 265 268 272 273 277 280 282 289 292 299 304 305 312 313 317 319 322 328 331 333 335 337 341 345 349 352 355 357 360 364 367 371 373 374 377 378 382 385 387 392 395 399 401 
142 164 173 195 198 201 205 210 218 222 226 231 232 237 239 246 252 255 259 260 268 269 274 277 278 282 286 291 295 301 308 310 314 318 321 323 324 330 334 337 339 341 343 348 350 355 359 361 365 366 369 375 378 379 383 387 388 392 393 395 397 401 402 
145 166 176 199 200 202 206 214 222 226 227 235 237 239 240 248 255 256 263 265 271 274 278 282 283 287 291 292 298 303 309 314 318 320 323 326 328 332 337 339 340 343 347 351 354 359 363 364 369 370 371 378 381 382 384 391 395 399 403 406 407 408 409 
149 167 177 202 203 206 209 215 225 228 232 239 243 244 246 249 259 260 265 266 275 279 281 285 289 291 293 296 300 305 312 315 321 324 327 331 332 333 339 342 345 348 352 353 355 361 366 370 371 375 377 381 383 384 388 392 396 403 406 408 410 414 417 
