4 7 10 13 16 18 21 22 25 29 30 31 32 35 36 38 39 42 44 48 51 53 54 55 58 59 62 66 69 72 76 80 82 86 88 92 93 96 97 100 103 106 109 113 117 121 124 127 128 130 131 133 136 139 140 143 146 147 148 150 153 157 158 161 164 168 170 173 174 177 181 185 188 190 193 197 200 201 204 206 208 212 215 217 221 223 227 230 234 238 240 243 244 247 250 251 253 
5 9 11 17 19 23 27 28 30 34 35 39 41 44 48 52 55 58 62 65 69 70 74 78 82 86 89 90 92 95 99 100 102 105 109 110 111 113 115 118 119 123 125 127 129 130 134 135 137 139 141 142 143 145 147 149 150 152 153 154 156 160 163 165 169 170 171 174 177 179 184 189 191 195 198 201 203 207 211 215 216 218 220 221 223 226 228 231 235 241 242 244 247 248 251 254 256 
9 11 14 19 22 27 28 29 34 38 40 41 45 48 50 54 56 61 64 68 71 75 79 81 86 90 92 95 98 101 105 108 109 112 113 116 119 121 122 126 128 130 134 138 141 143 147 148 152 153 154 157 160 162 163 164 168 172 174 176 179 182 186 190 193 195 197 200 201 205 208 211 214 215 217 218 220 221 222 224 226 230 231 235 236 237 241 244 245 248 252 255 256 260 262 264 265 
11 14 16 20 25 28 31 35 39 40 42 46 48 50 54 57 59 63 67 72 73 79 80 82 90 94 95 98 102 104 106 110 111 113 114 117 120 125 126 130 131 133 135 142 143 146 151 153 154 157 159 161 162 166 167 170 174 175 176 178 181 186 190 193 197 198 202 205 206 209 212 215 219 220 224 225 227 228 229 230 234 235 236 240 244 247 250 251 253 256 259 261 262 266 268 272 275 
15 19 23 25 27 31 35 37 40 41 46 48 49 52 57 60 61 67 70 75 79 82 86 88 91 98 101 103 107 110 114 118 120 124 126 128 131 135 138 139 140 144 145 146 147 151 153 154 158 161 164 165 167 171 172 175 179 181 184 186 189 191 193 196 198 201 204 208 209 211 216 220 221 225 228 231 232 233 234 236 238 239 243 246 250 253 254 257 258 260 262 264 265 269 272 275 279 
18 20 26 28 29 33 38 41 42 43 47 52 55 56 58 64 66 68 74 76 82 86 88 89 95 101 105 107 111 115 119 120 123 128 131 132 135 139 143 146 147 150 153 157 161 162 164 165 168 171 172 174 178 181 184 185 188 192 193 196 200 203 207 211 215 218 220 224 225 228 230 234 237 239 240 241 245 249 250 251 255 257 260 261 262 263 267 269 273 276 279 281 283 284 287 291 292 
21 24 27 29 30 35 42 43 46 50 52 56 59 62 64 66 67 70 75 79 86 89 91 94 98 104 108 111 115 118 122 123 126 129 133 136 140 143 147 148 149 152 155 158 162 164 168 171 173 177 181 184 187 188 192 196 199 202 205 208 209 212 215 216 218 220 221 228 230 232 235 236 240 244 246 250 252 256 260 263 265 266 268 270 272 273 275 279 282 283 285 286 288 291 293 297 300 
22 25 28 32 35 37 45 47 49 52 55 59 63 64 67 69 71 73 77 81 89 93 95 98 101 105 112 116 119 121 126 129 131 132 134 140 144 147 148 151 152 153 159 161 166 170 171 175 176 180 185 189 191 192 193 200 203 206 210 214 218 221 225 229 232 233 235 238 242 243 247 251 254 256 257 260 262 263 264 265 269 273 274 275 278 281 284 288 292 294 298 302 306 308 312 313 316 
26 28 31 33 39 42 48 52 53 56 60 63 64 67 69 72 75 76 78 83 93 94 97 101 105 108 113 120 124 127 130 134 137 140 144 147 149 151 153 156 158 159 160 165 167 172 175 179 182 183 187 193 194 195 196 202 206 208 214 217 220 224 226 232 236 238 241 242 243 247 248 254 255 258 262 265 268 269 270 274 278 281 284 286 290 291 292 295 298 302 304 305 308 309 316 320 321 
27 29 35 39 42 44 51 53 54 57 64 67 68 70 73 76 79 81 83 87 95 96 99 102 107 109 115 124 125 128 131 135 140 141 148 149 153 155 159 161 165 167 171 173 177 178 180 181 183 186 190 194 196 199 202 203 208 210 218 220 221 227 229 234 237 239 242 244 245 248 249 258 261 264 268 271 272 274 277 280 284 286 290 294 296 298 299 302 305 308 311 314 318 320 323 325 329 
30 31 37 43 45 47 55 58 62 63 68 71 72 75 77 79 80 84 85 88 97 99 101 105 110 112 117 127 129 131 133 138 143 144 149 151 157 161 163 165 167 168 172 174 179 180 181 182 186 189 192 198 201 202 205 207 209 213 219 223 227 230 231 235 238 241 246 249 250 251 254 261 263 266 269 275 276 279 282 286 288 291 293 298 302 306 309 312 316 320 322 325 326 328 332 335 336 
33 35 41 45 49 53 59 62 63 64 71 74 77 81 85 89 90 93 94 98 99 103 105 108 112 113 120 128 132 135 137 142 147 149 153 157 158 164 165 166 171 174 177 180 183 184 186 190 194 197 198 202 203 207 211 214 216 217 223 224 231 232 233 237 242 246 249 251 253 256 257 265 269 273 274 279 283 286 290 291 294 295 297 299 304 308 313 315 318 321 324 327 329 331 333 339 343 
35 39 43 49 53 57 63 67 71 75 76 80 83 85 88 90 92 95 96 99 101 104 108 110 114 118 122 130 134 137 139 146 149 153 155 158 159 168 171 172 175 178 182 183 187 190 194 195 196 201 205 207 209 211 214 218 222 226 228 230 233 235 236 241 243 249 251 252 255 260 264 266 271 274 276 280 285 290 292 296 300 302 304 306 307 311 314 316 319 324 326 331 333 336 338 342 347 
37 42 47 50 54 59 64 70 73 79 82 83 86 88 90 92 94 99 102 104 105 108 112 115 117 119 123 134 136 141 145 148 153 156 157 161 162 170 174 176 180 181 186 189 190 191 197 198 200 205 208 210 212 215 218 221 224 227 232 233 237 241 244 246 247 251 255 259 261 265 269 273 275 276 279 281 286 292 295 297 304 308 311 314 316 320 322 326 330 333 334 335 336 339 341 344 348 
40 45 51 54 56 60 67 71 76 83 85 86 87 89 94 97 100 101 106 108 112 116 118 119 120 122 125 138 139 142 147 150 157 158 160 164 166 171 175 180 184 188 190 193 195 198 202 205 209 211 213 215 219 220 222 225 227 229 233 234 239 245 246 249 252 255 256 260 263 269 271 276 280 283 287 290 293 295 296 301 306 312 313 315 319 324 328 330 331 334 335 339 343 347 351 353 354 
43 49 54 57 60 62 68 74 77 84 89 93 96 100 104 107 109 111 115 116 119 120 122 123 124 125 129 139 143 145 150 152 161 163 165 169 170 173 178 184 187 192 196 199 202 203 204 209 212 215 219 221 225 229 232 236 238 239 241 244 247 248 252 255 257 260 264 266 270 272 275 277 283 287 290 292 294 299 301 304 307 316 319 322 325 327 330 331 332 337 340 343 347 350 353 355 356 
46 50 58 59 62 63 69 76 80 85 90 95 98 102 108 111 113 115 118 122 125 128 130 131 132 136 138 142 145 148 151 155 165 166 168 170 171 175 179 186 191 194 199 200 206 209 212 213 216 220 223 227 230 231 236 240 243 245 247 251 253 256 259 262 263 265 268 271 273 277 280 281 287 289 291 296 298 302 305 309 312 318 321 325 326 329 331 332 334 339 342 346 348 352 354 357 360 
48 52 61 62 64 65 73 78 82 88 93 98 100 106 110 114 116 117 122 126 127 132 133 137 140 143 147 151 155 158 160 163 167 168 170 172 173 176 180 189 192 198 200 203 208 211 213 217 220 221 226 229 234 237 240 243 245 249 250 252 254 258 262 263 267 270 274 278 280 281 284 285 291 294 295 298 302 303 306 312 314 321 322 329 330 331 334 337 339 343 347 350 353 355 357 361 363 
51 56 64 68 69 71 74 81 85 91 94 101 105 108 111 115 117 121 126 129 132 134 135 141 143 145 150 153 156 162 164 166 170 173 176 180 184 185 189 192 196 201 205 209 210 212 216 221 224 227 229 230 235 241 245 246 249 252 254 255 257 260 263 264 270 273 277 282 284 288 290 292 294 298 300 303 307 309 310 316 319 324 325 330 334 338 342 343 345 347 349 352 355 358 362 365 369 
52 60 68 69 71 72 78 82 88 93 95 103 107 112 116 120 121 123 127 132 133 135 139 144 145 147 153 154 159 163 168 171 175 176 180 183 186 187 192 195 200 202 208 211 214 218 220 224 226 228 230 234 238 242 249 250 251 256 260 263 266 267 269 273 276 280 284 286 288 292 296 298 302 306 309 310 313 314 316 318 321 328 332 335 338 340 346 348 352 355 359 361 362 365 366 368 373 
53 64 72 75 76 79 83 85 91 95 99 107 110 116 120 122 125 129 131 133 135 136 142 146 149 153 155 157 163 167 172 174 178 181 183 184 188 192 196 200 202 206 211 212 218 219 224 228 231 234 237 238 242 243 253 255 258 261 262 266 268 269 271 276 280 281 288 289 293 297 300 303 306 308 311 315 316 317 321 324 328 330 336 337 341 344 347 351 355 357 362 365 367 371 373 376 380 
56 65 75 78 82 86 88 89 92 97 102 111 112 120 124 127 128 133 134 135 138 139 146 148 153 154 158 159 167 171 173 176 181 184 188 191 192 195 198 201 206 209 212 215 222 225 227 230 232 237 238 241 245 247 255 257 260 262 265 269 273 275 278 282 284 286 289 293 294 300 303 307 308 310 314 319 323 327 329 333 334 336 340 341 345 346 350 354 359 363 364 366 370 372 377 379 383 
58 67 79 80 85 89 92 95 97 98 104 114 118 122 126 131 132 137 138 142 143 144 149 152 156 160 163 165 169 174 175 179 184 188 192 196 199 201 205 206 209 213 214 218 226 227 229 231 234 238 242 246 247 250 259 260 263 266 268 273 274 279 280 283 288 290 293 295 297 301 305 311 313 317 321 323 324 329 333 335 337 341 343 344 349 351 352 357 361 364 365 368 372 374 378 383 387 
62 68 80 83 88 92 95 96 99 101 108 115 119 123 130 135 139 140 141 143 145 148 150 156 158 163 166 168 171 176 180 183 185 192 196 197 202 205 206 207 212 214 218 221 230 232 233 236 238 240 243 247 248 253 263 266 268 272 273 277 281 282 283 284 290 293 294 296 299 305 307 312 317 321 322 324 327 333 334 336 341 343 346 348 353 354 358 362 364 365 366 372 375 377 380 386 389 
64 71 82 84 91 93 99 103 107 109 111 119 121 125 131 139 140 144 145 148 152 155 159 161 163 164 169 173 175 178 183 185 189 194 197 198 206 210 214 217 218 220 222 226 231 236 239 240 243 245 246 249 252 256 265 267 270 273 274 281 285 288 289 293 295 298 301 305 306 307 309 315 319 325 329 331 333 337 341 345 349 351 355 358 359 363 365 367 371 375 379 383 386 387 388 389 393 
67 75 86 90 95 98 101 107 108 110 112 121 122 128 132 140 141 145 146 152 156 158 160 162 165 166 170 176 179 180 186 187 190 197 201 205 207 212 218 221 224 226 230 231 234 239 241 242 245 246 249 251 256 260 269 271 273 277 279 284 288 291 294 298 301 304 308 311 312 316 319 323 325 327 330 334 338 342 345 348 353 355 357 360 362 366 369 372 373 379 383 387 388 390 393 395 396 
70 77 87 92 98 99 104 109 110 111 116 125 127 129 136 144 146 148 152 156 159 163 165 167 171 175 178 182 185 189 191 193 196 199 203 209 213 217 219 223 225 230 233 237 238 242 245 248 251 253 255 256 259 264 271 274 275 279 282 286 289 295 299 300 302 308 310 312 315 319 323 324 328 330 334 336 342 343 348 350 354 359 362 363 367 371 373 376 379 382 387 389 392 395 397 399 403 
74 79 90 95 99 103 107 111 113 116 120 129 133 136 140 148 150 151 153 159 160 166 168 171 172 176 182 183 189 193 196 200 202 206 209 211 215 218 222 224 228 233 234 239 243 244 246 252 255 257 260 263 266 270 273 276 278 283 287 290 292 297 303 307 309 311 315 316 319 321 327 328 329 331 335 337 344 346 352 355 359 361 365 367 368 374 375 377 381 384 390 392 393 399 401 402 406 
76 80 94 96 100 107 108 113 115 120 124 133 135 139 143 152 153 155 158 160 163 169 173 175 178 180 184 186 191 196 197 201 205 210 213 215 219 223 227 230 231 235 236 240 246 250 253 255 258 261 264 268 271 275 276 279 283 285 291 293 295 298 307 309 312 315 317 319 320 324 328 332 333 335 338 342 346 348 354 359 360 365 367 371 374 375 376 380 382 387 394 397 401 403 407 410 413 
80 83 95 97 102 109 113 117 118 121 128 136 139 143 144 153 154 156 162 164 167 170 176 177 180 184 185 189 194 198 202 203 207 212 214 219 220 224 229 234 236 238 241 245 248 253 255 257 260 264 266 271 275 279 283 287 290 292 293 297 301 303 308 313 316 319 322 324 327 330 333 335 338 342 346 347 350 351 357 361 363 366 370 374 377 379 380 381 386 389 395 401 403 406 408 411 416 
83 85 97 99 103 113 116 118 122 123 131 137 143 146 148 156 157 158 164 168 169 171 177 180 181 185 189 193 196 202 203 206 210 216 220 221 222 227 233 235 237 242 244 248 251 254 256 259 263 268 271 274 277 281 285 289 291 295 298 299 303 306 309 314 318 323 324 326 328 331 335 336 342 343 349 350 351 355 361 362 367 368 371 376 381 384 387 388 389 391 398 404 407 411 413 416 418 
86 87 98 100 105 114 117 120 124 127 134 141 145 147 151 160 162 166 169 171 173 176 181 182 185 186 190 195 200 204 205 208 211 218 221 223 226 231 235 237 238 243 246 251 253 255 257 263 267 270 272 278 282 285 289 290 292 299 302 305 309 312 313 315 320 326 330 332 336 339 341 344 346 347 351 352 355 357 362 365 368 372 374 379 384 388 392 394 398 400 402 407 411 415 418 421 423 
89 90 100 102 108 116 120 123 126 131 135 144 148 150 154 161 165 170 174 176 177 179 183 187 190 194 195 198 203 207 209 211 214 219 225 228 229 232 239 241 243 246 247 253 256 258 260 267 268 273 275 279 283 286 292 293 296 300 305 309 311 314 315 319 321 329 333 334 338 341 343 347 350 353 357 360 364 368 372 376 377 381 383 386 389 390 393 395 399 403 407 411 415 416 421 423 424 
91 92 101 105 111 117 124 128 129 132 139 147 151 155 157 163 169 171 175 180 184 186 190 194 195 199 201 203 206 209 213 216 219 222 229 233 234 236 241 244 248 251 254 257 259 262 265 270 272 276 278 282 285 290 295 298 300 303 306 311 315 318 319 321 325 333 335 339 341 344 348 352 353 355 358 361 368 369 373 379 380 382 384 388 391 394 396 399 400 404 411 413 418 420 424 428 430 
94 97 105 106 112 121 128 131 135 137 143 148 154 159 161 166 170 174 177 184 187 189 192 195 198 202 205 209 210 213 217 219 220 223 230 236 240 243 247 248 250 255 256 261 262 264 268 271 274 279 282 285 289 293 298 299 301 307 308 312 316 319 321 323 328 334 339 341 344 345 350 354 355 358 359 363 370 372 375 380 384 387 389 391 392 397 400 401 402 407 412 414 421 423 428 432 434 
96 98 108 111 114 124 132 133 139 140 146 151 155 163 166 168 174 178 182 188 190 191 196 198 201 204 209 211 214 217 221 223 226 227 233 240 241 245 250 254 255 257 258 262 264 267 272 276 279 283 287 291 292 297 302 305 309 311 312 313 318 323 326 327 331 336 343 344 346 350 353 357 358 361 363 366 372 376 377 382 385 388 391 395 396 398 403 407 411 412 416 419 425 427 429 435 439 
99 101 109 115 119 125 135 137 143 145 149 152 157 164 168 171 177 182 183 191 193 197 199 200 202 207 212 213 215 218 224 228 232 234 236 241 244 249 251 256 260 261 265 268 272 274 275 280 283 284 290 294 296 300 306 307 313 314 316 317 320 326 328 329 334 337 347 349 352 354 358 359 363 366 368 372 376 379 382 383 386 389 392 396 397 399 406 409 415 419 422 426 429 430 431 439 442 
100 105 110 117 120 126 139 140 144 149 151 154 158 165 172 174 178 185 188 192 196 198 200 201 206 209 215 217 219 220 228 231 236 238 239 244 247 251 253 259 263 264 266 269 274 275 278 284 287 288 292 296 300 303 307 309 314 315 319 323 327 330 332 333 336 338 349 352 356 357 359 362 365 370 374 377 381 383 384 386 387 393 397 401 405 406 407 412 416 422 426 430 433 435 437 442 444 
101 107 112 121 122 128 143 145 148 153 154 156 160 169 175 176 182 189 191 195 197 202 204 207 209 213 216 218 222 224 232 236 240 244 247 250 254 257 260 262 267 270 272 274 275 279 281 286 290 291 296 297 302 306 308 310 317 321 323 324 331 333 334 335 338 339 353 355 358 361 365 366 369 374 377 381 383 385 388 392 394 397 401 404 408 410 412 413 418 424 430 432 436 439 442 446 447 
102 109 113 122 124 129 146 148 152 154 155 158 161 171 178 181 185 191 195 198 202 206 207 208 212 216 220 222 225 229 235 237 242 247 250 251 258 261 262 263 268 271 276 277 280 282 284 289 292 296 300 303 305 309 310 314 319 325 328 329 332 336 340 341 345 347 357 361 362 365 366 367 372 376 379 383 386 390 393 395 399 402 405 407 409 413 416 418 420 428 433 437 439 443 444 450 454 
105 111 115 123 127 132 150 154 157 161 165 167 169 175 179 184 186 192 196 201 204 209 213 217 221 224 225 226 228 232 237 238 244 249 252 253 261 263 267 268 269 274 279 283 286 289 290 291 296 300 304 305 309 311 315 317 323 329 332 333 337 341 342 343 348 351 360 364 366 370 371 375 377 381 383 384 389 391 395 396 401 406 409 410 412 414 417 420 422 432 437 440 444 447 451 455 457 
108 115 118 125 129 136 152 156 161 162 169 172 176 180 181 186 189 194 199 203 208 212 217 220 224 225 226 230 234 237 240 242 246 250 254 255 264 268 272 273 277 280 284 288 289 290 292 295 300 302 307 309 313 315 319 320 325 330 335 336 341 343 344 345 351 352 364 366 368 371 372 377 381 384 388 391 394 398 400 402 406 410 411 412 415 418 419 422 424 434 440 441 448 449 453 459 460 
112 118 121 129 132 138 155 159 165 167 172 174 179 182 185 189 191 196 201 204 211 214 220 221 225 227 231 232 235 238 241 243 247 252 257 259 266 272 275 277 281 282 285 291 292 295 296 299 303 305 310 314 315 318 321 322 329 334 337 341 344 348 349 352 353 356 368 370 371 372 375 381 382 388 389 392 397 402 404 407 410 412 415 417 421 423 426 430 432 436 444 445 449 453 457 462 463 
114 119 125 131 136 139 156 162 169 172 175 177 181 184 189 193 195 197 202 205 215 219 222 226 229 231 233 234 236 240 242 247 249 254 258 263 269 276 280 284 287 290 293 296 299 300 304 305 307 309 314 315 319 321 325 328 331 337 339 342 348 349 351 355 359 361 371 375 376 380 382 384 385 391 394 396 401 404 405 409 411 416 419 421 423 424 427 434 437 440 447 450 453 457 458 466 467 
116 123 126 132 140 141 158 163 173 177 178 180 185 186 192 197 201 202 206 210 218 221 226 229 232 236 237 238 242 243 245 248 250 256 259 264 272 278 282 285 291 293 297 299 301 305 307 308 310 311 316 317 322 325 326 331 335 341 345 349 350 351 352 358 360 365 373 377 379 382 385 388 389 392 395 397 402 406 407 413 416 418 422 424 426 429 432 438 440 444 448 451 457 461 462 470 471 
119 127 129 135 143 147 160 167 174 181 183 186 190 193 195 201 204 208 209 213 222 224 227 232 234 239 241 242 244 246 249 250 253 260 261 266 273 282 283 287 293 297 301 305 308 310 312 315 316 318 322 323 325 328 331 335 338 343 349 350 351 354 356 362 363 368 377 380 384 387 388 391 393 397 398 402 405 410 412 415 420 422 426 429 433 437 439 441 443 445 452 455 460 463 466 471 475 
122 129 132 137 145 149 164 170 175 184 185 190 194 198 199 203 208 210 213 215 224 228 229 236 240 241 244 245 246 247 250 253 257 262 266 269 277 286 288 290 297 300 303 307 311 312 315 319 321 323 327 329 332 335 338 341 345 348 353 354 356 357 358 365 367 370 380 384 388 392 393 397 400 403 407 410 412 414 418 420 421 426 427 432 436 441 445 449 450 452 456 460 464 468 471 472 478 
123 132 136 141 146 150 165 173 176 186 190 192 195 202 203 204 209 212 214 216 228 231 235 238 244 245 248 250 251 252 254 258 262 265 268 271 280 289 290 291 300 303 307 311 315 316 319 323 324 326 328 331 336 340 343 346 347 351 356 359 361 362 364 366 368 371 381 386 390 393 396 401 403 405 408 412 414 416 422 425 426 428 430 435 440 445 449 451 455 457 460 461 465 469 475 476 482 
126 133 137 142 147 154 168 176 179 189 194 195 197 203 206 210 213 215 219 221 230 235 238 242 248 251 254 256 259 263 264 266 269 273 274 277 283 290 291 294 301 306 310 312 318 319 322 324 327 329 331 332 339 341 347 350 352 354 359 362 365 367 371 373 375 377 385 389 391 395 398 405 406 409 411 416 420 422 426 430 432 433 437 440 444 449 450 455 457 458 463 464 469 472 479 482 485 
129 134 139 146 149 158 170 180 183 190 195 197 201 204 208 213 216 218 220 223 234 237 242 244 250 254 258 259 262 265 267 269 272 275 277 280 287 292 294 297 305 308 312 314 321 322 325 328 331 334 338 342 345 346 349 351 356 357 360 364 366 369 372 374 379 382 389 393 394 396 400 407 409 410 413 418 422 424 429 431 435 436 440 443 448 450 452 458 459 460 464 465 470 475 480 483 488 
131 136 140 147 151 161 172 183 185 191 198 201 205 209 210 216 217 222 224 227 236 241 245 246 251 257 260 264 267 270 273 276 277 281 283 285 290 296 299 300 309 313 315 317 324 327 331 333 336 338 341 344 348 350 352 355 359 362 366 367 369 372 373 377 382 383 390 396 397 400 404 411 413 414 415 420 424 426 433 434 437 441 443 444 449 451 454 462 465 469 471 475 476 479 481 485 492 
133 140 141 151 152 163 174 184 188 193 199 202 209 212 215 217 219 225 227 231 239 245 249 251 254 260 262 267 271 275 278 280 282 283 287 290 291 299 300 301 311 316 317 319 326 328 332 337 340 344 345 346 351 352 355 357 362 366 370 374 378 381 383 386 388 392 393 397 399 403 406 414 417 418 421 422 427 429 437 438 442 445 447 448 451 453 456 464 466 470 472 476 479 483 486 488 495 
137 142 143 152 154 166 175 185 191 197 202 206 210 216 218 219 220 227 228 233 242 246 252 253 257 261 266 268 275 277 282 284 287 290 294 296 300 302 305 309 313 317 321 322 330 331 335 338 343 345 349 350 355 358 359 363 367 368 374 377 380 383 387 389 391 394 396 398 401 407 408 417 420 421 424 428 431 435 438 440 446 448 452 453 454 455 458 467 469 474 476 480 482 486 488 492 497 
138 146 150 155 159 167 177 188 192 198 205 208 211 220 223 227 231 232 235 238 246 250 253 257 258 264 267 271 278 282 285 289 291 294 297 301 305 306 307 313 315 321 324 327 332 336 339 341 347 348 351 354 357 360 363 364 370 373 375 378 384 388 389 393 397 399 403 407 408 411 414 419 424 427 430 434 435 436 441 442 447 449 455 458 460 461 464 469 472 477 479 482 485 487 491 496 500 
139 147 151 156 162 169 178 191 195 202 208 209 213 223 225 228 232 236 240 243 248 252 254 258 261 267 268 275 279 285 286 293 294 298 301 302 309 313 317 321 323 325 326 329 334 340 344 348 351 353 357 358 359 361 366 370 371 376 379 380 388 390 392 396 398 401 406 409 413 414 416 423 426 428 432 436 440 441 445 446 451 453 459 461 463 467 470 471 475 478 483 485 486 488 492 497 502 
141 150 152 159 165 170 181 193 199 206 211 212 215 226 229 231 236 237 244 247 250 255 259 263 265 269 270 279 283 289 290 297 301 303 307 309 312 315 319 324 328 330 334 335 339 341 347 349 353 354 358 361 363 365 369 373 376 378 380 384 390 394 398 400 401 402 408 413 414 418 420 424 427 429 434 438 443 444 449 451 453 454 462 466 469 473 476 480 482 486 487 489 493 496 500 501 503 
142 153 155 160 166 174 184 197 203 209 214 217 218 227 231 234 240 243 247 248 253 258 262 266 269 270 272 282 286 291 293 299 305 307 310 311 313 317 323 327 329 334 337 341 344 346 350 352 356 360 364 366 370 373 374 377 380 382 383 388 393 395 399 404 406 409 412 414 418 420 423 426 430 434 435 442 446 447 452 456 457 458 465 467 472 474 478 483 485 490 492 493 494 499 502 505 506 
144 154 158 164 167 178 187 199 205 210 217 219 222 231 232 236 243 246 251 254 257 260 266 270 271 273 277 286 288 294 295 300 306 309 312 313 316 318 327 329 332 338 341 345 347 349 354 355 359 361 368 369 373 374 377 380 384 386 387 391 397 400 404 408 412 413 415 419 420 424 425 427 434 436 440 443 450 451 456 458 459 460 466 469 476 480 481 484 486 492 494 496 500 501 506 509 513 
147 155 160 168 172 179 190 202 206 214 220 224 228 233 236 237 245 247 254 257 260 264 270 271 275 276 280 290 294 298 299 304 308 311 313 314 320 322 329 332 335 339 345 349 352 354 356 359 360 362 369 372 374 375 380 381 388 389 391 393 400 402 408 409 415 417 420 422 425 426 428 429 435 438 441 447 452 456 458 461 464 466 470 474 477 481 484 488 489 493 498 499 501 503 507 512 515 
150 157 163 171 173 183 192 204 210 215 223 227 229 234 240 241 247 249 257 261 265 266 271 274 279 283 287 291 297 300 303 307 310 313 315 318 322 326 332 333 339 340 349 352 353 358 359 362 365 366 373 374 376 379 383 386 391 394 397 398 403 406 412 416 420 422 424 427 431 433 434 436 440 444 448 451 456 460 464 468 471 475 477 480 482 483 485 490 494 497 500 504 508 510 513 516 517 
152 159 167 172 175 185 195 206 211 218 227 231 235 237 243 246 250 252 259 264 266 270 275 278 280 287 290 292 298 302 305 311 312 316 319 320 324 330 336 340 341 342 350 353 357 362 365 366 367 369 377 380 382 385 386 390 395 397 400 403 407 410 416 419 422 426 429 430 433 436 437 440 443 445 449 452 459 462 468 472 473 479 480 482 484 488 492 493 496 499 504 508 512 514 516 517 519 
153 160 171 176 179 188 198 208 215 220 231 234 238 240 244 249 254 257 262 266 269 272 279 280 281 290 293 294 302 304 309 314 316 320 323 325 328 331 339 342 343 344 353 355 358 366 367 368 371 375 378 382 384 389 390 391 399 401 404 405 409 412 419 421 426 428 431 435 439 442 443 444 446 447 453 457 463 465 470 474 475 482 486 489 492 495 499 500 503 507 511 513 515 516 520 523 527 
155 164 174 178 183 190 200 212 217 221 234 238 241 245 246 251 256 259 263 268 271 275 281 284 288 293 297 299 303 307 313 318 320 322 326 330 332 333 342 345 347 349 354 359 361 367 368 371 375 376 382 384 387 391 395 398 403 407 410 412 416 418 423 427 430 433 435 438 443 447 451 453 455 456 459 461 465 466 472 477 478 483 489 493 494 499 503 506 510 512 516 520 524 526 528 530 531 
159 165 175 182 186 191 203 216 221 223 237 242 244 248 251 255 260 264 266 270 272 277 282 286 289 297 299 300 306 309 315 319 321 325 327 333 334 337 345 347 348 351 355 360 363 369 370 374 379 382 385 386 388 393 396 400 405 410 412 413 417 420 426 428 434 436 440 441 446 448 454 457 460 461 463 465 468 471 475 480 482 485 493 495 498 502 505 508 514 517 518 521 527 531 533 535 537 
163 167 179 186 187 193 205 217 223 226 238 245 246 250 254 259 263 267 271 272 274 280 284 290 291 299 301 303 308 312 316 320 325 326 328 337 340 342 346 351 355 356 358 361 364 372 373 376 382 385 389 393 396 400 404 408 410 413 414 418 419 423 427 430 436 437 443 445 450 452 457 461 463 464 468 470 471 475 478 483 486 489 495 496 502 504 508 512 516 520 523 526 530 532 537 538 542 
164 170 180 189 192 196 209 220 227 228 242 247 251 253 257 262 264 271 272 275 278 282 287 294 298 303 306 308 309 314 319 321 326 328 330 339 343 347 348 353 356 358 362 366 368 374 375 377 384 386 392 396 398 402 408 410 413 414 415 419 421 425 428 432 439 441 444 448 454 456 461 464 468 471 473 476 479 482 485 486 489 492 499 500 503 506 509 514 519 521 527 528 533 534 541 544 545 
166 173 182 190 196 198 213 221 228 231 245 250 254 255 261 263 268 272 273 279 282 286 290 298 299 305 307 309 312 316 322 326 330 331 333 340 345 350 354 358 359 362 365 370 371 376 377 379 387 388 393 399 400 403 410 411 414 415 419 423 427 431 435 438 441 444 445 452 455 458 464 468 472 476 477 481 482 485 486 488 492 496 501 505 508 509 512 518 520 524 528 532 536 537 542 545 549 
169 177 186 193 200 203 216 222 230 232 247 251 255 258 263 266 272 276 280 283 285 287 294 300 301 307 310 313 314 318 323 329 333 335 336 342 348 351 355 361 362 366 369 374 377 381 382 383 389 391 394 403 407 411 413 416 420 424 425 427 431 432 439 442 444 445 448 453 459 462 468 472 473 479 482 485 488 491 492 496 499 503 504 506 510 514 518 522 526 529 531 534 540 543 544 547 552 
172 179 187 196 204 206 219 224 231 236 250 253 257 259 265 270 276 278 281 285 289 290 297 303 306 310 312 315 316 320 325 330 336 340 341 343 350 352 358 365 366 368 370 376 381 384 385 387 392 395 396 406 408 415 418 419 423 427 431 435 436 440 442 443 447 448 451 455 462 463 471 473 477 482 485 487 491 494 496 498 502 505 508 509 511 515 519 524 527 532 535 536 544 545 546 551 553 
175 183 189 197 205 209 222 227 235 240 253 256 258 263 266 272 278 281 285 287 293 294 301 305 308 311 316 317 319 324 326 333 337 344 345 348 351 356 362 367 371 374 377 379 385 389 392 396 397 398 400 410 411 419 422 424 426 431 435 437 440 441 446 448 451 455 456 460 464 468 472 474 478 486 488 491 495 498 502 504 506 508 509 511 515 519 520 525 529 535 536 540 548 550 553 557 558 
177 186 191 199 207 213 223 229 238 244 257 260 264 266 267 275 279 284 289 291 295 297 304 306 311 312 318 321 324 326 329 337 338 346 347 351 353 360 363 370 372 376 379 381 389 393 396 399 402 406 410 413 414 421 423 428 432 434 436 439 444 446 448 451 453 459 463 465 467 471 476 480 482 487 489 495 497 499 506 507 510 514 518 519 520 524 526 530 533 537 539 541 550 553 557 559 562 
178 188 192 203 209 216 227 230 239 248 258 262 268 269 270 277 283 287 292 295 296 299 306 308 312 316 321 323 326 328 331 340 342 350 353 354 356 361 366 373 377 380 382 386 390 394 399 401 405 407 411 416 419 425 427 429 433 435 438 441 446 450 452 456 459 462 465 467 471 475 477 484 486 488 493 498 500 502 510 512 516 519 521 523 525 527 529 532 535 538 541 545 551 555 559 560 564 
179 191 195 207 210 218 229 234 243 250 261 263 270 271 273 281 284 289 294 298 300 301 308 309 313 317 324 326 327 331 334 343 344 352 355 356 358 364 368 375 381 382 386 387 393 396 401 404 406 411 414 418 420 428 429 432 436 437 439 442 448 454 455 459 462 466 469 471 475 476 479 488 491 495 496 502 505 509 512 515 517 521 524 527 529 531 533 535 538 539 545 548 553 558 561 563 568 
182 192 198 208 214 221 231 238 244 252 262 265 272 276 280 284 286 293 298 299 301 303 312 315 318 319 328 332 335 337 340 347 351 355 358 362 365 368 370 378 383 387 388 392 396 397 404 408 412 414 416 421 422 431 434 435 439 440 444 447 449 457 459 460 465 470 472 474 476 479 483 490 494 497 500 504 508 512 516 520 522 523 527 530 534 536 539 540 543 546 548 549 557 561 563 565 569 
185 196 201 211 215 225 235 242 247 256 265 268 275 278 284 287 288 294 301 305 307 311 313 319 322 325 329 334 339 342 346 349 355 358 361 363 369 370 374 379 387 389 391 393 398 400 408 412 415 416 417 422 426 434 436 439 443 444 445 448 452 459 463 467 470 472 473 476 478 480 487 492 498 501 505 506 512 516 518 523 524 527 529 534 536 537 540 541 546 547 552 555 558 563 566 569 572 
189 197 203 213 216 228 237 245 249 258 269 270 279 282 286 291 295 296 303 307 310 315 316 320 325 328 330 336 342 346 347 351 356 360 362 366 373 374 376 383 390 391 393 394 400 401 410 414 419 421 423 426 428 436 439 443 445 448 451 453 454 463 464 470 474 476 479 481 483 485 490 493 500 505 506 509 513 517 522 525 527 528 532 536 539 542 543 546 547 551 553 558 560 566 569 570 575 
193 200 204 216 219 231 238 249 253 261 272 276 280 286 287 294 299 301 304 309 314 316 318 322 329 331 335 340 344 350 351 352 358 364 368 372 374 375 380 385 393 394 395 396 404 405 411 415 422 424 425 428 432 439 441 444 448 449 453 454 458 467 469 474 475 477 481 483 484 489 494 498 503 509 511 512 514 520 524 526 531 534 538 542 544 547 548 550 552 556 560 561 564 570 574 575 577 
194 202 208 219 223 235 242 252 255 265 276 280 284 287 290 295 302 304 307 311 318 320 321 326 331 335 339 343 347 351 352 355 360 366 370 373 377 380 382 388 395 396 398 402 407 408 412 418 426 427 428 431 435 440 443 447 449 453 456 457 460 470 472 477 478 481 482 487 488 491 495 502 506 510 514 515 519 524 526 528 532 536 542 545 547 548 549 553 555 558 563 565 569 571 576 577 579 
196 206 212 221 224 236 243 253 258 267 277 281 285 289 292 297 306 308 312 314 322 326 327 328 333 337 341 345 350 354 358 361 365 370 372 377 379 383 385 392 396 399 403 405 409 411 415 422 429 433 435 437 438 441 447 451 453 457 458 461 463 473 477 479 480 483 485 490 492 496 498 505 507 511 517 519 521 527 528 529 534 538 544 546 551 552 554 555 558 559 565 567 570 574 577 580 583 
199 208 216 224 228 238 246 256 260 270 279 285 287 291 294 300 308 311 313 316 326 328 329 331 336 341 343 348 353 356 362 364 366 371 376 381 385 387 388 396 400 404 407 410 414 415 418 423 432 436 439 442 444 448 452 453 455 459 462 465 466 477 480 484 488 490 491 495 498 500 501 506 510 512 520 524 527 529 531 534 537 540 545 550 554 558 562 565 569 571 574 576 580 582 584 587 588 
200 210 217 227 231 239 249 260 262 271 283 289 290 293 297 302 311 314 315 317 328 332 335 339 343 344 345 349 357 359 363 368 372 375 378 384 386 388 391 399 403 405 410 414 416 418 421 426 436 440 442 445 449 451 456 459 461 463 467 471 475 480 483 487 490 492 495 499 500 501 502 510 511 516 522 528 531 532 534 537 541 545 546 551 555 560 566 569 571 575 578 581 584 586 590 592 596 
204 211 220 231 235 242 253 262 263 274 286 293 295 298 300 303 315 319 321 324 330 334 336 340 344 345 346 350 361 362 364 371 375 376 380 386 390 391 395 402 404 408 414 415 419 421 422 428 439 444 448 451 454 458 461 464 465 469 472 474 476 482 487 491 494 496 500 502 506 509 511 513 517 519 524 530 533 535 536 540 542 549 553 557 561 563 567 572 576 578 582 586 590 592 593 596 598 
206 212 222 234 239 246 254 264 265 277 290 296 299 300 303 307 319 322 326 329 332 335 340 342 345 347 350 352 365 367 369 374 379 381 382 389 393 396 400 406 410 413 417 418 423 427 431 433 442 446 450 452 457 462 463 466 467 471 473 476 479 486 489 492 495 498 503 504 507 511 512 515 518 520 525 532 534 537 540 541 545 553 557 560 565 569 572 574 577 582 583 587 592 593 596 597 602 
207 216 223 235 242 249 256 266 268 280 293 297 300 304 305 311 321 324 330 331 334 338 343 345 347 350 353 356 368 370 373 377 381 384 386 392 395 399 402 408 413 416 419 420 426 430 434 437 444 447 453 456 461 466 468 470 474 477 479 481 484 489 492 496 499 501 505 507 511 515 519 523 527 531 534 538 539 540 543 547 550 554 559 561 566 570 574 578 582 585 588 590 596 600 601 602 604 
208 218 226 237 246 252 257 270 272 282 295 298 301 308 310 313 324 325 334 338 342 346 350 353 354 358 362 366 369 374 375 380 382 386 388 395 396 403 404 412 414 420 423 425 427 432 435 441 448 451 457 461 465 468 471 474 477 478 481 483 486 493 494 500 501 505 507 510 512 519 521 526 531 533 537 539 540 543 546 548 552 555 562 565 570 574 577 579 583 586 590 592 599 602 604 608 611 
211 219 230 238 250 254 259 273 274 283 299 303 305 312 313 316 325 326 336 339 343 349 352 354 356 362 365 367 372 376 380 382 383 390 394 399 400 404 405 415 419 421 426 427 428 433 437 444 450 453 459 465 469 473 474 475 481 484 485 486 487 497 498 502 504 507 510 514 518 521 524 527 534 536 539 540 543 547 549 550 554 557 566 568 574 576 581 583 587 591 593 597 601 603 606 609 612 
212 220 234 242 251 257 263 276 280 284 300 305 309 315 317 320 326 328 339 340 345 352 354 356 358 364 369 371 376 378 381 383 387 394 395 400 404 407 408 419 422 424 428 431 435 439 441 445 453 457 462 467 471 474 478 479 485 489 490 491 493 498 502 503 505 509 512 515 520 523 525 528 536 538 541 543 546 548 551 555 558 562 568 569 576 577 585 589 592 594 595 600 602 605 609 610 613 
213 222 237 245 252 260 266 279 283 287 304 309 312 317 318 323 330 333 343 345 347 353 358 359 362 367 370 374 380 383 385 388 389 398 401 405 409 413 415 422 426 427 431 435 436 442 444 446 454 461 463 471 474 476 481 484 487 491 495 497 501 502 505 507 509 513 517 519 522 526 529 532 539 540 542 544 550 554 556 559 560 564 571 573 577 580 587 590 594 597 601 605 607 609 610 613 616 
217 225 239 249 254 264 267 280 284 290 306 313 316 318 320 325 331 334 346 350 351 356 362 366 369 370 371 376 384 386 388 391 393 400 405 409 411 417 419 423 427 429 435 438 441 445 449 452 458 462 466 475 479 483 484 488 492 495 499 503 505 507 509 510 511 517 518 522 524 528 532 533 542 546 549 552 555 559 562 566 568 569 574 575 581 582 589 594 595 600 605 607 609 610 611 617 619 
221 227 242 250 255 266 269 281 286 291 308 315 318 321 325 326 332 335 347 352 355 358 365 370 373 377 381 384 385 389 392 396 399 403 409 413 417 420 421 425 428 432 436 442 446 448 453 455 461 464 469 477 483 486 489 492 493 499 500 507 511 512 513 517 519 520 523 524 527 529 533 534 544 548 551 556 559 562 564 570 574 578 582 583 585 589 592 595 597 604 609 610 613 614 615 619 620 
225 230 245 254 258 267 273 283 287 293 312 319 322 323 329 330 334 339 350 353 357 362 367 373 376 378 384 385 387 391 396 397 400 406 412 416 419 421 422 427 430 436 437 446 449 451 454 457 462 467 471 481 484 488 490 495 496 500 502 509 515 516 518 522 526 527 528 529 533 534 536 537 548 552 556 559 560 564 566 574 576 581 585 588 589 590 596 597 599 606 610 611 617 621 625 626 628 
226 232 246 257 261 269 275 284 289 294 315 321 324 325 330 333 338 340 351 357 360 363 369 375 379 382 385 389 391 394 399 402 406 407 413 420 423 426 427 430 431 437 440 448 451 454 456 458 465 469 473 484 488 492 493 497 501 504 507 512 517 520 523 525 530 531 533 534 536 537 539 540 549 554 560 562 566 568 572 576 579 582 587 590 593 594 598 602 603 608 612 614 618 625 626 629 633 
227 236 247 261 264 272 276 286 292 296 318 325 327 329 332 336 340 343 354 360 361 364 370 378 380 386 390 391 394 398 401 406 408 409 416 421 427 428 431 435 436 441 442 449 453 456 457 461 469 471 474 485 492 496 497 499 503 507 511 513 518 522 527 530 531 533 536 538 542 545 549 553 557 561 564 567 568 570 573 578 582 583 591 593 596 599 602 604 607 612 615 618 620 626 629 630 636 
231 240 248 264 268 273 278 288 295 298 321 326 331 335 336 338 344 348 358 364 367 369 372 379 384 390 391 393 396 401 404 409 412 415 420 425 428 429 434 436 437 445 448 450 456 457 461 463 470 475 479 488 494 499 503 505 508 512 514 518 519 523 528 531 532 537 540 544 545 549 550 554 559 564 566 569 572 575 577 581 583 586 595 596 598 601 605 607 611 616 618 620 621 627 633 637 640 
235 241 251 265 270 275 279 292 298 299 325 327 334 336 340 341 345 350 360 367 370 372 373 383 388 391 394 398 400 405 409 410 413 419 421 426 429 432 438 440 443 446 452 456 460 464 467 469 472 476 481 492 495 502 505 508 510 513 516 521 522 525 531 532 533 541 545 546 549 552 555 557 562 567 568 571 574 578 582 584 588 589 597 601 605 608 610 612 613 618 622 623 627 628 635 639 644 
237 244 254 266 274 276 280 295 300 304 326 330 336 337 344 345 347 351 363 368 373 374 376 386 389 392 398 399 404 409 413 414 417 421 423 430 433 435 439 443 446 448 453 459 463 465 469 471 476 477 483 494 496 505 509 510 513 514 517 523 524 528 534 537 538 543 547 548 551 556 560 562 563 570 574 575 578 579 586 589 592 595 598 604 608 610 611 614 615 619 623 626 630 634 638 640 646 
239 247 256 268 276 278 284 298 303 308 328 334 340 343 348 352 356 360 366 372 375 378 381 388 390 394 399 403 405 410 416 419 421 425 426 433 434 439 441 447 450 452 456 463 464 466 470 475 480 482 487 495 500 509 510 513 517 521 525 526 530 533 536 538 540 546 551 552 555 558 561 563 566 571 577 578 580 582 589 590 593 599 603 605 611 613 617 619 622 626 630 633 635 636 640 642 648 
