3 4 7 11 15 16 17 21 24 26 30 31 35 37 39 41 44 45 48 52 56 58 61 62 64 66 68 69 72 74 76 80 83 85 89 90 94 96 99 100 103 104 108 109 113 115 117 120 121 122 125 129 130 131 133 137 139 143 147 150 152 153 155 157 159 161 163 164 165 169 
7 8 12 14 18 22 24 28 29 31 34 38 39 43 45 49 52 55 59 62 66 68 72 75 78 80 84 88 90 91 94 96 100 102 104 105 108 109 112 113 116 117 121 125 126 128 129 130 132 135 137 139 140 142 144 145 146 148 150 154 157 158 160 163 164 168 169 171 174 178 
10 13 14 15 19 25 28 30 33 36 39 40 43 47 48 51 56 58 61 65 70 73 75 78 81 82 88 92 96 97 100 102 105 107 110 111 112 113 116 117 120 124 126 128 129 132 133 134 137 141 144 146 150 154 158 160 164 166 168 169 171 174 175 177 179 180 181 184 187 191 
12 14 18 20 23 27 31 33 37 38 42 43 45 50 51 52 58 62 64 68 72 77 78 82 85 87 89 95 100 103 106 109 112 115 116 120 123 124 126 128 130 133 135 137 139 143 145 149 153 155 156 158 162 166 170 174 176 180 181 183 187 191 192 195 197 200 204 208 212 214 
13 15 21 25 26 28 35 37 40 41 43 44 48 53 56 59 63 64 66 69 74 79 80 84 87 88 92 98 101 105 109 111 113 117 120 122 125 126 129 130 132 135 136 138 141 146 150 152 157 159 162 166 169 171 173 175 179 181 185 188 192 194 197 198 200 204 207 210 216 220 
16 19 24 27 31 34 38 41 42 45 49 53 55 56 58 63 66 69 73 76 78 83 84 86 88 89 94 100 105 109 111 115 117 118 121 124 126 128 130 132 134 139 141 145 146 149 153 155 159 160 164 167 173 174 175 179 181 182 187 189 196 197 201 202 206 210 213 215 217 223 
20 24 28 29 34 38 41 45 49 52 56 60 63 66 70 73 76 79 80 81 84 88 92 93 97 101 103 106 110 112 115 116 119 120 123 125 127 132 136 137 140 143 147 149 151 152 156 158 161 163 166 170 177 179 182 185 186 190 192 196 200 202 205 207 208 214 215 218 219 227 
22 27 29 33 37 42 45 46 52 53 57 62 66 70 71 75 77 81 85 89 90 93 97 99 100 105 109 113 117 121 125 127 130 133 134 138 141 143 147 151 155 156 158 160 162 166 167 170 173 174 177 179 181 182 184 187 191 192 195 200 204 206 210 211 212 216 219 220 223 228 
26 29 31 36 39 45 48 49 55 57 59 66 67 73 76 80 82 85 86 93 96 98 99 103 107 110 113 116 118 125 127 129 131 134 136 142 144 145 149 155 156 158 162 165 166 169 172 176 179 181 182 183 186 190 193 195 197 201 203 204 207 210 212 214 215 220 224 225 227 231 
27 32 34 37 40 47 51 53 56 58 63 69 70 75 77 83 84 89 91 97 98 102 105 106 109 113 117 119 123 126 131 135 138 140 141 146 150 151 153 159 161 165 168 169 172 176 178 180 181 183 185 188 192 193 195 198 201 204 208 212 216 218 219 220 223 225 227 228 230 235 
28 35 37 40 44 51 55 59 61 65 66 72 75 78 81 85 89 92 93 99 101 105 107 111 115 118 120 124 128 129 133 137 141 142 143 150 151 153 157 161 165 169 173 177 178 182 185 187 189 193 197 199 201 204 207 209 213 215 218 219 223 224 225 226 230 232 235 238 241 243 
29 39 41 42 45 55 56 62 63 67 71 76 80 84 87 91 94 97 100 101 103 108 110 112 119 123 125 126 130 132 135 141 142 145 148 152 153 157 158 165 168 172 174 179 182 185 186 188 193 195 198 201 204 208 209 210 214 217 222 225 226 227 228 232 233 235 238 239 245 247 
30 41 42 44 46 59 60 63 66 69 73 80 83 86 88 94 95 100 104 105 108 109 111 115 121 125 128 132 133 136 138 145 146 149 151 154 156 159 162 166 172 174 175 180 186 188 192 196 199 202 204 208 212 216 218 219 223 226 227 231 233 236 239 243 247 251 254 258 262 266 
31 45 49 52 54 60 62 64 69 70 76 81 85 90 91 95 96 104 105 109 112 116 118 119 122 126 130 134 138 140 143 148 152 156 160 162 166 168 169 173 174 175 178 183 188 191 195 200 201 206 208 210 216 218 221 222 227 231 234 238 239 240 241 244 248 252 255 261 263 268 
34 47 53 54 58 64 65 67 70 71 77 82 88 93 95 99 101 105 107 113 115 119 123 125 129 133 137 138 142 143 146 149 153 158 161 166 169 173 176 180 181 182 184 188 192 195 198 204 208 210 214 217 219 220 225 228 230 232 238 241 245 249 253 256 257 259 261 263 265 271 
35 49 54 58 62 66 69 70 74 78 80 84 91 94 97 101 105 108 111 114 116 123 127 130 132 135 140 144 146 148 149 152 155 161 165 170 171 177 179 182 186 187 191 195 198 200 202 208 212 216 219 222 224 227 228 230 232 234 240 242 249 250 257 259 260 264 265 269 271 274 
38 52 57 62 65 69 73 75 78 82 83 87 93 95 100 103 108 112 115 116 117 126 130 131 135 139 144 145 147 149 152 153 156 163 167 171 175 179 182 183 189 193 195 199 202 204 205 211 216 220 223 224 226 228 231 232 236 239 243 245 253 256 260 261 263 265 266 270 272 278 
40 56 59 63 69 73 76 77 80 86 87 91 96 97 102 105 112 115 118 122 124 129 132 134 137 141 147 150 153 156 157 160 164 165 169 172 178 181 185 189 192 196 199 201 203 205 208 214 219 222 227 230 233 236 239 241 242 245 248 252 257 261 264 266 268 271 272 273 277 280 
41 59 60 66 71 75 79 81 82 90 92 95 99 102 104 106 115 119 121 124 125 133 136 138 141 142 151 153 154 160 163 166 169 172 174 177 182 184 189 191 194 199 203 206 208 211 215 216 222 224 230 232 235 240 242 246 248 252 256 260 262 263 267 268 270 274 276 280 282 283 
42 62 63 67 75 78 80 82 86 93 94 97 103 105 107 111 118 123 127 129 131 135 139 143 144 145 155 157 159 161 165 169 173 176 177 178 183 187 190 192 195 200 206 207 210 215 216 217 225 227 232 234 237 243 247 249 252 255 259 264 266 270 273 274 278 279 281 283 284 288 
43 65 68 69 77 82 84 86 88 96 97 98 106 107 111 113 121 124 131 132 133 137 143 146 149 153 156 160 162 163 168 171 177 181 182 186 188 191 193 196 198 204 209 211 212 217 220 221 229 232 233 238 242 247 248 252 256 260 261 266 268 274 277 281 285 286 290 293 296 300 
44 69 72 73 79 86 90 91 93 99 102 106 108 109 113 116 124 128 132 135 137 141 144 147 151 156 157 161 164 165 172 174 179 182 185 187 192 193 194 199 203 205 210 214 218 222 225 229 232 233 235 242 246 251 253 257 261 264 268 271 272 277 280 282 289 290 294 296 300 301 
46 70 73 74 83 89 91 94 96 101 106 109 111 112 116 117 125 131 135 139 143 146 148 149 152 159 160 164 168 172 173 177 181 186 190 194 195 196 197 200 204 206 214 218 219 225 228 233 237 240 243 245 248 252 255 261 265 266 271 275 276 281 284 288 293 297 298 302 303 306 
47 71 75 78 86 93 94 96 98 105 109 113 117 120 123 125 127 132 137 140 147 149 151 155 156 160 162 167 171 175 176 178 184 188 192 198 199 203 206 210 213 214 218 219 221 226 232 236 239 242 245 248 249 254 258 265 267 271 275 277 278 284 288 292 296 300 302 306 307 309 
50 72 79 80 89 95 97 98 100 109 113 116 121 122 126 128 131 136 140 141 150 152 156 159 160 164 165 170 173 179 182 185 186 191 196 200 201 204 207 214 216 219 222 224 225 228 236 239 243 246 250 253 254 256 262 266 270 275 277 281 282 288 291 296 299 304 305 307 311 314 
51 76 80 83 92 97 101 102 106 113 117 121 122 124 130 132 133 139 142 146 154 157 158 161 162 165 169 172 177 183 186 187 188 195 198 202 204 208 211 215 218 220 223 228 230 232 238 243 244 248 252 255 257 259 264 267 274 276 280 284 287 291 294 299 300 305 307 310 315 316 
55 80 81 87 95 100 104 105 109 117 118 125 126 127 134 138 141 144 145 149 158 159 162 165 166 169 170 176 181 184 187 189 191 198 199 205 208 212 214 218 221 223 225 232 236 239 241 246 250 254 256 259 260 264 267 268 275 278 281 286 290 294 298 303 305 309 311 314 316 319 
57 83 87 91 99 101 106 107 111 119 121 127 131 133 135 142 144 147 151 155 159 163 167 168 171 172 174 180 184 187 189 192 193 199 201 208 211 216 217 222 226 230 232 236 239 242 244 250 253 258 261 264 268 269 271 275 278 279 283 290 292 296 301 305 308 313 315 319 320 322 
58 86 89 93 101 104 108 111 113 122 124 130 134 136 138 143 147 150 154 156 162 166 171 172 174 176 179 181 188 191 194 197 201 202 206 211 213 220 223 224 230 234 238 240 241 246 250 254 256 260 263 267 269 272 274 279 283 284 288 294 298 301 302 306 310 316 318 322 323 327 
62 89 93 95 102 105 112 113 114 123 125 132 138 141 142 147 148 154 158 162 163 170 174 178 179 181 182 186 190 194 196 200 202 204 207 213 214 222 226 227 234 235 242 243 244 248 253 257 259 263 267 268 270 275 278 282 284 286 292 296 300 303 304 307 314 320 322 324 326 329 
64 91 97 101 106 110 113 114 115 125 126 136 141 143 144 148 152 156 161 164 167 174 177 181 182 183 186 188 194 196 199 201 203 205 208 214 218 225 230 231 235 238 245 248 249 251 254 260 263 264 269 270 274 278 282 286 287 289 296 298 301 305 308 311 318 321 325 329 333 335 
68 92 98 105 109 112 117 120 121 129 130 140 145 149 152 154 156 159 163 167 169 175 181 183 186 190 193 197 199 201 202 204 208 209 213 216 222 226 231 234 237 240 246 250 254 258 259 262 267 270 274 277 281 285 289 293 296 300 304 305 306 308 311 313 322 325 329 331 335 338 
70 95 102 109 113 114 119 123 125 132 134 142 146 153 154 156 159 162 167 168 170 179 183 187 190 191 197 198 202 203 205 207 212 215 218 219 224 229 234 237 241 243 248 251 256 261 264 268 270 273 275 280 282 289 291 294 298 303 305 306 310 312 315 316 324 328 332 333 339 343 
74 97 105 110 115 116 121 124 128 134 135 144 150 156 159 161 163 164 171 174 177 181 186 191 195 197 201 205 209 213 214 216 217 220 222 226 230 231 236 239 243 245 250 253 259 262 265 272 275 278 279 283 285 291 294 295 299 304 309 310 311 314 318 322 327 330 333 334 343 344 
75 99 107 114 119 120 123 128 130 138 139 146 151 158 163 165 167 168 174 176 180 185 188 192 199 202 204 207 211 215 218 220 224 225 226 228 231 233 237 240 247 248 253 257 263 267 269 275 279 283 285 288 290 294 297 298 302 307 310 313 317 319 322 325 331 334 338 339 345 347 
77 103 109 117 122 126 129 131 132 140 143 150 152 161 167 168 169 170 176 178 183 188 192 194 202 206 210 214 215 216 219 222 225 227 229 231 234 236 238 243 251 253 255 259 264 271 275 276 280 284 286 291 294 297 301 305 308 311 315 316 321 325 328 329 332 337 339 343 348 351 
79 106 112 120 123 127 132 133 136 141 145 153 155 163 169 171 174 178 180 181 184 191 193 195 203 210 214 216 220 223 227 230 233 236 240 243 244 245 249 252 255 257 259 260 266 272 276 280 284 286 290 293 298 299 304 307 312 315 319 322 324 329 331 333 336 341 344 348 351 353 
80 109 114 122 127 131 135 136 139 142 149 156 157 165 170 173 177 180 181 185 189 194 198 202 204 213 216 217 223 227 231 235 239 242 244 246 250 251 252 256 260 263 265 266 268 275 277 281 288 292 296 300 303 306 307 309 313 319 323 324 325 332 335 336 339 343 348 349 355 359 
82 113 116 125 128 132 136 139 140 146 151 160 162 168 172 177 178 181 184 186 192 197 202 206 210 214 219 223 224 228 233 237 240 246 249 250 251 253 255 258 262 265 268 272 273 277 278 285 292 293 298 301 306 309 310 313 315 323 325 327 329 333 337 340 341 345 350 353 356 360 
84 117 120 127 129 133 140 143 147 149 155 162 165 172 174 179 181 183 188 192 196 198 204 208 211 215 221 224 225 231 235 239 241 249 252 253 255 259 262 265 266 269 273 275 279 282 284 286 293 297 302 304 309 311 314 316 319 324 327 328 333 334 341 342 343 349 354 355 357 364 
87 121 122 131 135 138 141 145 150 154 157 166 168 176 180 182 186 190 191 196 198 202 207 209 212 219 223 225 227 235 237 242 244 253 256 259 262 263 267 271 275 277 278 282 283 284 285 290 294 301 305 306 312 316 320 324 328 331 332 334 337 340 343 346 350 352 356 358 361 368 
91 125 129 134 137 142 146 147 152 157 158 168 169 178 181 184 189 192 193 198 201 203 210 214 215 221 227 229 232 238 241 243 246 257 259 263 265 266 269 274 278 281 285 287 291 292 296 300 302 306 310 313 316 318 323 327 330 332 333 337 341 344 347 348 353 356 357 362 364 369 
94 127 130 138 142 143 150 152 156 158 162 171 173 179 183 185 191 194 196 199 204 205 213 215 216 222 228 230 233 240 242 245 250 258 262 267 270 271 275 276 279 282 288 289 295 296 299 303 305 308 311 315 319 323 326 329 331 336 339 342 346 349 350 351 356 357 359 366 367 372 
95 130 131 141 146 147 153 157 161 163 166 173 177 183 184 187 195 197 199 200 207 208 216 220 224 227 230 234 237 243 244 247 253 259 263 269 272 274 276 280 284 287 292 295 297 299 301 305 306 311 315 317 323 326 327 332 335 338 341 344 348 353 355 356 360 363 365 368 372 373 
99 131 133 144 150 153 156 161 165 167 169 174 178 187 190 193 197 201 204 206 211 215 217 222 227 229 233 238 241 247 251 253 255 260 265 273 277 280 282 283 285 290 296 297 298 303 305 307 311 315 319 323 324 329 332 335 337 341 344 345 350 356 358 360 363 367 369 372 375 376 
100 133 135 146 151 155 159 164 167 170 172 178 180 191 195 199 202 203 206 210 213 216 219 226 230 234 238 242 244 249 255 259 263 265 267 275 280 281 285 287 290 291 297 300 302 304 309 313 315 316 322 327 330 331 335 337 338 342 345 346 354 357 361 364 366 370 373 377 379 381 
101 137 138 148 152 158 161 165 170 171 173 181 183 193 199 200 203 204 209 212 217 218 222 228 234 236 242 243 247 251 259 263 265 269 271 277 284 287 288 290 292 295 298 302 305 309 311 315 316 318 324 331 333 337 339 340 341 344 348 350 356 361 365 367 369 372 375 381 384 386 
103 138 141 152 154 161 163 167 172 175 178 184 188 194 202 205 207 211 213 217 221 225 226 231 235 239 243 244 249 253 263 266 270 272 276 280 286 289 292 293 297 298 300 305 308 312 314 316 318 319 328 332 336 341 344 348 352 355 357 359 362 366 368 372 375 377 378 384 388 390 
104 141 143 155 158 164 168 172 173 176 181 188 192 197 205 208 211 213 216 221 224 229 231 235 239 243 244 246 251 254 265 267 271 276 277 282 288 290 295 299 301 302 303 306 311 313 315 318 320 324 329 333 339 342 347 349 354 359 363 364 368 369 371 374 379 382 385 389 392 393 
105 143 147 159 160 166 169 173 176 178 184 189 194 198 206 211 215 217 219 224 228 230 234 236 243 246 250 252 256 258 267 268 273 280 283 284 289 291 299 303 307 310 314 318 321 324 328 332 334 337 338 342 345 349 350 352 357 360 365 367 369 372 375 376 380 385 389 392 396 399 
108 145 150 162 165 167 171 174 180 182 187 192 197 200 209 212 218 219 221 227 230 231 237 240 246 249 252 254 258 260 271 272 275 284 285 288 292 293 302 304 311 313 316 322 326 328 330 335 336 340 343 347 350 354 356 360 363 364 366 371 374 375 378 380 382 389 390 396 399 400 
110 149 151 163 168 172 175 178 182 184 188 193 200 201 211 214 222 225 227 231 232 234 241 243 250 251 256 258 259 262 272 276 280 288 290 291 294 298 305 307 314 317 320 324 329 332 336 337 338 341 346 350 352 357 358 361 365 366 367 375 379 380 381 385 388 391 393 397 403 406 
111 151 153 164 172 173 179 180 185 188 192 195 201 202 214 215 223 227 230 234 235 238 245 246 254 255 258 259 263 267 275 279 281 291 292 294 295 299 306 311 318 319 321 328 333 334 337 338 341 343 349 354 357 359 362 365 367 368 372 377 381 383 387 389 393 396 400 404 405 407 
112 155 156 165 173 174 180 184 187 189 196 198 203 206 217 221 226 230 231 236 237 240 248 251 255 256 261 263 266 271 278 281 283 292 296 298 300 301 308 315 322 323 324 330 336 340 342 345 348 351 352 355 359 362 365 366 368 372 373 378 385 386 390 394 396 397 401 407 411 414 
115 156 160 167 175 177 183 187 188 192 199 202 205 209 219 223 227 232 233 240 244 248 250 254 256 258 264 265 267 274 279 285 287 293 298 300 302 305 311 319 324 328 329 332 337 343 346 347 352 354 357 358 360 363 367 371 374 378 382 383 389 391 395 397 399 401 404 411 413 418 
118 158 161 170 179 181 187 191 192 196 203 205 209 213 223 224 230 234 236 243 245 252 255 258 262 266 270 273 275 279 280 289 292 294 299 301 306 308 314 323 326 329 333 334 339 344 350 354 357 359 363 366 369 371 375 379 380 381 384 387 393 396 397 399 400 405 408 412 414 419 
119 160 165 174 181 182 190 193 196 197 206 208 211 214 225 226 234 237 238 245 246 256 258 262 265 268 271 276 280 284 287 293 295 298 301 303 310 314 316 326 328 330 336 339 340 348 352 356 361 364 368 370 373 375 377 381 384 385 386 388 396 399 401 403 404 409 412 416 417 421 
122 163 169 176 184 185 193 195 199 202 209 213 217 219 228 232 238 239 243 248 252 257 262 265 266 272 275 279 283 287 288 296 300 302 303 306 313 317 320 327 330 334 340 344 345 350 354 360 365 367 369 372 375 379 382 385 388 392 396 399 403 407 408 409 413 416 417 419 421 422 
125 167 170 177 187 189 195 199 203 204 211 215 221 223 232 233 240 241 245 251 253 259 265 266 268 273 278 282 285 290 291 299 303 307 311 315 317 320 322 330 333 338 342 348 350 354 355 363 368 369 373 376 379 381 385 389 390 394 400 403 405 408 410 411 415 417 420 421 423 425 
126 168 172 178 189 192 198 203 207 209 215 219 225 229 233 235 242 244 246 253 254 260 269 272 275 278 281 284 287 293 296 301 307 311 314 319 320 321 324 332 336 340 343 349 351 358 360 365 370 374 376 379 383 386 390 391 393 395 403 405 407 409 411 413 418 421 423 425 428 430 
127 171 175 179 191 196 201 206 209 211 217 220 227 231 237 238 244 245 250 256 257 262 273 276 279 280 285 287 288 297 298 303 309 313 315 322 323 326 330 334 337 341 346 353 356 360 363 367 372 375 377 380 387 389 391 395 398 399 406 408 412 414 417 420 424 426 429 431 432 436 
128 174 179 180 194 199 202 208 212 216 219 221 228 234 240 242 245 247 254 259 260 266 277 278 282 283 288 292 293 299 300 306 313 314 316 324 328 329 334 336 338 342 347 356 358 361 367 368 373 376 378 383 389 391 392 396 399 403 409 411 416 418 420 424 428 429 432 434 435 437 
132 176 183 186 198 203 204 210 213 218 220 225 230 238 241 243 246 250 256 263 264 267 281 282 285 289 292 295 296 302 303 309 316 317 318 326 329 333 335 337 342 344 350 360 363 367 371 374 376 380 383 384 392 394 398 400 402 407 412 414 417 420 424 428 429 430 436 438 439 442 
134 180 184 189 201 207 208 212 216 220 224 229 231 240 245 248 249 254 257 266 267 268 282 286 290 292 295 299 300 304 307 310 319 323 325 330 334 338 342 343 345 348 354 361 366 368 374 375 378 383 387 389 394 398 402 404 406 411 414 416 418 421 426 432 433 434 440 441 444 448 
137 184 187 193 204 208 212 213 219 222 228 233 235 244 249 252 254 258 262 269 271 272 283 288 292 296 299 303 305 309 311 312 320 324 329 333 335 339 344 346 349 353 355 364 367 372 376 377 381 387 389 393 396 402 403 407 410 413 416 417 420 423 429 434 437 440 443 446 450 452 
141 187 188 194 208 209 216 219 222 225 229 236 240 248 250 255 258 260 264 273 276 279 284 291 296 300 302 307 309 311 312 313 322 328 330 337 341 343 346 347 351 355 356 366 371 375 380 383 386 391 395 396 400 406 410 412 414 415 419 422 425 427 430 436 438 441 444 447 451 456 
143 188 190 195 211 214 220 221 225 227 231 240 242 251 252 256 259 264 267 274 280 281 287 295 298 304 306 311 313 315 317 320 325 331 335 341 345 349 351 354 357 359 362 368 375 376 382 387 388 392 399 401 404 408 414 417 420 424 426 430 431 434 438 441 445 449 453 456 457 459 
144 190 192 199 212 215 221 225 229 232 233 241 245 254 257 258 261 266 271 277 282 283 291 296 299 308 310 312 317 321 322 324 327 332 337 342 349 353 357 359 360 361 364 372 376 378 385 389 392 396 400 404 405 409 416 418 421 428 432 434 437 441 444 447 450 451 457 460 463 467 
146 191 195 203 215 219 222 226 230 234 238 243 249 255 259 261 263 269 274 281 285 286 293 300 301 309 313 317 318 325 327 330 333 335 338 346 350 356 358 362 364 367 370 376 377 379 386 393 394 399 401 408 412 416 417 420 423 429 435 439 440 445 448 452 456 460 463 467 471 474 
147 194 199 204 217 221 225 227 233 235 240 244 250 259 261 265 267 271 275 283 287 289 296 302 303 311 317 321 324 328 332 334 335 339 341 350 354 358 359 364 366 370 373 378 380 384 390 396 397 402 405 409 413 418 420 424 427 433 439 443 446 447 450 455 457 462 465 471 472 475 
