4 6 7 11 12 13 16 19 20 21 22 24 28 31 32 34 38 42 43 47 51 55 57 59 62 63 65 68 69 72 74 76 79 81 85 89 93 97 101 102 106 108 111 115 116 117 120 121 123 127 130 131 135 136 139 143 146 150 154 156 157 161 162 164 165 166 170 173 176 179 180 184 187 191 195 196 197 199 201 202 205 206 210 214 217 220 
6 10 14 15 17 19 21 24 26 30 34 36 38 42 43 47 50 54 56 57 59 62 65 68 69 71 74 75 76 78 80 82 84 88 92 94 98 100 103 107 110 114 118 120 123 127 130 132 135 139 142 143 146 150 154 156 159 162 166 168 169 173 175 176 178 180 182 185 189 192 196 199 202 204 206 209 213 215 218 222 226 229 230 233 236 240 
10 14 15 17 18 21 23 26 28 33 35 38 42 46 47 51 53 58 59 62 63 64 68 70 74 75 76 78 79 80 82 83 86 90 93 96 101 105 106 110 112 116 119 124 128 132 134 135 137 143 144 145 150 151 156 157 160 166 169 173 176 178 180 184 185 186 188 190 194 196 197 201 205 207 210 212 216 219 222 224 230 231 233 237 238 244 
13 15 19 21 25 26 27 31 32 36 40 41 46 48 52 56 60 64 67 69 73 75 79 83 87 89 90 92 95 97 101 102 106 109 111 113 115 118 119 122 125 128 130 131 135 136 138 142 143 144 146 148 154 157 160 163 165 170 171 177 178 180 184 187 189 192 194 198 200 201 205 209 211 214 217 218 222 225 229 232 236 239 240 244 245 248 
15 17 22 24 28 29 32 33 34 40 43 44 47 50 53 57 64 67 71 74 77 79 83 87 89 92 93 96 98 101 102 106 108 110 114 117 119 122 123 124 127 131 133 136 138 141 143 146 148 152 156 157 160 163 167 169 170 172 176 179 181 183 185 190 194 197 199 203 204 207 211 215 216 217 221 222 223 227 230 235 239 242 243 246 250 252 
18 22 25 29 32 33 37 41 43 47 49 53 55 57 60 61 68 71 72 78 80 81 87 91 92 96 100 103 105 109 111 115 117 119 121 122 125 127 128 130 132 136 137 138 141 144 148 149 150 155 158 159 161 166 169 173 175 178 182 186 190 194 196 198 200 204 207 210 211 212 214 218 220 222 225 227 230 232 233 236 240 243 247 251 253 257 
20 24 28 33 37 38 40 45 48 49 52 57 60 61 62 64 69 72 73 79 81 83 88 93 97 101 103 104 109 113 116 118 121 122 124 125 127 131 134 135 138 139 143 144 148 151 154 155 157 160 163 167 169 170 173 177 180 183 187 189 194 197 200 203 206 210 214 216 217 221 222 224 228 229 230 231 235 237 241 243 246 247 249 254 255 261 
22 25 29 36 41 43 45 49 52 53 57 60 61 65 66 69 70 73 77 82 85 88 90 96 101 104 105 108 112 114 118 119 125 129 132 136 139 141 144 148 149 152 153 157 160 163 164 167 171 173 175 177 181 182 185 186 189 192 195 197 201 202 203 207 211 215 217 218 219 225 229 230 231 234 238 242 246 247 248 252 255 259 260 263 266 270 
24 27 32 39 43 44 46 52 53 55 58 64 65 66 68 72 76 79 83 84 89 90 91 98 104 105 109 111 115 116 119 123 128 131 133 139 143 146 147 150 153 154 156 160 161 164 168 169 175 177 180 184 185 189 192 194 198 200 203 204 208 211 213 215 217 221 223 227 230 233 234 235 239 241 242 245 247 249 252 255 257 260 263 264 267 272 
27 29 35 40 45 48 50 54 57 61 62 65 68 70 71 73 77 82 84 87 91 92 94 101 108 110 111 115 119 122 123 125 132 136 140 142 145 148 150 153 154 156 158 162 166 169 172 174 178 181 185 189 192 193 197 198 201 203 205 208 211 212 214 218 222 225 227 230 233 234 237 240 244 246 249 251 254 258 259 263 266 268 270 274 275 279 
28 32 37 43 49 50 51 56 61 64 65 66 70 72 75 79 81 83 86 89 93 97 101 103 111 112 116 118 121 124 126 127 133 139 142 144 147 152 154 155 158 159 162 165 169 173 175 179 181 182 187 191 193 195 199 203 206 209 210 212 213 217 221 224 227 230 233 235 239 243 247 251 252 256 259 262 264 268 272 276 278 280 282 283 286 287 
32 33 38 47 52 53 55 57 65 69 72 76 77 81 84 85 86 87 91 92 95 99 104 105 114 115 119 120 123 128 130 131 137 141 146 150 153 154 156 159 163 166 168 170 171 176 177 183 184 187 189 193 196 198 203 206 209 212 214 218 219 221 223 228 230 231 234 238 240 245 248 252 255 258 260 265 268 269 276 278 281 283 284 285 290 292 
36 37 42 49 56 57 59 62 69 71 73 77 78 85 89 90 91 95 98 99 101 103 105 106 117 119 122 126 129 132 133 135 140 143 148 154 155 159 161 163 164 168 172 176 180 181 183 186 189 190 194 195 200 203 205 208 210 215 219 223 225 228 232 234 238 242 246 247 249 250 252 256 257 261 265 267 271 274 278 280 283 284 287 291 295 298 
38 39 43 52 57 59 63 67 72 76 77 80 84 89 93 94 97 101 102 104 106 107 108 111 118 122 126 129 131 136 138 139 144 146 151 156 157 162 165 168 171 172 174 177 184 186 187 188 192 194 198 200 201 205 207 209 213 218 220 225 227 229 233 236 242 245 250 251 252 254 258 261 263 267 269 272 273 278 280 282 287 288 292 294 296 300 
39 40 46 55 61 63 66 68 75 79 83 84 86 93 97 98 101 102 103 108 111 112 114 117 122 125 127 132 135 139 142 145 146 148 153 158 162 164 166 171 173 177 179 182 188 190 194 195 198 200 204 206 210 213 216 217 220 222 223 227 228 232 237 239 246 247 252 256 257 258 261 262 267 268 272 275 278 280 281 285 290 292 293 297 299 304 
40 42 50 59 63 65 69 70 76 83 87 91 95 98 99 101 103 105 106 110 115 118 121 123 126 127 131 135 136 143 146 150 151 153 154 162 164 168 170 172 175 180 181 186 189 194 197 198 199 201 208 211 213 214 217 220 223 225 226 230 233 237 238 243 248 251 255 257 261 265 267 271 273 276 279 281 285 289 293 295 297 298 300 301 305 308 
41 44 52 61 66 67 73 76 78 87 89 93 96 101 104 106 109 112 116 118 122 124 128 130 131 133 134 136 137 147 150 152 156 157 160 164 167 169 174 177 181 184 187 189 190 195 201 205 207 211 212 215 218 221 222 223 227 228 229 234 238 242 245 249 253 256 258 259 262 266 270 274 275 279 282 286 290 293 296 297 301 302 306 309 312 316 
44 48 55 62 69 70 77 79 81 89 90 95 97 102 106 108 110 116 120 123 127 128 130 133 137 140 144 146 148 150 151 156 159 161 165 169 173 177 180 182 183 188 191 194 197 201 202 208 210 212 214 216 222 224 225 227 228 232 233 236 240 246 248 250 256 259 262 263 267 269 271 275 276 283 285 289 291 295 297 301 305 309 310 314 318 320 
48 49 58 64 72 75 80 83 86 93 94 97 101 103 107 111 113 118 121 124 130 131 134 138 140 142 147 151 154 157 158 162 166 167 170 171 175 178 181 184 188 191 194 195 199 205 207 210 214 218 220 222 226 230 231 232 233 235 238 239 241 248 252 253 258 261 264 267 271 275 279 281 283 284 286 292 294 298 299 305 307 312 314 316 319 324 
49 53 59 65 75 76 81 86 89 96 97 99 105 109 110 115 119 122 123 127 131 132 136 139 141 145 148 153 157 158 159 166 167 169 172 176 177 181 185 186 189 193 195 196 200 207 211 214 217 219 221 226 227 232 236 237 238 241 243 245 249 251 256 259 262 265 268 269 272 279 281 283 284 287 288 293 297 302 306 307 310 314 318 322 323 328 
51 57 62 69 78 79 85 89 93 97 101 102 106 110 111 118 120 126 128 132 135 138 142 143 145 148 150 155 160 161 164 167 171 173 176 179 183 185 189 190 191 197 199 203 206 208 215 219 221 222 224 229 230 236 237 240 241 242 244 249 250 255 257 260 265 268 270 271 273 280 285 286 289 293 296 299 301 305 307 309 311 318 321 323 326 329 
54 61 66 72 81 84 88 91 94 100 102 103 109 113 117 119 123 127 131 136 138 142 145 147 148 152 154 157 163 166 170 174 176 180 184 188 189 191 193 195 196 198 202 207 209 213 217 222 223 227 230 231 235 238 242 243 246 250 253 254 256 257 260 262 269 272 275 276 279 283 288 291 293 294 300 303 307 308 310 313 315 320 323 326 330 334 
55 65 67 73 82 88 92 96 100 103 107 108 111 117 119 120 124 129 133 140 141 144 147 150 152 156 159 163 164 169 172 176 180 183 186 191 192 193 195 196 199 202 204 209 210 217 218 224 225 229 231 233 237 239 246 250 253 255 256 259 261 265 268 270 273 276 277 281 282 286 292 296 299 300 302 304 311 315 316 320 324 327 331 332 333 335 
56 69 72 76 83 91 95 100 103 107 109 110 115 121 125 129 130 133 134 143 145 146 151 154 156 159 160 166 167 172 176 177 184 185 187 194 196 200 204 205 208 212 213 215 217 218 220 225 226 233 237 239 240 244 250 252 254 256 260 262 263 269 271 273 275 279 282 285 286 289 296 298 300 301 305 309 312 318 321 324 325 330 333 336 339 342 
59 73 74 78 87 95 99 104 107 110 113 114 118 122 126 132 136 139 141 147 148 149 153 157 160 162 163 168 170 173 179 182 188 190 194 198 202 205 207 211 215 218 222 225 228 232 236 237 240 244 247 251 255 259 263 267 271 272 276 280 283 286 290 294 297 300 304 306 309 310 314 318 322 326 328 330 331 332 334 338 340 343 346 349 351 354 
62 75 77 81 90 96 101 105 110 113 114 118 122 123 129 136 137 143 147 151 155 157 161 163 165 169 170 172 173 175 181 185 192 193 197 202 205 208 210 212 217 222 224 227 230 235 238 242 246 248 252 253 258 261 267 271 274 277 279 284 285 288 291 295 301 304 307 309 311 314 315 320 326 328 329 333 334 336 337 340 344 347 351 355 356 357 
65 77 80 83 94 97 105 106 112 116 117 119 125 127 130 139 142 147 148 155 158 160 164 166 169 173 175 176 178 182 184 187 193 195 198 204 207 210 213 216 221 224 226 231 232 238 241 243 248 249 253 257 259 265 271 272 277 278 280 287 289 290 295 296 303 306 311 315 318 319 320 321 330 334 338 341 342 344 348 349 351 352 355 357 358 360 
68 80 82 84 96 99 108 111 113 117 118 122 127 131 135 143 145 149 150 159 161 165 168 171 174 178 180 182 184 185 186 189 196 197 200 206 211 213 214 218 224 226 229 235 238 239 244 247 249 252 257 261 264 266 273 275 278 280 283 289 291 293 296 299 304 308 314 317 321 324 326 329 331 335 342 345 347 351 355 357 358 359 360 361 363 364 
71 81 84 86 98 103 111 114 116 119 123 127 131 135 137 144 147 153 155 161 163 166 172 176 180 182 185 189 193 197 201 205 206 210 211 215 218 220 223 227 230 234 238 239 242 243 245 250 253 255 258 262 266 270 274 277 279 281 286 290 295 296 300 302 306 312 315 318 323 327 329 332 333 336 343 348 350 354 358 361 364 366 368 372 376 377 
72 82 87 88 101 106 113 115 119 123 124 131 132 139 140 146 150 154 158 163 166 170 175 177 181 183 188 190 196 199 204 208 209 212 215 219 220 223 224 228 231 236 239 243 246 248 249 251 257 260 262 266 268 274 276 278 280 285 289 294 297 300 302 303 307 313 317 319 327 330 333 336 340 343 344 351 354 357 359 362 367 368 372 374 379 382 
74 84 91 95 104 108 115 118 122 124 128 132 134 140 142 148 151 156 160 165 170 173 178 181 184 186 191 195 200 203 206 212 214 217 220 223 224 226 227 231 232 238 241 244 250 253 255 258 260 263 267 268 272 276 279 282 286 288 293 298 300 302 303 304 309 317 321 325 330 333 336 338 343 345 349 355 359 362 365 366 370 374 377 379 383 385 
77 85 93 99 108 110 117 122 124 126 129 133 137 144 147 149 153 159 162 166 174 175 182 186 190 194 196 200 204 207 208 215 219 223 224 227 229 232 236 239 241 244 248 252 255 259 263 265 269 270 274 277 278 281 283 286 290 294 296 300 304 308 312 313 317 318 325 328 334 337 338 341 347 348 353 359 362 365 369 372 376 377 381 382 387 390 
78 89 95 102 109 113 121 125 126 130 134 137 140 145 148 150 154 162 166 169 177 179 184 190 194 198 200 203 206 208 212 219 222 226 230 232 235 239 241 243 245 247 250 253 258 260 266 270 272 276 277 279 280 284 288 292 296 297 299 304 308 311 313 315 321 323 326 329 337 338 340 343 351 355 356 360 365 369 373 377 380 382 385 389 393 394 
80 93 97 104 110 116 124 126 129 132 136 141 144 148 149 151 156 164 167 173 181 183 188 193 195 201 205 209 210 211 213 222 224 230 231 235 239 240 244 246 248 249 254 256 260 261 267 272 276 278 279 281 282 285 291 294 298 299 301 305 309 313 316 318 323 326 330 334 338 340 343 347 354 358 362 364 368 370 374 378 384 385 386 390 395 397 
84 95 101 105 114 117 126 129 130 133 138 142 147 150 154 156 160 168 171 175 184 188 189 195 197 202 209 211 214 218 222 226 229 233 237 241 243 247 249 253 256 259 263 267 268 270 273 277 279 283 287 291 292 295 297 300 302 304 307 309 312 316 318 319 324 330 332 336 342 344 346 349 356 359 363 365 370 373 377 381 386 387 390 394 396 399 
87 99 105 106 118 119 128 131 134 138 142 143 148 154 156 160 163 170 175 176 186 192 195 198 201 205 213 217 221 223 226 229 230 234 239 245 246 251 255 258 260 263 264 269 271 272 277 279 280 287 290 294 295 296 300 303 306 308 310 314 315 319 322 325 326 333 335 340 345 346 349 353 357 363 364 368 372 377 379 385 388 391 394 397 398 403 
88 102 106 110 119 122 130 135 137 141 146 148 151 156 160 164 167 173 179 183 189 195 197 201 204 209 216 219 223 225 227 230 232 235 240 248 250 253 258 259 263 264 265 271 274 276 279 282 284 291 295 297 301 304 306 308 311 313 314 318 319 321 325 328 329 336 337 344 346 350 353 356 359 366 367 372 376 381 383 386 391 394 398 402 403 405 
92 104 110 114 122 123 133 138 142 145 148 151 155 158 164 168 172 177 182 187 190 196 200 205 209 212 219 222 226 227 230 233 237 239 244 250 251 256 261 265 267 270 273 277 278 280 283 284 285 292 296 298 303 306 308 312 313 316 319 320 321 323 329 333 335 339 341 346 348 352 354 360 363 367 371 374 379 385 388 390 392 396 402 403 406 408 
94 105 114 117 123 126 136 139 146 149 153 154 157 161 165 169 176 178 183 188 192 199 204 208 212 214 222 224 227 231 233 236 239 241 247 251 255 258 262 269 270 271 277 280 283 287 289 291 293 297 300 301 304 309 311 315 318 319 323 325 327 329 330 334 336 341 345 348 350 356 359 364 367 371 373 376 383 389 393 396 398 400 406 408 409 410 
95 106 117 121 127 128 139 143 150 152 156 160 163 165 166 172 179 183 184 191 193 202 208 211 213 216 224 225 229 233 235 238 240 242 251 253 257 261 264 272 274 278 281 282 287 288 291 295 299 301 302 303 306 313 315 316 321 324 328 329 330 332 334 336 340 345 348 351 354 360 363 367 371 374 375 377 385 391 397 400 403 406 409 411 415 419 
97 108 119 122 128 129 143 145 154 155 159 164 166 170 172 173 180 185 188 194 195 204 209 214 216 220 227 228 232 237 238 239 241 246 255 259 260 265 268 276 278 282 284 288 291 295 299 301 303 304 305 308 310 314 316 320 324 326 330 332 334 337 340 344 346 347 351 355 357 364 368 369 374 378 380 383 389 395 399 404 407 410 412 416 418 421 
101 112 121 126 130 134 147 151 157 159 162 168 170 171 174 176 181 188 191 197 199 208 211 217 219 221 230 232 233 238 240 241 244 248 257 261 263 268 270 279 281 285 288 291 295 299 301 305 308 310 314 316 320 323 325 328 332 335 338 340 343 345 347 350 353 355 356 360 361 368 371 375 376 379 384 385 390 399 402 407 409 411 413 420 421 425 
104 115 122 128 132 135 151 153 159 161 165 172 176 177 179 180 182 192 193 200 202 210 215 221 222 225 231 236 240 242 245 246 248 249 260 264 265 272 273 281 284 288 289 293 297 302 303 309 311 315 319 322 326 327 329 333 337 340 344 347 350 353 355 358 361 363 364 367 368 370 374 376 379 380 387 390 393 403 404 409 411 415 418 423 426 427 
108 118 124 132 134 137 152 155 163 164 166 174 180 184 186 187 189 195 196 202 206 212 217 222 226 229 235 239 244 245 249 253 256 259 261 267 270 276 277 284 288 291 293 294 299 304 306 310 315 316 322 324 329 333 336 340 343 347 349 350 351 355 357 359 364 366 367 369 372 373 377 380 382 385 391 394 395 405 408 410 414 418 421 426 428 430 
110 119 127 136 139 140 156 157 166 167 168 175 184 187 189 190 191 197 198 205 208 215 220 224 230 234 237 241 246 247 251 256 260 263 264 270 271 277 279 287 291 292 296 299 300 308 312 316 320 321 324 327 333 335 340 343 346 349 351 353 355 359 363 365 368 370 374 376 380 383 384 385 387 390 393 396 399 407 412 414 416 422 425 427 429 434 
114 121 131 140 144 146 158 159 169 172 175 176 188 189 192 195 196 198 199 207 212 219 223 227 233 235 238 245 250 254 255 258 263 267 269 272 276 279 280 288 293 296 297 300 303 309 313 319 321 324 326 331 336 337 344 347 349 352 356 357 359 362 364 367 369 371 375 379 384 385 388 389 390 391 396 399 400 409 414 418 419 424 429 431 432 438 
118 125 133 142 145 147 159 161 172 176 178 180 192 196 197 201 205 207 208 210 215 222 225 230 235 237 242 247 253 258 261 263 267 270 273 277 280 282 284 290 296 299 303 307 308 310 314 322 325 329 330 333 339 341 348 352 355 356 360 361 364 367 371 372 374 376 377 380 388 390 392 394 397 398 401 403 404 412 415 421 422 426 433 434 435 439 
120 126 135 143 149 151 162 163 176 178 182 186 195 199 201 203 209 213 215 219 220 224 226 232 238 241 244 251 255 262 263 267 268 272 277 281 284 286 288 293 297 301 305 311 312 316 318 323 328 332 333 337 340 342 350 356 359 360 363 365 368 370 373 376 380 382 384 386 389 392 396 399 402 404 406 407 410 416 420 425 426 428 434 438 439 443 
121 128 139 146 152 155 166 170 180 183 184 188 196 203 204 208 212 216 220 221 225 226 229 235 239 245 247 254 256 263 266 269 272 273 281 282 285 287 289 296 298 303 307 314 318 321 323 324 331 336 340 342 346 349 354 360 363 365 366 369 371 375 378 380 382 384 388 391 395 397 398 400 406 409 410 411 413 419 421 427 431 433 436 439 443 444 
123 131 141 149 153 159 169 171 182 185 189 192 198 206 210 213 217 219 222 225 229 232 233 239 242 248 251 255 258 264 268 272 276 280 282 284 289 291 292 297 299 305 309 316 320 322 327 328 333 339 342 345 347 352 358 361 366 367 371 375 377 379 381 385 389 393 394 397 400 402 404 408 410 412 414 418 421 422 425 429 432 435 439 443 444 447 
127 132 142 150 156 160 171 175 185 188 193 197 199 207 214 218 219 223 224 227 230 233 234 242 246 251 252 259 260 267 270 273 277 281 286 287 291 293 296 301 304 309 312 319 321 326 331 334 336 342 345 349 350 355 360 363 367 369 374 378 381 385 388 389 393 396 400 404 405 409 411 414 415 419 422 423 427 429 431 434 435 437 442 447 450 454 
130 133 143 151 158 162 175 179 186 190 194 201 202 209 217 219 223 226 228 231 232 234 236 245 247 253 255 260 261 271 272 277 281 284 290 291 293 297 298 304 306 313 314 320 325 329 332 336 338 343 348 353 357 358 361 366 370 371 378 382 385 387 391 392 397 401 403 408 411 414 416 419 423 424 427 431 435 436 440 444 448 452 456 459 460 463 
133 136 145 152 160 165 176 180 189 194 196 205 206 211 218 220 227 228 229 233 236 238 241 247 251 254 258 264 268 272 275 278 282 287 294 298 300 304 307 308 309 317 320 321 328 332 336 337 339 347 352 357 359 363 365 369 373 374 379 386 387 388 393 394 398 404 407 411 414 415 420 423 424 425 429 434 436 440 442 446 450 456 459 461 464 465 
135 139 149 155 162 167 177 183 192 198 202 206 209 212 222 224 228 231 233 234 239 242 244 248 254 257 261 268 272 274 276 280 285 289 296 300 303 305 309 310 313 319 324 326 330 336 339 341 345 348 354 359 361 365 369 371 377 379 381 390 393 397 401 402 405 408 410 413 415 418 421 426 428 430 433 435 437 442 443 447 452 459 461 464 466 468 
138 143 153 157 163 169 179 187 194 200 203 209 212 214 225 228 231 233 236 239 241 243 245 251 258 260 265 271 273 277 280 283 289 291 300 301 305 308 312 316 318 322 327 328 333 339 340 345 348 352 357 361 365 367 370 375 380 382 383 391 395 400 404 406 410 411 414 418 421 422 426 429 430 431 435 438 439 445 446 450 453 460 463 468 470 471 
141 144 154 161 166 172 180 190 195 201 204 211 216 219 226 230 234 235 240 243 246 250 253 256 261 262 268 275 279 283 287 288 291 295 304 306 310 311 314 320 323 326 331 332 335 341 345 349 350 353 361 364 367 371 374 378 382 385 388 392 398 402 406 410 414 416 420 421 423 426 430 434 438 439 440 443 445 449 453 455 456 461 464 471 474 475 
142 147 155 164 168 176 184 194 199 204 205 215 218 223 229 231 238 240 242 245 249 253 256 260 265 267 271 278 281 287 288 290 293 297 307 309 311 315 317 322 326 328 333 336 340 344 346 351 354 356 364 368 369 373 375 379 386 388 389 394 401 406 410 411 415 417 422 425 426 430 434 438 441 442 444 448 452 453 455 456 458 464 468 473 477 478 
146 149 157 165 171 179 186 195 203 208 211 218 221 225 231 232 241 242 243 248 251 254 258 264 267 271 272 279 282 288 291 295 299 302 308 310 312 316 318 323 330 334 336 337 343 347 351 354 355 357 365 372 376 377 380 384 390 394 396 397 404 409 414 417 418 422 425 429 433 434 436 441 442 446 447 450 455 457 460 462 463 465 470 476 481 485 
147 153 161 168 175 183 190 197 204 210 214 221 222 229 235 237 245 249 252 256 257 258 260 268 270 275 277 280 286 290 295 296 300 303 312 314 315 320 321 324 334 336 339 341 345 348 352 357 361 362 367 373 378 381 382 385 393 396 400 402 405 411 415 421 425 426 429 430 436 438 442 444 446 448 449 451 458 460 463 465 469 473 476 480 485 487 
149 156 162 171 177 187 192 199 206 212 218 222 223 232 237 241 249 252 253 259 260 264 267 272 274 277 281 282 287 292 297 301 303 305 313 318 322 326 329 332 338 339 341 342 347 349 355 361 363 367 369 376 382 384 385 386 397 401 404 408 412 413 417 423 428 431 435 439 440 443 445 448 452 455 456 458 462 464 468 469 472 475 478 483 486 488 
153 158 163 173 178 188 193 203 210 213 222 225 227 236 240 244 251 255 257 260 261 266 271 276 278 280 285 288 290 295 301 304 307 309 317 320 324 330 331 336 340 343 345 348 352 354 356 362 367 370 372 379 385 386 388 390 401 405 409 411 416 420 423 425 430 433 439 441 443 446 449 450 454 459 463 466 469 473 477 478 482 483 486 490 494 498 
155 160 164 176 181 192 197 205 214 218 226 229 231 239 241 246 254 256 258 263 264 270 273 279 280 281 288 290 292 298 304 308 310 314 321 325 329 331 333 338 343 345 348 350 355 358 359 364 371 374 375 381 386 390 391 392 404 406 413 416 420 422 427 431 433 434 442 443 446 450 451 453 455 463 464 470 471 475 478 482 486 488 490 492 496 501 
158 163 168 180 182 196 200 207 216 221 227 230 232 242 244 248 258 262 264 265 267 274 276 283 285 289 293 297 298 300 308 310 314 315 322 328 331 332 336 339 345 347 352 354 359 363 364 366 374 378 379 382 390 391 395 399 407 409 416 419 424 428 429 433 434 438 446 448 452 456 460 462 464 467 471 475 477 479 483 486 487 490 494 495 499 503 
159 165 171 181 183 198 201 209 219 224 231 232 235 244 246 249 260 264 268 272 273 277 280 287 290 291 297 299 301 304 312 313 317 321 326 329 335 337 338 340 349 353 357 360 364 365 366 370 376 381 384 385 393 396 399 400 408 410 420 421 428 432 435 437 441 443 450 452 454 460 462 463 467 471 474 478 480 481 484 490 493 494 496 498 501 505 
160 169 175 184 186 202 206 210 220 227 234 237 239 246 248 250 263 266 270 275 279 280 282 288 291 295 301 304 305 307 315 317 321 325 330 332 336 338 341 345 350 357 359 362 367 371 372 374 377 385 388 391 396 400 404 408 410 411 423 426 432 436 437 438 445 449 453 454 456 464 466 469 471 474 477 479 482 486 490 491 494 496 498 499 503 508 
162 171 179 187 190 205 207 213 223 229 236 241 242 249 252 254 265 267 274 278 281 285 286 292 295 297 302 307 311 315 317 318 324 328 334 337 341 345 349 351 354 361 362 365 371 372 375 377 381 386 389 394 399 401 408 410 411 413 427 429 434 440 441 442 449 450 455 459 461 466 469 471 474 475 478 480 486 490 492 495 498 501 502 503 504 510 
165 175 181 190 194 208 211 217 224 233 240 244 247 252 253 256 267 268 276 281 283 287 291 293 298 302 305 308 315 318 319 322 328 329 336 339 344 349 352 355 359 364 365 368 372 374 378 382 386 389 390 395 401 403 410 412 415 417 428 430 436 441 444 447 450 453 456 463 466 469 472 474 477 478 481 485 490 494 498 499 501 505 508 511 515 517 
167 178 182 194 197 210 212 218 228 235 243 245 250 256 257 258 269 273 279 284 288 292 295 296 300 306 310 314 316 320 322 325 331 333 338 340 347 350 353 359 361 365 368 369 376 377 380 384 388 392 396 399 402 407 414 415 418 422 431 434 440 445 447 451 452 455 458 464 467 472 476 480 483 487 488 489 494 497 500 503 506 510 514 518 521 522 
171 181 183 198 202 214 217 219 231 237 247 249 253 257 260 261 271 275 281 285 289 294 296 300 303 308 312 316 317 322 324 327 333 336 342 346 348 352 354 360 364 366 370 374 378 379 384 388 392 396 397 403 406 408 415 418 421 426 432 436 444 448 450 454 457 461 465 467 470 475 480 482 484 488 490 492 496 499 502 506 507 512 518 521 523 526 
173 184 188 199 203 215 218 222 235 239 248 253 257 259 262 266 272 279 285 289 290 295 299 301 306 312 314 318 319 326 330 332 335 337 344 350 352 353 357 364 366 370 374 378 381 385 386 390 393 400 403 406 409 413 418 419 425 427 433 437 447 449 452 458 460 463 468 469 471 477 482 483 488 489 491 496 498 501 506 507 508 516 521 522 524 528 
175 185 190 202 205 216 220 225 236 240 250 254 260 262 264 268 276 281 288 291 294 298 302 303 308 316 319 323 327 328 333 334 336 341 348 352 354 355 358 367 369 373 375 382 383 386 387 391 394 404 408 411 412 415 420 424 426 431 437 440 451 455 456 460 464 465 469 470 474 479 484 486 490 491 493 497 501 504 510 513 514 518 523 525 527 531 
177 187 194 206 209 220 224 228 240 244 254 257 264 265 268 269 280 284 291 294 296 302 305 308 309 318 322 325 331 335 339 342 344 346 351 353 358 360 364 371 374 376 378 383 384 389 391 393 398 407 412 416 419 422 424 428 430 435 438 443 454 458 461 462 465 469 473 476 478 480 487 490 492 493 497 499 505 509 511 514 516 522 526 529 531 532 
178 191 195 207 212 224 225 231 241 247 257 259 266 270 273 277 281 286 294 295 298 303 309 311 312 321 325 326 333 336 340 344 347 351 354 356 361 362 365 372 378 381 384 387 390 394 398 399 402 410 415 418 421 425 427 430 432 436 440 446 455 461 464 467 469 470 474 479 480 483 488 491 494 498 501 505 509 510 513 516 518 524 529 530 534 538 
182 195 196 209 214 228 232 235 242 250 261 263 269 272 274 280 283 287 296 297 299 306 312 313 317 323 326 327 337 340 343 348 350 353 358 360 363 364 367 374 379 384 385 389 392 395 402 404 407 412 417 421 422 429 430 431 434 440 443 448 459 465 466 468 472 476 477 480 481 484 491 492 497 502 504 507 512 513 515 518 520 525 533 535 536 539 
184 196 198 211 215 232 234 236 245 254 265 268 271 274 275 281 286 289 300 302 305 308 315 319 320 326 327 331 340 343 346 350 354 358 360 361 364 368 369 377 381 387 389 391 394 396 404 406 408 413 420 425 427 432 436 438 442 444 445 449 462 468 471 472 473 477 479 481 483 485 492 494 501 503 505 511 515 518 522 523 524 528 535 538 542 545 
186 200 203 212 219 234 236 240 249 257 269 271 273 275 278 283 288 292 301 304 308 309 318 322 323 329 333 334 342 344 348 352 355 360 364 368 371 372 374 379 384 389 391 395 396 400 408 409 413 416 424 428 431 435 437 440 445 446 450 452 465 469 472 475 478 480 484 488 492 494 495 499 505 506 510 515 519 521 523 526 528 529 539 542 545 548 
188 203 204 215 222 237 241 244 251 258 270 272 275 277 282 285 290 296 305 308 310 311 319 325 326 331 337 339 343 348 349 355 356 362 365 370 372 375 376 383 385 391 392 399 401 404 412 415 419 422 426 429 432 439 440 442 447 450 454 457 467 473 475 478 481 485 489 492 496 500 501 503 509 513 517 521 524 528 529 532 535 538 543 547 549 553 
191 205 209 217 226 241 244 245 255 261 272 273 277 281 284 286 292 300 306 309 313 316 322 327 328 334 341 343 345 351 354 357 361 366 370 374 376 377 379 386 390 395 398 401 405 406 416 417 422 426 430 433 436 442 446 450 454 457 460 463 468 477 479 483 484 489 492 494 499 503 507 511 515 519 521 524 525 531 533 537 540 544 545 550 552 554 
192 206 213 220 229 242 248 252 256 265 273 276 278 283 287 290 294 302 309 311 316 317 325 329 333 336 344 347 348 355 358 362 365 370 372 378 380 381 385 390 392 396 402 406 409 412 419 420 423 428 431 437 438 445 448 454 457 460 464 465 470 480 484 485 489 493 495 497 502 507 511 512 517 522 525 526 530 532 536 541 542 546 550 553 555 556 
193 209 215 224 232 245 252 255 257 266 274 280 281 286 289 292 296 304 312 314 319 322 326 330 337 340 346 349 353 359 360 364 368 373 375 380 384 387 391 395 396 397 405 407 410 416 423 427 431 433 435 439 440 448 450 455 458 464 465 469 471 484 488 490 491 497 498 499 506 511 515 516 520 523 528 532 536 539 540 542 546 550 552 557 559 561 
195 213 219 225 235 247 256 257 258 267 278 281 283 288 291 295 298 305 313 318 320 326 328 332 339 341 347 350 354 363 366 370 374 376 379 382 388 389 394 398 400 401 409 410 412 418 425 430 433 437 441 443 444 451 452 458 460 467 469 473 475 486 492 495 499 502 505 509 512 513 516 517 522 526 532 534 540 542 546 548 552 555 559 563 566 570 
196 217 223 229 239 251 259 261 263 269 280 284 286 290 292 299 300 307 315 322 325 330 333 335 341 345 348 354 355 366 368 373 378 382 384 385 391 395 399 400 404 408 412 416 418 421 428 433 434 440 444 445 446 454 457 460 461 471 474 477 481 487 495 499 501 506 507 513 515 517 520 521 524 527 536 538 541 544 547 551 556 559 563 565 568 574 
197 220 226 231 241 253 263 265 266 273 282 286 289 291 293 303 306 309 318 326 327 334 335 339 345 348 352 355 358 368 372 374 380 385 388 392 395 397 402 406 410 414 418 421 424 426 429 437 441 445 447 450 452 457 460 462 464 474 476 478 485 491 498 502 506 507 510 517 521 525 526 529 532 534 539 541 545 548 549 555 560 562 565 567 569 578 
199 221 230 232 245 255 265 269 273 275 286 287 292 293 296 305 310 313 322 329 332 336 339 343 347 349 356 357 362 370 375 377 383 388 390 393 397 398 406 410 413 416 422 425 427 430 431 439 444 448 451 454 455 459 461 464 468 477 478 482 487 495 500 504 509 510 512 521 524 529 531 533 536 540 543 545 546 549 552 558 563 564 569 571 573 582 
203 225 234 236 246 258 267 273 274 277 287 289 294 296 300 306 312 317 324 332 333 340 343 345 351 354 357 359 366 374 376 379 385 390 394 396 399 403 409 414 415 418 425 429 432 433 436 440 447 449 453 457 461 462 465 467 470 481 482 486 491 499 503 505 511 513 514 524 526 533 535 536 540 543 547 550 553 554 557 559 565 567 572 573 576 584 
206 229 237 239 247 260 271 276 278 282 289 292 295 298 304 307 313 318 328 334 335 342 346 347 353 357 360 361 368 378 382 384 387 392 398 401 402 406 411 417 420 422 427 433 434 437 439 442 448 453 456 461 462 466 468 470 474 484 488 491 495 501 504 507 513 514 516 527 529 535 538 542 543 545 551 554 555 557 561 562 569 573 575 576 578 585 
