4 7 10 14 17 19 22 24 28 30 33 37 40 44 45 47 50 52 53 54 56 58 61 63 66 70 73 75 78 81 82 86 88 89 90 92 95 98 99 100 104 105 106 108 112 115 117 118 119 121 122 123 126 128 131 132 133 134 138 139 142 145 148 152 154 157 160 164 167 169 172 174 175 177 181 184 186 187 190 192 193 197 198 201 204 208 209 213 215 216 219 221 223 225 228 232 234 236 240 243 246 250 254 256 260 264 266 268 270 272 276 279 283 285 289 293 297 301 305 306 308 310 313 317 321 322 323 327 331 335 338 341 345 346 348 352 
7 10 12 15 19 21 24 27 30 33 35 39 43 46 49 52 54 58 61 63 65 69 71 75 76 78 82 86 87 90 91 92 95 99 102 106 110 113 117 119 122 124 128 130 133 137 139 143 147 148 150 152 154 158 161 162 165 169 171 175 178 181 182 186 187 189 191 195 197 198 202 203 207 211 215 218 220 222 226 230 234 237 240 242 245 249 252 256 258 261 263 266 267 269 270 271 273 276 277 278 280 281 284 286 287 288 289 291 295 299 302 305 309 310 314 316 318 322 323 324 326 328 329 332 335 336 337 340 344 345 348 349 353 355 357 361 
9 12 16 18 22 25 28 31 32 36 40 43 44 50 52 54 55 60 64 66 70 71 73 76 77 80 86 87 89 91 95 99 103 104 107 109 113 116 121 124 128 129 130 133 137 139 141 146 150 154 157 160 164 167 170 172 175 178 179 183 186 188 191 192 193 197 200 202 203 206 209 211 212 216 217 221 225 228 231 234 236 239 242 243 248 252 256 260 262 263 267 269 273 274 276 277 278 282 285 288 292 296 300 304 307 310 312 313 316 317 318 321 324 326 328 330 334 338 339 341 344 347 351 352 356 359 361 362 364 366 368 369 371 375 376 377 
10 13 19 22 25 26 31 35 38 41 42 46 49 53 54 58 59 61 65 70 74 76 78 81 83 86 89 92 93 96 99 101 104 105 110 112 115 117 123 125 129 132 136 137 141 145 149 150 153 158 160 162 167 168 172 175 177 181 185 187 188 191 194 196 200 204 207 210 213 216 219 222 226 227 231 235 237 238 239 241 243 244 245 246 249 256 260 262 264 268 270 271 275 276 278 279 282 283 288 289 294 298 302 307 311 313 314 317 321 323 326 329 332 334 338 341 344 348 351 355 358 361 364 366 368 372 373 375 379 380 384 385 389 391 392 396 
11 15 21 26 30 33 34 36 40 43 44 47 51 57 59 61 62 65 68 73 78 79 80 85 88 92 96 99 103 105 108 111 114 117 118 119 121 125 126 130 132 136 138 139 143 148 151 155 157 159 163 165 169 173 174 179 180 185 189 192 195 198 201 202 206 207 208 213 216 219 223 225 227 229 235 237 239 242 243 247 251 253 254 257 260 264 268 269 272 276 277 279 283 285 289 290 292 296 299 300 301 304 306 310 312 317 320 321 324 328 331 332 335 338 340 344 345 351 354 358 359 363 368 369 373 376 378 382 386 387 391 394 396 399 402 403 
15 19 22 30 32 36 37 40 41 44 45 51 55 60 61 62 65 66 69 76 79 80 82 89 92 95 100 101 106 109 110 114 115 120 121 124 126 128 131 133 136 139 143 146 149 151 154 159 162 165 169 170 172 174 178 181 184 187 192 196 200 202 204 208 209 212 213 215 219 223 225 226 229 233 239 243 246 249 251 252 254 256 259 260 263 266 271 274 277 280 283 285 289 290 294 298 300 303 305 307 311 312 315 317 319 322 324 326 327 329 332 336 339 343 344 347 348 353 355 360 363 367 372 373 374 379 383 386 389 392 396 398 402 403 406 407 
17 20 26 31 34 37 41 45 47 50 54 57 59 63 64 67 68 72 75 79 80 81 84 91 95 96 103 104 107 110 111 118 122 123 126 129 133 135 138 139 141 142 146 149 150 155 156 162 166 167 172 175 178 179 181 184 185 188 193 197 202 206 207 212 215 218 221 223 224 227 229 230 234 237 242 246 249 253 254 257 261 265 267 271 274 278 282 285 288 290 294 295 296 298 299 302 306 307 310 314 316 319 322 325 326 328 332 334 338 339 340 341 343 344 345 348 352 357 360 363 366 368 374 375 379 381 385 387 391 394 397 401 404 407 411 413 
21 22 28 32 37 41 43 47 50 53 55 59 62 65 68 70 71 74 78 82 85 86 90 93 97 100 107 108 111 112 116 119 123 126 129 133 134 138 140 143 147 150 154 155 156 159 161 164 169 170 173 179 183 184 188 189 191 194 197 199 204 208 210 216 218 221 222 225 228 229 233 237 239 242 245 248 252 257 261 262 263 266 269 274 275 280 284 287 292 293 295 298 302 303 304 306 308 310 312 317 318 321 324 327 330 334 335 338 339 342 346 349 351 353 354 355 359 362 363 367 369 372 375 379 380 385 386 388 394 395 398 402 405 408 414 415 
23 26 31 35 39 44 45 51 53 55 58 63 67 70 71 73 76 80 82 84 86 87 93 97 100 102 108 111 115 118 119 122 126 129 131 135 137 139 141 147 150 152 155 159 162 166 170 171 173 177 178 182 187 191 195 198 200 203 205 207 209 210 212 218 221 223 227 230 232 235 236 241 243 246 248 249 256 258 264 267 270 274 277 280 282 286 287 288 293 297 299 302 303 306 310 313 317 318 319 320 324 325 327 330 333 335 339 342 344 347 348 350 355 356 360 363 364 365 369 373 376 380 381 382 384 387 391 395 399 401 402 403 408 409 417 418 
27 29 35 37 43 46 47 54 55 58 60 64 70 74 77 80 83 86 87 90 93 96 97 100 102 104 109 114 119 121 123 126 129 131 134 138 139 143 144 149 152 155 156 161 163 167 173 177 179 182 184 188 192 195 198 199 202 204 209 211 213 214 215 220 225 227 230 233 234 237 241 245 247 251 252 253 259 263 268 269 273 275 278 282 283 287 290 293 294 300 304 308 309 312 314 317 320 321 323 324 325 327 329 332 334 336 342 344 347 351 353 357 358 361 363 366 369 370 372 377 378 384 388 391 394 397 399 401 402 403 406 410 411 412 418 419 
28 31 38 40 47 50 54 55 58 62 65 67 74 77 79 82 84 88 89 94 95 100 103 107 111 112 116 119 122 125 128 130 133 137 140 144 146 148 150 154 158 162 166 167 169 171 176 180 181 185 187 191 196 200 201 205 208 211 214 216 217 221 223 226 230 234 237 241 244 248 250 251 254 256 259 260 264 268 272 273 276 280 284 288 291 294 296 297 301 303 306 310 312 314 318 321 325 329 331 332 334 337 341 344 347 351 355 356 360 361 362 363 364 368 370 372 373 377 381 385 387 391 395 399 402 403 405 406 409 413 415 416 418 422 424 427 
29 35 42 45 49 53 55 58 60 65 69 72 78 80 82 84 86 92 93 96 99 103 106 111 115 118 121 124 128 129 133 134 137 139 142 147 151 155 156 160 161 165 167 168 171 172 177 184 186 187 190 193 198 201 202 209 211 212 215 219 221 225 226 228 231 235 238 243 245 251 255 257 260 262 265 266 267 269 276 277 281 285 286 291 293 298 300 301 305 308 312 316 320 324 327 328 329 333 334 336 337 339 345 346 351 355 357 359 363 367 368 371 375 377 379 382 383 385 387 390 392 393 399 400 403 406 410 414 416 419 422 424 427 429 433 435 
30 38 45 49 51 56 59 60 63 69 71 75 82 83 85 87 88 94 96 100 101 107 108 112 116 121 124 128 129 131 134 137 138 142 143 150 154 156 157 162 164 166 169 171 175 177 179 185 189 192 194 197 202 204 205 213 217 220 222 226 230 232 235 239 241 244 245 249 250 254 257 259 264 267 269 271 273 274 278 282 283 288 289 294 296 302 305 308 311 313 314 317 322 327 330 334 335 339 342 346 349 351 355 356 358 360 364 367 370 374 376 379 382 386 389 392 395 396 400 402 405 409 413 416 418 422 424 428 429 430 432 435 436 437 441 444 
34 41 48 52 55 60 61 63 64 70 74 77 83 87 89 90 91 95 97 104 105 108 110 115 119 123 125 130 132 136 140 142 146 147 151 152 156 158 161 163 165 170 171 173 177 178 180 187 191 193 198 200 206 209 213 217 221 225 229 233 237 238 242 245 247 250 251 253 256 257 260 264 267 270 273 276 278 281 285 287 288 289 290 297 298 305 308 312 314 316 319 321 323 329 332 335 337 341 343 348 351 352 357 358 359 363 368 369 373 375 379 381 384 390 393 395 397 399 401 405 407 412 417 421 423 424 428 431 435 436 438 441 445 448 452 454 
36 45 49 54 59 64 65 67 70 71 78 79 84 89 92 96 97 101 104 107 108 112 115 119 123 127 128 132 136 137 144 146 148 151 154 158 159 160 165 169 172 176 180 183 187 191 193 194 196 197 202 203 208 211 214 220 222 228 230 237 239 243 244 247 251 252 256 257 260 263 267 271 272 273 275 277 282 284 287 291 292 296 299 300 303 309 312 315 316 320 321 325 326 330 335 339 341 342 346 351 355 356 359 361 365 369 373 374 378 381 383 385 389 392 394 399 400 401 403 408 411 414 421 424 426 428 430 433 437 439 441 442 448 449 453 455 
40 46 50 55 63 66 69 73 76 80 83 86 87 93 94 98 102 106 107 108 109 116 117 120 126 131 134 136 140 143 146 148 151 154 157 159 163 167 169 172 173 178 184 187 190 195 196 198 199 203 206 210 211 215 219 223 224 230 234 239 243 246 247 251 253 256 259 261 264 268 272 274 277 280 283 286 287 288 292 295 297 299 301 304 308 310 313 317 318 324 327 330 334 336 339 342 345 347 350 353 357 360 364 367 370 373 375 379 382 383 384 388 392 394 395 403 406 407 409 412 413 417 422 426 428 431 433 434 438 443 447 448 451 453 455 458 
44 50 52 59 64 70 71 77 78 82 84 88 91 94 95 100 105 109 113 114 116 118 122 123 128 133 137 141 144 146 149 151 155 156 161 165 169 173 174 176 180 184 186 189 194 196 197 202 205 208 212 215 218 221 223 224 226 232 236 243 245 249 251 255 258 262 265 266 268 271 276 278 280 282 286 290 291 292 295 298 299 301 305 308 312 313 315 318 322 327 330 332 337 340 343 346 347 351 355 358 361 363 365 369 371 377 381 385 388 390 391 392 396 397 399 406 410 411 413 416 420 424 427 430 431 434 436 438 439 446 448 450 455 459 460 463 
47 52 53 62 67 74 78 80 83 86 89 90 92 96 99 101 107 113 114 116 117 120 126 127 132 134 138 145 149 151 154 155 158 162 163 166 170 177 181 185 189 192 194 198 202 203 204 207 209 213 214 217 220 224 225 226 230 234 240 244 248 252 253 259 262 266 267 269 273 275 280 281 282 283 287 294 296 300 304 307 308 311 314 318 320 324 328 330 331 335 336 338 340 343 345 349 351 355 357 360 362 365 367 370 374 381 382 387 390 391 395 399 401 404 407 409 412 413 415 418 424 428 430 434 437 438 440 441 445 448 452 456 457 462 466 469 
51 54 57 63 70 76 79 81 86 88 90 94 97 98 101 105 111 117 121 124 126 128 132 133 136 138 140 149 150 155 158 162 164 168 172 174 177 180 184 189 190 194 198 201 205 207 210 213 214 218 222 226 228 231 232 234 235 237 241 245 251 255 256 263 264 267 268 272 274 276 283 286 290 294 298 299 302 304 305 311 315 316 317 320 324 325 330 333 336 339 340 342 346 347 349 350 352 359 361 364 367 370 373 374 378 382 385 389 391 394 396 402 404 408 411 413 417 421 422 424 425 431 432 435 441 442 444 448 451 453 454 460 461 465 468 472 
54 55 61 64 72 79 82 84 90 93 95 97 98 100 105 106 113 118 125 128 130 131 135 137 140 144 147 152 154 157 160 165 168 172 176 178 180 181 186 190 192 195 201 204 208 212 213 217 219 220 223 229 233 235 238 242 245 249 251 253 256 257 259 267 268 269 270 276 279 282 287 288 294 297 300 302 305 306 309 315 317 319 320 322 326 328 334 338 339 341 343 347 349 353 354 356 359 361 362 365 369 374 376 379 383 385 386 391 392 397 400 406 408 411 413 415 421 423 425 427 428 432 436 437 444 446 447 450 453 457 461 464 467 468 472 473 
58 59 65 68 75 80 84 85 91 95 97 98 100 103 106 107 117 119 129 130 131 132 137 138 142 146 150 154 155 160 164 168 169 173 177 181 184 188 191 194 195 197 205 206 209 216 218 221 223 225 227 232 237 239 243 246 247 253 257 260 264 266 270 271 275 277 280 281 285 288 291 294 298 301 304 305 308 311 315 319 321 323 324 327 329 333 336 339 343 346 348 352 355 356 360 362 365 367 370 373 377 380 384 387 391 392 396 397 399 402 403 408 411 413 414 418 425 428 431 433 435 436 440 442 447 449 451 454 456 461 464 466 469 472 475 479 
62 65 66 70 79 82 87 91 92 99 100 104 105 108 110 113 119 121 132 136 139 140 143 144 145 148 154 158 159 162 166 172 176 177 178 185 186 190 194 197 198 199 208 210 213 220 223 225 226 228 232 235 240 243 246 250 251 257 261 263 268 271 275 277 280 281 283 285 288 292 295 297 300 304 307 309 312 314 316 321 325 326 329 331 335 339 340 344 348 350 351 354 359 362 363 366 367 368 374 376 378 384 386 390 395 399 402 405 408 412 413 414 417 420 424 425 426 431 434 438 441 442 446 448 452 453 455 459 462 466 470 472 474 476 477 483 
66 68 71 74 80 85 88 94 97 102 103 106 110 112 116 120 123 126 133 139 143 145 147 148 149 151 156 162 165 169 170 175 177 179 183 188 192 193 198 202 205 207 212 216 218 222 226 229 231 232 234 239 244 245 247 254 256 261 263 265 272 274 278 280 283 287 291 293 297 301 302 303 306 307 311 312 316 320 323 326 327 328 331 334 337 340 343 347 351 355 356 357 363 364 367 369 372 374 376 377 382 388 392 396 399 402 405 407 412 416 418 419 423 427 430 434 438 439 441 444 448 452 456 457 459 463 465 469 473 475 477 480 481 483 486 487 
68 69 72 78 82 89 90 97 99 103 104 109 113 116 119 123 124 130 135 142 147 150 152 156 157 158 161 165 168 173 174 176 181 185 188 191 196 199 201 203 209 211 213 219 222 226 228 233 235 239 241 243 247 248 252 258 260 263 267 269 273 275 279 281 287 288 292 295 300 305 307 309 313 316 318 320 322 326 327 328 332 335 339 340 343 347 351 355 359 360 364 367 369 373 374 375 379 381 384 388 392 394 398 399 401 404 408 410 415 419 420 421 425 429 434 437 439 440 442 447 452 453 457 458 461 465 466 472 477 480 481 483 486 489 493 496 
71 75 79 83 85 93 96 99 102 104 108 111 114 118 123 126 130 134 138 143 149 154 155 157 160 162 163 168 169 177 179 183 185 187 190 195 197 202 204 208 211 212 217 223 224 228 231 235 238 242 246 248 251 254 257 260 264 266 271 274 275 278 282 283 288 292 295 299 304 306 308 310 316 319 320 321 324 330 334 337 341 343 346 348 350 353 356 358 360 363 365 371 374 377 379 383 384 385 389 390 395 396 399 402 403 407 409 413 416 422 426 428 429 430 438 440 443 444 446 448 453 454 460 463 467 469 472 473 480 483 485 487 491 495 498 500 
72 79 83 86 88 96 100 102 104 105 110 112 117 121 125 130 134 138 139 145 153 156 160 161 164 167 170 171 175 178 183 185 188 191 193 196 200 205 207 210 213 215 221 226 228 231 235 238 242 245 248 252 256 260 262 265 269 273 275 278 282 286 288 291 294 298 301 303 307 308 309 312 317 322 324 328 331 334 335 338 342 347 351 355 357 359 363 364 366 370 372 373 378 379 380 385 386 389 391 395 399 403 406 410 412 414 416 419 420 425 427 431 435 439 440 442 446 447 451 453 456 458 463 464 470 472 474 477 484 488 490 494 498 500 504 506 
74 82 87 89 92 98 104 106 108 110 111 115 118 123 128 133 135 141 143 148 157 160 162 163 166 170 173 174 176 182 187 191 194 198 201 204 208 209 210 211 217 220 225 228 231 233 239 243 244 249 251 254 257 262 265 269 273 275 276 282 284 290 294 296 298 300 305 309 312 316 319 322 323 325 326 330 332 337 341 342 344 349 355 357 359 361 365 366 367 373 376 379 383 386 390 393 395 397 400 401 403 407 410 413 416 420 421 422 425 426 430 435 438 440 443 446 450 452 454 457 461 463 467 470 474 476 479 481 488 489 491 497 502 503 505 508 
75 83 88 90 93 99 106 108 109 112 113 118 121 127 129 137 141 145 147 152 161 164 167 169 172 175 176 178 179 186 190 192 196 200 205 209 212 216 218 220 222 226 230 234 238 240 243 246 248 251 255 259 263 265 269 270 276 280 283 285 289 294 296 297 302 305 308 313 317 321 323 326 327 330 334 337 338 340 343 346 350 352 359 361 365 368 370 372 373 377 378 381 386 389 393 395 398 402 403 404 408 412 414 415 419 424 426 428 430 432 433 438 441 443 444 447 452 455 459 461 462 467 471 472 475 478 482 484 489 491 493 499 504 506 508 512 
79 84 92 94 96 102 108 112 113 117 118 121 123 129 131 139 145 146 149 153 163 165 169 172 173 177 179 180 183 190 194 195 200 201 208 213 215 220 224 228 232 234 235 239 242 244 247 248 252 253 257 261 264 268 270 271 278 284 287 291 292 296 298 302 306 310 311 315 319 324 325 328 330 333 337 338 341 344 347 348 352 354 362 364 366 370 374 377 381 384 386 387 389 390 397 398 400 406 409 412 415 416 418 419 423 427 428 429 431 433 436 442 444 445 448 452 453 457 460 464 465 469 474 478 481 483 484 485 491 492 497 500 508 510 514 515 
81 85 93 97 101 103 112 116 119 122 126 129 130 132 134 141 146 150 152 157 165 167 172 175 179 180 183 187 189 193 195 196 203 207 210 215 219 222 226 231 233 238 241 243 244 245 249 251 253 256 261 264 268 270 271 272 279 286 288 293 297 298 302 306 308 311 312 316 321 326 327 331 334 337 340 342 344 345 351 353 356 358 366 367 368 374 377 380 383 388 392 393 397 401 402 405 407 411 415 419 420 423 426 430 433 437 440 443 446 450 453 455 457 459 461 465 466 468 471 472 473 477 479 482 485 488 489 492 493 497 501 505 509 513 517 520 
83 86 94 100 103 106 114 117 123 127 129 133 134 137 141 144 150 154 156 159 169 172 175 177 182 185 186 189 193 194 196 199 204 210 214 217 223 224 230 232 234 241 245 249 253 255 256 258 259 260 265 269 271 272 276 279 281 289 293 296 300 301 305 308 310 315 318 322 326 327 330 335 337 338 344 346 347 348 353 355 360 361 367 371 374 378 379 383 384 390 393 397 401 402 403 407 410 414 417 422 423 427 428 433 437 439 444 447 448 453 455 456 458 460 462 469 470 472 475 478 481 485 488 490 493 496 499 501 505 506 509 513 515 519 521 523 
84 90 95 104 108 112 118 122 125 130 132 136 137 141 142 147 154 155 160 163 173 175 178 180 183 186 187 190 197 201 202 206 208 214 218 220 227 228 234 237 238 244 249 250 254 256 260 261 265 266 268 271 272 274 277 283 284 293 296 297 302 305 309 312 314 316 320 325 329 332 335 338 341 343 348 350 352 356 358 362 363 367 369 375 379 383 384 386 389 393 395 398 405 409 412 415 419 420 421 425 426 430 431 434 439 443 447 450 451 457 459 463 464 467 468 473 477 481 484 487 491 494 495 497 498 502 503 507 511 513 514 515 517 521 522 525 
88 94 96 107 110 113 119 124 127 131 133 139 140 145 149 151 156 157 161 165 177 178 181 183 184 188 191 192 198 205 208 210 214 218 221 224 229 232 236 239 242 246 253 254 255 259 261 262 268 272 276 278 281 282 283 286 288 295 299 303 304 309 311 315 317 319 323 329 333 335 337 341 343 344 351 354 355 359 360 365 369 371 375 378 382 387 388 392 396 398 400 402 409 413 414 417 422 423 424 429 433 435 439 443 447 450 454 458 462 465 469 470 471 473 475 478 479 485 489 490 495 499 502 503 507 509 511 512 516 520 522 525 529 531 534 536 
92 96 100 111 114 117 122 125 131 135 138 140 141 149 151 153 160 162 165 169 180 184 186 188 190 194 196 200 203 206 211 215 218 221 223 227 230 236 237 240 243 250 257 259 260 264 267 269 270 275 280 282 283 285 286 288 291 298 300 305 309 311 314 316 321 325 326 330 336 339 343 345 346 350 354 355 356 360 363 368 371 373 378 382 383 389 390 396 398 401 403 406 411 414 416 418 426 428 429 432 436 437 442 444 448 453 458 461 464 468 470 471 474 475 479 480 483 488 491 492 499 501 505 509 510 513 516 519 520 523 525 529 532 536 540 544 
93 97 102 114 118 119 123 128 133 137 142 146 147 150 152 156 164 168 169 172 182 186 189 193 196 198 199 203 207 211 212 219 222 224 225 228 233 237 238 243 247 251 261 263 265 268 271 274 278 282 286 287 288 289 293 294 298 302 303 306 311 315 317 318 323 326 328 333 340 343 344 348 350 351 357 359 360 361 367 370 373 376 382 385 388 392 394 400 403 404 405 410 414 417 418 421 428 429 433 436 437 438 443 448 452 457 459 465 467 472 475 479 482 483 485 489 491 492 495 499 502 506 510 512 514 516 519 521 522 526 527 532 534 539 541 548 
94 101 103 115 121 122 125 131 134 139 144 149 153 157 161 163 168 169 172 176 184 189 192 197 201 205 207 208 211 213 215 221 223 227 230 233 236 239 242 247 250 255 264 268 271 275 276 278 280 284 288 291 294 297 301 302 304 307 310 314 317 320 321 323 324 328 329 334 344 347 350 352 356 358 359 363 367 369 371 374 378 381 386 388 392 396 397 402 404 405 408 412 415 418 420 425 432 433 435 439 441 445 446 452 456 461 463 467 469 474 477 482 485 489 492 495 496 498 500 501 505 508 512 515 517 518 521 524 525 530 531 536 540 543 547 551 
95 104 105 118 122 126 130 133 137 142 147 151 154 161 164 166 172 176 178 181 186 190 196 200 204 208 209 212 215 217 221 225 229 233 234 238 240 244 247 249 253 259 268 271 272 276 280 281 285 288 291 294 298 302 303 304 308 312 315 319 322 324 327 331 333 336 337 339 348 351 353 357 360 361 364 365 369 373 376 380 381 383 387 389 394 397 400 404 405 407 410 414 417 422 424 429 436 438 439 441 444 446 450 453 457 464 466 468 470 476 480 486 489 490 496 499 500 503 505 508 512 516 519 522 524 526 528 529 531 532 535 537 543 547 549 553 
98 108 111 119 124 129 131 136 139 145 151 153 157 165 168 172 174 180 183 186 190 194 200 203 206 212 213 216 217 221 224 227 231 236 240 243 247 248 251 253 257 261 270 273 276 278 282 283 289 293 297 298 302 305 309 312 314 318 321 324 325 326 329 332 335 337 340 343 350 354 356 361 363 364 366 369 371 377 381 385 388 389 393 394 398 401 402 406 410 414 415 416 420 425 427 433 437 440 443 447 448 452 456 459 463 467 469 471 474 478 483 490 492 494 500 501 504 506 507 509 516 519 520 524 525 529 533 535 539 542 544 548 552 553 557 561 
99 112 116 122 126 130 135 138 142 147 154 156 158 168 171 176 180 181 187 191 192 196 203 206 207 214 215 217 221 225 229 231 232 237 244 247 251 254 257 260 263 266 272 274 277 279 285 288 290 296 301 304 307 309 310 316 320 322 325 327 329 330 332 334 339 343 345 346 351 357 361 363 364 368 371 372 373 380 384 389 391 394 395 396 401 404 406 409 413 417 421 422 426 429 431 434 440 442 446 449 452 456 459 463 466 468 473 477 480 484 488 492 496 497 503 505 506 507 511 514 520 524 527 528 529 531 535 538 541 546 547 550 553 556 559 562 
103 115 120 123 130 133 139 141 143 148 155 160 162 171 173 179 184 186 190 193 195 200 207 210 214 218 219 220 225 228 232 235 236 238 247 249 252 256 261 263 265 269 275 276 278 283 286 292 296 298 305 307 308 312 313 317 323 324 327 329 332 334 338 341 342 347 350 353 354 358 363 367 368 369 373 374 376 382 387 390 395 397 400 403 406 408 410 413 417 420 424 426 428 433 437 438 442 444 449 450 453 460 462 465 467 472 477 480 482 485 490 494 500 503 504 507 509 511 514 516 524 526 529 530 531 535 539 540 542 550 551 553 557 559 562 566 
106 116 123 125 131 137 140 144 147 152 157 162 166 173 175 183 187 191 193 194 196 201 211 212 218 221 225 229 233 234 238 239 240 241 249 250 254 258 265 268 270 271 279 282 284 285 289 295 297 302 309 310 312 314 316 318 327 331 334 338 342 344 348 349 351 353 357 359 362 363 367 371 374 375 379 380 382 384 391 393 398 402 406 410 414 418 420 422 424 426 429 433 435 439 441 444 445 447 453 454 457 462 463 469 470 476 480 481 486 488 494 495 504 508 510 514 518 521 523 526 528 531 532 534 538 539 543 546 549 552 556 559 562 564 567 569 
107 119 125 129 134 141 144 148 151 155 159 166 168 174 178 185 189 192 197 200 201 202 215 219 223 227 230 231 234 238 242 246 248 250 252 253 255 260 267 270 274 278 280 286 290 291 295 296 301 303 311 314 317 318 320 323 331 334 337 342 346 347 352 355 356 358 361 364 368 371 372 375 377 380 384 385 387 391 393 397 400 405 407 413 418 419 421 425 429 433 434 437 438 443 447 449 451 453 455 456 458 466 467 472 473 479 481 485 488 489 495 496 505 509 514 518 519 523 527 529 531 534 538 542 543 545 548 549 552 556 558 561 564 568 572 575 
111 121 126 132 137 144 145 150 152 159 162 167 169 177 181 189 191 193 198 201 202 205 218 223 224 228 232 234 237 240 246 249 252 254 258 259 262 266 271 272 275 279 284 289 292 295 297 300 302 307 314 316 318 319 322 325 335 337 339 344 349 353 356 358 362 363 367 369 373 377 379 383 385 387 391 394 397 400 404 405 408 410 413 416 421 424 428 430 431 437 438 441 443 447 448 453 456 457 461 465 467 470 473 475 477 483 487 489 490 493 499 503 507 511 516 521 525 528 530 534 538 539 543 544 545 547 551 555 559 561 564 566 570 571 574 577 
112 124 130 136 141 146 150 151 155 163 165 170 171 179 185 191 194 198 202 205 207 208 221 227 231 234 237 238 239 244 248 252 253 258 261 265 268 270 272 276 280 283 288 292 294 298 301 303 307 308 318 321 324 326 328 331 336 339 340 348 352 354 360 361 366 369 371 372 374 378 383 387 391 395 397 400 401 403 407 411 415 419 423 424 426 428 431 433 436 440 444 447 449 453 457 461 465 469 473 475 478 481 484 486 488 489 493 496 498 501 504 508 510 513 517 524 529 531 533 535 542 545 549 552 555 556 557 558 562 564 565 568 573 576 580 582 
114 128 134 139 142 148 152 155 159 165 169 174 177 181 187 192 195 201 205 207 208 210 224 231 235 238 242 244 247 249 250 253 254 260 265 268 269 274 278 281 284 287 291 294 295 299 302 304 311 313 322 325 327 330 332 335 340 343 345 351 355 357 364 367 371 373 375 379 382 385 388 390 394 398 402 404 406 410 414 417 421 423 425 429 430 433 434 438 441 444 447 449 452 456 459 462 466 470 474 479 480 485 487 489 493 496 498 502 506 510 511 515 516 520 521 528 531 533 537 541 544 546 551 554 558 560 564 565 569 573 577 580 584 588 591 593 
115 130 138 141 145 152 155 159 163 168 173 177 178 184 190 196 199 202 208 210 213 214 228 233 237 241 244 247 250 252 256 259 263 264 269 273 277 279 280 285 287 291 292 297 300 304 308 312 313 315 325 328 331 335 339 341 345 349 353 355 359 363 367 370 375 379 381 382 383 388 390 392 398 400 406 410 414 417 418 421 425 428 431 434 437 440 442 445 446 448 449 453 456 459 462 463 467 471 477 481 482 487 490 491 496 498 500 503 509 512 513 519 523 527 530 531 534 538 541 544 546 549 554 555 560 561 565 566 571 574 580 583 587 589 593 595 
116 132 140 142 149 156 158 162 166 170 176 178 182 187 192 200 203 204 210 211 217 221 229 236 239 244 247 251 255 259 262 266 268 269 271 277 281 284 287 290 292 296 300 301 302 308 310 313 315 319 327 329 333 339 342 344 347 352 357 359 362 367 370 371 379 380 385 388 389 393 397 400 403 407 410 414 418 421 423 425 426 432 433 435 438 441 446 447 450 453 457 460 463 467 470 474 475 479 482 483 485 489 491 495 499 502 505 508 511 515 517 520 524 528 531 533 536 542 544 548 551 554 558 559 563 567 569 572 574 578 581 584 590 593 595 598 
120 134 143 146 152 158 159 163 167 171 179 181 183 190 194 201 204 205 212 215 218 223 230 239 243 247 249 255 256 261 264 268 271 274 276 280 285 287 290 291 293 299 303 307 308 310 314 316 317 322 328 332 334 341 346 347 348 355 361 365 366 369 372 376 380 384 386 392 394 395 398 401 405 410 413 417 419 422 425 429 431 434 436 439 442 444 447 450 454 458 460 461 467 469 472 477 478 482 486 489 491 494 497 500 504 505 509 512 516 520 521 523 525 532 533 534 537 544 545 549 555 556 561 563 567 571 573 576 578 580 582 587 592 595 597 602 
121 137 145 148 155 162 164 166 170 172 180 185 186 193 195 202 205 206 214 218 222 224 232 242 247 251 255 259 263 266 269 270 274 276 278 282 286 290 291 295 297 301 306 309 310 313 315 318 321 324 332 334 336 342 348 351 352 359 363 369 372 374 378 382 386 389 391 396 399 403 405 406 409 413 416 420 422 423 426 430 432 437 439 441 444 447 450 454 457 462 465 469 471 474 475 478 481 483 488 493 494 496 500 503 507 509 511 513 520 524 528 529 530 533 537 541 545 546 549 552 559 563 567 571 573 576 580 581 585 587 590 593 595 597 601 603 
124 140 147 149 157 166 169 173 176 179 184 189 190 195 197 205 208 211 215 219 223 228 235 246 249 253 259 262 266 270 272 274 277 279 283 286 289 294 298 301 303 304 308 313 315 319 321 323 325 329 336 337 340 346 352 353 354 362 367 372 376 379 383 386 390 394 395 398 402 404 406 410 414 415 418 424 427 430 432 436 439 441 444 447 451 452 454 455 460 465 467 473 474 478 482 484 488 489 493 494 496 500 502 506 508 511 515 519 523 526 529 533 535 536 538 543 547 548 551 556 562 565 570 575 577 581 582 585 586 588 591 594 598 599 604 608 
126 141 148 152 158 168 170 174 179 181 185 193 195 196 201 207 212 214 216 222 224 229 239 247 253 256 263 267 268 272 274 278 280 283 287 289 293 297 301 305 307 308 311 314 317 323 324 325 327 330 338 341 342 347 353 356 360 364 368 375 378 381 386 390 394 396 397 402 404 408 409 414 417 420 422 426 431 433 435 438 440 442 447 449 454 457 460 464 467 468 470 474 476 479 483 486 489 490 494 498 499 504 506 509 513 515 516 520 525 530 533 534 539 540 543 546 548 551 555 558 563 568 573 576 580 584 588 591 595 598 600 604 605 609 611 613 
129 143 149 156 160 170 173 177 182 183 186 197 198 201 204 209 213 216 220 226 228 233 240 249 256 259 264 268 269 276 278 281 282 284 290 293 297 301 305 309 313 317 319 322 325 329 333 336 338 341 344 347 351 352 354 357 362 365 369 379 382 384 389 392 398 399 400 405 409 410 412 418 420 423 427 430 433 434 437 439 442 445 448 453 458 459 462 468 470 473 477 478 481 483 485 489 491 495 497 502 504 508 512 516 520 523 525 528 529 532 535 538 542 544 546 549 552 553 556 559 566 572 576 578 581 588 590 594 596 599 604 607 608 612 615 619 
132 145 152 157 162 172 174 180 186 189 190 201 205 207 210 212 214 217 222 230 234 237 244 253 257 260 266 269 271 278 281 283 284 285 293 294 298 304 306 312 314 321 325 327 328 333 337 339 343 344 346 349 353 355 358 360 365 368 371 381 384 385 393 395 399 400 401 409 413 415 417 420 424 428 431 433 434 437 441 445 448 451 454 458 461 464 468 471 472 474 481 484 485 488 490 491 493 496 498 504 508 511 514 518 523 527 529 533 535 538 539 543 547 551 552 556 557 559 563 565 569 574 579 581 582 591 595 599 601 602 607 611 612 615 616 621 
134 147 153 160 163 176 178 183 188 190 194 204 206 211 213 217 221 225 226 232 238 242 247 257 260 263 268 270 273 281 283 284 285 288 296 300 302 308 312 315 318 322 328 329 333 334 340 344 346 350 353 357 360 362 363 366 368 372 373 384 388 391 395 396 401 403 407 413 417 421 422 423 425 429 433 436 437 439 442 448 450 452 456 459 464 467 471 475 478 480 483 487 489 490 494 496 500 504 507 510 513 515 519 523 525 529 530 537 538 539 541 544 548 552 556 559 560 562 566 567 570 578 583 584 586 594 599 602 603 605 608 612 613 617 618 624 
135 148 156 163 165 178 180 186 191 192 196 206 208 212 217 218 225 227 230 233 241 244 251 261 265 268 272 274 275 285 289 293 297 301 303 307 309 311 313 317 319 323 332 333 336 337 341 346 349 354 356 358 363 364 366 367 371 376 377 386 392 395 398 400 402 407 409 417 418 423 425 427 428 433 437 440 444 446 447 449 454 457 459 463 467 468 472 476 481 483 484 491 494 497 498 501 502 505 510 511 516 517 523 524 527 530 531 541 545 546 550 553 557 561 565 569 571 572 576 577 579 583 586 590 591 596 601 603 606 610 612 615 618 621 622 628 
137 150 157 165 167 180 182 188 193 197 198 209 213 215 218 219 229 233 234 236 243 246 255 264 268 269 275 278 282 287 293 297 298 303 305 309 311 313 317 320 323 327 335 339 340 341 344 348 350 356 359 360 364 367 368 372 376 378 379 389 396 397 402 406 407 411 413 418 419 426 430 431 435 438 441 442 448 451 455 458 462 463 464 465 471 475 476 480 482 484 487 494 495 501 503 506 508 512 515 518 522 525 526 530 532 534 536 544 546 547 554 558 559 564 566 573 574 575 579 583 584 587 589 593 595 600 604 605 609 613 615 616 620 622 623 631 
140 154 159 169 173 184 187 191 194 199 203 210 215 219 221 222 232 234 237 239 247 251 259 268 269 270 276 281 284 288 294 301 302 305 307 313 314 318 322 325 326 331 339 342 346 348 349 350 351 359 362 363 367 370 374 376 379 383 384 392 399 401 406 409 411 413 415 420 424 427 431 432 439 440 444 448 451 454 458 462 465 468 469 470 474 477 479 484 486 489 493 497 499 502 506 509 512 515 518 519 523 527 531 535 539 541 545 548 550 551 555 561 565 569 572 574 575 579 581 585 589 590 594 596 599 603 605 609 613 615 619 623 627 628 632 633 
144 156 160 172 174 187 189 193 198 202 205 211 216 220 223 226 234 235 239 241 250 254 263 271 275 278 279 283 288 292 295 302 306 309 312 317 320 322 326 328 330 334 342 344 349 353 354 357 361 362 366 370 373 377 381 385 389 390 394 398 402 405 408 412 416 419 420 424 427 429 434 435 443 444 445 449 452 455 462 463 468 471 473 474 478 482 484 488 491 494 497 500 504 506 509 510 516 519 520 522 524 529 533 536 543 545 547 549 554 556 557 565 568 573 576 577 580 581 585 586 590 593 598 599 603 604 607 613 616 620 622 624 631 635 637 639 
145 159 161 175 179 189 191 196 202 206 208 214 218 224 226 230 237 240 244 245 252 255 264 272 279 282 286 288 292 296 299 306 307 313 317 321 322 325 329 332 334 338 345 346 353 355 358 360 362 365 370 371 376 379 383 389 391 393 396 402 404 409 412 413 420 421 423 426 430 432 436 438 447 450 451 455 459 462 466 468 470 473 474 475 481 485 486 491 494 498 501 502 505 509 511 512 518 520 523 525 529 533 537 538 544 548 552 556 559 560 561 569 570 577 580 583 586 589 593 596 599 603 605 606 610 612 616 618 620 624 627 631 633 638 639 642 
146 161 165 176 182 193 194 198 205 209 212 215 220 225 229 233 239 243 247 250 255 258 265 276 281 283 290 294 296 300 304 307 309 315 320 322 325 326 333 337 341 344 349 353 355 356 359 361 364 366 373 375 379 382 387 393 395 396 399 405 407 411 413 416 424 425 426 430 434 436 437 439 450 454 455 457 462 466 468 472 476 480 483 484 486 490 493 494 495 500 502 504 509 510 515 517 519 522 524 528 530 535 541 542 548 550 554 557 562 563 564 571 574 580 583 586 588 593 596 599 603 604 608 610 611 614 619 623 625 626 628 633 637 642 644 645 
148 165 168 177 183 197 198 199 206 212 216 219 221 228 231 237 243 246 250 253 259 262 268 279 283 284 291 298 301 304 307 308 312 318 322 326 330 332 334 338 345 349 352 357 361 363 365 368 369 373 376 378 383 384 391 394 398 402 404 409 411 415 419 420 427 428 431 435 436 437 441 444 453 458 459 463 465 468 471 475 478 481 485 486 489 494 495 498 500 503 507 510 514 518 519 523 525 529 530 532 535 536 542 544 551 553 557 559 565 568 572 573 577 582 586 587 591 595 600 602 606 609 613 616 620 622 626 627 629 630 634 638 642 644 645 648 
149 168 171 180 184 200 201 205 207 216 219 221 222 232 233 241 247 251 255 259 262 266 270 281 287 289 292 299 305 306 310 311 313 322 325 328 332 334 335 340 348 350 356 361 364 367 370 373 376 380 383 386 389 392 393 395 401 404 407 412 415 419 423 426 429 433 436 439 440 443 447 451 454 460 463 464 468 469 474 479 481 483 488 492 495 498 501 505 509 512 513 516 520 523 525 529 532 536 539 541 543 546 549 553 555 559 562 564 569 573 574 577 581 584 589 591 592 597 604 606 608 613 614 617 624 628 631 632 636 639 643 646 649 653 654 656 
152 172 175 184 186 203 205 207 211 218 222 223 224 235 239 245 249 253 256 262 266 268 272 283 288 290 293 300 308 311 314 317 320 323 328 329 333 337 339 342 351 352 359 363 368 372 373 374 378 383 385 387 392 393 395 398 405 408 411 414 418 420 426 428 430 434 437 443 446 447 449 452 458 461 467 468 469 472 477 480 485 487 490 495 499 502 506 509 513 517 520 524 528 531 533 537 539 542 543 546 550 552 556 558 562 563 566 568 571 577 581 582 584 585 592 596 599 601 606 609 613 615 616 621 625 630 634 637 638 643 645 650 653 655 656 658 
154 175 178 187 191 204 207 211 215 219 225 226 228 239 240 248 252 256 259 263 270 271 276 287 290 291 297 301 312 313 317 319 322 325 329 332 335 338 340 343 355 358 361 366 369 376 377 379 383 384 387 389 394 397 399 400 408 409 413 418 422 426 429 433 434 435 441 447 448 451 452 456 459 465 471 474 478 480 483 487 488 492 495 499 503 506 507 512 517 518 524 528 531 534 536 539 542 545 549 551 555 557 561 564 565 568 569 573 577 580 585 586 589 592 593 600 603 605 610 613 614 617 619 622 626 631 636 640 641 644 649 651 656 658 661 662 
155 178 181 188 195 206 208 215 218 220 227 231 234 241 243 252 256 258 263 264 271 272 278 290 293 295 299 304 315 319 320 324 328 331 332 334 336 341 345 346 357 361 363 367 370 378 380 381 387 389 392 394 396 399 400 401 409 412 417 419 425 430 434 438 441 444 448 451 452 454 456 459 460 467 473 476 480 484 488 489 491 493 496 500 506 508 512 513 518 519 526 532 534 538 542 546 548 550 551 555 556 559 565 568 571 575 578 579 583 584 589 593 596 599 603 604 605 609 613 614 618 621 625 627 630 634 637 644 648 650 654 655 659 660 663 665 
156 182 185 191 198 208 209 216 219 221 228 232 236 244 246 256 258 260 266 268 273 277 282 292 294 296 303 306 316 321 325 326 331 333 334 335 338 343 346 347 360 365 369 370 372 382 385 388 390 393 394 397 398 400 404 407 411 415 418 422 428 431 437 440 443 448 452 453 455 457 461 463 465 468 475 480 481 485 489 491 493 494 499 504 507 510 514 516 522 523 527 533 536 540 546 549 550 554 558 560 564 568 569 571 574 579 581 583 587 589 593 596 600 603 605 608 612 616 619 620 623 624 627 629 631 635 640 645 651 654 657 661 662 666 669 673 
157 183 188 192 202 209 212 220 223 225 232 233 240 245 249 260 263 265 269 272 276 278 285 296 300 304 307 309 317 325 326 327 335 337 340 342 344 347 348 351 362 369 372 375 376 384 388 389 392 397 398 400 401 405 406 409 413 416 422 426 432 436 439 443 447 451 455 459 462 464 467 471 472 473 479 481 485 489 491 492 497 498 502 505 511 514 516 518 525 529 530 537 538 541 548 550 551 555 562 564 567 569 570 573 577 582 584 587 590 594 597 600 601 604 607 611 615 617 620 621 627 629 631 632 633 638 643 646 652 658 659 663 666 669 671 676 
158 187 189 193 204 212 214 221 225 227 234 238 242 247 253 261 267 271 272 275 277 280 287 299 302 307 311 312 321 327 330 332 336 340 342 344 346 349 350 352 363 370 376 379 383 388 391 393 394 398 399 403 407 408 411 412 415 419 426 427 436 440 443 445 448 453 456 463 464 467 469 475 479 481 483 485 489 493 496 498 500 504 508 510 512 517 519 523 529 533 536 540 544 547 552 554 556 557 563 567 570 573 575 576 580 586 589 590 593 598 599 603 604 607 610 612 617 618 621 624 630 632 633 634 635 641 647 650 653 661 663 665 670 671 673 680 
160 189 191 197 205 213 217 223 228 230 235 239 246 248 255 264 268 272 273 279 280 284 291 300 303 310 315 317 322 330 331 333 337 343 344 347 351 354 357 360 367 372 379 383 386 390 393 397 401 405 409 413 415 417 419 421 424 427 429 430 437 441 446 449 451 454 457 464 468 471 474 479 482 483 486 487 490 497 498 501 503 506 510 513 517 519 522 527 531 535 539 543 548 550 553 557 560 561 565 569 572 575 578 579 584 587 590 593 594 599 603 605 608 609 613 616 618 619 622 625 632 636 640 641 644 646 651 654 655 662 667 668 673 674 678 683 
164 191 195 198 207 215 220 225 229 233 238 241 250 253 257 267 269 276 277 281 285 286 295 302 304 312 317 320 324 332 333 336 338 344 346 349 355 356 361 365 368 374 381 386 388 392 394 399 402 409 410 416 418 420 423 427 430 432 436 439 441 444 447 453 456 460 464 468 470 473 478 482 485 488 489 491 494 499 503 507 509 512 513 515 521 522 524 529 535 539 540 547 551 553 557 561 563 567 570 571 574 576 582 585 587 591 595 599 601 604 607 610 613 615 617 620 622 624 628 631 634 638 643 646 647 651 655 656 658 665 671 675 676 679 681 686 
166 194 196 202 210 216 223 226 232 237 241 244 253 254 258 268 271 277 278 285 287 290 298 304 305 315 320 324 325 333 336 339 342 345 348 353 357 360 364 366 372 375 382 387 392 395 397 403 406 410 411 420 423 427 429 432 434 436 438 440 445 448 452 455 459 461 466 471 473 477 479 486 489 493 497 498 501 505 506 508 513 516 519 523 525 526 529 533 537 541 542 549 553 556 558 562 566 569 572 576 580 583 584 588 591 595 598 603 604 605 608 614 618 621 624 627 628 632 634 635 639 643 647 651 653 656 658 660 663 666 675 676 679 683 685 689 
168 197 198 203 212 218 226 228 235 241 243 247 257 258 259 272 273 281 284 289 291 292 300 305 309 317 324 325 327 337 338 343 345 346 350 355 358 361 367 371 374 376 384 389 393 398 400 407 411 414 418 422 426 430 431 435 439 441 444 448 451 453 455 459 460 464 467 473 477 478 482 489 492 495 500 504 507 510 512 513 517 518 522 527 530 532 536 537 541 544 545 552 554 557 561 564 568 572 573 580 582 586 588 590 595 598 599 606 610 612 616 617 621 625 629 631 635 637 641 645 648 651 652 653 654 658 662 665 666 668 677 680 684 686 688 690 
171 198 201 206 214 221 227 231 239 243 245 248 261 264 266 276 277 284 286 293 296 298 303 308 310 318 328 331 333 338 339 346 350 351 353 357 362 366 370 373 378 379 385 392 394 399 403 409 412 416 419 425 427 434 438 441 445 446 449 451 452 454 458 461 464 466 469 477 480 482 485 490 494 499 502 508 512 513 517 520 523 525 529 532 536 539 541 543 545 546 547 556 560 561 562 567 569 574 575 583 585 590 591 594 599 602 606 610 614 617 618 622 626 629 633 636 637 638 645 646 652 656 657 660 661 662 665 666 668 670 680 681 686 687 692 693 
175 201 205 210 218 222 229 232 241 247 251 253 264 265 269 277 281 288 291 294 298 302 306 309 311 321 332 336 338 339 343 350 351 352 354 359 364 367 374 375 382 383 389 396 397 403 406 412 413 419 421 428 429 436 439 443 448 450 453 457 458 459 461 465 467 469 471 481 485 489 492 496 497 503 506 510 513 515 518 521 527 528 531 534 540 544 547 550 554 555 558 562 565 569 570 571 573 578 582 587 590 594 597 601 602 606 608 614 617 619 620 624 629 633 636 638 639 643 647 649 653 659 663 666 670 673 677 680 681 682 683 686 688 689 695 699 
177 203 208 211 220 225 231 235 243 248 252 257 267 270 274 280 285 290 294 295 299 305 308 312 316 323 336 340 341 342 345 353 357 360 364 366 367 370 376 380 385 388 391 400 401 405 407 416 418 420 422 431 432 440 441 444 451 452 455 460 461 462 465 469 471 474 475 484 489 493 496 500 503 507 511 515 519 523 525 526 530 534 537 538 542 546 549 553 557 558 561 564 567 573 577 578 580 581 585 590 594 597 600 603 604 607 610 617 621 622 626 628 631 637 641 645 646 650 653 656 660 663 666 669 674 678 681 682 684 688 692 693 696 699 702 705 
179 205 211 212 224 226 233 238 244 251 255 261 270 271 276 282 289 291 295 298 302 306 310 316 318 327 337 344 348 352 356 360 362 363 366 368 369 373 380 383 386 389 394 403 406 408 411 417 420 424 426 432 434 442 446 450 452 453 459 464 466 468 472 475 476 478 479 488 493 494 498 504 505 509 512 516 520 525 527 529 534 535 539 541 543 547 550 556 559 562 563 567 568 574 581 582 583 586 589 592 597 600 603 604 608 610 611 618 622 626 628 630 634 641 644 646 648 651 654 660 661 665 670 673 678 681 685 687 690 692 695 696 699 700 704 706 
183 207 212 215 228 231 234 239 246 253 258 262 271 274 279 284 293 294 297 299 306 307 311 319 323 331 339 347 350 356 359 362 365 367 370 372 375 377 384 386 387 391 396 404 410 413 415 418 422 427 428 433 436 446 448 453 457 460 461 467 469 472 475 479 482 485 487 489 495 499 503 508 510 512 514 517 521 528 529 531 535 536 543 547 549 553 555 559 563 566 569 573 575 579 584 585 587 590 591 593 599 603 604 607 612 615 619 621 625 627 632 633 638 643 646 647 650 653 656 664 667 668 674 677 679 683 689 693 696 698 699 702 705 707 709 712 
187 208 216 220 230 235 239 242 247 256 261 266 273 275 282 285 296 297 300 303 309 312 316 320 324 334 341 351 353 360 362 364 369 373 377 381 385 388 391 392 394 397 399 407 414 418 420 424 426 430 433 434 440 449 452 455 460 461 465 471 473 475 478 482 483 489 490 493 499 503 506 509 512 515 519 521 523 529 531 534 539 543 547 549 553 556 559 560 564 567 570 577 578 583 585 588 589 592 594 598 601 605 607 609 616 617 620 625 629 630 636 639 640 647 650 654 656 657 659 666 669 672 677 681 685 686 691 695 699 701 702 703 707 711 712 716 
189 210 218 224 231 238 241 243 250 258 263 268 276 278 284 289 298 302 304 305 312 314 319 323 328 337 344 354 358 363 367 371 374 378 379 384 386 391 392 395 399 403 404 408 416 419 422 427 431 434 438 440 441 453 454 459 463 467 469 472 474 478 480 484 488 490 493 496 501 506 507 510 514 517 520 523 527 532 535 537 543 545 550 553 557 561 565 568 572 573 574 578 579 584 589 590 594 597 600 603 605 606 610 614 620 622 624 626 630 631 639 640 641 650 654 655 657 658 661 669 673 676 679 685 688 692 693 696 703 706 709 713 716 720 721 723 
193 213 220 227 232 239 242 244 254 261 265 270 279 281 286 290 300 305 307 308 313 318 321 325 330 341 348 355 359 364 368 375 377 379 383 386 388 392 393 399 403 405 406 412 417 423 424 428 432 435 440 443 445 456 457 461 464 471 474 477 480 481 484 487 490 492 496 498 504 509 510 511 515 518 522 526 530 534 539 540 544 546 552 555 559 562 568 570 576 579 581 585 589 593 597 600 604 605 607 609 612 613 615 619 622 623 626 630 632 633 641 643 645 653 656 660 663 665 667 673 677 678 680 689 693 695 699 702 705 708 710 717 720 721 725 727 
197 215 221 230 233 241 244 246 255 262 267 271 280 284 289 292 303 308 312 316 320 323 326 330 334 344 350 359 361 366 372 379 381 383 385 387 390 395 396 401 406 408 410 414 419 426 430 431 435 437 443 446 450 460 463 466 469 475 477 481 484 488 490 492 494 495 499 503 508 513 516 517 518 522 526 527 533 537 542 545 548 551 554 559 563 567 572 575 577 583 585 587 590 597 600 603 606 608 609 612 613 615 619 620 626 628 631 634 638 640 644 647 650 654 658 664 668 670 672 675 680 682 686 691 695 696 703 707 710 713 714 721 723 725 729 732 
198 219 224 231 237 243 246 250 258 266 270 273 284 285 293 295 305 309 314 318 322 324 329 334 335 346 351 360 363 370 376 381 385 386 387 388 393 399 403 404 407 410 414 417 420 430 431 434 438 441 444 450 454 464 468 471 472 478 480 484 485 490 494 497 499 500 501 505 512 516 517 519 522 526 528 530 535 540 543 549 550 553 556 560 564 571 573 579 582 585 588 590 593 598 602 607 609 610 613 615 617 619 621 622 628 631 635 636 640 642 648 652 653 658 662 665 671 673 674 678 684 687 691 695 699 703 706 708 711 714 718 723 725 728 733 735 
200 220 227 234 239 246 248 253 261 270 274 275 288 291 297 299 309 313 318 320 325 329 330 336 337 347 353 363 367 371 380 382 386 390 392 394 397 400 406 407 409 413 415 421 422 431 435 438 439 443 447 452 457 466 471 473 474 481 483 486 490 494 498 502 506 509 512 516 520 521 525 526 530 532 536 540 544 545 549 551 552 556 557 564 568 572 576 581 584 588 589 591 597 599 603 608 611 613 615 617 620 621 625 627 630 634 637 639 642 646 649 655 658 661 663 669 673 675 677 682 687 689 693 697 700 706 707 709 715 719 720 725 729 732 735 739 
203 222 228 237 242 249 253 254 263 273 278 282 291 293 298 302 311 315 319 321 326 333 334 340 344 348 357 366 368 375 384 386 387 392 396 398 402 403 407 408 412 416 420 422 425 434 436 442 446 447 450 456 459 468 474 476 478 484 485 490 492 498 502 506 508 513 517 518 522 525 527 528 533 536 537 543 548 552 556 557 559 562 565 569 570 575 577 584 585 592 596 598 602 605 607 610 615 616 618 619 621 625 628 632 633 637 641 644 648 652 655 659 662 664 666 673 677 679 682 685 690 694 695 698 701 707 709 712 717 721 725 729 730 736 737 742 
204 223 230 241 245 250 255 259 264 276 280 283 292 294 299 303 312 319 320 322 330 337 341 345 349 352 361 370 373 378 387 390 391 394 397 399 404 407 408 411 414 420 421 423 426 438 442 443 450 452 454 460 462 469 476 478 481 487 491 495 497 499 504 508 509 514 518 519 526 529 530 534 535 537 540 546 549 555 560 563 565 569 572 575 576 580 582 585 586 594 599 603 606 609 610 611 618 621 622 626 627 629 631 635 638 641 642 645 649 656 659 661 663 668 672 674 678 682 683 689 691 695 698 700 702 709 711 714 720 722 729 733 735 738 740 744 
207 226 234 245 249 253 258 262 266 277 284 287 295 296 301 304 315 322 323 326 331 339 344 349 353 356 365 371 377 379 390 394 398 400 404 408 411 415 418 422 425 429 430 432 434 442 444 448 453 455 456 462 464 473 478 480 483 489 493 496 498 501 505 510 511 517 521 523 529 532 535 536 539 543 545 547 551 556 564 568 570 572 575 577 578 583 587 591 594 597 602 606 609 613 617 619 621 624 627 629 632 633 636 638 641 645 647 648 653 658 661 664 668 670 674 675 682 685 686 692 695 696 702 705 708 713 714 716 722 726 733 734 738 739 742 748 
208 228 235 249 252 255 262 264 268 278 288 289 296 299 303 308 316 325 329 330 332 342 346 350 355 359 369 375 381 385 391 395 401 402 405 410 414 418 420 426 430 431 433 434 435 445 449 450 456 457 458 466 468 474 481 485 489 491 496 500 504 505 506 511 515 521 525 527 532 534 537 540 544 546 548 549 553 558 567 571 572 575 577 579 580 585 591 592 596 598 603 610 613 617 621 625 626 627 629 631 633 635 637 639 642 649 652 656 660 661 665 668 669 674 678 679 683 689 691 694 699 702 706 709 711 717 719 723 727 731 737 741 745 746 748 752 
211 230 238 250 256 259 265 268 272 280 290 294 298 302 304 309 320 327 333 335 337 346 348 354 357 363 370 378 385 386 395 399 403 404 407 414 418 420 421 427 434 437 441 443 445 446 453 456 457 458 459 470 474 477 484 489 492 493 498 502 506 507 510 512 517 522 528 529 534 537 541 542 548 550 552 554 556 560 570 574 577 578 582 584 586 589 594 595 598 601 605 611 614 619 622 627 631 633 634 635 636 637 638 640 643 650 654 657 662 666 667 670 674 676 680 683 687 691 695 697 701 705 710 714 715 721 722 724 728 735 741 745 747 748 752 755 
215 234 240 251 257 260 269 272 274 281 292 298 301 304 307 312 321 331 334 336 338 348 349 358 362 364 372 380 388 391 399 402 406 410 412 416 422 425 426 429 437 438 443 444 449 453 455 457 458 462 465 472 478 481 487 491 493 496 500 506 508 512 513 514 520 524 532 534 538 540 544 547 550 554 555 556 560 564 572 576 578 581 585 587 589 590 598 599 603 606 609 613 618 620 626 629 634 635 636 638 642 643 647 650 654 658 661 663 666 670 673 674 675 678 684 686 691 692 696 698 702 709 711 715 716 723 726 727 730 738 743 747 749 752 754 756 
218 235 241 255 261 263 270 273 275 282 296 302 304 306 309 314 325 335 338 341 342 351 355 359 363 367 376 384 390 395 402 405 410 413 415 417 424 428 432 434 441 442 447 449 453 454 459 463 466 469 470 474 480 485 491 495 499 501 502 509 510 515 519 520 523 525 535 538 539 543 547 551 552 555 556 558 561 566 573 579 580 584 588 589 590 591 602 606 608 609 613 616 622 623 629 630 635 638 639 643 646 648 650 653 657 662 663 665 670 671 675 679 680 681 685 688 693 697 700 701 703 713 716 718 719 727 729 731 734 740 745 750 752 753 758 760 
219 239 243 257 262 267 274 276 279 286 300 304 305 308 312 318 326 338 341 342 343 353 356 360 367 371 378 387 392 398 406 410 411 417 421 424 426 430 433 437 445 448 451 454 457 458 460 464 468 470 472 475 481 486 494 497 503 507 511 515 519 523 524 525 526 530 538 539 543 546 551 553 556 558 562 563 564 570 576 582 586 588 592 595 599 601 604 610 613 614 618 620 626 628 631 635 638 640 644 645 650 652 653 654 658 664 665 668 672 675 679 682 683 685 689 690 695 698 704 708 712 714 720 724 728 730 732 735 737 741 746 751 753 755 762 763 
223 243 245 260 266 268 277 281 282 287 304 306 307 309 316 319 329 340 345 348 350 357 360 362 368 375 382 389 395 401 408 412 416 421 425 426 430 434 436 441 449 452 455 459 462 464 467 470 474 476 480 482 486 490 497 499 507 511 512 519 522 526 529 533 535 539 541 544 545 548 552 556 559 563 566 567 571 572 580 585 590 591 596 598 603 607 611 614 617 619 621 622 629 630 634 636 642 643 647 648 652 653 656 658 662 665 666 670 676 677 680 683 685 687 690 692 697 700 705 712 713 715 722 728 729 732 734 738 740 743 750 752 755 759 766 768 
226 245 246 262 267 271 278 283 285 291 308 309 312 314 317 321 332 342 346 351 354 358 361 363 372 376 385 390 396 403 411 413 418 425 428 429 434 437 438 445 450 453 459 463 467 469 472 473 478 481 485 487 491 492 501 502 511 515 519 521 524 527 533 534 536 542 543 548 551 554 558 562 563 565 568 569 572 576 584 587 594 595 599 600 605 608 612 618 622 626 628 630 634 635 637 640 645 647 649 653 654 656 659 662 664 669 672 674 677 680 681 687 688 691 695 696 700 702 706 713 714 718 723 731 735 738 739 742 743 747 751 753 758 761 768 769 
230 246 247 266 269 273 281 285 288 295 310 314 316 320 323 326 334 346 349 355 357 360 363 367 373 377 388 391 399 406 414 418 420 427 432 434 435 438 441 446 451 456 463 467 470 473 476 478 479 485 489 493 497 498 503 504 512 516 520 522 526 531 534 535 539 543 545 550 554 557 561 566 569 571 575 576 577 580 588 589 595 597 600 601 607 610 616 621 625 628 631 632 638 639 641 645 647 649 651 655 658 660 661 666 670 672 673 678 681 682 683 689 692 696 700 703 704 707 709 715 717 721 724 734 738 739 742 746 750 752 756 757 760 764 772 774 
234 247 250 270 274 278 283 286 292 298 313 315 320 321 326 327 335 348 353 356 358 364 366 369 377 379 389 395 402 408 415 420 422 431 434 438 442 445 448 451 454 460 467 471 475 478 479 482 485 487 492 497 498 499 504 506 514 519 524 527 528 532 536 540 544 547 548 554 556 558 564 570 571 574 578 580 581 582 592 596 597 599 602 604 610 612 619 625 627 630 632 635 642 643 645 646 650 653 657 659 663 664 665 667 674 676 677 679 684 685 689 690 696 698 703 707 710 713 716 720 722 726 730 738 742 746 750 754 755 759 762 766 767 770 775 777 
236 250 253 271 277 280 284 289 294 300 314 317 323 327 330 332 338 351 355 360 364 368 369 371 380 382 390 399 406 410 417 421 425 432 438 441 443 448 451 454 456 461 468 474 476 480 484 487 491 493 496 498 501 505 508 509 517 521 526 531 535 536 539 542 546 549 552 556 557 560 568 571 572 577 582 586 587 591 596 597 598 600 605 608 611 614 620 627 630 633 634 636 646 650 653 657 660 661 665 669 673 676 677 678 680 684 685 689 692 696 698 699 702 706 709 713 716 719 722 726 730 732 734 739 743 749 751 758 760 761 763 767 768 772 778 779 
240 251 254 273 280 282 287 291 295 302 317 320 326 331 335 339 343 352 357 362 365 369 373 374 383 384 391 401 410 411 421 423 427 433 441 444 445 452 455 457 460 462 471 476 479 484 486 489 494 495 498 499 503 506 510 514 521 525 527 532 538 542 544 547 548 553 557 561 565 567 572 574 578 579 586 590 591 592 597 598 600 603 606 610 614 616 621 629 631 637 641 645 649 654 657 658 664 665 668 671 676 679 681 682 684 687 688 692 695 698 699 702 706 707 713 716 718 721 724 729 734 738 739 743 744 752 756 762 766 768 769 773 775 777 781 785 
244 255 256 274 284 285 291 293 298 305 321 323 327 332 339 341 345 353 361 363 368 372 374 377 385 387 393 404 411 415 424 428 429 434 444 447 450 455 459 463 464 467 474 477 481 487 488 490 498 500 504 505 507 509 511 517 522 527 528 534 542 544 547 551 552 555 560 564 566 569 574 578 580 583 589 594 597 598 602 604 608 611 615 617 618 622 625 632 633 641 644 647 653 658 661 663 666 670 674 678 680 681 684 687 691 694 697 700 703 705 707 711 715 719 722 726 727 728 731 733 738 739 740 745 749 755 757 766 770 772 773 776 778 782 783 788 
246 256 257 277 288 292 295 296 299 309 323 325 330 334 342 346 347 357 363 367 369 375 377 378 388 392 396 407 414 419 426 430 431 438 446 449 451 459 461 465 466 471 475 480 482 490 492 495 499 503 505 509 513 514 515 520 526 528 530 538 545 547 551 552 553 557 564 565 569 571 577 579 583 584 590 598 602 606 607 611 613 617 619 622 624 625 629 636 638 645 646 650 654 659 664 668 670 672 676 680 683 685 687 691 694 696 698 703 706 709 713 717 718 720 724 730 731 733 736 738 740 741 744 746 750 756 759 770 772 773 777 779 783 787 791 793 
248 257 258 281 290 293 296 297 301 311 327 331 332 336 344 350 351 360 364 369 370 377 378 380 392 396 400 411 416 420 427 432 435 441 449 450 454 462 464 467 468 474 479 482 484 493 497 498 501 507 508 510 516 518 520 523 528 532 535 541 549 550 553 556 557 558 566 568 572 573 581 584 585 589 591 599 604 610 611 614 617 618 623 625 626 627 633 638 639 646 648 654 655 663 665 672 675 677 680 683 685 686 690 694 698 700 701 706 709 713 716 720 723 726 729 733 737 741 745 748 750 752 753 756 759 763 765 774 775 776 780 781 784 788 792 795 
252 259 261 282 291 297 301 302 304 313 330 332 334 339 345 351 355 363 365 373 374 379 381 382 396 398 403 415 417 421 429 434 436 445 453 457 458 465 468 472 473 476 481 486 488 495 499 502 503 510 514 517 521 523 527 528 530 533 536 542 552 556 557 558 560 561 567 569 574 578 582 587 589 593 596 601 605 614 616 619 622 623 625 626 630 632 637 639 640 649 650 656 657 664 668 676 677 679 681 687 691 693 696 697 699 701 703 707 712 717 718 722 724 729 733 735 740 742 747 752 756 760 761 764 767 768 772 776 778 780 784 786 787 790 793 798 
253 263 267 284 293 301 302 306 308 314 331 336 337 343 349 354 356 367 369 375 377 381 383 384 397 402 406 416 420 425 431 437 438 449 457 459 460 468 469 475 478 480 485 487 490 498 502 504 505 513 516 521 525 526 528 531 532 537 538 543 556 558 559 563 567 569 570 571 576 579 583 589 590 597 599 603 609 616 620 621 626 627 630 631 635 637 641 642 645 650 653 660 664 667 669 677 681 685 686 691 693 694 700 703 706 709 712 716 717 719 721 725 726 730 737 741 744 746 750 754 759 762 764 765 770 773 774 777 779 784 787 788 791 793 794 800 
256 266 271 285 296 303 305 310 311 318 335 339 341 344 352 356 357 369 373 379 383 384 385 389 398 404 407 418 423 427 434 440 442 453 458 461 462 471 474 478 479 481 489 492 495 501 503 508 510 514 520 524 528 532 534 538 541 543 546 547 557 561 563 565 568 570 574 575 578 583 587 592 594 599 602 606 610 618 623 625 629 633 635 637 638 642 645 648 650 652 656 661 666 669 670 679 684 689 692 696 698 700 703 704 709 713 714 717 720 723 724 727 731 732 739 742 745 748 753 755 761 764 768 770 773 777 781 783 787 790 793 794 796 799 801 803 
260 268 274 286 298 305 309 314 318 319 336 342 346 348 354 359 362 372 377 381 384 386 388 392 401 408 410 419 424 431 438 444 447 454 462 464 468 475 479 480 481 485 491 495 498 503 505 510 512 518 521 528 532 535 538 541 542 546 549 552 558 565 569 570 571 572 577 580 583 586 591 593 595 603 605 608 614 619 626 627 631 637 641 642 643 647 648 650 653 655 659 664 670 673 677 680 685 690 693 697 699 702 707 711 714 716 718 721 723 724 725 730 732 733 743 745 747 750 757 761 762 768 769 772 775 780 784 787 788 794 798 802 805 809 813 817 
264 270 278 288 299 309 312 318 322 323 339 346 349 353 355 360 365 374 381 382 386 388 391 393 403 410 411 421 425 432 440 448 450 457 465 467 470 479 481 482 484 487 492 496 500 505 509 513 516 520 523 531 535 538 541 542 545 550 554 558 560 567 570 571 574 575 581 583 584 590 593 594 598 607 609 612 618 622 629 631 634 639 642 644 646 650 651 653 656 658 661 668 671 674 680 682 686 693 694 701 702 703 708 712 716 719 722 724 727 731 732 733 737 740 746 747 748 752 760 762 766 770 773 774 777 784 785 789 792 795 801 806 807 810 815 819 
268 271 279 291 303 313 315 322 324 325 340 350 352 356 357 362 369 375 385 387 391 394 395 398 406 413 415 423 427 433 441 449 452 459 466 470 474 483 487 489 490 494 498 499 503 506 512 515 517 524 527 535 536 541 545 548 552 556 557 561 565 569 574 576 580 581 582 585 587 591 594 598 601 608 613 614 619 625 630 635 639 640 643 648 650 654 658 660 664 666 670 672 673 677 683 684 690 696 697 703 706 707 711 714 720 723 725 729 732 736 740 743 745 747 751 753 754 758 761 765 767 772 776 777 781 785 787 790 796 798 804 807 811 812 819 821 
269 273 283 294 307 316 319 325 328 332 342 353 354 359 362 366 371 379 387 391 392 395 398 401 407 416 417 425 430 434 444 453 455 462 468 471 475 486 490 492 495 497 499 500 506 507 513 517 521 527 529 537 538 542 546 552 553 558 559 563 569 571 577 578 582 583 586 587 588 594 597 602 603 611 616 617 623 628 634 639 640 642 645 650 652 658 662 663 668 671 674 678 679 681 684 687 693 699 700 706 710 711 715 719 721 725 728 733 737 741 744 748 750 751 755 758 761 763 764 768 772 776 780 784 787 789 790 792 800 801 805 810 813 817 823 827 
270 275 284 297 311 320 322 326 331 335 346 355 358 363 364 367 372 380 389 394 395 396 399 405 411 417 420 427 431 437 447 456 457 463 470 472 476 489 494 498 502 504 508 509 512 516 517 520 522 531 533 541 544 545 550 556 557 560 561 565 570 575 578 582 584 586 590 591 594 596 599 606 608 613 618 619 625 629 635 640 642 645 647 651 656 659 664 667 669 673 675 681 682 684 687 688 695 703 707 711 713 717 718 723 724 727 732 737 741 745 747 752 754 756 757 759 762 764 768 771 775 779 783 785 790 792 794 797 804 805 808 814 818 821 825 828 
273 276 288 301 315 324 328 332 336 338 348 356 360 366 369 373 375 384 390 397 398 400 404 407 415 419 423 430 435 441 451 459 461 464 471 474 480 490 497 499 505 507 511 513 516 520 521 523 526 534 535 544 547 550 551 560 562 565 568 572 573 579 581 584 587 591 593 597 599 603 605 610 614 616 619 623 629 631 638 641 646 649 651 654 659 660 665 671 675 676 677 684 686 688 691 694 696 707 708 713 714 718 720 727 728 729 735 738 744 748 751 754 758 760 761 765 767 768 769 774 776 781 785 788 792 794 797 800 807 810 813 815 821 823 827 829 
274 279 291 303 316 327 330 336 339 340 350 358 362 367 371 377 379 386 392 400 402 404 408 411 418 423 426 431 439 442 452 463 467 468 473 477 483 493 501 503 507 511 515 516 518 521 525 526 529 535 539 547 550 554 558 561 566 568 569 576 577 583 586 589 590 592 597 599 603 606 610 613 617 621 623 627 633 635 642 646 648 652 653 657 660 662 669 674 676 677 678 686 690 692 694 698 702 710 713 716 719 722 724 731 735 737 739 740 748 752 756 757 761 765 768 772 773 776 780 784 786 788 792 795 799 801 803 805 809 811 815 818 823 826 831 834 
278 282 293 304 318 330 331 337 343 345 353 362 365 368 375 381 383 389 395 403 405 408 411 412 422 425 428 433 442 445 453 465 469 473 476 479 485 496 504 507 508 515 519 521 525 528 532 536 537 540 543 548 554 556 562 566 567 569 573 578 581 587 588 593 597 598 602 606 610 613 616 619 623 624 626 631 636 639 644 647 649 653 655 658 661 664 673 678 679 683 687 688 691 695 699 702 704 714 717 721 724 726 729 735 738 741 742 743 752 754 758 762 765 768 771 775 776 778 784 787 789 791 796 800 802 803 807 808 813 817 819 820 827 828 833 837 
279 285 295 307 320 334 335 339 347 350 356 364 369 372 377 382 387 390 398 407 409 410 412 415 426 427 432 435 444 448 454 468 473 475 480 483 487 499 508 511 513 518 521 523 528 532 533 538 539 544 546 552 556 557 565 570 572 573 574 582 585 589 590 594 599 603 606 609 613 616 619 622 625 627 631 632 639 641 645 649 653 655 659 663 665 667 676 679 682 684 690 693 695 697 700 705 707 717 721 723 727 729 730 736 742 744 745 749 755 756 760 765 766 771 775 777 779 782 788 792 796 799 801 803 805 807 810 812 816 819 821 825 828 829 836 841 
282 288 297 310 323 335 339 343 349 351 357 367 370 375 378 386 391 395 402 410 412 414 416 419 427 430 433 439 445 450 457 470 474 476 484 485 490 503 509 515 517 522 524 528 532 535 539 542 544 545 548 556 560 561 567 572 576 578 581 584 588 591 592 598 600 606 608 612 614 620 624 628 630 632 634 637 641 643 648 653 657 661 664 665 666 669 680 681 683 687 692 694 699 702 706 707 710 718 723 726 729 732 734 737 746 747 748 751 757 758 763 769 773 775 776 779 783 785 791 793 798 803 807 810 812 816 818 822 825 829 833 836 839 841 844 848 
284 289 298 314 325 338 342 347 353 357 361 371 372 379 383 388 392 399 403 412 414 415 417 422 429 432 437 441 447 452 458 473 475 479 485 486 494 506 512 519 522 524 525 532 534 536 542 544 547 550 554 558 563 565 571 574 577 581 582 587 592 596 598 599 603 608 612 613 618 623 627 630 632 633 636 641 642 647 652 657 658 665 668 671 674 676 683 684 685 689 695 696 703 705 709 713 714 719 725 727 731 734 735 738 747 748 750 752 759 762 764 773 776 779 781 782 785 787 794 796 799 807 811 814 817 818 820 826 829 832 834 837 840 843 848 852 
286 293 302 317 328 341 346 351 356 359 362 372 374 381 387 392 396 403 407 415 418 422 426 430 433 437 440 444 448 453 459 474 478 480 489 492 496 508 514 520 525 529 533 534 538 539 546 548 550 551 557 562 566 569 574 578 580 582 583 589 596 599 601 602 606 609 615 616 620 627 628 631 633 635 639 643 647 649 655 660 661 667 670 672 676 677 686 687 689 691 698 699 705 706 711 717 721 723 729 731 734 738 742 746 749 752 753 757 760 763 767 776 779 781 784 786 788 789 795 799 801 808 815 819 822 823 825 829 833 835 837 839 842 846 852 854 
287 296 304 318 330 345 350 355 359 361 363 375 376 382 391 395 399 407 408 417 419 425 428 434 435 441 442 448 452 456 461 476 482 486 492 496 498 512 518 524 528 532 537 541 543 546 550 554 557 558 562 566 569 573 576 582 584 585 589 593 600 603 606 610 613 614 619 620 623 631 635 637 638 640 643 645 651 652 656 664 666 670 673 677 678 680 690 693 695 699 703 704 709 712 714 719 722 727 730 734 738 739 744 748 751 754 757 759 763 767 770 780 782 785 788 791 794 797 801 804 805 809 816 823 826 830 832 835 836 840 843 846 849 852 856 857 
288 297 308 320 333 348 351 358 363 365 366 376 377 383 395 399 403 409 412 419 420 427 429 437 441 445 446 452 454 460 465 477 486 490 496 499 500 516 521 528 531 534 539 542 544 548 552 557 560 561 564 567 573 574 578 584 585 589 590 594 601 604 609 614 615 617 622 623 627 632 637 638 640 643 647 648 652 656 660 666 670 674 676 679 680 682 692 694 697 701 704 706 712 715 717 723 726 731 735 738 740 744 745 752 755 758 760 763 766 769 772 781 784 786 789 794 796 798 804 808 809 810 820 826 828 831 834 838 840 842 844 848 853 857 860 864 
291 298 310 321 337 349 353 360 367 369 371 379 381 385 396 400 407 412 414 420 423 431 432 440 442 449 450 456 460 463 466 481 488 491 500 501 504 517 525 531 534 537 541 545 546 550 553 559 561 565 566 571 574 576 581 588 589 592 593 598 605 608 611 616 619 621 623 625 629 636 639 642 644 647 651 653 656 658 661 668 671 675 677 680 683 685 696 700 703 706 707 711 715 718 721 724 728 735 739 740 744 747 749 753 759 760 764 766 769 772 773 783 786 789 793 798 800 804 805 812 816 818 822 830 834 835 837 842 845 846 847 850 854 858 863 865 
295 299 314 322 339 353 357 363 369 373 374 381 383 388 397 402 409 413 416 422 424 434 436 444 448 451 453 459 461 467 469 484 490 492 504 508 509 518 527 535 536 541 542 546 547 552 554 561 562 567 569 572 576 577 585 590 591 594 596 599 606 610 613 620 624 628 630 632 633 639 643 647 650 651 653 655 658 662 664 672 675 678 679 681 687 689 699 701 705 707 711 713 719 720 725 729 732 738 741 745 747 748 753 755 762 766 768 769 772 775 778 784 787 792 794 801 805 809 813 816 818 819 826 834 837 839 842 844 846 850 853 856 857 861 867 868 
299 303 316 324 342 356 361 367 371 375 379 383 386 390 398 404 411 415 418 426 427 436 440 446 449 453 457 461 465 469 471 485 494 497 505 510 512 520 529 537 541 545 547 550 551 553 555 562 563 570 571 574 577 579 589 592 593 596 599 600 607 611 617 624 628 631 632 633 637 642 646 648 654 658 659 662 664 667 669 676 679 683 686 690 693 694 703 705 706 708 713 715 722 725 729 731 734 739 743 746 748 751 757 759 765 767 769 773 777 781 783 785 788 796 798 805 807 812 817 818 822 823 829 835 838 841 845 849 851 852 854 860 861 862 870 874 
300 304 318 328 345 360 364 368 372 376 381 384 390 391 400 405 413 417 421 430 433 439 444 447 451 457 461 463 468 470 472 488 495 499 507 514 517 524 530 539 544 549 551 555 556 558 561 564 566 574 578 579 581 584 591 595 599 602 606 608 609 614 619 627 629 632 636 640 643 647 648 651 655 661 664 665 667 668 670 679 682 685 688 693 696 697 704 708 712 716 718 720 726 730 731 733 735 743 744 750 752 753 758 763 769 771 773 775 778 782 787 789 793 798 801 809 811 815 818 821 826 830 834 837 842 844 846 851 853 855 859 861 865 869 874 876 
303 306 319 330 348 361 366 371 373 378 385 388 391 395 403 409 416 419 423 431 434 443 447 449 453 458 465 468 469 472 475 490 499 502 508 517 521 528 533 541 547 551 553 558 561 563 565 567 569 576 581 584 586 588 592 596 603 605 610 611 613 618 621 628 631 636 637 642 646 648 651 652 656 665 667 668 672 675 679 681 686 689 693 697 698 700 706 712 716 718 722 726 729 732 735 737 740 747 750 751 756 760 764 767 773 777 780 784 788 791 795 798 801 804 806 813 814 819 820 824 827 832 837 839 844 847 848 855 857 859 863 866 867 871 877 879 
307 309 321 333 352 365 370 375 379 382 386 392 395 396 404 413 419 423 425 432 436 445 451 454 456 460 469 470 473 476 477 494 500 506 509 519 522 532 534 542 549 555 558 562 566 569 571 575 578 580 583 586 589 591 595 597 605 607 614 616 620 622 624 631 635 639 643 644 647 652 655 658 661 667 671 672 674 679 682 685 687 692 697 698 701 703 707 713 718 720 726 729 733 737 738 742 745 751 754 758 759 761 768 771 776 780 784 787 789 793 797 802 806 810 812 814 817 822 826 827 829 834 839 843 846 848 849 859 860 861 866 869 870 872 881 885 
311 312 323 335 356 367 371 376 382 385 390 393 399 403 408 416 420 425 427 434 440 446 455 459 461 465 470 474 478 481 483 496 501 508 510 522 524 533 538 545 550 558 562 563 567 573 574 576 580 581 587 589 592 596 597 598 607 609 615 618 621 625 629 635 636 642 645 646 650 654 656 661 664 671 675 677 680 682 684 689 693 696 699 703 705 706 709 717 719 722 728 731 736 739 741 744 746 753 755 759 763 765 770 772 780 782 785 791 792 794 801 806 809 813 817 820 823 826 827 829 831 837 841 845 849 851 853 863 865 869 870 871 873 876 882 889 
314 316 325 337 357 368 375 380 383 386 394 395 400 404 411 418 424 429 431 437 441 450 459 463 466 468 471 476 482 485 488 499 502 510 512 525 529 537 539 546 553 561 563 567 569 577 581 583 585 586 589 592 596 599 600 604 608 613 617 620 623 626 630 636 637 644 648 652 654 656 660 664 667 672 679 680 684 688 690 691 697 700 703 707 710 711 714 718 723 724 730 735 738 741 745 749 752 756 758 763 766 768 771 775 781 783 789 794 798 801 804 810 814 818 819 823 827 828 832 834 837 840 845 849 850 852 854 865 869 872 876 878 880 882 884 892 
318 322 329 338 360 370 379 382 386 389 395 398 404 408 414 421 428 433 437 441 444 451 463 467 469 470 475 479 485 489 490 500 504 514 515 528 532 539 541 550 557 562 565 570 571 579 584 585 589 592 593 596 597 600 603 608 609 617 619 622 624 630 632 640 642 646 652 654 657 660 661 666 669 673 680 683 687 689 693 696 699 704 706 711 713 716 719 721 727 731 734 738 740 742 749 752 755 758 759 767 768 771 773 779 785 786 793 795 802 804 805 811 816 819 822 827 828 830 834 836 838 841 849 853 857 860 862 869 873 877 879 881 884 886 890 893 
322 325 333 342 362 373 381 385 389 390 397 399 405 411 415 423 430 437 441 445 447 454 467 471 473 474 477 483 486 492 496 504 508 515 516 532 536 542 545 554 560 563 566 572 573 583 585 587 591 594 598 600 601 605 608 610 612 621 624 628 631 632 634 641 643 647 655 658 662 666 667 669 673 675 681 687 688 692 696 697 702 707 708 714 717 718 720 723 730 732 737 739 743 745 752 753 759 761 762 768 769 774 776 783 787 790 796 799 803 806 808 815 820 823 826 830 834 835 837 839 843 846 850 857 860 862 863 870 874 879 883 887 888 890 894 895 
324 326 334 344 366 377 383 388 392 394 400 401 408 412 418 425 434 438 444 448 449 455 468 474 478 479 480 486 489 495 500 505 510 516 517 534 538 543 549 557 563 564 569 573 574 585 586 588 592 596 602 605 607 610 612 615 616 622 626 629 635 636 637 643 646 649 656 661 664 668 670 674 676 677 685 691 692 696 697 700 703 710 713 715 718 722 726 730 734 738 739 740 747 749 756 760 763 766 769 771 774 778 780 784 790 793 800 803 805 809 812 816 821 826 829 832 836 840 843 845 849 853 856 860 863 866 869 871 876 882 886 891 893 894 898 902 
327 329 336 347 370 378 387 392 396 397 402 405 409 415 420 426 438 439 447 450 452 456 470 475 482 483 485 488 493 496 502 509 513 517 518 535 541 545 550 561 567 569 570 574 575 589 590 592 596 600 604 606 610 614 615 616 620 626 630 631 637 640 643 644 647 653 660 664 665 672 673 678 681 684 686 695 696 700 701 704 707 713 714 716 719 724 728 734 735 740 741 744 750 751 760 764 767 769 773 776 780 781 783 785 794 798 802 806 807 810 815 820 822 830 834 838 841 843 844 847 851 855 857 862 865 867 872 876 877 883 889 892 894 898 900 906 
330 333 339 348 374 379 391 394 399 402 404 406 411 419 424 428 441 442 451 455 459 462 473 476 485 488 489 490 496 499 504 513 515 521 522 536 545 549 553 562 570 574 578 582 584 592 594 596 597 602 605 610 614 616 618 619 622 627 633 636 640 644 648 649 653 654 662 665 666 675 676 682 686 688 691 696 697 701 705 708 710 714 718 719 723 726 729 735 737 742 744 748 754 758 761 766 770 774 776 778 784 787 791 794 795 801 806 810 813 816 820 823 824 832 838 839 844 848 850 851 853 858 862 865 866 871 875 877 880 884 892 895 896 902 906 910 
333 335 340 352 375 383 393 397 400 403 405 408 415 422 428 430 443 447 452 456 462 464 474 478 489 490 493 495 497 501 506 514 518 523 527 540 547 550 557 563 574 576 580 583 587 595 598 600 602 605 607 614 615 618 621 625 626 630 634 640 643 645 652 656 658 662 665 667 669 676 679 683 690 693 696 700 702 703 708 709 711 716 720 722 724 728 732 736 740 744 748 750 758 760 762 770 773 776 780 781 786 791 794 795 799 802 810 814 815 819 822 825 828 835 842 845 849 852 854 857 860 864 868 869 873 875 879 883 885 886 894 898 902 904 908 911 
337 341 343 353 379 384 394 399 403 405 407 412 419 423 430 434 445 449 454 460 463 465 476 482 492 494 498 499 500 503 510 515 522 524 529 542 550 551 560 566 578 580 581 586 588 596 601 602 603 608 612 616 618 622 624 626 627 632 638 643 644 646 656 658 660 663 667 670 671 680 682 684 692 696 697 701 704 705 711 713 716 720 724 726 728 729 735 738 741 748 751 755 762 764 767 772 776 777 782 785 788 792 798 799 803 807 813 815 816 822 823 829 833 837 845 846 851 854 858 861 862 865 870 873 877 880 881 884 888 892 895 900 905 906 911 912 
340 344 348 356 380 388 395 400 407 411 414 417 423 425 432 438 449 452 456 463 467 468 478 486 493 498 499 500 504 508 512 518 525 526 530 544 554 558 562 570 579 584 586 588 589 600 605 607 609 611 616 619 623 626 628 632 634 638 642 646 647 648 660 662 666 668 670 672 676 681 683 685 696 698 702 705 708 711 715 717 721 724 727 729 732 733 738 739 742 749 754 757 765 767 771 774 779 780 785 789 791 794 800 801 805 810 814 819 821 823 826 833 834 841 846 849 854 857 861 865 866 869 871 874 878 881 883 888 889 895 897 904 908 909 913 914 
341 345 349 359 383 392 397 402 410 412 418 420 425 427 434 441 452 454 459 465 471 472 481 490 495 499 502 506 510 514 515 521 529 533 536 546 555 562 563 571 580 588 589 590 594 604 606 608 612 615 617 622 626 627 631 635 639 642 645 647 651 655 662 665 670 671 673 674 678 683 684 688 699 700 703 708 709 714 716 718 723 726 728 731 735 737 741 744 747 751 757 760 769 771 772 775 780 781 786 793 794 796 803 806 809 812 815 823 826 829 832 834 837 844 848 851 858 860 865 866 867 872 876 880 884 886 887 890 892 896 898 907 909 911 915 918 
345 348 350 360 384 394 401 406 411 416 421 423 428 429 437 445 454 456 463 468 473 476 485 491 499 501 503 509 514 517 519 525 531 534 539 550 557 566 568 573 584 589 591 592 595 606 608 612 615 618 622 626 630 632 636 637 643 647 648 649 652 657 666 670 672 673 676 677 679 687 689 691 703 705 707 710 711 716 718 722 724 727 732 734 736 739 744 747 751 752 759 761 770 773 775 778 782 783 789 797 801 803 804 809 811 816 820 825 830 834 838 842 844 848 851 853 862 864 866 867 868 876 880 884 885 890 893 895 896 899 903 910 912 916 917 919 
346 351 353 363 387 395 402 409 415 419 425 428 429 433 438 446 455 458 464 471 477 481 486 492 501 505 509 512 517 518 521 528 535 536 542 553 560 567 570 577 586 593 595 599 600 607 612 613 619 620 624 630 632 633 638 639 646 648 650 653 655 658 670 672 676 680 683 684 688 689 691 693 705 709 713 716 720 722 726 730 733 737 741 743 746 749 751 752 755 756 762 763 772 774 777 781 783 787 792 799 802 807 808 811 815 818 824 828 833 835 841 843 845 850 853 856 865 867 870 874 878 880 883 887 888 893 897 899 903 907 911 915 916 917 921 922 
