2 5 7 10 11 13 14 17 21 24 28 32 36 38 40 44 46 48 52 54 58 59 63 65 69 72 76 80 81 85 86 88 91 93 94 97 98 102 104 108 111 112 115 116 120 122 126 127 129 132 135 136 138 139 141 145 148 150 151 154 155 156 159 163 164 166 168 172 173 174 176 178 179 180 184 188 190 192 196 198 200 201 202 206 209 212 214 218 222 224 227 231 232 235 238 242 243 245 249 253 254 257 261 265 267 268 270 273 274 278 280 281 284 285 289 290 291 292 295 297 300 304 305 307 308 310 313 314 317 321 322 325 326 329 330 333 336 337 
3 9 12 15 19 20 23 25 29 30 33 35 38 40 42 48 49 53 54 55 60 63 65 67 70 74 79 84 85 87 90 94 98 99 102 105 108 112 116 120 122 125 129 132 133 137 139 140 143 144 148 149 151 154 156 157 159 161 165 169 173 174 177 178 182 184 186 190 191 195 198 202 205 207 209 211 212 213 216 218 221 224 225 227 228 229 230 231 235 238 239 243 245 247 250 252 255 257 259 260 264 268 272 273 276 280 281 283 284 285 286 289 292 294 295 296 299 301 305 309 310 312 313 314 315 318 322 323 324 327 330 332 336 339 341 344 345 348 
4 11 15 18 23 24 26 29 30 33 36 40 42 43 47 50 54 58 60 63 65 66 70 73 74 75 82 87 91 94 98 99 102 106 110 114 115 116 120 122 126 130 134 138 142 146 150 153 156 158 160 161 164 166 167 171 175 178 182 184 187 189 190 191 194 195 198 199 203 207 208 211 214 217 220 223 227 228 230 232 233 235 236 240 243 247 248 249 252 256 260 263 264 266 270 272 273 277 279 281 283 284 285 286 287 289 291 292 294 296 298 302 303 307 310 313 317 320 322 323 327 331 333 336 337 340 343 344 348 351 354 357 359 363 365 369 372 375 
7 13 16 20 24 26 27 31 32 36 37 41 44 46 48 51 58 62 66 69 73 76 80 82 85 88 90 94 98 99 102 104 107 110 114 115 119 120 124 128 130 134 138 140 146 147 152 154 160 162 163 165 169 171 175 177 178 180 186 188 190 191 193 195 197 201 205 206 210 214 215 217 219 220 221 227 231 233 237 238 241 242 245 247 248 252 255 257 260 262 266 269 271 273 275 276 280 281 282 285 287 288 290 292 294 297 300 302 306 310 314 318 319 322 326 327 331 332 336 340 343 347 350 354 356 358 361 363 365 367 370 372 375 379 383 384 386 387 
9 15 20 22 27 30 33 36 39 43 46 50 54 55 59 60 63 65 68 71 74 78 81 86 90 92 96 98 99 103 105 108 112 114 117 121 123 124 125 129 134 135 142 144 147 151 155 157 164 166 169 172 176 178 181 184 187 188 189 192 193 195 196 197 200 203 208 212 216 219 223 226 230 232 233 234 237 239 241 245 249 252 253 256 259 263 264 266 269 271 273 276 278 281 283 287 289 293 294 297 298 301 305 309 312 314 316 318 321 322 325 328 329 332 336 339 340 342 344 346 350 353 357 358 362 363 366 369 373 377 378 381 383 385 386 389 392 395 
13 19 23 25 28 34 38 40 44 46 49 54 56 60 63 66 68 71 75 78 81 84 88 92 93 94 97 102 103 104 108 110 116 117 118 122 125 128 132 135 136 139 143 147 151 154 159 161 166 170 173 176 180 183 186 188 189 190 194 197 198 201 203 204 206 210 214 215 220 221 224 227 231 236 239 240 243 246 249 250 252 255 256 259 263 267 268 271 275 279 280 281 285 286 288 292 293 295 297 299 302 306 307 312 315 317 318 320 323 327 330 333 337 339 340 343 347 350 354 355 357 360 362 363 367 370 372 376 380 383 384 385 388 389 390 391 395 396 
15 23 24 26 31 38 42 45 46 49 51 58 62 63 66 70 74 78 82 85 86 90 91 94 98 101 103 104 106 108 112 114 120 121 124 126 130 134 138 142 146 147 149 152 154 156 162 164 168 174 176 180 181 187 188 192 194 198 201 202 206 209 210 213 216 219 223 225 226 230 234 237 239 241 242 244 245 249 253 257 261 265 267 268 270 274 275 279 281 285 286 289 291 295 299 300 302 304 307 308 309 313 314 315 316 318 320 323 327 330 333 334 341 343 346 348 349 354 355 356 361 363 364 367 371 372 376 380 382 386 390 392 396 398 399 401 405 406 
16 25 28 29 35 42 45 48 50 54 58 62 63 67 68 72 76 79 84 86 87 91 95 99 103 105 107 111 112 114 118 122 126 130 134 137 140 143 146 147 151 154 157 161 165 169 170 171 174 178 182 186 188 192 193 195 198 202 204 208 211 213 217 219 223 227 229 232 234 235 237 240 241 244 245 248 250 251 255 259 263 269 272 276 279 282 285 288 290 292 296 298 300 302 304 305 307 309 313 316 320 322 325 326 329 332 333 337 339 343 347 348 349 353 357 358 361 364 365 367 370 373 374 376 378 382 384 386 387 391 394 395 398 400 402 405 407 411 
18 26 31 35 38 45 46 50 51 55 62 66 67 69 72 75 77 82 85 88 92 96 100 104 106 107 109 114 118 120 121 126 130 132 138 142 144 147 149 150 152 155 161 163 166 172 173 175 176 180 184 190 194 195 196 199 201 203 207 209 215 219 223 226 228 232 233 236 240 242 246 250 253 255 256 258 259 263 265 269 270 273 277 279 282 284 289 292 294 298 302 304 306 307 310 311 315 317 319 321 325 326 329 332 333 335 339 342 344 345 351 354 356 357 361 364 365 367 369 370 374 377 379 383 386 388 390 392 394 395 396 397 402 403 407 408 409 413 
19 28 33 39 40 48 50 52 56 60 66 70 73 76 78 79 80 86 87 92 96 99 104 108 109 112 114 116 122 125 129 131 134 136 140 143 147 151 152 154 156 157 165 168 169 175 179 181 185 189 193 197 199 200 203 207 208 212 214 215 219 221 225 228 230 236 237 238 241 245 249 253 255 259 261 262 263 264 266 273 276 279 280 284 285 287 293 296 300 301 303 306 307 311 315 319 321 325 327 331 334 337 339 340 343 345 348 349 352 353 356 358 359 362 366 369 373 375 377 380 383 386 389 393 395 399 401 405 409 411 412 414 418 421 424 425 428 430 
23 31 36 41 44 49 51 56 57 62 69 71 75 80 83 86 87 90 93 96 98 102 105 112 116 117 121 124 128 129 132 134 137 139 141 147 148 154 158 162 163 164 168 171 172 178 181 183 188 190 194 201 203 207 211 214 216 218 221 224 228 229 232 234 236 239 241 244 247 248 251 254 256 261 262 266 270 271 272 274 280 281 283 286 289 292 297 301 302 303 304 308 311 315 317 323 326 329 333 334 338 340 341 345 348 349 352 354 358 360 361 362 364 365 368 372 377 381 382 384 387 390 391 395 398 400 403 406 410 413 415 417 422 423 426 427 429 433 
26 34 40 44 46 53 56 58 60 66 73 74 79 84 86 90 94 97 100 104 107 109 110 115 118 120 125 126 129 132 134 136 139 140 143 148 152 158 160 166 167 170 171 175 177 182 186 190 193 195 198 202 206 209 212 216 219 221 225 226 231 234 237 238 241 244 245 249 250 252 255 256 258 263 264 267 273 275 276 278 283 287 289 291 294 298 299 302 305 308 310 311 313 318 322 324 330 334 338 341 345 346 347 350 351 354 357 358 362 365 369 372 374 378 380 384 386 389 391 395 398 401 405 409 412 414 418 421 425 428 430 431 433 434 438 440 443 445 
30 38 42 47 48 55 57 61 65 68 75 76 80 86 89 93 95 98 102 106 108 112 115 119 121 123 126 128 133 137 138 139 143 146 150 152 156 162 163 170 174 177 181 185 186 189 193 195 197 201 203 204 208 212 214 219 222 226 230 232 235 239 242 243 244 247 250 253 255 257 258 260 261 265 268 271 275 277 278 279 287 289 292 296 300 302 305 308 310 314 317 320 324 327 331 333 336 340 341 344 349 352 356 360 361 363 367 369 373 376 377 378 379 382 384 388 392 395 399 401 403 407 411 413 414 416 419 423 428 430 433 436 439 441 444 446 449 450 
34 41 45 50 53 56 60 62 69 71 77 78 83 87 90 95 99 100 103 109 110 116 117 120 124 126 130 131 135 139 140 144 147 149 151 156 160 165 169 173 175 181 182 189 192 194 198 200 202 203 205 209 210 213 215 222 223 228 233 237 239 243 245 249 250 254 255 256 258 259 261 265 266 267 270 274 278 279 283 285 289 292 294 300 302 304 307 310 311 315 318 321 328 332 335 339 341 343 346 350 353 355 359 364 368 372 375 376 380 381 382 386 388 391 393 397 401 404 405 408 411 414 418 422 426 428 432 436 437 441 445 449 451 452 454 457 458 459 
35 44 47 54 55 60 61 63 72 76 81 85 88 91 94 96 103 105 109 110 113 120 122 124 127 130 131 135 139 141 145 147 148 151 155 157 161 168 171 174 178 182 183 193 194 196 202 205 208 212 215 216 218 220 221 226 230 234 237 238 241 246 250 252 253 257 261 262 263 266 269 270 272 273 274 277 280 283 286 288 291 295 297 301 306 310 313 317 318 320 321 324 330 335 336 341 345 346 350 351 354 356 361 365 370 374 377 381 385 387 391 395 396 398 400 403 405 409 411 412 414 416 422 424 428 432 433 437 438 443 449 452 455 456 459 463 467 470 
36 47 48 57 60 61 64 66 76 78 83 88 90 93 95 99 104 109 111 114 116 122 124 128 132 136 139 141 143 145 146 148 149 154 158 159 164 170 173 177 182 183 185 197 201 204 206 210 212 213 219 222 226 228 231 234 237 241 243 244 248 249 252 253 255 261 264 267 268 269 271 274 276 278 282 284 286 287 291 293 297 298 302 306 308 313 314 321 322 325 326 330 331 338 341 343 346 348 354 355 357 361 363 367 371 375 378 383 389 391 393 397 399 402 403 404 409 412 415 418 420 424 428 430 433 435 436 440 443 447 451 455 457 458 462 466 468 472 
39 48 49 59 63 64 68 69 80 82 87 91 93 95 99 100 108 110 113 116 118 125 127 131 135 140 141 143 147 148 149 153 154 158 161 165 168 173 177 179 184 187 189 198 203 206 210 211 214 215 221 226 229 230 233 238 242 244 248 251 253 256 260 263 267 269 270 272 276 279 283 284 287 288 291 293 294 298 300 302 304 305 309 311 315 319 323 326 327 330 331 332 336 340 342 346 350 352 358 361 364 368 369 372 373 378 379 387 390 394 395 401 404 407 408 412 416 417 419 421 423 428 429 433 435 439 442 443 446 450 454 459 462 466 468 472 474 476 
40 49 51 63 64 67 70 72 82 86 91 93 96 97 102 103 109 112 116 118 119 129 132 134 138 143 144 147 148 150 154 157 161 165 169 173 174 178 179 180 186 191 192 201 207 210 212 215 219 220 223 229 232 234 238 239 243 247 251 253 256 258 264 268 269 273 276 277 279 283 287 291 292 294 297 299 302 304 308 312 315 317 319 321 324 328 329 331 335 339 340 342 346 350 354 357 360 363 366 370 373 374 378 379 380 381 385 390 394 397 399 404 406 408 409 416 419 420 424 428 430 431 432 434 438 443 447 451 452 454 457 461 465 467 469 476 478 481 
41 52 53 65 69 71 72 75 84 89 95 98 99 101 106 109 111 115 120 124 128 131 136 137 141 144 147 148 150 153 156 158 164 167 172 174 175 182 185 188 189 192 195 202 209 214 216 220 222 223 225 232 233 235 240 243 246 250 254 258 260 263 267 271 275 276 279 280 284 285 291 292 296 298 301 305 306 310 314 316 319 323 327 329 330 332 334 338 342 344 345 347 348 352 355 359 362 364 370 372 375 377 380 384 385 387 389 391 396 399 402 407 411 412 413 420 422 426 427 431 435 439 440 444 445 448 451 454 458 459 463 464 468 469 472 477 482 483 
42 56 57 68 71 74 76 79 86 90 96 99 103 105 108 113 115 116 122 128 130 133 140 143 146 149 153 155 159 160 164 166 167 168 174 177 179 184 187 192 196 198 200 205 211 217 221 223 227 230 232 235 239 242 243 245 249 252 255 260 264 267 268 273 278 281 282 285 288 291 293 295 298 300 303 306 310 314 315 320 321 327 330 331 332 333 338 341 344 346 350 353 355 359 363 367 371 375 379 383 385 387 389 390 392 395 398 400 402 404 405 409 413 416 420 421 424 428 429 434 438 442 446 448 449 450 455 458 462 464 466 469 473 476 478 482 485 489 
43 60 63 71 74 77 78 83 89 94 97 100 106 108 109 115 116 118 124 132 135 136 141 145 150 151 154 156 162 166 169 171 173 174 178 181 184 185 191 196 198 201 202 206 215 221 222 227 230 231 236 238 241 243 244 247 252 256 260 262 267 271 273 274 282 285 287 291 294 297 299 301 305 308 310 312 315 318 319 323 326 328 334 335 338 340 342 343 346 349 354 356 357 361 364 371 374 378 383 385 387 391 393 397 401 403 407 408 409 410 413 415 418 419 423 426 429 430 431 436 441 445 449 450 451 454 459 460 464 465 467 471 474 480 481 486 489 493 
46 64 65 74 75 80 82 84 90 98 102 104 107 109 112 118 120 123 125 136 139 141 143 147 151 155 158 161 164 170 171 174 176 177 182 185 187 191 192 200 202 204 206 207 218 224 225 230 234 238 242 244 247 251 255 259 261 263 265 269 273 275 276 277 284 288 292 294 296 301 303 305 309 310 312 314 319 323 326 328 330 331 338 339 341 344 347 351 352 356 358 362 365 368 369 375 378 379 386 388 391 394 396 399 403 405 409 411 415 417 421 425 426 428 431 435 437 441 444 448 452 454 458 461 462 464 467 470 471 475 476 480 481 485 489 492 496 498 
48 66 70 76 80 83 87 90 91 102 103 105 111 113 117 122 123 125 129 138 140 145 148 152 155 156 160 162 165 174 177 178 179 181 185 188 191 195 197 202 206 208 209 210 219 228 229 234 237 239 245 248 250 252 256 260 264 267 271 272 277 278 282 285 289 293 294 298 300 302 305 307 313 317 318 320 322 324 330 331 332 335 339 342 343 347 351 355 358 360 363 366 367 370 374 377 381 384 387 389 394 397 399 401 404 408 413 416 417 419 425 429 430 433 434 439 440 443 447 452 456 458 462 465 467 471 475 476 480 481 483 484 485 488 493 496 500 503 
52 70 73 80 84 85 89 91 93 106 108 110 113 117 120 123 125 129 130 140 143 149 153 154 158 161 164 165 169 175 180 184 186 190 192 194 198 201 205 207 210 212 213 217 222 229 231 237 239 243 248 249 251 255 257 261 268 272 275 278 280 283 284 287 293 297 298 301 302 305 306 311 315 320 323 325 329 331 332 334 335 339 343 346 349 352 353 357 362 364 365 367 370 371 377 378 385 386 388 391 398 399 400 403 408 412 415 417 420 422 429 431 434 436 439 441 443 446 449 454 459 463 467 469 471 472 479 482 486 490 491 493 494 498 499 502 504 508 
53 73 75 83 87 88 92 93 96 107 110 111 116 119 123 124 127 130 133 144 146 151 155 159 160 164 166 169 172 178 181 188 190 194 195 197 202 206 209 211 215 219 221 223 227 232 235 241 243 247 250 252 256 260 263 264 271 276 277 281 284 287 290 292 296 298 301 304 307 309 311 314 319 324 326 330 334 337 341 345 346 350 354 358 362 365 366 369 370 373 376 379 380 382 385 387 391 393 395 396 400 401 405 408 411 414 418 421 423 425 431 434 435 437 441 442 447 449 452 458 462 464 469 471 473 476 483 485 488 493 495 497 501 502 504 506 507 509 
57 77 78 84 91 92 96 99 100 109 112 114 117 121 126 128 131 133 135 145 147 154 156 163 166 170 171 173 176 182 186 192 193 198 200 201 206 208 211 214 219 220 222 225 230 234 239 243 245 249 251 253 258 261 265 268 272 277 280 285 288 289 291 296 297 301 304 308 309 313 317 320 323 327 330 334 338 340 345 347 349 352 357 360 365 369 373 377 380 383 385 388 391 392 393 395 397 400 402 403 405 409 411 412 416 417 420 425 426 427 435 438 442 446 450 451 455 458 462 465 469 471 475 478 480 483 487 490 493 494 496 501 504 508 512 514 516 518 
58 81 84 86 95 97 101 105 107 110 113 117 120 122 129 130 132 136 138 148 149 155 160 166 169 173 175 179 180 183 187 194 197 202 205 208 212 216 219 223 225 229 230 232 233 236 240 245 246 252 255 256 261 263 267 271 276 280 282 286 290 294 298 299 303 307 308 310 314 318 321 323 326 329 333 336 342 343 346 350 351 355 360 362 367 370 377 381 384 386 389 392 394 395 397 400 402 404 405 408 411 414 416 417 418 422 424 426 427 430 439 442 444 450 452 455 457 459 465 468 472 473 476 481 484 488 492 493 497 500 503 505 509 512 515 517 519 522 
59 85 87 88 96 101 104 106 109 112 114 119 121 124 132 134 137 140 142 150 152 158 161 167 173 176 180 184 186 188 190 195 199 204 206 209 216 217 220 225 226 233 236 240 241 245 247 248 251 254 259 261 265 267 270 274 277 281 286 289 292 296 300 301 307 311 313 316 320 323 327 331 333 334 335 338 344 347 349 354 355 358 363 366 368 373 380 385 386 388 390 393 398 399 403 405 406 410 413 417 420 422 425 428 432 433 437 439 440 444 448 449 451 453 454 459 462 464 469 470 473 477 478 483 485 489 496 497 498 504 505 507 513 516 520 523 527 530 
60 86 88 90 97 105 107 111 112 115 118 121 122 128 136 140 141 145 148 154 157 159 165 170 177 178 181 185 187 191 194 199 202 208 209 210 218 220 223 227 230 235 240 244 246 248 252 255 259 262 265 269 272 275 277 281 284 286 288 291 296 297 304 307 309 313 315 319 323 327 329 334 335 336 338 342 345 348 353 358 359 362 365 368 372 374 381 386 390 394 396 397 400 404 408 409 410 411 417 419 422 426 428 432 435 437 441 443 447 449 451 454 456 459 461 465 468 469 472 473 476 479 480 487 488 492 498 502 505 509 513 517 518 521 523 525 531 532 
64 89 92 93 101 109 113 116 119 123 124 126 130 131 140 141 144 147 152 158 161 162 168 174 181 182 183 189 192 196 200 202 204 211 213 214 222 226 230 231 233 238 243 245 249 252 255 258 261 264 266 273 274 279 280 285 286 287 291 295 297 301 306 309 310 316 320 324 326 331 335 336 338 339 343 347 350 352 356 359 361 363 366 371 374 378 383 388 394 398 402 405 407 410 412 416 420 421 422 425 428 430 432 434 436 438 444 445 451 453 454 458 461 463 466 467 472 475 476 478 482 484 488 489 493 497 500 503 506 512 514 518 522 526 528 530 533 536 
67 93 94 96 103 112 116 119 121 126 127 128 134 138 141 142 145 151 155 162 164 168 169 175 185 186 189 190 194 197 204 208 212 214 217 219 223 228 231 232 237 240 244 246 250 255 256 262 265 269 272 274 277 282 286 289 291 294 298 299 302 306 307 311 315 319 324 328 330 334 338 339 341 342 344 350 354 358 360 364 366 367 368 375 379 381 384 392 398 401 404 407 409 414 417 419 421 422 425 428 431 434 437 440 441 445 446 449 454 455 459 463 464 465 469 470 473 479 480 482 486 490 494 496 498 501 503 506 508 513 517 519 523 529 531 533 537 541 
71 94 95 100 104 116 118 120 125 129 133 136 140 144 147 150 153 157 160 165 166 170 173 177 189 190 192 195 196 198 207 212 214 217 221 223 225 229 235 239 240 242 247 250 254 259 260 266 268 271 276 278 282 283 287 292 293 296 302 305 309 313 314 315 317 321 327 329 332 337 340 341 343 344 347 354 355 360 363 366 370 373 375 376 381 385 388 394 399 403 408 412 413 418 422 424 427 430 433 434 438 441 445 449 451 452 453 454 456 460 463 465 466 469 470 474 476 483 487 489 493 496 498 499 502 504 508 512 513 514 520 523 524 531 533 534 538 545 
72 96 97 103 106 118 119 122 128 132 137 141 143 146 149 154 156 161 162 168 169 173 177 179 190 193 194 198 202 205 211 214 217 220 222 224 229 232 239 241 243 247 249 254 255 262 266 268 270 273 277 280 283 284 288 294 296 297 305 309 311 315 316 320 324 327 328 331 334 341 344 345 346 350 351 358 361 363 367 369 372 376 378 379 382 389 391 398 403 407 412 416 418 419 423 425 430 432 436 437 442 444 449 453 456 457 458 460 464 466 470 471 472 474 478 479 482 485 490 491 496 499 503 505 508 511 512 513 514 516 522 525 526 535 536 540 543 548 
74 99 103 106 108 120 122 124 130 134 140 145 146 149 150 156 157 163 164 171 172 175 179 181 193 196 199 202 204 209 213 217 220 224 227 231 233 235 242 246 247 249 250 257 258 264 269 271 272 277 278 281 286 289 291 295 298 299 306 310 315 318 319 324 327 331 334 335 338 345 346 347 349 354 355 361 362 366 369 372 375 377 379 381 386 391 395 400 404 409 414 419 421 423 424 426 433 435 439 441 443 445 453 454 459 463 465 468 471 474 476 480 482 486 489 490 492 493 497 499 502 504 506 510 514 515 516 519 520 523 526 529 531 536 537 543 546 552 
76 100 105 109 112 124 127 130 132 138 142 147 150 153 157 161 162 164 167 173 174 179 181 184 195 200 202 205 209 211 217 221 225 226 231 233 237 241 245 247 251 254 258 261 263 266 270 274 276 278 280 282 287 291 292 298 300 302 310 313 318 319 322 325 328 333 335 339 343 347 348 351 354 357 360 365 366 367 371 374 377 378 382 385 389 392 398 403 408 411 416 421 424 427 429 433 437 440 443 447 451 453 455 459 462 465 469 473 474 476 478 481 485 488 493 495 499 502 505 509 511 515 516 517 519 522 523 524 526 529 530 534 535 539 541 547 551 554 
78 101 109 111 114 128 131 132 136 142 144 150 152 155 161 164 165 167 168 176 177 182 184 185 198 204 205 206 212 213 220 224 229 230 234 237 240 242 248 250 253 256 262 264 266 268 271 275 280 283 287 291 294 297 300 304 305 308 313 315 321 324 328 330 331 336 340 343 347 351 353 354 356 359 361 368 369 370 375 376 380 384 387 389 392 393 400 405 411 414 418 425 427 431 432 436 441 444 446 449 452 456 457 461 466 469 471 475 476 479 481 485 486 489 494 497 503 507 508 510 512 518 520 521 525 527 528 529 533 535 536 537 541 545 547 550 554 556 
81 105 110 113 118 129 132 134 138 143 147 152 155 156 163 167 168 169 173 180 184 187 190 192 200 207 210 214 215 218 224 227 233 234 235 241 242 245 251 254 257 258 264 267 268 271 275 279 282 284 289 292 295 301 305 309 312 315 316 317 325 327 331 332 334 337 341 346 350 353 355 359 361 363 364 372 374 376 377 380 384 385 390 392 396 399 401 408 413 415 422 426 429 435 438 440 443 445 449 450 456 457 459 463 468 473 477 479 483 486 487 490 493 495 498 502 504 510 513 517 519 523 527 531 535 536 539 540 543 546 549 552 555 556 557 559 561 564 
83 108 112 116 119 132 136 140 141 146 151 155 159 163 166 171 175 179 182 183 187 190 194 195 204 211 215 218 219 223 228 232 235 237 240 244 248 250 252 256 261 263 267 270 273 274 278 283 286 290 294 298 299 303 307 313 317 320 323 326 327 331 335 337 341 345 348 351 354 358 359 361 363 367 371 373 376 380 381 382 386 388 394 397 399 401 404 412 414 419 423 428 430 439 442 446 450 452 456 457 458 461 464 465 472 475 479 482 485 489 493 494 498 500 503 505 509 512 517 519 522 526 530 535 537 538 541 544 548 551 555 556 558 562 566 568 571 572 
85 112 115 119 120 133 139 142 143 149 152 159 161 164 170 174 176 182 183 185 188 194 196 200 208 214 217 221 223 225 230 233 238 240 244 248 252 254 256 258 265 269 273 276 280 284 287 291 294 295 296 299 301 306 308 314 318 321 327 331 334 337 341 342 343 348 349 353 357 359 362 363 364 368 374 375 379 381 384 385 389 393 395 400 401 402 407 414 417 421 424 432 435 440 446 450 454 456 458 462 465 467 468 469 475 479 482 484 488 490 495 499 503 505 506 510 514 516 519 520 526 528 533 539 543 544 545 547 552 556 560 563 565 568 572 575 576 580 
87 114 119 120 121 137 141 146 149 150 156 163 166 167 173 177 180 186 189 191 193 195 199 203 209 218 219 222 224 228 231 237 241 245 249 250 255 257 258 259 267 272 274 278 282 288 289 292 298 302 303 307 310 313 317 319 321 322 329 333 337 338 345 349 352 356 360 362 364 367 368 370 374 377 379 381 384 386 389 392 393 395 396 401 404 406 408 417 420 423 425 434 439 442 450 451 455 458 460 463 468 472 474 477 478 483 485 487 490 494 498 501 506 508 512 513 518 520 523 527 529 532 536 540 545 546 549 551 555 560 563 565 569 573 576 579 583 585 
88 117 123 126 127 139 144 147 150 152 158 166 170 171 174 180 181 190 194 196 200 201 204 208 212 222 224 227 231 232 233 239 242 247 251 254 259 263 267 270 273 275 279 281 283 289 293 297 299 303 306 308 314 315 321 323 327 331 333 334 338 340 348 351 355 358 361 365 368 370 372 374 376 381 383 385 387 391 392 394 398 400 402 406 408 410 411 421 425 429 430 435 441 444 453 454 457 460 461 467 470 473 476 480 483 484 488 490 491 495 500 502 510 511 516 519 523 524 525 529 533 537 540 541 546 549 551 555 558 562 567 570 574 578 582 586 590 594 
91 121 126 129 131 140 148 151 153 157 162 170 173 175 176 182 186 192 198 201 204 205 209 210 216 225 228 232 234 238 241 244 248 252 254 257 262 265 271 274 278 279 282 286 287 292 297 301 303 305 308 309 315 317 322 324 329 332 334 338 339 344 350 354 356 359 362 369 372 376 377 380 383 387 390 391 394 396 399 403 404 406 410 412 416 417 419 424 426 432 433 439 443 447 455 459 461 465 466 471 475 478 479 481 486 488 491 492 494 497 504 505 514 517 518 523 526 530 531 534 535 541 544 546 547 553 556 557 560 564 570 572 575 581 583 590 592 598 
94 125 130 131 134 142 152 155 158 159 163 174 176 177 178 186 189 196 199 205 207 208 211 213 218 228 229 236 237 239 242 245 249 255 258 260 265 268 273 276 282 286 289 293 296 299 302 305 308 312 315 317 321 324 327 330 331 333 336 341 342 347 352 356 359 363 364 371 374 378 379 383 385 391 395 397 401 405 407 408 411 414 415 417 421 425 426 428 431 435 438 443 445 449 456 463 467 468 471 472 477 479 481 483 489 491 494 497 500 502 508 509 518 520 521 527 531 535 537 539 541 542 548 549 551 555 558 562 563 567 573 577 579 584 588 593 594 602 
95 126 134 136 137 143 153 157 160 161 167 177 181 182 184 187 190 198 203 209 210 214 217 218 219 231 235 238 240 241 244 249 250 258 259 261 266 272 275 279 285 290 291 294 298 303 307 310 311 313 316 319 323 328 330 331 334 337 339 344 347 351 356 358 360 366 367 373 375 380 382 386 388 395 398 402 405 409 413 415 418 419 422 426 427 430 432 435 438 441 442 445 448 451 459 467 469 471 475 478 482 483 487 491 495 498 500 501 504 507 509 511 519 521 523 530 532 536 541 545 548 549 551 554 557 559 563 567 569 570 574 578 582 585 590 594 596 603 
98 127 137 139 143 146 155 158 161 163 169 181 184 185 189 192 194 202 206 213 215 216 219 220 223 232 239 242 243 246 248 252 254 262 264 268 271 274 277 281 288 293 296 299 303 307 311 313 316 320 322 324 326 330 332 336 337 338 340 346 350 354 360 364 367 371 374 375 377 381 385 387 392 396 400 406 409 413 414 417 421 422 423 429 433 434 436 439 441 444 448 451 452 456 461 469 471 473 478 479 486 490 491 495 499 502 503 504 508 510 513 514 523 526 528 532 533 538 545 547 550 554 555 556 558 560 564 568 570 574 577 582 584 587 592 595 597 606 
99 131 138 142 145 147 158 161 162 164 170 183 187 189 191 196 198 206 209 216 218 219 220 221 224 236 240 244 248 252 255 256 259 266 268 270 273 278 281 282 291 294 297 302 304 311 315 317 318 324 328 329 331 333 336 337 341 344 345 350 352 358 363 368 371 373 378 379 382 385 389 391 393 400 402 409 412 417 420 423 425 427 431 433 434 438 441 442 446 447 451 455 458 462 464 471 473 476 480 483 489 494 498 499 503 504 508 509 511 514 516 520 526 529 533 535 538 542 546 548 551 555 558 560 563 564 566 572 573 575 578 583 586 589 596 599 603 608 
100 135 139 143 146 149 160 163 165 167 173 184 190 191 193 198 200 207 210 218 220 224 228 230 231 240 243 248 251 256 257 260 261 267 272 276 279 281 285 287 295 298 301 303 305 313 316 318 321 328 330 334 335 338 339 342 344 346 349 351 356 362 364 371 375 378 380 381 383 388 391 394 397 401 404 410 416 418 424 425 426 428 432 436 439 442 443 446 447 448 455 457 461 463 466 472 477 481 482 486 492 497 500 502 507 511 513 516 519 523 524 527 529 532 536 540 544 548 550 554 557 559 563 564 568 569 571 576 579 583 584 587 589 591 599 600 607 611 
101 139 142 147 151 153 163 167 169 170 175 188 194 197 200 203 204 209 211 219 222 228 229 231 233 243 246 250 255 257 258 264 266 270 276 280 281 283 286 291 298 301 304 306 310 317 320 321 324 329 334 338 340 344 346 350 353 354 356 359 362 366 367 375 379 381 382 385 388 389 395 397 401 405 409 413 418 420 426 427 430 434 437 438 442 445 448 449 452 456 457 461 464 466 468 476 479 482 484 487 494 499 502 506 508 515 516 517 520 527 529 532 536 539 543 545 548 550 551 558 559 562 567 568 569 570 574 579 583 584 586 588 593 597 601 602 609 615 
103 141 146 151 154 157 166 169 170 172 176 190 198 200 203 205 209 212 216 220 223 230 234 235 239 247 248 253 257 260 264 268 270 272 279 281 285 286 290 294 301 302 308 310 314 320 324 328 329 331 336 342 343 345 350 352 354 358 361 362 363 367 371 378 380 383 385 386 392 393 399 402 405 406 412 417 419 423 430 431 432 436 439 440 443 448 452 454 455 458 459 465 468 472 476 480 484 485 486 489 497 503 504 507 512 519 522 524 525 528 530 536 540 541 546 549 553 554 555 559 560 565 570 573 577 579 580 582 587 588 590 591 596 600 605 606 612 618 
105 143 150 154 155 161 168 173 174 175 177 191 201 205 209 213 214 216 217 221 224 234 238 240 243 250 253 255 259 261 266 271 274 277 280 282 286 288 294 298 302 304 311 314 315 322 326 329 330 333 340 346 347 350 354 355 356 360 365 368 370 373 377 382 383 386 388 392 396 397 400 404 406 408 416 421 424 428 434 435 439 441 444 445 446 449 454 456 459 462 464 467 471 475 478 484 486 487 489 490 501 504 505 511 514 523 524 525 527 531 533 538 543 547 550 552 554 557 558 563 564 569 573 576 578 580 582 584 588 589 593 594 597 603 608 612 614 619 
109 146 153 156 160 165 172 175 176 179 180 193 203 208 210 214 218 219 221 224 225 236 239 242 246 254 256 260 261 263 268 273 277 281 284 288 292 296 299 303 307 311 313 318 321 324 330 334 336 337 343 350 352 356 358 360 361 362 367 372 374 378 379 385 388 389 391 395 399 402 405 407 409 413 420 423 426 430 436 438 443 445 447 450 451 454 455 459 461 466 469 471 473 477 482 485 490 494 496 497 503 508 510 513 518 526 530 532 535 538 542 545 548 550 552 555 556 560 564 566 568 570 575 577 582 583 586 590 593 595 596 600 601 604 609 616 617 623 
111 150 154 158 162 169 173 176 177 181 184 195 206 210 211 217 220 222 224 226 230 237 243 245 250 257 260 261 265 267 269 276 281 282 287 291 293 297 303 307 308 314 315 319 325 327 334 335 338 339 347 354 358 362 363 364 368 369 371 375 376 379 382 386 390 394 397 401 404 408 411 412 413 417 424 426 428 434 440 442 446 448 451 454 455 458 461 464 468 470 474 475 478 480 484 489 492 498 500 501 506 512 513 515 520 530 534 537 539 542 544 546 550 552 556 558 560 563 568 570 573 576 580 581 584 585 589 593 595 598 602 603 604 605 610 620 622 626 
112 151 155 162 165 170 177 178 182 184 187 199 207 212 214 221 222 226 227 228 231 241 245 247 251 261 265 266 268 269 270 279 284 285 288 293 294 298 306 309 312 316 320 322 326 330 335 337 342 343 351 357 362 363 367 369 370 374 376 379 381 384 388 390 393 395 398 405 406 411 412 414 418 421 428 431 434 435 443 446 450 453 457 458 462 463 466 467 471 475 478 482 483 486 489 492 495 501 503 505 509 514 518 519 523 533 535 541 545 546 548 549 552 556 560 562 564 565 570 573 575 578 581 582 585 586 592 595 599 600 603 604 608 612 615 621 623 628 
113 152 159 163 166 172 179 182 185 187 190 200 209 214 217 222 223 227 229 233 237 242 247 250 252 263 266 268 270 274 276 281 287 289 292 297 299 302 309 310 313 317 321 323 329 331 336 341 345 349 355 360 366 367 370 373 374 377 381 385 386 388 391 395 398 400 404 407 408 413 415 419 422 426 430 435 436 440 447 448 451 455 458 459 466 467 470 471 473 477 480 486 487 490 494 497 498 504 505 509 512 517 519 521 526 537 540 545 548 552 554 558 560 564 567 570 574 577 579 580 584 588 592 594 597 600 603 606 609 613 614 615 618 620 622 623 625 629 
114 154 163 167 170 175 180 184 187 190 193 202 213 216 218 226 228 231 234 238 240 246 249 254 257 264 268 271 272 276 279 283 288 290 296 300 303 305 312 313 317 318 324 326 331 335 340 345 349 352 359 361 370 374 377 378 380 383 387 390 393 394 395 396 401 405 408 409 412 415 418 422 423 429 433 439 442 445 451 453 454 456 460 461 467 468 474 476 478 480 484 488 489 492 496 498 501 505 506 513 516 521 523 526 527 540 543 547 552 553 557 560 561 567 571 573 575 581 582 585 587 591 594 597 601 604 606 607 612 616 620 624 625 626 630 632 633 635 
115 155 165 171 172 178 182 188 189 193 196 203 217 220 221 230 233 236 237 242 245 249 251 257 259 266 272 274 275 278 281 287 289 294 299 303 306 309 314 318 322 325 328 331 332 338 342 348 353 356 360 362 374 378 381 383 385 388 392 393 395 396 398 402 405 408 409 413 414 417 421 424 427 431 437 440 444 447 454 457 459 463 464 467 469 472 476 479 483 484 487 490 492 496 498 501 502 508 510 516 517 522 525 527 529 543 547 550 554 556 561 562 566 568 575 577 580 585 587 589 590 592 596 599 605 606 607 608 613 619 623 627 629 632 633 637 641 645 
117 158 167 174 178 180 183 190 193 194 197 207 219 223 224 231 235 238 239 244 246 251 253 259 260 269 274 277 279 282 286 290 293 297 301 306 310 314 318 321 326 330 333 335 336 340 343 351 357 360 362 364 376 380 384 387 388 391 396 399 400 403 406 408 412 413 415 418 422 425 426 428 429 432 438 444 446 448 458 459 460 464 466 471 474 476 479 481 485 489 493 497 498 501 502 503 505 512 516 518 521 525 527 528 532 545 550 553 557 558 565 567 571 572 577 580 581 589 590 591 593 596 597 602 607 610 612 615 619 621 625 631 635 638 640 643 644 649 
119 160 171 175 180 183 186 193 194 198 199 209 223 224 225 233 238 242 246 247 250 255 259 261 263 272 276 281 285 286 287 292 297 301 302 307 311 318 321 322 329 333 336 339 342 343 344 352 358 363 367 369 377 381 387 389 390 393 399 401 402 406 408 411 415 418 419 421 425 429 431 435 437 439 442 445 448 451 459 460 463 465 469 475 476 478 481 485 487 492 496 498 501 503 506 508 511 513 519 523 527 529 531 533 537 549 554 556 558 560 567 571 572 574 579 582 585 593 595 596 599 600 601 605 608 611 615 619 620 624 629 634 638 641 643 647 648 653 
121 161 173 179 183 184 188 196 199 202 203 212 225 227 228 234 242 246 249 250 253 256 263 266 269 273 277 285 289 292 294 295 299 305 308 311 314 319 322 325 330 337 338 341 343 345 349 355 361 365 370 374 379 383 388 390 392 397 401 405 406 410 412 415 419 422 424 427 429 432 435 437 441 442 443 448 451 454 463 467 471 473 477 481 485 486 490 493 496 497 500 503 505 506 507 510 514 515 520 526 528 530 532 536 538 550 555 558 561 562 568 572 575 578 580 583 587 594 598 602 603 607 610 614 617 619 622 624 625 627 633 637 639 644 645 650 654 656 
123 164 177 180 184 186 189 200 203 205 206 216 228 232 233 235 243 249 251 255 259 262 264 267 271 275 278 289 292 295 296 297 303 307 312 316 319 321 323 326 333 341 344 347 350 354 357 358 365 369 372 378 382 387 391 393 396 400 403 409 412 416 418 420 424 426 429 433 436 437 438 439 445 447 448 452 453 458 466 470 473 474 481 482 487 488 491 495 498 500 501 505 508 509 513 515 517 521 524 527 529 534 535 539 540 552 558 560 565 566 570 573 577 579 583 586 589 597 601 604 608 612 613 616 619 621 624 625 628 632 637 639 643 646 649 651 655 659 
124 168 180 182 185 187 191 201 206 210 213 219 230 233 235 237 245 252 255 259 260 266 270 271 275 277 281 292 293 297 299 300 305 309 313 317 322 324 328 332 337 342 345 351 354 358 362 365 367 373 375 382 385 388 393 397 398 404 405 411 413 417 419 424 427 431 435 436 439 442 446 450 451 454 456 459 461 462 467 472 475 479 482 483 488 491 494 499 502 503 505 509 513 514 516 519 521 524 526 528 531 538 541 543 544 555 559 564 566 570 571 575 581 583 587 590 593 600 603 606 609 613 614 620 624 625 626 628 632 633 640 641 644 647 653 655 656 663 
128 171 182 183 188 192 194 203 207 211 215 223 231 236 240 241 249 255 258 263 267 270 272 274 279 282 285 294 296 299 300 302 308 313 315 318 325 328 329 336 338 345 349 352 355 362 366 369 372 376 378 383 386 389 397 400 402 406 407 414 418 421 422 428 429 433 439 440 441 446 450 452 453 458 462 464 468 470 474 477 481 482 483 487 490 495 497 501 506 510 514 515 519 523 526 527 531 534 535 538 540 541 544 546 550 558 563 568 571 573 575 578 584 588 589 591 595 601 605 610 612 616 619 621 628 629 632 635 636 638 644 648 652 654 655 657 660 667 
130 175 185 188 190 193 197 207 208 215 219 224 232 237 244 247 253 256 262 266 271 275 278 281 284 285 288 297 300 304 308 312 315 318 320 323 327 330 331 339 342 348 350 355 357 365 367 370 374 377 382 387 389 390 401 403 405 409 411 415 422 424 426 429 431 437 442 446 449 452 455 456 458 459 466 469 472 474 477 480 484 486 489 492 496 499 502 504 507 512 516 518 523 524 527 531 534 537 539 540 541 545 549 553 557 562 564 569 575 579 583 586 589 591 593 596 599 603 606 612 614 619 620 622 631 633 635 639 643 646 648 651 656 657 661 662 664 668 
134 177 186 191 193 194 200 211 215 219 223 228 234 238 246 248 256 259 265 267 272 277 279 285 287 288 291 300 304 308 309 313 317 321 324 325 330 331 334 343 344 352 356 357 359 368 370 372 378 381 383 389 391 392 403 405 406 412 413 416 423 428 432 436 439 443 446 450 451 455 456 458 462 464 468 472 474 475 480 482 486 488 491 493 499 503 504 505 508 516 519 520 525 529 532 536 538 542 545 549 553 555 559 560 564 568 572 573 578 581 585 589 590 593 594 600 604 608 612 616 619 621 625 629 632 636 639 642 645 647 649 654 660 662 665 666 670 674 
137 179 190 194 196 197 204 212 217 220 224 231 236 240 247 249 258 263 269 272 276 281 283 287 291 294 295 302 305 311 312 315 319 323 327 329 331 332 336 344 345 355 359 360 363 371 374 375 380 385 386 390 395 399 405 409 410 415 419 422 425 429 436 440 441 445 450 452 456 457 460 464 465 466 472 473 476 478 481 486 489 493 496 500 502 506 510 514 518 520 522 523 527 533 537 541 544 548 551 555 556 558 561 562 565 570 574 575 580 584 587 592 596 598 600 604 605 609 615 617 621 622 627 630 633 638 641 643 648 650 654 655 661 664 669 672 674 676 
138 181 193 198 202 205 207 214 220 223 226 232 238 241 249 252 260 266 271 275 277 284 285 288 292 295 298 306 310 313 317 320 322 325 331 335 336 339 341 346 348 356 363 366 367 373 375 376 384 388 391 392 398 402 408 410 414 417 422 426 429 431 438 441 444 448 453 456 459 462 463 465 469 473 475 477 478 482 485 490 494 497 501 505 508 509 512 517 522 525 528 531 535 536 538 544 546 549 553 558 562 566 567 570 574 576 580 581 582 587 589 595 598 602 605 609 611 614 616 620 625 627 631 633 637 640 642 646 652 653 656 659 663 667 671 675 677 678 
141 185 194 202 206 208 211 218 222 224 227 234 242 245 250 255 261 267 275 278 281 286 287 292 296 300 303 308 313 314 320 324 328 332 335 337 340 344 348 351 354 358 366 370 374 377 381 382 387 392 393 396 402 404 409 413 418 420 424 427 430 432 442 444 446 449 454 458 462 466 470 473 477 480 484 485 486 489 491 492 495 501 504 509 512 516 519 522 523 528 530 532 538 539 543 545 550 553 554 560 564 569 570 574 578 581 583 584 586 588 593 596 599 604 606 610 612 615 618 623 627 630 634 638 641 644 645 650 655 658 662 664 667 671 673 679 681 685 
143 187 197 203 208 209 212 221 224 228 230 236 245 247 252 257 262 269 276 282 284 287 290 293 297 301 307 312 317 319 323 325 329 336 337 339 342 348 352 353 356 361 367 373 377 380 382 386 391 393 396 399 403 407 411 416 422 426 429 431 435 436 444 448 449 450 458 459 463 470 473 476 479 481 487 491 494 496 497 501 505 507 509 511 514 518 522 524 526 530 534 535 542 546 550 553 555 557 561 564 566 571 572 576 581 585 586 590 591 594 595 598 601 606 609 612 614 617 621 624 629 633 635 642 646 649 650 654 658 661 664 665 671 673 676 682 685 688 
145 190 200 204 212 213 217 223 227 230 234 240 248 252 255 261 263 273 279 284 287 290 292 295 298 304 311 313 320 322 327 331 334 337 341 345 346 352 355 358 360 362 368 374 381 385 386 390 394 395 398 403 406 408 414 417 425 430 434 437 441 444 445 449 452 455 460 461 466 472 475 477 480 485 490 495 499 501 503 505 506 510 514 516 517 521 526 529 531 534 537 538 543 547 551 554 556 558 562 565 569 575 577 579 582 589 592 594 598 599 600 602 605 607 612 613 615 620 623 625 630 636 639 646 650 653 657 661 665 666 667 670 673 674 679 685 687 689 
147 194 203 206 214 215 218 225 229 233 235 244 251 255 256 262 265 276 281 288 292 293 294 297 299 305 314 318 321 326 329 335 338 340 342 348 351 356 358 360 362 366 372 376 385 387 390 392 395 396 400 405 410 412 418 419 427 432 438 442 446 449 450 451 456 459 462 465 467 475 476 481 485 489 491 499 500 502 506 508 512 516 520 521 525 529 533 536 539 541 544 546 547 549 553 558 561 565 568 571 572 579 583 585 587 593 595 597 600 601 603 607 609 610 615 619 621 623 624 628 634 640 644 649 654 656 658 664 666 668 672 674 677 678 681 686 691 693 
151 198 205 208 217 221 223 227 233 235 236 248 254 257 259 265 268 279 285 291 295 298 300 301 303 306 315 321 322 327 333 337 341 342 343 352 354 359 363 367 371 374 378 382 389 391 393 395 399 401 404 407 413 416 421 423 430 435 442 445 449 453 455 459 461 462 463 466 470 479 481 482 489 491 494 500 504 505 508 512 516 519 522 525 528 530 536 540 544 546 547 549 550 553 555 559 563 567 569 573 574 582 587 588 592 597 600 604 607 610 613 615 617 619 621 625 626 628 632 633 636 643 647 650 657 658 659 665 670 673 675 678 680 681 684 690 695 699 
152 200 207 210 218 222 224 230 235 239 241 251 256 261 262 268 271 283 287 292 298 302 304 307 309 311 318 323 327 330 335 339 342 345 349 356 360 364 366 371 372 378 379 383 393 394 397 399 402 406 410 413 415 417 424 426 432 436 445 448 450 457 461 462 465 467 469 472 475 483 487 488 492 493 496 504 506 507 510 516 520 521 526 528 532 533 539 542 545 547 550 553 556 557 559 560 566 568 570 575 579 583 588 591 593 601 602 606 611 613 616 618 622 624 625 627 630 632 636 639 641 644 650 654 661 663 665 668 671 677 680 684 685 687 689 694 699 700 
156 202 208 211 220 226 230 232 238 243 247 253 259 262 263 272 276 286 290 294 302 305 309 311 313 314 322 326 331 334 338 340 343 346 350 360 361 367 368 375 376 380 381 386 394 395 398 402 405 408 414 416 418 419 427 430 435 438 447 452 455 460 462 464 467 470 474 477 481 484 490 493 495 496 500 508 511 513 514 517 521 522 529 533 535 539 540 544 549 552 553 554 560 561 565 569 572 576 580 581 584 585 591 593 594 605 608 611 613 617 621 622 625 626 630 634 637 640 644 647 651 654 657 661 663 667 669 670 674 681 685 687 689 690 693 698 703 706 
158 205 209 214 222 230 231 236 239 244 250 257 263 267 271 274 280 287 294 297 303 308 310 313 315 316 323 330 335 337 339 344 347 349 351 364 367 371 375 376 380 383 384 388 396 398 399 404 409 411 418 421 423 424 430 432 436 439 451 455 459 464 466 469 472 476 480 482 486 489 493 494 498 500 501 511 514 517 518 521 524 527 533 534 536 541 543 546 552 555 559 560 564 567 568 570 575 578 583 587 588 591 592 596 600 609 611 615 616 620 625 628 630 631 633 638 640 643 648 650 655 657 659 663 667 668 672 674 677 685 686 691 693 696 699 700 705 708 
159 209 210 215 226 234 235 240 241 245 251 261 265 269 275 276 283 290 295 301 305 311 315 317 320 321 327 331 338 342 345 347 348 353 357 367 368 372 378 382 384 385 388 392 398 402 403 406 411 413 422 423 425 426 431 434 440 443 455 458 463 468 471 474 478 482 484 486 487 493 495 499 502 506 507 513 518 521 522 526 530 534 537 541 542 545 547 550 554 556 563 564 565 568 569 574 576 579 586 590 594 595 597 599 602 612 614 619 622 626 629 631 632 634 638 642 643 647 649 651 656 659 662 665 671 673 674 677 681 686 688 692 697 701 703 707 710 712 
160 213 215 217 227 237 241 245 249 252 254 263 267 270 279 280 286 291 298 303 306 313 319 321 322 324 328 335 342 343 347 350 351 356 360 370 373 376 380 384 388 390 394 398 402 406 410 414 417 418 426 429 433 436 438 442 443 446 456 461 465 470 473 477 481 486 488 491 495 497 500 501 504 510 512 517 519 525 526 530 532 535 541 545 547 548 552 554 558 560 567 568 569 571 575 576 578 580 588 594 595 599 600 603 606 614 617 622 625 630 631 632 635 637 640 644 645 651 652 656 658 663 667 668 672 677 678 680 682 690 692 695 700 702 706 711 715 717 
162 216 219 220 230 238 245 248 253 256 258 264 269 272 280 281 288 293 299 307 308 314 320 325 327 331 333 338 346 350 351 352 356 358 361 373 374 379 384 385 389 391 396 402 404 410 412 417 421 425 428 432 437 439 442 443 444 449 460 464 467 474 476 479 485 487 489 493 497 501 504 508 512 513 517 521 525 528 529 531 533 538 543 547 551 554 558 562 563 567 568 571 572 575 576 580 583 587 589 597 600 601 602 604 609 618 620 626 629 634 636 637 638 642 643 648 650 652 654 660 661 666 669 670 674 681 682 685 687 693 696 700 701 705 708 712 717 721 
166 217 221 222 231 239 247 252 256 259 261 266 270 274 284 285 290 297 300 310 313 317 321 329 333 336 338 342 348 354 358 360 363 367 370 376 380 384 388 390 392 394 398 405 408 412 414 419 424 429 433 434 438 443 444 448 452 456 462 465 471 475 480 483 487 488 493 495 500 503 506 512 513 514 518 524 528 532 533 536 540 543 547 549 555 556 562 563 566 568 571 574 578 581 582 586 587 591 595 601 605 606 608 612 613 619 622 629 630 636 638 639 640 645 649 652 655 657 661 663 665 670 672 674 678 685 686 688 692 696 697 703 707 708 711 715 720 724 
168 220 223 225 233 243 251 256 259 260 265 270 273 275 287 290 294 300 304 314 317 321 322 331 337 341 345 348 349 355 362 364 366 369 374 377 382 387 389 392 396 398 400 407 410 413 416 420 426 431 434 435 442 444 445 449 453 457 465 467 474 478 483 484 491 492 495 497 504 506 510 514 515 519 521 526 529 535 538 542 546 549 552 553 558 559 566 569 570 574 575 577 579 584 587 590 591 593 598 602 607 608 612 616 620 621 625 632 633 638 642 646 649 650 653 655 658 660 665 666 667 672 676 677 682 687 690 693 696 699 701 704 710 712 715 718 721 727 
170 223 226 227 237 246 254 257 261 264 268 272 275 279 290 291 295 301 307 317 318 324 328 334 340 344 347 350 354 357 364 365 367 373 375 379 386 390 394 396 397 400 403 411 414 417 421 422 429 433 438 439 445 447 450 452 457 458 468 470 478 481 484 487 495 498 502 506 508 512 513 517 518 520 524 530 531 538 540 543 550 552 554 558 562 565 570 573 577 581 582 585 587 590 591 595 598 601 603 605 611 612 613 618 624 627 630 635 637 641 645 648 650 652 656 659 663 664 668 669 670 673 680 681 686 690 691 696 698 703 707 710 711 715 716 721 723 728 
173 227 228 229 241 250 255 261 263 267 272 276 280 284 293 297 298 304 311 319 321 327 330 338 344 348 350 353 356 361 365 367 371 374 378 383 387 391 395 400 402 405 409 413 417 421 422 426 431 435 440 442 447 451 452 453 461 462 469 473 479 482 486 488 498 499 506 508 511 516 519 522 524 527 529 533 536 542 543 545 553 555 556 561 564 566 573 577 578 582 583 589 592 594 598 601 603 605 608 612 616 617 618 619 626 631 634 638 639 644 649 652 655 658 660 661 665 667 672 674 675 676 682 685 688 694 698 702 704 707 709 711 713 718 720 722 727 729 
177 231 234 236 243 252 259 263 267 268 274 278 281 288 296 301 305 308 313 321 322 328 331 339 347 352 353 354 358 365 367 370 373 378 380 387 389 394 396 403 407 410 413 417 419 422 424 427 435 438 442 446 450 452 456 457 464 465 473 476 482 485 487 491 499 502 508 512 516 518 520 524 527 531 532 537 538 544 545 548 557 559 562 563 568 571 574 578 580 585 588 590 595 597 601 605 609 613 615 617 620 622 626 628 632 636 640 642 645 647 653 655 658 661 663 664 667 671 674 675 678 682 684 689 690 695 700 705 709 710 713 715 717 719 721 725 729 732 
180 232 235 238 245 253 261 265 268 271 278 279 284 289 300 304 308 309 314 324 328 331 334 343 349 356 360 361 364 367 370 374 377 380 383 391 393 396 398 404 409 412 414 420 423 425 426 429 436 439 446 449 452 456 460 462 468 471 475 479 486 490 493 494 501 503 510 515 519 521 522 528 531 533 535 541 542 548 552 556 559 562 564 565 570 572 576 580 583 586 590 591 597 599 604 608 612 615 616 621 623 626 627 632 633 639 641 646 650 651 656 657 659 664 666 668 672 673 676 680 684 687 688 690 693 697 701 708 710 713 717 720 724 726 729 730 731 735 
181 235 236 241 247 254 265 267 271 275 282 286 288 293 304 306 311 313 318 326 329 332 338 344 352 358 361 362 365 369 371 377 380 384 385 393 394 399 401 406 413 416 417 422 424 428 431 434 438 441 450 451 456 460 464 466 471 472 476 483 488 491 495 499 502 506 513 519 521 524 525 532 536 539 543 544 546 549 553 557 561 565 569 572 576 579 580 581 585 588 591 593 600 601 605 612 615 618 619 623 626 629 630 636 637 641 643 647 653 654 658 661 664 667 669 673 676 678 680 684 685 690 694 695 699 700 703 711 712 716 718 722 725 730 731 735 739 740 
182 236 239 242 250 257 266 271 273 276 284 289 291 295 308 310 315 318 322 329 330 334 341 348 353 361 365 369 373 377 379 381 384 386 387 395 396 402 403 408 417 419 423 427 428 432 434 438 441 442 453 455 459 464 467 468 473 476 477 484 489 495 496 502 506 507 514 520 522 526 527 535 540 541 545 549 551 554 556 558 564 568 572 573 577 581 582 584 586 590 592 594 602 603 606 616 617 620 624 626 628 631 635 637 641 642 646 650 654 656 659 662 666 670 671 675 677 682 684 687 690 693 696 699 702 703 706 714 715 717 722 723 726 731 735 737 740 741 
186 238 240 244 253 261 268 275 279 283 288 290 294 299 309 311 318 321 325 332 333 335 342 352 356 365 367 371 375 378 380 385 389 391 393 396 398 405 407 409 420 421 424 430 431 433 435 441 444 447 456 459 462 466 469 473 475 479 480 487 490 498 500 504 508 510 518 521 524 530 533 537 544 548 549 550 553 558 559 560 565 572 576 580 582 584 587 591 595 597 601 602 603 605 608 619 623 624 626 630 634 635 638 642 643 646 647 654 658 662 663 665 670 672 674 677 678 686 689 691 692 694 699 703 707 709 713 715 719 720 726 729 733 734 739 741 744 745 
190 240 241 245 255 264 269 277 280 286 291 294 297 300 312 316 321 325 326 334 335 336 346 355 360 368 370 375 377 379 382 387 393 394 397 398 400 408 412 416 424 428 430 433 437 439 443 445 446 448 458 460 465 469 472 477 480 483 484 491 493 499 501 507 512 515 519 524 526 532 537 541 547 552 553 555 557 560 561 564 566 574 579 581 584 587 588 592 598 600 604 605 606 608 611 623 626 629 633 635 637 638 640 644 646 647 648 655 660 663 664 668 673 677 681 682 685 689 690 693 695 699 703 706 708 713 716 719 723 727 728 733 736 740 742 745 746 749 
191 244 248 250 256 265 270 280 283 290 295 298 301 305 316 320 322 327 328 338 340 341 349 356 363 371 373 377 378 381 383 389 397 399 401 402 404 410 414 420 427 432 433 436 439 443 446 449 451 452 459 463 467 470 474 478 484 486 489 495 499 500 504 508 515 518 522 526 527 536 541 542 548 553 554 558 559 561 564 568 570 575 582 584 586 589 593 596 600 602 607 610 614 616 617 624 627 630 634 636 638 640 642 648 649 650 651 656 662 667 669 673 674 678 685 687 690 693 694 696 698 703 704 707 711 715 719 721 727 729 731 734 737 742 745 746 747 750 
194 246 252 255 257 267 274 282 284 291 296 299 303 306 318 323 326 329 330 339 344 347 352 357 365 373 376 378 382 384 386 390 401 403 407 410 413 417 419 422 428 436 437 440 441 444 449 452 456 457 462 467 469 473 478 479 488 490 491 497 503 505 507 512 516 521 526 527 529 540 543 547 550 557 561 563 567 570 574 578 581 584 585 587 588 593 595 600 603 606 608 614 618 622 625 628 629 632 636 640 644 648 649 651 654 656 660 664 665 668 671 676 680 682 688 689 691 695 696 697 702 707 710 711 713 717 720 723 731 733 736 738 742 745 749 753 755 759 
198 247 255 258 262 268 275 283 285 292 297 303 306 308 322 327 330 332 333 343 347 351 354 360 366 375 378 381 383 386 389 391 404 407 409 413 417 420 423 424 431 439 440 444 447 450 452 454 459 463 465 470 471 476 480 482 491 495 498 502 506 507 510 515 519 524 530 534 537 544 548 550 552 560 563 567 571 575 578 582 583 586 590 594 595 599 601 603 606 609 613 616 620 623 626 631 633 637 640 644 648 649 652 655 659 661 662 668 670 672 676 680 684 685 691 695 698 701 703 706 709 710 712 715 717 721 722 726 735 739 743 746 748 751 755 757 758 762 
199 250 256 262 266 271 278 286 290 296 299 307 308 311 325 329 334 336 339 347 351 353 355 363 368 379 383 386 388 391 392 395 408 411 412 415 420 422 425 426 435 443 446 450 454 458 461 462 463 465 467 473 477 480 484 486 493 499 502 506 509 511 513 519 521 527 531 535 539 547 551 555 557 563 567 570 573 578 579 584 588 591 593 598 600 604 607 611 613 616 617 620 624 626 628 633 637 638 644 648 651 652 654 657 661 662 665 672 674 677 680 682 687 690 695 696 699 704 708 710 713 714 718 719 720 725 727 731 737 741 747 749 752 756 757 759 760 765 
202 252 258 263 269 273 281 290 293 299 303 308 310 314 326 330 338 341 344 349 355 358 362 366 371 381 385 388 392 396 399 402 409 412 415 418 421 425 428 432 439 447 450 453 458 462 466 468 469 473 475 479 482 484 488 490 497 500 503 509 513 517 518 521 524 530 535 539 543 550 555 558 562 567 571 573 575 582 584 587 591 595 598 601 604 606 610 613 617 619 623 627 631 634 638 642 645 646 649 653 657 660 664 665 666 667 671 675 679 680 681 686 689 692 696 698 701 708 711 714 716 717 719 723 726 727 731 734 738 745 748 751 754 759 762 764 765 767 
204 255 260 265 271 275 283 293 294 301 304 311 312 317 329 331 342 346 347 353 357 361 365 369 375 383 389 393 394 399 402 403 413 416 417 421 425 427 429 433 441 449 452 454 461 463 467 472 475 476 477 482 483 485 492 494 500 503 507 513 515 519 521 522 526 534 539 540 546 551 559 562 565 571 573 577 581 584 588 590 595 597 602 603 607 608 611 617 618 621 627 631 633 636 639 644 647 651 653 656 661 663 668 670 673 674 678 681 682 685 686 688 690 694 699 700 704 709 713 716 717 718 721 725 728 732 733 737 741 746 752 755 759 763 764 766 767 770 
207 259 263 268 272 279 287 296 299 304 308 313 315 318 331 335 343 347 351 356 360 365 366 373 378 385 392 397 401 403 405 406 416 418 419 423 428 432 434 438 442 453 455 459 462 466 469 476 478 481 483 484 486 488 496 498 503 504 510 517 521 525 526 530 531 538 541 545 548 553 561 563 569 575 578 581 582 588 589 594 599 601 606 608 610 613 617 621 624 628 629 635 636 638 640 645 648 655 658 660 665 669 671 673 674 675 682 683 687 688 689 691 694 697 700 701 706 710 717 721 723 727 731 734 736 740 744 747 748 752 753 759 763 767 770 772 775 777 
209 263 265 272 275 283 291 300 302 306 311 314 316 319 335 336 345 348 355 359 364 366 368 377 382 386 396 400 405 408 411 413 417 420 422 424 431 433 436 440 443 455 456 461 464 468 471 477 482 486 489 493 496 498 501 503 507 510 511 521 525 526 528 531 535 540 543 547 552 554 564 568 570 577 582 585 587 590 593 596 603 604 609 610 614 616 620 624 628 631 635 638 639 641 645 647 649 656 659 662 666 672 675 676 678 681 686 689 693 697 698 700 702 703 706 709 711 714 719 722 725 728 733 736 738 743 746 751 754 757 759 762 767 769 774 775 778 779 
210 264 266 275 279 285 292 304 307 309 314 316 320 321 337 341 346 352 357 361 365 370 374 380 384 389 398 402 409 413 417 418 419 422 426 430 433 437 441 443 444 458 459 462 465 472 474 481 486 490 494 498 501 505 509 511 512 515 517 522 527 531 534 535 537 542 547 548 553 556 567 571 575 578 586 590 591 592 596 597 605 606 610 612 618 622 624 626 629 634 639 642 646 647 649 653 657 658 662 665 670 673 678 682 684 688 692 695 697 700 703 706 708 712 716 719 722 726 730 732 734 738 741 743 745 746 749 752 758 759 762 764 771 774 775 777 780 782 
212 268 271 276 283 286 295 308 310 314 316 318 321 322 340 345 347 356 358 362 366 374 376 381 387 390 402 406 412 416 418 421 424 425 427 432 435 440 442 445 449 461 464 465 467 475 476 485 488 494 496 500 505 507 511 515 519 521 522 524 530 534 535 539 541 543 549 551 554 558 568 572 579 580 588 593 596 597 600 604 607 609 613 615 622 623 626 629 632 635 640 644 650 653 654 655 658 660 665 667 672 674 682 685 689 691 695 698 700 702 704 710 713 715 717 721 726 727 733 737 741 744 748 749 753 757 761 764 768 769 772 775 778 780 784 788 789 793 
215 269 272 280 286 290 296 310 313 316 320 323 324 325 341 347 351 359 363 365 369 377 381 385 391 394 403 408 413 419 422 424 426 430 432 436 438 441 443 446 450 464 466 470 471 477 478 489 492 495 499 503 509 512 514 517 520 523 524 528 534 535 537 541 544 545 553 556 557 559 571 573 583 586 591 596 598 599 603 608 612 616 620 621 626 630 631 634 635 639 642 645 653 655 656 658 661 664 669 672 675 679 685 687 690 692 699 702 705 708 709 713 715 719 721 722 728 730 736 740 743 745 751 755 759 761 765 768 772 774 778 781 783 787 789 792 794 795 
218 271 274 284 290 291 299 313 315 317 322 326 329 333 342 351 353 360 365 369 370 380 384 387 393 398 405 409 417 421 423 426 428 433 437 440 443 445 446 450 453 468 470 472 475 481 483 491 493 496 500 507 510 513 517 518 524 527 531 535 536 540 543 544 547 550 557 558 562 563 575 579 584 587 595 600 602 603 607 609 616 618 624 627 629 631 634 635 638 642 644 646 654 658 660 661 663 667 670 676 678 681 688 691 694 697 702 705 706 709 711 716 719 721 722 723 731 735 738 741 744 747 755 756 760 765 767 772 774 777 779 783 786 790 791 794 795 799 
221 275 278 287 291 292 302 316 318 319 326 327 330 334 345 352 356 364 368 372 376 384 388 391 394 402 406 412 421 422 424 427 431 437 439 443 444 446 448 454 455 469 471 474 476 485 486 492 495 498 503 508 514 517 521 525 529 530 533 536 537 542 544 548 551 555 558 559 564 565 577 581 588 591 596 603 604 605 610 614 620 621 628 629 633 634 637 640 642 644 646 647 658 660 664 665 669 671 674 679 680 682 691 693 696 700 703 708 711 713 717 721 723 725 727 728 733 738 741 743 747 750 756 759 761 769 770 775 776 778 783 784 788 793 794 796 799 800 
223 278 279 289 294 297 303 320 323 327 329 331 332 335 346 353 359 367 371 376 377 388 392 394 397 403 410 413 422 423 425 429 432 438 440 446 448 449 451 457 458 473 474 476 479 487 490 494 496 499 505 509 517 521 524 529 531 534 537 540 544 545 548 550 554 558 559 561 568 572 581 583 591 592 600 605 606 607 614 618 622 626 632 634 635 637 638 641 643 648 651 652 662 666 667 670 672 673 678 681 682 684 694 697 699 702 704 712 714 718 721 725 727 731 735 736 738 741 744 746 750 753 759 762 766 771 775 779 781 783 784 785 792 795 799 800 802 806 
226 281 283 293 295 300 306 323 324 328 330 332 336 339 349 354 362 371 374 379 383 390 394 395 401 404 412 415 423 425 428 432 435 439 442 448 450 454 458 460 462 477 480 483 484 489 492 496 497 503 507 511 521 524 525 533 534 536 538 541 548 550 552 555 559 563 565 567 571 574 585 586 592 596 603 608 609 613 616 622 626 627 633 638 639 640 644 647 649 650 653 656 666 670 673 675 676 678 681 684 685 687 695 699 702 703 707 716 719 723 724 727 729 733 736 740 741 742 747 751 755 759 762 765 769 774 776 783 787 788 792 794 797 798 803 807 811 813 
228 285 286 296 300 301 307 327 329 330 334 338 342 343 351 356 363 373 376 381 386 394 395 399 405 407 413 416 426 430 434 435 436 440 446 450 452 458 459 462 466 480 483 486 490 494 498 502 505 509 510 512 524 526 530 534 538 540 544 546 551 555 557 561 564 568 571 572 575 578 587 588 596 597 604 611 612 617 620 624 627 628 636 642 646 647 650 652 653 656 658 661 667 674 678 679 682 686 687 690 692 695 696 703 704 705 711 720 724 725 726 728 733 736 737 741 743 745 748 752 757 760 766 770 773 777 781 787 788 792 794 797 799 802 805 808 815 819 
232 287 291 300 301 304 311 331 333 334 335 342 345 346 355 357 367 375 379 382 389 397 399 400 406 410 414 419 430 432 436 439 440 444 450 452 455 461 462 466 469 482 484 490 492 497 500 504 506 511 513 517 525 529 531 535 541 544 546 550 555 558 560 562 565 569 574 578 581 582 589 593 597 601 606 614 617 619 623 626 630 634 640 644 647 650 653 656 658 659 662 665 669 675 681 683 687 690 692 694 696 699 700 707 710 711 713 722 728 730 734 735 737 739 741 742 745 748 751 753 758 764 768 773 775 779 783 790 794 798 800 803 804 806 807 812 816 821 
235 290 293 301 305 309 314 334 336 338 339 343 347 348 359 360 371 378 380 386 391 401 405 408 410 411 415 422 431 434 438 440 442 446 451 455 456 464 467 470 473 483 487 494 495 498 503 507 508 515 518 521 527 530 535 536 542 548 549 551 557 560 561 566 570 572 577 580 582 585 591 595 600 602 608 616 621 625 629 631 634 635 641 648 650 651 656 658 661 664 667 670 674 678 685 688 691 695 697 698 699 702 705 709 714 718 722 723 731 733 738 739 741 745 746 750 753 756 757 761 763 766 771 775 779 782 785 793 795 799 802 807 811 812 815 817 821 824 
236 291 296 305 306 313 315 338 340 342 344 345 348 349 360 361 373 380 383 388 394 403 408 412 414 416 420 424 433 436 440 444 448 451 455 457 460 468 469 471 477 486 491 496 498 500 506 508 510 517 522 524 530 532 536 539 543 550 551 552 561 562 565 569 571 575 579 583 586 587 594 598 604 606 611 619 623 627 632 635 638 640 644 650 651 654 660 661 665 669 671 674 678 681 689 692 696 699 703 707 710 711 712 715 719 723 725 728 732 736 742 744 745 748 751 754 758 761 763 767 770 773 776 777 781 783 789 797 799 802 805 811 812 813 816 818 823 828 
238 295 300 306 310 314 319 339 344 348 351 352 353 355 363 367 374 381 384 392 398 406 409 415 419 421 424 427 435 439 443 445 451 452 458 461 464 472 476 478 480 488 492 497 501 502 510 511 514 520 524 528 534 538 542 546 550 551 553 555 562 565 569 570 575 576 581 587 591 595 599 603 605 608 614 621 625 628 633 639 642 646 647 653 655 658 662 663 668 671 674 678 682 684 692 696 697 701 706 710 713 714 717 718 722 727 731 734 735 737 745 746 750 752 755 756 760 765 768 772 776 777 779 783 787 789 791 799 803 806 808 813 814 815 817 821 827 829 
242 298 302 309 314 318 323 342 347 351 353 357 358 359 365 370 378 384 388 395 402 410 412 418 420 424 427 428 439 442 444 448 455 459 463 465 466 475 478 482 486 492 493 499 503 504 512 514 515 522 527 530 536 541 544 550 551 555 558 560 563 569 573 575 577 578 585 590 592 599 603 606 610 613 618 622 629 630 636 642 646 647 648 657 660 664 668 670 674 676 679 683 687 688 696 697 699 704 710 713 716 719 723 724 725 728 735 736 740 741 749 751 753 755 756 758 764 767 769 775 780 781 784 786 788 791 792 803 804 809 812 817 820 821 825 828 832 835 
245 300 306 312 317 322 324 346 350 353 356 359 361 364 368 372 380 388 392 399 403 414 417 419 423 427 428 429 442 444 445 451 457 460 466 468 469 479 480 483 490 496 497 502 505 509 515 516 517 525 528 534 537 544 547 553 556 559 560 564 568 572 576 580 581 585 587 591 596 601 604 608 614 615 621 624 630 632 638 643 647 648 649 660 662 668 672 673 678 679 683 686 691 694 697 701 703 705 711 716 717 721 726 728 732 736 737 739 742 744 753 754 755 757 758 761 767 769 770 777 781 785 789 790 792 796 800 804 805 810 814 821 822 824 826 829 835 839 
246 301 307 314 319 325 326 350 354 357 361 364 367 368 371 376 384 390 393 400 405 418 420 421 425 430 432 434 443 446 450 452 458 462 467 471 472 482 485 486 492 499 502 506 509 510 518 519 520 526 529 535 539 545 550 557 560 564 567 569 572 576 579 582 583 586 588 594 600 605 606 610 618 619 622 625 632 635 640 644 651 653 655 663 664 669 675 679 682 683 684 690 693 696 700 704 708 710 713 720 724 725 729 730 735 739 741 742 744 745 755 757 760 763 764 766 771 775 777 780 782 788 791 793 794 798 802 808 810 812 815 825 829 830 833 837 840 843 
248 305 309 315 321 326 328 354 358 362 364 368 370 374 376 380 388 393 396 401 406 419 422 425 426 432 434 438 446 447 451 455 460 464 469 474 478 485 487 491 493 500 504 508 512 516 521 524 526 530 534 537 540 549 553 560 564 565 568 570 576 578 582 585 589 590 591 598 602 609 612 615 619 622 623 627 636 640 644 647 655 657 659 666 667 672 678 683 684 685 686 694 698 702 703 707 711 713 715 724 728 729 731 732 738 743 744 747 750 754 756 758 764 768 771 772 776 780 784 785 789 792 793 794 798 799 804 812 815 817 820 826 831 832 837 841 843 846 
250 309 312 318 324 330 334 357 362 364 368 371 372 376 377 383 391 394 400 405 407 420 425 426 430 436 439 443 447 450 452 459 463 467 471 476 479 488 492 493 496 502 505 511 514 517 523 526 528 533 536 539 541 552 555 564 567 569 572 576 579 581 585 586 592 593 594 601 604 613 614 619 621 623 627 631 638 644 646 651 656 659 662 669 673 674 680 686 689 693 696 700 701 704 708 709 712 714 719 726 730 733 734 738 740 744 746 749 752 755 758 761 767 772 775 776 780 781 785 789 793 795 796 797 801 803 806 813 817 820 822 827 834 835 839 842 845 848 
254 311 313 322 326 332 335 359 363 368 369 374 375 380 383 385 395 399 401 409 410 421 426 430 433 440 444 445 448 452 456 462 466 471 475 477 482 492 494 496 499 506 509 513 516 521 526 530 531 536 538 543 544 555 559 565 569 570 576 579 580 585 587 589 596 600 602 604 605 616 620 624 628 631 634 635 639 646 650 652 657 663 667 671 674 675 682 688 692 697 700 704 708 710 711 715 717 721 722 729 734 736 737 739 742 748 751 754 758 761 764 768 772 774 779 780 781 782 787 793 796 799 802 805 809 810 811 816 820 822 826 829 838 841 842 843 846 852 
257 315 317 326 330 335 339 360 364 370 373 375 379 384 386 390 397 403 404 411 415 424 429 433 434 442 445 446 452 455 459 465 470 474 477 479 485 495 498 500 504 507 511 516 517 522 529 532 534 540 542 545 547 558 560 568 571 575 580 582 586 588 592 594 599 604 606 608 610 620 623 628 630 635 636 639 643 647 653 656 659 665 671 673 675 676 683 689 695 698 702 705 712 713 717 721 724 726 730 731 738 741 742 746 748 749 752 758 760 764 765 769 776 778 781 782 785 788 791 795 798 803 805 806 813 814 818 822 826 829 830 833 841 845 847 849 850 855 
260 316 319 329 331 337 340 362 368 371 374 378 380 387 388 394 401 407 409 414 418 428 433 434 438 445 449 451 454 459 461 468 474 476 479 480 486 497 501 504 507 509 515 518 521 525 532 534 536 543 545 547 551 560 561 570 573 576 583 584 589 590 594 598 603 605 610 611 614 622 624 629 633 639 641 642 646 650 654 659 662 667 675 676 677 681 687 692 697 699 704 709 716 718 719 725 729 732 733 736 739 744 747 750 753 757 760 761 762 767 770 772 780 783 785 787 788 790 794 798 800 806 807 811 817 819 821 826 828 831 832 836 842 846 850 853 854 858 
263 319 320 332 336 338 341 365 372 375 376 382 386 389 392 396 405 410 414 417 420 429 436 440 441 446 453 455 458 462 464 472 478 480 484 485 490 498 503 507 508 512 518 519 522 527 536 537 541 547 550 553 556 564 565 572 575 580 587 588 592 593 596 600 606 607 611 612 615 624 628 630 634 643 644 646 649 653 657 662 665 669 679 681 684 688 689 694 700 702 705 713 717 722 723 727 732 736 738 742 745 748 750 752 754 758 762 763 767 770 772 773 783 784 789 791 795 798 799 800 801 807 809 815 818 823 827 829 832 835 839 842 846 847 853 857 860 862 
264 323 327 333 338 342 346 368 375 377 381 385 388 391 394 400 409 412 418 422 424 431 437 441 443 450 455 456 462 463 468 476 479 482 487 488 494 502 504 511 512 513 522 525 527 529 538 542 546 548 552 554 558 565 569 574 578 584 591 593 595 597 599 601 608 611 615 617 621 627 629 633 635 645 647 650 652 655 658 663 666 672 680 683 688 690 691 696 703 704 708 715 718 724 728 730 735 740 742 743 749 752 754 758 762 766 770 771 773 777 779 780 786 790 791 795 798 799 801 804 808 809 810 818 822 826 829 831 835 839 842 845 847 850 854 858 862 865 
266 324 330 335 341 346 350 370 376 379 384 387 392 393 398 401 410 415 421 426 429 435 438 445 448 453 456 458 463 467 471 477 483 487 490 493 496 505 508 515 518 520 523 527 530 532 539 546 548 549 554 558 561 567 571 576 581 587 595 598 600 602 605 608 609 613 616 621 623 628 631 635 636 646 649 654 656 658 661 666 670 676 681 685 690 693 696 697 707 709 712 716 720 725 730 734 737 744 745 747 751 753 757 760 765 770 774 778 781 784 785 786 789 794 797 799 802 805 809 812 813 816 817 821 826 828 833 836 838 840 843 848 850 851 857 860 865 869 
270 327 333 339 343 347 353 372 380 381 387 391 396 399 400 405 413 419 425 430 431 439 442 448 449 456 460 464 468 469 473 479 487 490 493 497 499 509 511 519 520 522 525 529 533 537 541 549 550 554 555 560 563 568 574 580 583 589 597 599 602 605 608 610 611 616 618 625 629 632 634 637 640 648 650 656 660 661 665 669 672 677 685 686 693 695 697 698 709 710 715 719 722 726 732 738 740 745 748 750 753 754 761 762 769 771 776 780 782 787 791 793 795 797 798 803 805 806 812 813 816 820 822 824 827 831 835 840 843 846 849 851 855 858 862 865 867 870 
273 330 334 341 346 351 354 375 383 384 388 393 398 403 404 406 416 420 427 433 436 443 444 450 451 457 463 466 470 474 476 481 489 494 498 501 504 510 512 522 524 526 530 531 537 541 542 550 553 557 558 562 565 571 578 584 586 591 601 604 605 608 609 614 617 620 624 628 630 636 640 644 647 652 656 659 661 663 668 673 676 679 686 688 694 699 702 704 713 717 720 724 727 729 735 739 743 748 751 753 756 757 763 766 770 775 777 781 786 788 793 794 797 799 802 807 809 812 814 816 819 822 824 826 828 832 838 844 846 847 850 855 856 859 866 867 871 872 
277 331 336 344 348 353 358 378 386 388 392 394 402 405 407 409 420 424 431 436 437 445 449 454 455 459 466 467 473 477 478 485 490 497 502 503 508 512 514 524 525 529 533 536 540 543 546 551 556 558 559 565 569 575 582 588 589 592 603 605 609 611 613 618 621 622 627 629 631 638 642 646 650 654 657 660 664 666 671 674 677 681 689 693 697 702 706 707 715 721 722 728 730 732 738 742 744 750 753 757 761 762 764 768 773 776 781 782 790 792 797 798 802 804 808 811 813 814 816 819 823 827 830 832 835 836 841 847 848 852 854 859 863 866 868 870 872 873 
279 335 338 346 350 356 359 382 390 394 397 398 404 407 409 413 422 426 434 440 441 448 450 455 458 463 470 472 476 478 479 489 493 499 503 504 510 515 517 525 528 532 534 537 544 545 548 552 557 560 564 566 572 576 584 589 590 594 604 606 611 613 617 622 626 627 629 630 633 640 643 647 653 655 661 663 665 669 673 675 680 682 690 696 701 704 707 708 716 722 726 729 734 737 739 746 749 754 758 760 763 764 766 772 776 778 783 785 792 793 799 801 806 809 810 813 814 818 819 821 825 831 832 836 837 840 842 848 850 855 857 860 865 868 869 872 874 877 
283 337 339 350 352 359 363 386 394 395 398 402 405 408 410 416 425 430 436 442 446 452 456 458 462 466 472 476 478 479 483 493 496 503 504 508 513 519 523 527 532 534 536 539 546 548 551 556 559 564 565 568 575 578 587 591 593 598 608 611 613 614 620 624 627 629 631 632 637 641 645 648 655 658 664 667 669 671 677 681 683 686 691 698 704 707 708 712 719 724 728 733 735 740 742 749 750 758 762 765 769 772 774 777 781 782 786 787 793 795 801 802 808 813 817 819 823 827 829 831 835 837 840 842 843 846 850 854 857 860 861 865 868 871 872 875 877 880 
287 339 340 351 353 363 364 387 396 398 402 406 410 412 413 417 426 432 437 443 447 456 458 459 463 470 473 478 479 481 486 494 497 504 507 509 515 521 526 530 533 538 539 542 547 549 552 557 561 566 568 569 578 582 588 595 597 600 612 615 619 620 623 625 628 632 634 637 639 642 649 652 659 660 667 668 673 675 681 685 689 690 695 699 705 708 711 716 722 725 729 737 738 743 744 751 755 760 765 768 773 775 777 781 784 786 787 791 797 798 802 806 809 814 820 822 825 830 831 835 836 838 842 846 848 852 854 858 862 863 865 869 872 875 877 878 881 882 
291 343 347 353 357 365 366 391 398 402 406 410 412 416 420 423 427 435 438 445 449 460 463 466 468 474 476 482 486 490 491 498 501 508 510 513 517 525 530 533 537 542 546 550 551 555 556 560 565 567 571 575 582 583 591 598 601 603 616 617 623 626 628 629 630 634 638 642 643 646 650 655 661 663 670 671 677 678 683 686 693 697 700 702 709 713 716 720 723 727 731 741 743 745 749 753 757 764 767 772 775 776 779 785 786 789 792 796 800 803 807 808 812 818 824 826 829 833 835 839 841 844 847 850 854 855 858 860 866 870 872 875 878 879 880 882 885 886 
293 344 351 356 358 369 373 395 401 403 410 414 416 420 422 427 428 436 440 449 450 463 466 467 472 476 480 483 487 492 496 502 503 510 512 517 521 528 531 535 541 544 547 552 556 558 559 564 567 569 573 579 584 587 593 599 604 607 620 623 624 630 634 636 637 639 640 643 646 648 652 659 664 666 673 676 678 680 687 690 694 699 701 705 710 714 718 724 728 731 733 745 748 751 752 756 760 767 770 775 776 779 782 788 792 793 797 799 801 807 808 810 815 819 828 829 830 835 838 842 844 848 852 856 857 859 862 863 870 873 876 878 881 883 884 885 886 887 
296 345 352 360 364 371 377 396 402 404 412 418 422 426 430 431 433 439 444 452 455 467 470 474 476 480 483 487 491 495 500 504 505 512 514 520 523 530 534 537 545 549 550 555 558 560 562 568 569 571 576 581 585 588 597 602 608 610 624 627 629 632 635 639 642 646 649 650 654 655 658 662 666 670 677 678 679 683 690 691 697 702 706 709 711 715 721 728 730 734 738 749 752 753 756 760 763 771 774 777 778 782 786 790 793 795 800 802 803 808 812 816 817 823 831 834 838 842 846 848 850 852 854 859 860 861 865 868 873 877 881 885 888 891 893 894 896 897 
297 347 353 364 367 373 378 400 403 405 414 421 426 429 433 436 437 440 447 455 459 471 475 477 478 482 487 488 494 496 501 507 511 514 518 522 526 531 538 542 547 551 553 559 561 564 565 569 572 576 577 585 586 591 600 606 609 612 625 629 631 634 639 643 644 647 652 656 659 660 664 665 669 672 679 681 684 685 691 692 699 704 710 714 716 718 722 730 734 738 742 751 755 757 759 762 767 772 776 781 785 789 793 796 800 803 805 808 809 810 813 820 823 825 835 836 842 845 849 852 854 857 859 860 861 864 867 870 876 881 882 887 890 894 897 898 900 903 
300 350 357 366 369 375 379 402 405 406 416 425 429 431 437 440 444 445 450 459 462 474 478 480 484 488 491 495 496 498 503 510 515 517 520 524 527 534 542 543 550 552 556 563 565 566 569 572 573 580 584 587 589 593 604 608 611 616 629 630 635 637 641 645 648 651 654 657 660 662 668 670 674 675 682 683 686 689 694 698 703 708 712 715 720 724 726 731 735 742 743 753 758 762 766 767 768 776 779 784 786 792 794 800 804 805 806 811 813 815 817 823 825 829 837 840 844 847 853 857 860 861 862 864 865 867 869 871 879 882 885 889 894 895 899 902 904 905 
301 352 360 368 371 378 383 406 407 410 420 428 432 436 439 442 445 446 452 460 465 478 479 483 488 489 493 496 497 500 505 514 518 519 524 525 528 538 544 545 553 556 560 564 567 569 573 575 577 583 588 591 592 597 608 609 615 620 632 633 639 643 644 649 650 653 658 662 666 668 672 676 679 680 683 687 691 692 698 700 704 710 714 716 724 728 730 734 737 744 746 757 760 764 767 771 772 778 782 788 792 796 799 803 805 808 809 815 816 820 822 824 826 832 839 841 847 848 854 859 861 863 867 870 871 873 874 875 882 885 887 890 898 899 901 903 908 912 
303 353 363 372 375 381 385 407 408 414 422 431 433 438 440 446 448 449 453 462 468 479 480 487 489 493 495 497 500 504 507 517 520 521 528 531 532 540 548 550 555 557 563 568 570 572 577 578 581 584 590 593 596 599 611 614 617 624 636 639 642 644 646 650 653 657 659 664 670 673 675 680 684 688 692 696 699 703 704 708 712 713 717 721 728 729 733 737 741 745 749 759 763 765 770 773 777 780 783 792 795 797 800 806 809 813 816 818 821 823 824 825 830 836 840 844 848 852 857 860 862 865 870 873 877 881 882 883 884 886 889 891 901 902 906 908 911 913 
306 356 364 375 377 384 386 411 413 417 425 434 436 439 441 447 450 452 456 465 471 481 485 490 491 497 500 503 505 508 509 520 523 525 532 535 537 544 550 551 559 563 564 571 575 578 581 583 586 589 594 596 598 603 614 617 620 625 640 642 643 648 651 653 656 659 660 665 673 674 676 684 686 691 694 700 703 706 708 711 713 717 720 722 731 734 736 740 743 747 751 762 766 769 771 774 781 782 785 794 797 800 802 810 812 815 818 822 826 830 831 834 836 839 841 848 852 853 858 861 864 867 872 875 879 884 888 890 894 898 902 906 907 909 910 913 916 920 
310 360 368 377 379 385 387 414 418 422 427 435 438 442 444 449 451 456 457 466 474 482 488 492 495 498 503 507 511 515 517 524 528 529 536 540 543 546 552 554 561 565 567 573 577 581 584 588 589 590 598 601 605 608 616 620 621 628 642 644 648 652 653 655 657 662 666 667 677 681 683 686 690 695 696 704 705 708 711 714 715 719 724 726 734 737 739 743 744 749 754 765 769 771 772 775 783 784 787 798 802 806 810 814 815 818 820 826 830 834 838 841 842 845 848 851 854 856 859 862 868 871 876 880 881 887 891 895 897 900 905 907 909 913 914 916 917 922 
312 363 371 380 382 389 391 416 422 423 428 437 440 444 446 451 452 458 459 470 477 484 491 494 496 501 505 508 515 519 520 527 532 536 538 543 544 549 555 558 565 568 571 574 581 584 586 589 593 594 601 604 606 612 619 621 624 632 645 648 652 654 655 656 661 663 669 671 679 682 685 690 694 696 700 705 709 712 716 720 723 727 730 733 735 740 744 748 749 751 758 768 771 775 779 782 784 786 789 802 803 808 812 816 817 819 824 830 834 837 842 846 849 851 852 854 856 859 862 865 872 874 880 882 885 888 892 896 900 902 907 910 911 917 918 921 922 926 
315 365 373 383 386 390 394 417 426 428 431 439 444 447 450 455 457 459 463 472 478 485 495 497 498 504 506 510 516 523 527 530 535 537 540 546 547 553 558 561 568 569 574 575 582 585 588 593 596 597 604 606 607 614 621 624 628 634 647 650 654 657 660 664 666 669 671 672 683 687 691 694 697 699 704 708 713 716 719 722 725 731 734 736 740 743 745 749 753 756 761 772 776 780 783 784 788 789 791 803 807 812 816 818 819 822 826 834 838 839 846 847 851 855 856 860 863 867 868 869 873 875 881 883 886 891 895 900 901 906 909 914 916 920 921 924 927 929 
316 367 375 386 388 394 395 419 428 429 433 443 446 449 451 458 461 463 466 473 481 487 497 499 500 508 510 511 519 527 531 532 538 540 542 549 552 554 560 563 571 575 576 578 584 587 591 596 597 600 607 611 614 617 625 627 629 637 649 654 657 659 664 666 668 673 676 678 687 691 692 697 699 701 708 712 715 719 722 725 727 732 737 738 743 747 749 752 754 758 765 773 779 781 785 786 790 791 794 805 809 816 820 824 827 829 830 836 839 840 849 852 856 858 860 862 864 869 871 875 876 880 883 885 890 895 897 901 905 907 910 915 918 921 922 926 931 934 
320 371 378 390 394 395 397 420 432 436 438 444 449 453 455 461 464 467 468 474 484 490 498 502 504 511 512 513 521 530 533 537 539 544 548 552 553 556 564 566 574 577 578 579 585 590 595 599 603 606 608 613 617 621 628 632 636 640 653 655 661 665 667 668 672 676 679 683 690 692 693 698 701 703 711 714 719 722 724 729 730 733 741 744 746 750 751 756 760 761 769 776 780 783 789 792 794 797 798 807 812 819 823 825 829 832 834 838 840 844 851 853 859 862 865 867 869 872 873 877 878 883 885 886 894 897 899 903 908 912 914 919 923 927 929 931 934 935 
324 373 382 391 395 398 401 423 434 437 440 446 453 454 458 463 467 470 471 478 488 492 499 504 508 512 516 520 524 533 537 541 543 546 551 555 559 562 567 571 575 578 581 582 586 592 596 603 604 610 613 614 621 624 631 633 639 641 657 660 665 667 670 671 675 678 681 684 692 694 695 701 705 709 712 718 721 726 728 733 735 736 743 745 748 753 757 760 762 764 773 780 783 786 793 795 799 800 804 810 814 823 827 831 833 834 836 840 841 845 854 856 861 866 870 871 875 876 877 879 883 886 887 891 896 901 904 908 911 916 919 921 924 928 932 933 935 939 
