2 4 6 8 12 16 17 18 22 23 26 29 31 32 36 38 40 43 47 51 55 57 59 63 64 68 71 74 77 79 82 86 89 93 97 99 103 105 108 111 113 115 117 119 123 126 127 131 133 135 136 139 143 146 150 153 157 160 164 165 166 168 169 173 174 177 180 183 184 188 191 194 198 200 204 208 210 211 213 214 216 218 220 221 225 229 231 232 235 239 242 243 244 248 249 251 252 253 257 259 260 261 263 265 266 267 
5 7 11 12 16 18 19 22 25 28 32 34 35 37 39 40 44 48 52 56 57 61 63 65 68 69 75 78 81 84 86 88 93 96 99 100 105 107 109 112 117 119 121 125 128 131 135 136 137 139 140 144 147 149 152 154 161 164 166 169 170 171 174 177 180 183 185 189 192 193 196 198 202 205 208 209 213 214 215 219 220 224 226 230 234 238 239 243 245 247 249 251 253 257 260 264 268 269 270 272 274 275 279 280 281 285 
7 10 15 18 19 21 25 26 30 31 34 35 38 40 41 45 46 49 56 58 60 65 69 71 73 77 79 80 84 86 89 91 97 99 102 103 106 109 112 114 120 124 126 128 132 135 138 139 143 144 147 149 150 154 158 160 163 166 169 172 173 175 179 181 184 187 188 190 194 195 198 202 205 209 210 211 217 219 223 224 225 227 229 232 236 239 241 244 246 249 252 255 257 258 263 267 272 275 277 278 279 283 284 288 289 293 
8 14 18 22 23 27 28 30 33 37 40 44 48 49 50 53 54 56 57 62 64 68 72 74 78 82 84 86 89 90 92 96 99 102 103 105 108 112 114 117 121 127 130 131 136 137 140 143 147 151 154 158 160 163 167 168 170 173 174 176 178 180 181 182 186 189 193 194 198 201 203 206 209 210 214 218 221 224 228 232 234 237 239 243 244 245 249 253 255 258 262 263 267 271 274 278 282 286 287 288 289 291 293 295 299 303 
10 17 20 23 24 28 32 33 35 40 42 45 52 56 59 61 65 68 72 73 75 76 77 78 80 85 86 90 94 97 100 104 108 112 115 116 117 120 124 127 130 133 137 141 144 146 150 152 153 157 158 160 162 164 169 172 173 177 180 184 186 187 188 190 194 198 200 204 207 211 213 214 215 219 220 223 226 228 232 235 236 240 242 245 247 249 252 255 259 260 263 265 269 273 278 281 286 288 291 293 295 299 300 304 305 307 
11 21 22 26 30 32 33 36 38 42 44 48 56 58 62 65 69 72 75 76 78 82 84 87 91 92 96 97 100 103 104 106 110 115 119 121 123 127 131 133 137 139 143 145 146 147 152 154 156 161 165 166 167 168 171 175 176 180 181 185 190 194 195 198 202 205 206 210 211 215 219 222 225 226 227 228 231 232 235 237 239 243 246 247 249 250 253 258 262 263 265 267 271 274 280 285 290 294 296 298 300 303 305 309 312 314 
13 25 29 32 35 38 41 45 47 51 53 54 57 60 63 69 73 74 76 77 80 84 86 90 95 97 100 101 105 109 112 115 116 118 120 125 126 130 135 136 139 142 147 150 152 154 156 158 160 162 166 168 172 174 175 179 182 184 186 190 192 196 200 204 206 209 212 213 215 218 223 226 227 229 231 233 236 239 241 243 246 247 249 252 256 259 263 265 268 270 273 277 280 281 283 289 292 295 298 301 303 304 306 311 315 317 
16 27 32 33 38 42 46 50 54 55 58 61 65 69 71 72 76 78 79 81 82 86 89 91 96 98 102 104 108 110 116 120 124 125 127 129 133 136 138 140 142 144 149 152 154 155 159 160 164 167 168 169 173 176 179 181 186 189 190 192 194 197 201 207 210 211 215 218 219 221 226 227 230 233 236 240 243 247 248 250 254 255 257 260 264 265 267 269 273 276 278 279 284 287 290 293 296 299 302 305 307 308 309 314 317 319 
20 30 36 38 41 45 50 51 56 59 63 64 68 72 73 76 77 81 85 88 90 93 96 98 99 103 107 110 111 115 120 124 128 132 134 136 137 139 142 145 146 148 152 156 159 163 164 167 170 171 173 177 179 180 183 186 189 190 194 196 197 200 202 208 212 216 218 221 223 224 228 230 233 237 238 244 247 251 253 254 258 261 265 267 271 274 275 278 282 283 287 291 294 298 302 303 307 309 310 313 316 317 319 320 323 327 
22 34 38 40 44 47 51 55 59 61 65 69 71 76 79 82 85 88 92 96 97 100 101 104 105 108 110 114 116 119 123 126 132 134 135 139 140 142 143 148 150 151 156 158 161 165 167 171 173 176 178 182 185 189 192 195 197 200 202 205 208 212 216 220 221 225 226 230 233 237 238 240 242 245 246 247 249 255 258 260 264 267 271 275 278 282 286 290 293 297 299 301 303 305 307 311 312 316 319 322 323 324 328 330 331 332 
23 37 40 44 47 51 55 59 63 65 68 72 75 80 81 86 88 92 94 97 98 104 108 110 113 117 119 122 124 125 127 130 134 136 138 141 144 147 151 154 158 162 163 164 166 168 170 174 176 179 180 186 188 193 195 199 203 204 208 210 212 213 219 222 223 226 228 234 236 241 244 247 250 253 254 257 260 261 262 264 265 270 272 278 279 285 287 291 296 299 302 303 304 308 311 312 313 319 321 323 327 328 330 332 335 336 
26 40 43 48 52 55 58 61 67 69 72 76 79 82 83 87 91 94 95 99 103 105 112 116 120 121 125 129 132 136 140 142 143 146 150 154 158 159 160 163 164 167 168 172 176 177 180 182 183 186 188 190 193 197 201 202 206 210 214 216 219 221 224 227 229 232 236 239 242 243 248 249 254 255 257 260 262 266 270 272 274 277 281 283 284 287 290 292 297 300 303 307 310 312 316 317 320 323 326 329 332 334 338 341 343 344 
27 43 45 51 55 58 59 65 69 71 76 80 84 85 87 91 95 99 101 103 107 108 113 119 123 125 127 133 135 138 144 148 150 153 157 159 162 166 169 173 174 175 177 178 179 182 186 188 190 194 197 201 202 203 206 208 209 214 218 221 224 225 228 229 233 236 239 240 245 248 249 250 258 259 262 265 268 270 271 276 280 282 286 288 292 296 298 299 302 303 304 308 314 318 321 323 324 327 331 335 338 339 343 344 347 351 
28 47 48 52 56 61 65 66 73 74 80 84 86 88 92 95 98 103 106 108 112 113 115 123 125 126 130 137 141 144 148 150 152 156 158 162 163 167 173 174 178 179 182 186 187 190 192 196 197 200 201 203 207 210 212 216 218 222 225 227 230 234 237 239 243 247 248 252 253 254 255 259 260 263 266 270 271 275 277 281 285 288 289 293 297 301 303 307 311 315 316 319 321 324 326 328 329 333 336 339 343 344 345 349 352 356 
32 51 54 57 60 63 68 69 76 80 84 85 87 92 96 97 100 105 109 112 114 117 121 124 126 129 133 139 144 146 150 151 153 158 162 163 164 170 177 181 185 187 191 192 196 198 201 204 207 210 214 218 222 223 227 228 232 233 237 241 243 245 249 253 254 256 259 262 264 268 272 273 274 277 278 282 284 285 286 289 292 293 295 299 301 302 305 311 315 316 319 320 323 326 330 333 335 338 339 341 347 350 352 356 357 361 
33 55 56 61 65 66 71 74 79 84 88 89 93 96 98 100 103 106 110 116 117 118 123 125 129 132 136 140 147 151 155 158 160 164 166 170 174 175 180 183 186 188 193 197 199 200 202 206 210 212 215 220 223 227 230 231 233 237 238 244 248 252 256 258 261 263 264 266 268 271 276 280 283 286 287 291 292 294 296 298 302 305 308 309 313 314 316 319 320 324 326 329 330 331 333 336 340 342 345 346 349 352 353 360 364 365 
36 58 59 62 68 69 73 75 80 85 89 90 97 99 103 104 105 110 111 117 121 123 124 128 131 136 138 142 150 154 156 159 162 168 171 175 177 179 183 185 188 190 196 198 200 202 204 207 213 216 219 224 225 229 233 237 241 243 244 248 249 253 259 260 264 268 271 274 277 278 282 285 286 287 291 292 293 297 301 305 308 311 312 313 314 317 319 320 321 325 327 332 335 336 339 343 345 348 352 356 358 360 364 367 370 373 
40 59 63 67 69 70 77 78 83 87 90 92 98 101 107 110 111 115 118 120 125 126 129 130 132 140 142 146 151 155 157 161 164 170 175 179 182 183 185 188 192 193 197 199 203 205 207 210 215 217 221 225 228 231 236 239 245 248 250 253 256 258 260 264 265 270 273 276 278 280 286 287 289 292 294 297 301 302 303 309 311 315 317 318 322 324 325 327 328 332 336 337 339 340 344 345 348 349 353 359 360 364 366 371 372 375 
43 60 64 69 72 73 78 82 87 89 91 96 100 102 111 112 114 118 122 126 129 133 136 140 144 145 146 147 155 158 159 162 168 173 176 182 186 187 189 192 196 200 202 205 207 211 212 216 218 219 225 226 229 232 238 243 247 252 255 259 263 265 269 271 274 275 276 277 281 284 288 291 295 298 301 304 306 309 312 316 318 320 322 323 324 325 328 330 332 333 338 339 340 343 348 350 352 356 360 361 364 365 370 374 377 381 
44 64 67 70 76 80 81 86 89 93 95 100 103 104 115 119 122 126 129 130 132 137 139 144 148 151 154 158 162 166 170 172 174 175 178 186 187 189 190 194 197 204 207 209 213 216 220 223 227 231 235 237 241 242 246 249 251 255 257 263 264 268 273 276 280 284 287 290 294 298 301 304 305 306 310 311 313 316 317 319 320 323 324 326 330 334 337 338 340 341 342 345 347 349 351 355 358 360 364 365 367 368 372 376 380 384 
46 66 68 74 80 82 86 88 92 97 101 105 106 108 118 122 123 127 133 134 135 140 143 148 149 152 157 159 165 170 173 175 179 182 183 189 192 193 197 199 203 207 209 211 214 220 224 226 231 235 238 240 242 244 250 253 256 257 259 265 269 273 276 278 282 286 290 293 297 301 302 306 308 310 312 316 319 321 322 324 328 331 334 336 338 339 340 341 342 346 348 352 354 358 359 363 367 368 370 371 374 378 381 385 386 387 
49 70 71 78 81 86 88 91 96 99 103 106 107 112 122 124 128 130 136 137 138 142 145 152 156 158 160 162 167 172 175 178 183 184 188 192 196 199 202 203 206 209 212 215 219 222 227 230 232 237 240 242 245 249 251 254 259 262 266 268 271 275 280 284 286 287 291 297 299 305 307 310 312 316 320 324 327 331 333 337 338 341 343 345 347 349 350 352 355 356 358 359 363 367 368 371 374 378 382 383 385 389 393 394 395 396 
53 73 74 80 85 88 90 93 98 102 105 107 111 113 125 128 129 131 140 144 146 148 150 154 159 163 167 170 172 173 179 181 186 189 193 194 200 204 206 208 212 215 218 221 225 229 230 232 235 238 244 247 249 251 255 256 262 263 268 269 275 277 281 287 291 293 294 298 301 307 308 313 315 320 323 328 329 333 334 340 341 343 346 350 352 355 356 359 361 365 369 371 372 376 377 381 384 385 386 389 391 393 397 399 402 403 
54 76 78 84 87 92 93 96 100 106 107 111 112 115 126 130 134 135 143 146 149 152 153 157 162 166 168 174 175 179 182 183 189 193 195 198 203 205 209 212 213 218 222 225 227 233 236 239 240 241 247 249 252 255 259 262 265 266 271 275 278 280 284 289 292 294 297 300 304 308 311 316 319 323 324 331 334 337 338 343 345 348 351 355 358 360 363 365 368 369 373 375 378 380 383 384 385 387 388 391 393 396 401 402 405 406 
55 80 82 88 91 93 95 97 102 109 112 113 116 118 130 134 138 142 144 148 151 155 157 159 164 170 171 178 182 184 188 190 192 194 199 202 206 207 211 215 219 223 225 227 228 236 240 241 244 245 249 251 256 258 261 266 268 269 275 278 280 284 285 292 293 298 300 304 308 311 313 320 321 324 327 334 338 340 344 347 351 353 354 357 360 362 364 369 373 375 376 379 380 384 388 391 395 398 402 405 409 412 414 415 419 420 
56 82 84 89 92 96 97 99 106 110 115 119 123 125 134 138 141 144 148 149 155 159 160 164 167 173 177 179 185 188 191 195 199 201 204 206 207 208 212 218 223 225 227 230 233 238 244 245 246 247 253 255 258 261 263 269 271 274 276 282 284 287 290 295 299 301 304 308 311 312 314 322 324 327 328 337 339 342 348 350 354 356 357 360 361 363 368 370 376 379 383 387 390 394 396 398 400 403 406 409 411 415 417 420 421 424 
59 86 88 90 93 99 101 104 108 113 118 122 126 128 135 141 145 146 149 151 158 160 164 167 169 177 180 184 188 191 193 198 200 205 207 210 212 213 217 220 224 227 228 231 237 239 246 250 254 255 257 261 265 269 271 274 277 279 283 287 289 292 294 296 300 302 306 309 315 318 320 325 328 331 333 338 340 344 352 355 359 361 365 367 371 373 376 380 382 386 388 389 393 398 400 404 405 406 409 411 415 419 420 423 424 425 
61 88 92 95 96 103 105 107 110 117 121 123 128 129 138 145 147 151 155 158 159 164 166 170 174 178 184 186 192 194 197 201 205 206 208 211 213 215 219 221 226 228 229 233 241 244 250 253 255 259 263 266 267 272 274 275 278 282 285 290 292 294 295 297 301 304 309 312 318 320 323 328 330 334 337 340 344 345 353 358 361 364 366 371 375 379 381 383 386 390 392 394 395 399 401 407 410 414 417 419 421 423 424 426 429 433 
63 90 94 99 101 104 109 113 117 120 125 129 130 134 141 148 150 154 158 159 162 165 170 173 178 182 188 190 196 200 204 207 211 213 214 218 219 222 223 226 230 232 236 237 245 246 253 256 259 262 264 269 272 275 276 279 281 283 286 292 295 296 297 300 303 306 310 315 320 321 325 331 334 338 339 343 347 349 355 359 362 368 372 373 377 380 384 388 391 394 398 402 404 407 410 412 415 419 423 427 430 431 434 438 441 442 
66 94 98 103 105 109 112 114 119 122 129 131 133 136 143 149 153 157 161 164 166 167 172 176 180 186 189 193 197 202 207 208 214 216 220 221 222 223 226 228 234 238 240 241 247 248 254 260 262 266 267 271 276 280 282 283 286 290 294 298 300 301 302 306 307 311 313 316 321 322 327 335 336 340 341 346 350 351 359 363 365 369 375 378 379 381 388 391 394 397 401 404 407 411 414 415 418 423 426 431 433 436 439 443 445 448 
70 95 102 105 109 111 116 120 122 126 131 133 137 138 144 150 154 161 162 167 168 171 176 179 184 190 194 197 201 204 211 215 218 222 223 225 227 230 234 238 242 246 249 251 255 256 258 262 265 270 274 275 280 281 285 287 289 291 298 301 304 306 308 310 312 313 317 321 325 328 330 338 339 343 347 348 352 353 361 366 370 373 378 381 383 387 390 393 398 402 403 408 412 413 418 419 420 427 429 434 437 438 440 444 446 452 
73 96 106 108 110 112 118 124 126 130 133 134 141 143 145 154 158 164 167 170 174 175 178 180 188 194 197 201 205 206 213 219 221 225 227 231 233 234 237 242 244 250 254 255 259 263 264 268 272 273 277 280 282 286 287 288 292 295 299 305 307 309 312 315 316 317 318 322 328 331 333 341 345 348 351 355 359 361 364 370 371 377 382 383 386 391 393 394 402 403 404 410 414 416 421 425 427 429 432 438 442 446 448 450 451 453 
74 99 109 111 115 116 119 125 129 133 135 137 142 146 149 155 160 166 170 171 176 178 180 183 192 196 201 205 206 208 214 223 227 230 233 235 236 238 239 246 247 252 258 261 264 268 271 272 276 278 282 285 286 290 292 294 297 300 301 306 309 310 313 319 323 326 327 328 331 335 338 342 348 352 355 359 362 366 370 374 377 379 384 386 388 394 397 399 406 409 413 417 418 420 423 426 428 431 433 441 443 449 450 451 453 455 
77 101 113 117 121 122 126 130 132 134 139 140 144 149 152 157 164 169 172 175 178 182 183 184 194 199 205 206 210 211 218 227 229 232 235 236 237 239 241 249 252 253 260 262 268 272 276 278 280 283 286 288 291 294 297 299 301 303 304 309 313 316 317 322 327 328 329 333 337 339 343 345 350 356 357 360 363 368 374 377 380 384 385 390 393 398 400 404 408 411 416 421 424 425 426 429 432 433 434 445 449 453 456 457 459 461 
78 103 115 120 122 123 129 133 136 138 141 145 146 150 156 160 167 172 175 176 182 186 187 191 195 202 206 209 212 213 221 231 234 237 241 245 248 251 252 255 256 260 261 266 271 276 280 282 285 289 290 293 297 300 301 304 308 311 312 314 317 320 321 324 330 334 335 339 343 345 349 352 354 358 359 364 368 372 377 380 384 387 391 393 394 402 403 405 412 414 418 424 425 427 430 434 436 438 441 447 451 456 458 459 461 462 
81 104 117 124 127 129 132 135 139 141 145 147 150 154 160 164 171 175 176 179 183 187 188 195 196 204 210 211 213 217 224 232 235 239 244 246 249 252 254 259 260 262 266 269 272 280 281 283 289 292 293 294 301 303 304 305 310 314 317 318 322 326 327 331 335 337 341 344 345 347 352 354 357 361 364 367 372 374 379 382 386 390 395 399 402 405 406 409 416 419 420 428 432 433 436 438 439 443 445 448 453 460 463 467 469 472 
85 108 120 125 130 131 136 139 140 145 147 148 152 158 161 165 172 177 178 182 184 189 191 198 202 205 211 214 218 220 228 234 237 243 247 249 251 254 257 262 265 268 269 271 274 283 287 288 290 293 296 299 304 308 311 313 316 319 320 321 325 328 330 333 338 340 344 347 348 349 355 356 359 364 366 369 374 378 381 383 390 391 397 400 405 407 410 414 419 422 426 430 434 435 439 440 444 446 447 451 454 461 464 469 473 475 
86 111 122 129 133 134 138 142 144 149 153 156 159 162 165 168 173 180 181 185 187 192 195 201 203 207 214 215 222 225 231 235 241 244 249 253 257 261 264 266 269 270 272 275 279 284 289 290 291 295 299 303 306 311 313 314 319 320 322 325 329 333 335 339 343 346 350 352 356 360 363 366 370 374 376 379 380 382 383 384 392 394 401 403 407 410 413 418 422 426 427 431 437 440 443 446 447 450 452 456 459 464 467 471 475 478 
89 113 125 132 134 136 141 144 148 153 156 159 160 164 169 170 176 182 183 188 191 193 198 204 206 209 215 216 223 227 235 238 244 245 250 257 259 265 269 271 274 277 279 282 284 286 290 294 296 299 300 305 309 312 316 319 322 324 327 329 331 335 336 342 347 348 354 357 361 363 367 370 372 376 378 382 384 387 391 395 398 402 403 406 408 411 414 420 425 427 431 433 440 441 446 449 450 451 455 458 462 468 470 473 479 482 
91 115 129 135 137 141 144 148 150 156 160 161 162 166 173 175 180 185 186 191 192 196 199 205 209 212 219 223 225 229 239 242 248 250 253 260 264 267 270 272 278 279 283 285 288 291 295 296 297 300 301 306 313 317 319 323 327 331 332 336 340 342 343 344 350 353 356 360 364 368 372 373 374 378 382 385 388 390 394 399 402 406 410 412 416 419 422 423 427 430 434 436 442 443 448 453 454 457 460 462 463 470 473 476 482 483 
92 118 132 137 138 144 148 149 154 158 164 167 170 172 175 177 183 186 188 193 194 200 204 209 213 215 221 225 227 233 243 244 251 252 256 261 267 268 273 275 279 282 284 286 289 292 297 300 304 308 312 314 316 320 323 325 331 333 336 337 341 344 345 346 354 355 359 364 368 370 374 378 380 383 385 386 391 393 397 402 406 408 411 416 417 423 427 431 435 438 440 441 445 447 451 456 458 462 464 468 471 475 479 481 485 487 
95 121 134 138 140 146 151 153 155 162 168 169 174 176 180 183 185 189 192 194 197 204 207 212 216 220 222 226 229 236 244 246 253 255 258 262 271 275 277 279 282 286 288 289 292 294 300 301 307 310 315 318 321 324 326 329 333 334 337 338 343 346 348 352 355 359 361 367 370 371 378 379 381 384 387 389 392 396 400 404 407 410 414 419 420 427 431 433 436 442 443 444 446 450 455 460 461 463 467 469 474 478 480 485 487 488 
98 125 135 139 141 149 153 155 157 165 172 174 176 180 182 186 187 193 196 199 201 207 208 214 218 223 224 228 231 238 246 249 256 257 259 263 272 276 281 282 285 290 291 295 298 300 304 307 310 311 319 321 325 327 331 335 338 339 340 344 348 350 353 355 356 362 364 369 371 375 380 383 387 389 391 392 394 399 404 408 411 413 418 421 422 431 435 437 439 446 447 448 449 453 458 461 463 464 470 472 477 479 484 488 489 492 
101 129 138 143 145 153 154 157 160 169 175 176 180 184 186 189 192 196 200 204 208 211 212 218 222 226 229 232 234 239 250 253 260 263 267 271 276 278 282 285 287 293 294 298 301 303 305 308 312 315 322 326 329 333 334 338 341 344 347 350 352 354 355 356 357 366 367 372 375 378 383 387 391 392 394 397 399 401 407 412 413 416 422 423 424 433 439 440 441 447 449 453 455 457 461 464 466 468 474 475 480 482 485 489 490 494 
102 133 140 144 147 157 161 163 164 170 179 182 184 186 188 193 196 197 204 208 209 212 214 219 223 229 230 235 239 242 254 255 263 264 271 273 277 281 283 287 289 295 299 300 303 306 310 312 314 316 326 327 331 335 338 339 345 347 351 354 355 357 358 360 364 369 372 375 378 380 385 391 392 393 398 399 402 406 411 414 416 419 425 426 428 434 441 444 448 450 452 457 461 464 466 469 471 473 475 476 481 486 488 490 493 496 
104 136 144 147 148 160 164 166 167 173 182 183 185 190 193 194 197 201 206 210 214 217 219 223 225 232 234 237 240 243 256 257 264 267 274 275 279 285 286 289 290 296 302 304 305 308 312 313 315 319 330 331 333 339 340 341 349 351 355 356 359 362 363 365 367 370 376 379 382 386 388 393 394 396 400 403 405 407 412 418 422 423 427 428 430 435 445 447 451 453 457 458 463 465 469 471 475 476 480 482 483 487 489 493 496 497 
106 137 148 149 153 161 165 167 168 176 184 187 189 192 196 200 203 204 207 212 218 219 222 227 230 236 239 243 245 246 260 262 268 272 278 281 283 286 287 291 295 299 305 308 310 313 316 317 319 323 334 335 338 340 341 342 351 353 357 359 363 364 367 371 373 376 377 381 383 388 391 397 399 403 406 408 411 413 416 419 426 430 433 435 437 440 446 449 454 456 458 459 464 468 473 476 478 480 484 486 490 491 493 495 497 499 
109 138 149 150 157 165 166 169 171 179 186 189 192 194 198 203 206 210 214 217 219 220 225 228 232 240 242 245 247 249 261 266 271 274 282 284 287 289 290 295 298 300 307 309 314 317 321 325 327 328 337 341 344 347 351 354 358 360 363 365 366 368 369 375 376 377 380 383 386 391 392 401 402 404 407 411 412 417 421 425 430 434 438 442 445 446 449 451 458 460 462 463 468 471 476 480 484 485 489 492 495 497 498 500 504 506 
111 140 150 151 160 168 171 172 175 182 190 191 194 198 202 204 208 211 217 218 220 224 228 231 236 242 245 247 250 253 263 268 274 277 285 286 288 293 297 301 305 306 309 311 315 319 325 329 331 335 338 344 347 348 354 357 360 363 366 369 371 372 375 376 379 381 385 386 387 395 398 403 404 405 411 415 417 421 424 427 432 435 439 444 446 447 452 455 460 463 467 468 470 475 478 482 485 488 491 493 498 499 501 505 508 511 
112 142 153 154 161 171 175 178 180 183 192 193 195 200 204 206 209 212 219 220 224 226 231 234 240 243 246 249 252 255 267 270 278 279 289 291 295 297 301 304 309 310 314 315 316 323 329 331 335 337 341 348 352 356 358 361 364 366 370 371 372 374 377 380 384 388 390 394 395 396 400 405 406 407 415 416 418 423 426 428 433 436 441 446 448 450 455 458 461 464 470 471 472 478 480 483 488 489 495 497 500 504 508 509 510 515 
113 143 157 160 162 175 176 179 183 186 194 198 200 203 208 211 214 218 221 224 226 227 233 238 243 244 247 250 254 258 270 273 279 281 292 294 297 300 302 306 312 314 317 321 323 327 331 335 338 342 344 349 355 358 359 364 367 368 371 374 375 378 380 384 388 390 394 398 402 403 405 408 412 414 418 422 425 428 431 433 437 439 443 449 451 454 456 461 463 468 472 473 477 481 483 486 491 492 497 499 503 506 510 513 516 518 
116 146 158 161 165 176 180 183 187 190 196 202 204 208 211 215 219 221 223 227 229 230 234 240 245 249 253 255 256 260 274 276 282 283 296 297 300 303 307 310 314 318 319 322 325 328 334 339 340 344 348 351 359 360 362 367 368 371 372 377 379 381 384 387 391 394 398 402 406 408 410 414 417 420 424 426 427 431 432 435 438 443 445 452 455 456 459 462 465 469 475 477 478 485 488 489 494 495 498 501 506 509 513 515 519 521 
120 147 161 162 169 180 184 188 189 192 200 206 210 213 216 218 220 224 228 229 231 232 236 244 246 251 254 256 259 262 278 281 286 289 299 300 303 307 311 315 319 320 321 325 328 332 337 342 346 349 350 352 363 365 368 369 372 374 377 378 383 385 386 388 393 396 401 405 408 410 412 418 419 422 427 430 431 433 434 437 440 444 448 454 456 458 463 466 470 474 477 481 485 488 491 494 496 500 502 503 508 513 516 517 522 525 
124 149 165 168 173 183 187 190 191 193 201 210 214 215 219 221 222 227 232 235 239 243 244 245 247 255 256 260 264 268 280 282 287 290 302 303 306 310 313 319 323 327 330 331 332 333 341 345 349 353 356 358 364 367 372 374 376 380 384 387 388 392 393 395 396 399 402 406 411 413 417 422 425 428 429 434 436 437 440 441 443 445 449 458 461 464 465 470 472 477 479 483 488 489 493 498 502 503 505 506 512 517 521 522 525 527 
128 152 168 170 176 186 191 193 197 200 203 212 216 218 221 225 227 229 233 237 240 246 250 253 254 258 260 261 266 271 282 285 291 292 305 307 311 312 316 321 326 330 334 336 337 340 343 349 353 356 358 362 365 368 375 379 382 383 386 390 394 397 399 401 402 406 407 408 415 418 420 425 428 430 433 436 437 439 443 447 451 455 456 460 463 468 470 473 475 480 484 488 492 496 498 501 504 505 509 513 516 521 522 525 527 530 
130 154 169 171 180 187 193 197 199 202 206 216 217 221 222 226 228 230 234 239 243 247 254 255 257 262 264 268 272 274 286 290 295 296 308 309 314 317 318 322 328 332 335 337 339 343 345 353 356 357 362 365 366 370 376 381 386 388 389 392 398 399 400 402 405 408 411 412 416 422 426 430 432 436 437 441 442 446 449 453 456 457 461 464 466 470 473 474 478 482 487 489 493 499 502 506 508 509 511 517 520 524 525 527 530 532 
131 155 171 174 181 191 196 199 203 205 210 217 218 224 225 229 230 233 236 240 246 249 258 262 266 269 272 276 277 281 287 294 297 301 311 312 316 320 322 325 330 336 339 341 342 345 348 356 358 360 366 367 369 373 380 382 388 391 393 397 399 402 403 404 407 411 414 416 419 425 430 433 434 437 440 443 445 449 450 456 457 458 465 467 471 475 476 480 483 487 490 493 497 503 505 510 514 515 518 521 524 527 530 534 538 542 
135 156 175 177 183 192 198 202 205 209 213 220 221 228 232 234 236 238 242 246 250 254 259 265 267 270 274 277 279 282 290 295 300 303 313 315 319 324 326 329 332 339 340 342 346 349 350 357 362 365 368 370 374 377 383 387 392 395 398 399 403 406 408 409 410 412 416 417 421 428 431 434 436 440 443 445 449 453 456 457 461 462 468 471 472 478 481 484 485 489 494 497 498 507 510 512 516 518 522 525 527 528 534 535 539 545 
137 158 179 180 187 194 199 204 209 210 216 221 222 231 233 236 240 241 243 247 253 255 261 269 273 274 275 280 283 286 293 299 303 305 317 319 321 326 330 332 335 343 346 347 348 352 355 358 366 370 373 375 377 380 384 391 395 399 402 406 408 409 410 413 415 416 420 424 427 431 432 438 440 444 446 447 450 455 457 458 464 465 471 472 476 482 485 488 490 491 496 499 500 508 512 515 520 523 526 529 532 534 536 538 540 548 
139 159 180 184 191 195 200 206 212 214 218 222 226 232 236 237 241 243 245 250 254 258 264 273 275 279 282 285 288 291 294 303 305 306 320 322 324 330 331 334 336 346 349 350 354 357 361 365 369 372 376 380 381 384 386 392 396 401 405 407 411 413 416 417 419 421 422 425 428 432 435 439 441 445 450 451 454 457 458 461 468 471 474 478 481 484 487 492 495 497 498 503 506 509 514 517 524 527 529 530 536 537 541 542 545 550 
140 160 183 188 192 197 204 208 213 216 220 225 229 236 239 241 244 246 250 253 258 260 265 274 278 283 286 290 294 296 298 306 310 312 321 324 325 334 335 338 342 348 351 352 355 359 363 369 371 373 377 382 386 390 394 398 402 404 406 411 412 416 420 423 427 430 433 435 438 440 443 447 448 450 454 455 459 461 462 463 472 475 476 479 482 485 490 495 498 500 502 506 509 510 515 521 525 531 533 537 541 545 549 550 552 554 
142 162 187 190 195 198 205 211 214 218 222 227 233 238 241 243 247 248 254 256 260 264 269 275 279 287 290 291 297 298 300 310 313 315 324 328 331 335 336 339 346 349 354 357 360 361 365 371 372 376 378 385 389 393 398 400 404 408 410 414 418 421 425 426 428 434 437 440 441 444 445 449 452 456 457 458 461 463 465 468 476 478 481 484 487 490 493 498 499 501 506 510 511 512 518 523 526 533 537 538 545 549 551 553 556 558 
144 166 191 193 196 200 209 214 215 220 225 231 236 240 243 244 251 255 256 258 263 267 271 279 280 291 294 297 301 302 304 312 316 318 326 330 333 339 341 343 350 353 357 360 362 365 368 372 374 378 379 386 390 396 401 405 406 411 414 416 422 426 427 429 432 437 441 444 445 446 449 450 453 457 459 460 465 468 472 476 478 479 484 485 491 494 498 500 501 502 510 514 518 522 524 528 530 536 541 543 549 550 552 555 558 560 
146 167 193 194 200 203 212 218 221 223 226 233 240 243 245 246 255 256 257 261 265 270 274 280 283 292 296 298 303 306 307 314 320 322 328 332 337 340 344 346 354 357 360 363 367 369 373 377 379 381 382 390 394 399 403 407 409 412 416 419 426 429 431 435 437 439 444 448 452 453 454 456 457 458 463 466 469 471 474 478 479 481 486 489 494 498 501 502 505 506 514 515 519 526 530 533 537 538 544 547 550 553 554 557 560 561 
147 170 194 196 202 205 214 219 223 227 230 237 241 245 247 248 258 260 264 266 268 272 276 283 287 293 300 301 307 311 312 317 323 326 331 334 339 342 346 350 356 358 364 367 371 374 376 379 381 385 388 391 395 401 407 411 413 415 418 420 428 433 436 440 444 447 449 453 457 460 464 467 468 472 476 479 482 484 488 489 492 493 496 497 499 502 503 504 508 509 517 521 525 529 533 534 540 544 546 548 554 558 559 562 563 566 
149 174 197 201 203 206 217 222 225 229 234 239 242 247 251 253 260 261 266 267 269 276 280 285 289 297 302 305 309 313 315 321 324 330 333 336 341 346 347 352 357 359 368 372 376 378 381 385 388 389 393 397 400 405 409 415 419 423 425 428 430 435 437 441 445 449 453 455 459 463 465 471 474 477 481 485 486 490 493 494 497 500 504 506 507 508 509 512 516 517 521 525 529 533 536 540 542 548 551 555 557 561 563 567 570 571 
152 178 198 205 207 208 220 224 229 230 236 240 244 250 255 256 263 264 268 271 273 277 281 286 292 300 305 306 312 317 321 324 328 331 334 337 343 350 352 353 361 363 371 376 379 382 383 389 393 397 400 404 406 407 410 419 420 425 428 430 433 438 439 444 447 450 455 456 463 465 466 473 477 478 483 488 492 494 497 500 502 505 506 508 509 512 514 517 518 521 524 527 531 536 537 542 546 551 555 556 560 564 565 571 572 576 
155 180 201 207 208 210 224 228 233 237 240 244 245 251 256 257 266 268 272 274 277 278 282 287 296 304 308 311 315 320 325 326 329 334 337 338 344 351 356 357 362 364 373 377 383 387 390 392 395 401 404 407 408 410 412 423 426 427 429 434 435 441 442 448 449 452 458 462 464 466 470 476 479 483 486 491 493 496 500 504 507 511 514 515 516 517 518 521 524 527 530 532 536 538 540 546 550 554 557 561 564 566 569 573 574 577 
159 184 205 210 213 217 227 230 236 240 243 246 248 255 258 261 267 270 273 278 279 282 284 289 298 307 311 312 318 324 327 330 334 337 338 342 348 353 358 360 363 365 376 380 384 389 393 395 399 402 405 408 411 414 418 424 427 428 430 438 439 442 445 451 452 455 462 464 465 470 471 477 480 486 490 493 494 497 502 506 510 514 516 519 521 522 526 529 531 534 535 537 539 540 542 549 553 557 561 563 566 570 574 576 578 582 
160 187 206 212 217 218 230 231 237 241 245 248 252 256 260 263 270 271 275 279 281 285 288 290 299 311 312 316 320 328 329 333 338 342 343 347 352 356 361 365 369 372 380 382 388 390 396 400 403 404 409 410 413 418 419 428 430 434 437 440 442 443 446 453 454 457 465 466 468 474 477 479 481 488 492 495 496 499 506 510 514 515 520 522 524 526 529 531 532 536 540 542 543 546 549 550 556 558 563 567 571 572 575 579 583 584 
162 190 207 215 218 220 234 237 240 245 247 250 255 257 262 264 274 277 281 284 285 288 291 293 303 314 318 321 324 331 332 335 339 346 348 351 356 359 363 367 371 375 384 387 391 392 398 404 408 411 412 415 418 422 425 431 435 437 438 443 446 448 452 457 460 462 466 470 474 476 481 482 486 492 494 496 499 500 507 511 516 517 523 527 530 533 534 536 540 542 546 548 551 553 556 559 561 563 565 570 573 574 576 582 587 589 
166 192 210 219 222 223 237 239 243 247 249 253 259 262 263 265 276 280 282 288 290 294 296 298 307 318 321 325 329 334 338 340 341 350 354 357 360 363 366 369 374 378 388 391 394 396 401 405 411 414 415 417 419 423 426 435 436 440 441 444 449 450 453 461 465 467 470 473 475 477 484 486 489 494 497 501 503 507 509 515 518 519 526 530 533 534 537 540 543 544 548 552 555 558 560 561 565 567 568 571 575 577 581 583 591 594 
167 196 212 221 224 228 241 245 247 250 252 255 263 265 268 269 279 283 287 292 293 296 298 301 308 321 325 327 333 335 340 341 345 354 355 358 362 365 369 371 378 382 392 395 397 400 405 408 414 416 419 422 426 427 429 437 440 441 442 445 452 456 459 462 468 469 473 477 480 484 486 487 493 497 501 505 507 510 511 517 522 524 527 532 536 540 543 546 548 551 553 557 560 563 565 567 568 569 570 575 578 582 585 589 595 599 
171 200 216 224 226 232 243 248 252 256 259 262 265 267 271 275 282 286 291 294 295 300 302 305 309 325 327 331 337 339 341 343 346 358 362 365 367 371 373 376 382 385 394 397 399 403 408 412 418 420 421 425 428 431 434 438 444 445 449 450 454 457 462 463 472 473 476 478 481 485 490 492 497 499 503 507 508 512 515 519 525 527 529 535 540 542 546 550 552 555 556 559 564 567 571 574 577 581 584 586 587 591 595 597 598 601 
175 201 218 227 231 236 245 252 253 259 260 265 266 269 273 277 284 287 292 295 297 301 305 306 311 328 332 335 340 342 344 346 347 360 363 369 370 373 376 378 383 386 398 402 405 408 409 415 420 422 423 426 431 432 437 439 448 452 455 457 461 462 464 467 476 477 479 483 484 486 493 494 498 500 504 510 514 518 520 524 527 528 533 539 541 546 550 554 556 558 562 563 566 568 573 575 581 582 586 589 591 592 597 598 599 605 
177 205 220 231 232 238 247 254 255 263 267 271 274 277 280 281 286 289 294 299 302 304 309 310 314 331 335 337 344 346 350 351 352 363 367 373 377 380 383 385 387 391 402 406 407 409 410 416 421 425 429 432 435 437 441 443 449 455 458 460 465 467 469 470 479 480 482 484 485 490 495 498 501 502 505 514 517 519 524 528 530 533 536 541 543 549 552 555 559 561 565 568 571 575 576 578 582 585 590 592 593 594 598 599 601 606 
179 206 223 233 236 242 251 258 259 264 271 273 277 279 284 286 289 293 298 300 304 307 312 313 315 332 337 339 346 350 353 354 357 367 368 374 379 382 387 390 394 396 403 410 413 417 418 422 426 428 432 434 439 440 445 449 451 457 462 463 467 470 472 476 483 487 490 493 496 500 501 502 503 505 507 518 522 526 528 532 533 536 538 544 547 551 553 557 560 564 566 569 575 577 579 581 584 587 593 597 599 603 605 606 608 609 
180 207 227 234 240 244 253 260 263 267 274 276 279 281 285 290 293 294 300 301 305 311 313 314 316 335 341 343 348 351 354 356 359 371 372 375 383 387 389 394 395 400 404 414 416 421 422 425 430 433 434 436 440 441 446 453 457 459 466 467 471 474 476 477 487 490 493 495 498 502 506 509 511 514 517 520 523 530 531 534 537 539 543 548 549 555 558 560 563 567 569 571 578 579 583 585 589 591 596 599 602 607 611 615 619 621 
181 210 231 238 243 246 257 261 266 268 278 281 282 285 287 293 296 298 304 305 306 315 317 319 323 339 343 344 351 355 359 363 366 375 379 382 386 391 394 395 399 404 406 417 418 424 425 429 433 434 438 442 444 446 449 455 458 463 470 471 473 478 479 480 488 493 496 498 499 503 510 513 517 518 521 522 526 534 535 537 538 543 547 551 552 557 562 563 565 568 571 574 581 585 586 587 591 594 597 602 605 609 613 616 622 623 
182 214 233 242 247 248 260 262 268 269 281 282 285 287 289 296 298 302 305 308 311 316 319 320 325 341 346 348 355 357 360 365 370 376 382 385 389 394 398 401 405 407 410 420 422 425 426 432 437 439 442 443 447 451 454 457 461 465 473 474 477 481 482 485 489 494 500 501 502 507 514 516 518 519 522 523 527 537 540 544 548 549 552 553 554 558 564 567 568 570 574 576 584 586 590 593 594 598 599 604 607 610 614 618 626 628 
184 218 235 246 250 254 263 264 270 271 283 286 287 288 290 299 302 303 308 311 313 317 320 324 328 344 347 349 357 361 364 366 373 379 386 390 394 398 402 405 406 411 413 422 424 428 431 434 438 442 444 447 448 453 455 461 464 467 475 477 479 484 486 488 490 495 502 503 506 511 515 517 520 523 526 530 532 538 542 548 550 553 556 557 560 562 566 571 572 575 577 581 588 591 593 594 598 599 600 607 611 615 616 619 628 630 
188 221 237 248 252 258 264 267 274 275 284 289 291 292 296 303 305 308 311 312 314 319 321 328 330 346 350 353 358 363 365 369 376 382 387 391 398 400 404 408 409 413 415 424 427 431 435 438 441 444 448 449 453 456 459 465 468 469 479 480 481 486 489 490 492 498 506 510 511 513 516 520 521 526 529 531 535 539 546 550 554 558 561 565 568 571 574 575 576 580 584 588 592 596 597 598 599 603 606 608 614 616 619 621 629 632 
191 222 241 251 255 261 266 271 276 277 287 290 295 297 298 307 308 310 315 319 320 322 323 329 333 348 354 357 361 366 369 373 378 384 389 393 402 406 409 413 415 417 418 427 431 432 439 440 443 447 451 455 459 462 465 466 471 474 481 482 484 488 491 493 497 501 508 511 513 516 518 521 522 528 531 533 538 543 549 551 558 562 563 568 572 576 578 582 586 589 590 591 593 598 601 604 608 610 614 615 617 619 621 624 633 636 
195 226 242 253 259 264 268 272 278 280 290 292 298 302 303 308 312 316 319 323 327 329 330 332 335 351 357 358 362 368 370 375 382 387 392 395 404 410 413 414 416 420 424 428 435 437 442 443 444 449 453 456 463 466 469 473 477 479 482 486 489 492 493 497 498 503 509 512 515 518 521 525 529 531 535 539 542 546 551 553 559 564 566 570 574 579 583 585 588 591 592 593 597 599 604 605 610 614 617 620 622 626 627 629 637 639 
197 228 243 254 260 266 272 273 282 285 294 296 301 303 304 309 314 317 321 324 331 333 334 336 338 352 361 364 367 371 375 378 385 388 394 398 405 414 418 421 424 425 429 432 438 441 446 450 451 454 458 460 467 471 474 475 479 482 484 487 490 495 496 501 503 506 513 517 519 520 522 527 533 535 537 541 545 549 553 556 561 568 571 575 577 582 585 586 592 594 595 596 601 604 607 608 614 618 620 624 626 630 631 633 638 640 
198 229 246 256 262 267 273 277 283 288 295 299 304 306 307 312 318 322 324 328 335 338 341 345 349 353 364 366 370 374 379 383 387 389 397 399 407 418 419 425 429 430 433 437 442 446 450 453 455 456 460 462 469 472 478 481 482 486 489 491 494 498 500 503 507 511 515 519 521 524 525 529 535 538 542 546 549 553 554 560 563 571 572 577 580 585 586 590 593 598 599 602 605 606 608 612 615 621 623 627 628 633 636 637 639 644 
201 230 248 260 264 271 274 281 286 289 296 303 306 310 314 316 321 326 328 330 337 340 343 347 352 357 367 370 371 378 383 385 389 391 401 405 410 419 420 429 430 432 434 440 445 450 453 454 459 461 463 467 472 474 479 485 487 489 491 495 498 499 501 505 510 515 518 520 522 525 526 530 537 542 545 547 550 556 559 564 568 574 577 578 584 586 589 594 597 600 601 603 609 613 614 615 618 625 629 633 636 638 642 643 646 649 
203 234 251 263 266 272 277 282 290 291 299 304 309 314 316 319 323 329 330 332 339 344 345 348 356 359 368 373 376 379 384 386 390 394 402 408 414 421 425 431 434 438 441 443 449 454 456 459 463 467 468 471 476 479 482 487 488 490 495 499 501 503 504 509 514 517 520 522 525 528 529 531 539 546 550 553 555 559 561 568 570 578 580 584 585 587 591 598 600 601 605 607 610 617 618 620 621 628 633 635 639 642 643 647 648 651 
205 238 252 265 267 276 278 286 293 294 301 307 310 318 319 321 326 330 332 333 340 346 350 354 358 360 372 374 378 383 386 389 392 397 406 412 418 423 428 433 438 442 445 446 452 458 459 461 465 469 471 475 478 483 487 490 493 496 498 501 502 507 511 515 518 521 525 526 527 532 535 536 540 549 554 558 559 563 564 571 573 582 586 587 591 592 595 599 603 604 609 612 614 620 622 623 627 631 634 638 643 644 646 649 651 653 
206 241 256 267 269 277 280 288 297 300 304 308 311 320 324 327 330 333 336 339 343 348 352 357 359 361 376 380 383 385 387 390 395 399 408 415 421 424 431 435 442 446 449 452 456 461 463 467 471 475 479 482 485 488 489 491 497 499 502 504 505 510 512 519 522 526 530 532 534 537 540 543 544 550 556 561 563 565 568 573 576 586 590 593 595 597 598 603 604 606 612 616 619 622 626 630 632 634 638 639 646 647 651 652 654 657 
208 245 258 269 272 280 281 290 300 304 308 311 314 321 328 330 333 337 339 342 346 349 355 358 360 365 379 381 386 387 389 393 397 403 409 418 423 426 432 437 444 450 451 453 457 462 465 468 475 478 481 486 489 493 494 496 501 502 504 505 506 511 516 522 524 528 532 536 537 540 542 547 548 554 558 564 565 568 571 574 577 587 594 596 598 602 606 608 612 615 617 618 620 624 628 633 636 640 644 647 649 651 653 657 661 663 
212 246 259 272 273 281 283 292 303 308 312 315 316 324 332 333 337 339 342 344 350 351 356 360 362 368 383 385 387 391 393 395 398 407 413 421 427 431 436 441 445 451 453 457 460 463 466 472 478 480 483 488 493 497 499 500 503 504 505 509 512 516 518 525 529 530 534 538 542 544 546 549 553 558 562 566 570 573 574 578 579 588 595 600 601 606 608 611 613 616 620 621 622 627 630 637 639 643 646 649 651 652 656 661 664 665 
214 247 263 273 277 283 284 295 305 309 316 319 320 326 335 337 341 342 344 347 354 356 358 363 365 371 387 391 392 396 397 400 402 409 415 425 428 434 440 445 449 454 457 459 464 468 471 475 481 483 487 492 494 501 502 505 509 513 516 519 523 525 529 532 536 538 541 545 548 550 551 554 558 559 566 568 573 576 580 584 585 591 599 602 606 607 611 614 617 620 624 628 629 633 634 640 644 647 649 653 657 661 664 665 668 669 
218 250 265 275 280 286 290 298 309 310 318 323 324 327 336 338 345 346 348 352 358 359 362 365 366 373 388 393 396 400 403 406 407 412 418 426 430 436 441 447 451 458 459 462 466 469 474 476 483 484 491 494 498 505 509 511 515 517 521 525 528 532 536 538 542 543 547 548 550 552 555 557 560 561 568 571 577 579 584 585 586 595 603 605 609 612 616 618 621 623 628 629 633 637 641 642 647 651 653 655 658 663 667 671 672 674 
221 252 269 276 283 287 293 299 310 314 319 324 327 331 338 342 347 349 352 356 359 362 364 366 368 375 389 394 400 404 406 407 408 414 422 429 433 438 445 451 453 461 463 467 468 471 477 479 487 488 493 495 499 509 512 515 519 522 526 528 532 535 539 542 546 549 552 553 556 557 560 561 565 569 572 575 579 582 587 590 593 598 604 608 613 614 620 621 622 624 630 634 635 638 642 645 649 654 655 656 659 667 668 672 675 676 
225 255 273 278 286 290 294 301 312 315 323 326 330 332 339 346 349 350 356 359 361 366 368 372 376 377 390 395 403 406 407 409 413 415 425 431 434 441 449 452 455 464 467 469 472 474 478 480 489 493 497 499 502 513 516 519 522 526 530 531 535 536 540 545 550 551 555 559 562 565 568 570 574 576 577 581 585 589 593 596 600 602 606 611 616 619 621 623 624 625 632 636 640 644 647 648 652 657 661 664 668 670 671 675 676 678 
227 258 277 279 290 293 298 304 313 318 324 330 332 335 343 349 351 353 360 362 363 368 372 376 378 380 392 399 404 407 408 411 415 419 426 432 435 442 452 453 456 467 469 472 474 476 479 484 490 495 498 501 506 515 520 524 525 530 531 532 537 541 544 549 553 554 556 562 563 569 570 571 578 580 581 585 587 592 594 599 601 604 609 614 619 623 624 625 626 628 636 637 644 645 650 653 656 660 663 665 671 673 677 679 680 681 
228 262 281 285 294 296 300 307 315 320 327 334 337 338 344 352 353 354 363 367 368 372 376 377 379 382 393 402 407 409 412 415 418 420 427 436 437 446 453 456 458 468 473 475 478 479 480 488 492 498 502 503 510 516 521 525 527 531 533 537 539 542 548 550 556 557 560 563 565 571 574 576 580 584 587 590 591 593 595 601 602 608 610 616 621 624 625 629 633 634 637 638 648 651 653 656 657 661 666 670 675 679 682 686 689 693 
230 266 283 286 297 299 303 309 317 324 329 335 339 340 347 356 357 360 364 371 374 375 377 380 382 386 397 404 410 412 413 418 420 423 429 438 442 448 457 460 462 472 475 477 480 483 486 492 493 502 506 507 511 519 523 528 531 532 535 539 540 543 550 551 557 558 562 565 569 573 578 582 585 588 592 594 595 598 600 604 608 612 613 619 623 626 628 630 634 636 638 641 652 654 657 658 662 666 668 671 676 683 685 688 693 696 
233 268 287 289 299 303 307 312 320 325 333 339 342 344 348 360 364 366 367 373 377 380 384 388 391 393 401 407 411 414 417 421 424 426 433 441 444 449 461 463 467 475 477 481 482 486 490 494 498 504 507 509 514 523 525 531 534 535 539 540 541 546 553 555 560 563 567 570 574 576 582 584 586 591 594 596 598 602 606 608 611 614 616 623 626 630 634 638 641 642 644 647 655 656 660 662 663 668 671 675 680 686 688 692 697 700 
234 272 290 293 303 307 308 314 322 327 337 341 344 346 352 361 365 367 369 374 381 382 386 390 392 396 404 411 412 415 419 423 427 429 436 443 446 453 462 465 469 478 479 485 489 490 491 495 499 505 508 510 518 527 531 535 538 541 544 545 549 552 557 560 561 567 568 574 578 579 584 586 588 592 596 597 601 606 610 611 612 618 622 624 630 633 638 640 644 647 650 654 659 660 662 665 669 672 673 676 682 690 694 697 698 704 
236 276 292 297 306 309 312 318 324 329 340 345 348 351 356 365 366 371 373 375 385 387 391 393 394 400 408 415 418 422 423 427 429 430 437 445 450 455 463 469 472 481 483 489 492 495 498 500 502 507 510 514 521 528 532 536 539 543 546 549 553 557 561 564 568 569 573 575 581 583 587 588 589 596 597 600 604 610 612 616 617 621 626 628 633 637 641 644 648 652 653 656 662 665 666 668 671 674 675 679 684 691 697 700 701 706 
239 278 296 298 308 310 314 321 328 331 344 348 352 354 357 366 369 373 375 376 386 391 393 397 400 404 412 419 421 424 427 429 432 433 439 447 451 457 464 473 474 482 486 490 495 496 501 505 508 509 513 518 522 529 534 539 543 545 548 553 556 559 562 566 569 573 577 581 582 586 588 590 593 599 600 604 606 612 613 617 620 623 629 633 637 640 644 647 649 656 657 659 666 667 671 673 674 677 678 681 688 693 701 703 705 707 
242 282 299 302 311 312 318 323 331 332 346 351 354 356 359 368 370 374 377 379 388 394 396 401 403 408 415 422 425 427 429 433 436 439 441 449 455 458 467 475 479 484 490 493 497 498 503 507 509 510 515 519 523 533 538 541 547 549 552 557 561 564 566 568 573 575 578 582 583 587 592 594 597 600 603 608 612 615 618 619 624 628 630 636 638 642 645 649 653 660 664 666 667 668 675 678 682 683 685 686 692 694 705 706 707 711 
246 283 303 306 313 315 319 326 335 337 350 353 357 358 361 372 374 377 380 382 391 397 400 402 406 409 417 426 428 429 431 437 439 443 446 452 456 462 469 478 483 488 493 495 499 502 504 509 510 514 516 522 525 537 539 542 549 550 555 558 562 566 567 571 577 581 584 585 587 590 596 598 599 603 606 611 613 619 622 623 626 631 632 639 643 644 647 650 655 662 668 669 670 673 677 680 683 685 689 690 695 699 708 712 715 718 
248 284 304 307 316 317 323 330 338 339 352 356 359 363 365 373 375 379 381 385 393 401 402 406 409 413 421 430 433 434 437 440 442 447 450 455 459 465 472 482 486 489 496 498 501 506 508 513 514 518 520 524 529 541 542 546 551 553 559 560 566 569 570 573 580 585 588 592 593 594 600 604 606 608 612 613 616 622 624 627 630 634 637 643 647 651 654 655 657 665 670 674 678 679 680 683 684 687 691 692 697 702 711 713 717 721 
