3 5 7 11 12 13 17 19 20 24 25 26 27 31 32 33 35 38 41 42 46 50 54 55 59 60 61 62 64 65 66 68 71 75 76 78 82 85 86 88 91 94 96 98 100 101 102 105 106 107 111 115 116 117 120 121 125 127 131 135 137 138 139 143 144 147 149 153 156 159 163 165 166 170 174 178 180 183 184 188 191 194 197 199 200 204 208 209 211 215 218 220 224 227 230 232 
7 9 10 15 18 22 26 27 30 31 32 34 38 39 43 45 47 48 52 55 56 57 59 63 66 67 68 72 74 75 76 79 80 82 86 87 88 91 95 98 101 103 106 108 110 113 115 116 117 120 123 124 128 130 131 135 139 142 144 146 148 150 153 157 158 161 163 167 169 170 172 175 179 182 183 187 188 191 194 196 198 200 204 206 208 211 213 215 217 221 222 226 227 228 234 238 
11 13 17 19 22 24 30 33 37 39 42 44 46 47 50 52 55 56 58 62 66 67 70 73 75 79 83 85 88 91 92 95 97 100 102 105 107 109 111 113 117 118 119 122 123 127 129 130 133 135 136 137 138 140 143 146 147 150 153 155 158 162 164 168 171 175 177 179 180 182 186 189 192 196 198 202 203 205 208 212 214 216 217 218 222 225 228 230 232 234 236 240 241 244 245 247 
13 16 21 24 26 27 34 38 42 43 44 48 52 54 56 58 62 65 69 71 72 75 76 79 80 81 84 86 91 93 94 96 100 104 108 112 114 117 119 122 123 127 130 134 136 138 140 144 146 149 151 155 158 159 162 166 168 172 176 177 180 184 187 188 191 193 196 200 203 205 207 211 215 219 222 226 229 233 235 236 238 239 240 243 244 246 250 251 255 259 260 262 264 265 269 271 
17 20 22 28 31 35 36 39 46 47 49 50 53 55 58 61 66 69 70 74 75 76 79 83 84 86 89 90 95 99 103 105 106 110 112 116 119 121 122 123 125 131 134 137 139 141 143 145 147 150 152 157 160 161 166 169 170 176 180 182 183 188 191 194 196 200 203 206 208 212 213 215 217 221 224 228 232 234 237 240 242 244 248 250 251 254 255 259 262 263 265 268 269 272 274 276 
21 22 23 32 36 39 40 43 47 48 53 56 58 62 63 64 68 70 74 75 79 82 85 89 90 93 96 98 100 104 107 108 110 111 116 118 122 125 129 132 135 139 141 144 145 146 150 154 155 159 163 164 166 168 169 171 172 177 181 186 188 192 193 195 198 201 204 207 210 215 218 222 224 225 226 229 233 235 239 242 246 247 251 252 255 259 262 266 267 269 270 273 274 278 279 283 
25 27 30 35 40 44 47 51 52 54 55 59 60 66 70 72 75 79 80 84 87 90 93 96 98 101 105 106 107 110 111 114 116 117 121 123 125 129 133 137 140 144 147 149 151 153 154 158 160 161 166 169 170 172 174 175 177 179 183 190 194 195 197 198 199 202 206 209 211 219 222 226 227 229 232 235 238 241 243 247 250 252 255 256 257 261 264 268 270 273 274 275 279 280 284 288 
27 30 33 37 41 46 49 53 55 57 60 61 62 69 72 74 78 80 84 85 88 94 97 100 104 107 108 112 113 114 115 116 118 119 122 126 128 133 135 141 142 146 150 152 155 158 159 163 165 167 169 173 175 176 179 181 184 188 190 193 196 198 200 204 205 209 213 215 219 223 227 228 232 235 238 242 245 249 250 253 255 259 262 266 270 273 275 276 280 283 285 289 291 295 297 298 
29 32 35 39 42 48 50 57 59 60 61 64 68 73 75 79 83 86 89 90 92 95 99 103 108 111 115 117 120 121 125 128 131 134 136 140 141 145 149 150 151 154 158 161 162 164 166 168 170 171 175 177 178 179 181 185 188 190 194 198 200 201 205 207 211 213 214 218 220 225 231 235 237 241 243 246 247 253 257 259 263 264 267 270 272 277 281 282 283 286 289 293 297 299 301 304 
30 34 39 40 46 50 54 59 63 66 70 73 74 76 79 81 84 88 93 94 97 99 100 107 112 116 118 121 124 127 129 132 135 139 141 145 148 151 154 155 156 157 160 165 167 168 170 174 177 180 184 185 188 191 195 196 198 202 205 208 211 214 218 221 225 228 231 233 234 236 239 243 245 248 249 253 254 255 260 263 266 268 271 275 277 280 285 289 291 292 295 299 302 303 307 311 
34 35 41 43 49 54 56 60 66 69 73 75 78 81 82 86 90 91 96 97 100 101 102 111 115 118 119 124 127 131 132 133 139 141 142 149 150 152 155 157 158 159 162 166 169 172 175 177 178 182 185 189 191 193 198 202 203 206 208 210 214 216 220 222 229 230 235 238 240 244 245 247 248 251 254 256 257 258 262 267 271 272 276 277 278 283 288 293 297 301 305 308 310 314 317 320 
37 41 44 45 51 57 58 62 68 72 76 77 79 83 86 90 94 98 100 102 104 107 111 115 118 122 124 127 128 134 135 139 140 142 144 151 152 155 157 161 165 169 172 174 177 179 182 184 187 191 193 196 197 198 202 203 206 209 210 211 215 219 222 223 230 231 238 241 245 247 250 253 256 259 263 266 268 270 273 276 279 281 284 287 290 294 297 300 302 304 309 313 315 318 321 323 
41 42 45 48 55 60 61 66 72 76 78 81 84 86 90 93 95 100 102 106 108 109 115 118 120 126 130 132 136 138 139 141 142 145 149 152 153 158 159 164 166 171 175 177 181 183 184 188 189 195 196 197 199 201 205 207 211 214 218 220 222 225 228 231 233 237 242 245 248 249 252 256 258 263 265 269 271 275 279 280 283 285 286 288 292 296 301 303 306 309 312 317 319 320 325 327 
43 45 49 52 56 63 67 68 73 79 82 86 89 90 93 96 98 103 105 107 111 112 117 121 124 130 133 134 140 141 145 146 150 154 158 161 162 165 169 173 175 179 182 185 187 190 193 195 198 202 204 208 212 216 217 220 223 224 227 231 234 236 237 238 239 242 243 248 249 250 256 260 264 266 269 270 274 277 282 286 290 292 296 299 302 305 306 309 312 315 317 320 322 326 328 332 
46 48 50 55 57 64 68 69 77 82 84 88 92 93 95 100 103 106 107 110 112 114 121 125 128 133 135 139 141 143 147 150 153 158 161 162 165 169 172 175 178 183 186 189 191 194 197 200 203 205 208 210 215 219 223 227 230 231 234 237 240 243 244 245 248 249 251 252 253 254 258 261 265 268 272 276 279 280 285 288 294 297 299 300 306 309 312 314 317 319 322 326 330 331 333 334 
47 51 55 57 61 67 72 75 79 83 86 90 93 97 100 103 107 109 112 114 117 118 124 127 132 136 140 142 145 146 149 152 154 161 163 165 168 173 177 180 183 187 189 190 194 195 199 202 205 208 211 214 216 221 226 231 234 235 237 239 242 245 249 252 256 257 258 261 265 267 268 272 274 277 281 282 285 286 288 291 295 299 302 306 309 311 314 316 318 323 325 329 333 334 338 342 
51 55 56 58 64 69 75 78 81 87 89 94 96 100 102 105 110 113 115 118 119 122 127 129 136 140 141 146 147 151 153 155 159 165 166 167 171 175 179 184 188 190 192 193 198 201 203 207 209 211 214 218 219 225 227 232 236 237 241 245 247 249 251 253 257 260 263 267 269 270 273 277 279 283 285 289 293 295 299 300 304 307 308 309 311 315 316 320 324 325 326 331 335 338 339 345 
52 56 58 61 67 72 79 80 83 88 90 97 101 104 108 111 112 114 118 122 123 124 131 135 138 144 145 147 151 155 159 162 163 166 170 173 177 181 184 185 191 192 196 198 200 203 204 209 212 216 219 222 224 227 231 235 240 242 246 249 250 253 255 257 261 263 266 270 273 277 281 285 289 293 296 299 303 306 309 312 314 316 318 319 321 325 327 330 331 334 337 341 345 348 352 355 
55 59 62 63 71 74 81 84 85 90 91 100 104 106 112 114 117 119 120 125 129 131 134 136 139 148 152 156 157 159 163 166 168 170 173 174 181 182 188 189 193 197 200 202 206 207 209 213 216 217 221 225 228 230 233 237 243 245 249 252 256 258 259 262 265 268 270 271 275 281 284 288 290 295 299 300 304 307 310 313 316 319 322 324 326 328 331 332 335 337 341 343 348 349 353 358 
59 61 64 67 73 76 84 87 88 94 96 103 106 110 113 117 121 122 123 128 132 134 138 139 141 151 153 160 164 166 168 169 170 174 177 179 185 187 190 193 195 200 201 204 207 211 213 214 217 218 225 229 231 235 236 240 246 249 250 256 257 262 263 266 267 270 273 274 278 284 286 292 296 299 303 307 310 314 316 318 319 323 326 330 331 333 336 340 341 342 344 345 350 351 354 359 
60 63 65 69 77 79 87 90 91 96 99 107 110 114 118 121 123 124 127 129 135 138 140 144 147 153 157 164 168 170 173 176 180 184 188 192 193 194 197 201 205 207 210 213 215 217 218 219 221 223 227 232 236 239 243 245 250 254 255 258 261 264 265 267 269 273 274 275 281 288 290 294 298 303 306 308 311 318 321 322 323 325 327 332 336 338 342 345 346 348 351 355 357 359 360 362 
61 65 69 71 81 83 88 92 96 97 103 110 112 118 121 125 126 130 134 135 136 140 144 147 148 154 159 168 169 173 175 177 182 186 191 194 196 200 204 206 208 212 214 215 219 220 221 223 226 230 232 236 239 242 245 248 254 256 260 263 266 268 270 273 274 277 278 281 282 290 291 297 299 305 307 310 314 319 324 325 326 329 333 335 339 341 344 348 349 353 357 358 362 364 366 369 
64 69 72 76 82 85 92 96 99 100 107 111 114 120 125 128 130 133 137 141 143 146 148 150 151 155 160 171 172 174 179 181 186 190 192 198 199 202 206 209 211 216 218 219 221 223 225 229 233 236 238 241 242 244 246 249 255 260 261 266 268 269 271 274 277 280 284 286 287 294 296 299 302 307 309 312 315 320 325 329 331 333 336 340 343 346 347 349 352 354 359 363 367 368 369 370 
67 70 74 77 86 87 94 98 103 106 109 113 117 124 127 132 133 136 138 142 145 150 154 157 159 160 162 174 177 180 182 184 189 191 193 200 202 205 208 212 215 220 224 226 228 229 233 236 237 239 243 244 245 248 249 252 257 262 264 268 270 274 278 279 283 285 289 290 292 297 301 304 306 311 315 318 319 323 326 332 335 336 337 344 346 347 349 351 354 356 362 365 370 373 374 375 
68 74 78 79 87 88 98 101 106 108 113 116 121 127 131 133 134 138 140 144 148 151 158 162 166 169 171 175 181 185 187 190 191 194 196 203 207 209 213 215 217 222 228 230 232 236 240 242 246 247 249 250 254 257 261 262 264 265 266 271 275 278 282 284 287 288 292 296 298 301 303 305 309 314 318 319 322 325 327 334 338 342 345 347 351 353 357 358 360 362 363 368 372 377 381 382 
69 76 81 84 88 90 102 105 107 109 117 120 124 131 134 137 139 143 147 148 152 153 161 165 169 170 175 178 185 189 191 193 195 197 200 205 208 213 215 219 220 224 232 236 240 244 246 247 251 255 256 260 264 266 268 272 273 277 281 283 284 285 289 290 294 296 300 301 304 307 311 313 315 316 319 323 326 328 330 337 342 346 350 352 354 355 360 363 365 369 371 375 379 380 383 385 
72 79 82 87 92 93 106 108 109 110 118 121 128 135 137 139 141 145 150 154 155 159 162 167 170 173 176 182 187 192 195 197 199 202 204 207 209 216 218 222 226 230 234 240 242 247 250 253 257 259 260 263 266 269 273 277 281 283 284 288 290 292 295 299 301 305 308 311 314 317 321 322 326 330 333 336 338 340 342 346 348 351 353 355 359 363 364 366 370 373 374 376 380 381 386 389 
74 83 85 89 94 98 109 111 113 114 120 124 132 139 140 142 145 146 154 157 161 163 167 169 172 177 181 183 188 196 199 200 202 206 208 210 213 218 221 226 227 232 236 242 245 250 253 257 259 260 261 266 267 273 274 279 283 286 289 292 296 298 302 304 307 311 313 314 318 319 323 325 329 334 336 339 343 346 350 351 352 353 356 360 362 367 370 371 375 378 380 381 385 386 389 391 
78 84 88 90 96 102 113 116 117 120 123 125 135 142 144 146 147 150 158 159 163 166 168 171 175 180 184 185 190 197 203 207 210 212 213 217 220 221 225 227 228 236 240 245 249 252 256 258 262 265 267 270 274 277 278 280 285 287 290 294 300 302 306 309 313 316 317 321 324 326 327 328 333 336 340 341 347 348 352 353 356 360 364 365 366 369 374 376 379 382 386 387 390 393 396 398 
80 85 89 92 99 104 116 118 120 124 125 127 139 144 148 152 154 156 161 164 167 169 170 175 176 182 186 188 194 198 204 210 211 216 220 221 225 226 230 233 235 237 243 248 252 256 258 261 265 266 269 271 277 280 281 282 289 292 295 297 303 307 310 314 315 318 319 323 328 330 333 335 339 342 343 345 351 352 355 359 360 362 365 369 371 375 379 381 385 387 390 392 395 398 400 401 
82 89 93 95 103 105 117 122 123 126 128 129 142 148 150 156 159 163 166 170 174 177 179 182 184 186 188 192 196 199 205 214 216 217 224 228 231 234 237 239 241 243 245 251 256 259 260 263 269 270 273 274 279 282 285 287 291 296 297 301 305 310 314 315 317 320 323 325 331 334 338 339 340 343 345 348 352 356 360 364 368 371 374 377 378 379 383 385 387 390 393 396 397 399 402 403 
85 90 96 100 106 107 120 125 128 131 135 136 146 150 151 160 163 165 169 171 175 178 180 186 189 192 194 197 201 203 206 217 219 223 226 230 232 235 238 240 244 246 248 255 259 261 263 264 273 275 277 280 284 287 291 294 295 299 300 305 308 313 315 317 320 323 327 328 334 337 339 343 347 349 350 352 353 359 362 368 371 375 377 380 383 385 389 393 397 398 402 406 407 410 411 413 
88 91 98 104 110 111 121 127 132 135 137 139 150 153 154 164 166 169 173 177 180 183 185 190 194 196 198 200 202 205 209 218 221 226 229 233 236 240 241 243 245 249 253 257 261 265 266 270 274 279 283 287 291 292 296 299 301 304 307 308 312 317 318 322 325 328 332 334 335 340 341 346 351 353 356 358 360 364 368 370 374 378 380 384 387 389 391 395 399 402 403 407 410 412 415 418 
90 92 102 105 113 117 122 131 134 137 138 140 154 156 160 165 169 170 177 180 182 184 188 192 198 200 203 206 208 212 213 222 223 229 230 234 238 243 245 247 249 252 257 258 264 269 272 276 279 282 285 288 294 296 297 303 305 306 310 313 314 321 322 324 326 331 333 337 340 342 345 349 354 357 358 360 362 368 372 376 380 382 385 389 391 392 394 399 400 406 407 411 415 417 419 422 
94 98 106 110 117 121 123 134 135 141 143 144 157 159 163 166 172 176 180 183 187 189 190 195 200 204 205 209 210 213 217 224 225 230 234 236 242 245 248 251 252 255 259 260 267 270 275 280 282 284 286 289 296 298 299 305 308 311 313 315 319 324 328 330 332 333 335 340 343 347 350 351 358 360 363 364 368 371 375 378 381 384 388 393 397 398 399 400 402 409 411 412 417 418 420 424 
96 99 109 112 118 122 127 137 139 145 148 151 160 164 168 169 176 179 182 186 188 192 196 200 203 207 209 213 217 221 222 228 232 236 240 244 248 251 252 254 255 258 260 261 270 273 278 283 285 286 287 292 300 303 307 311 313 317 319 320 323 325 331 334 337 341 344 345 347 351 353 357 359 364 368 369 373 377 379 380 383 388 391 394 401 403 406 407 411 412 414 418 420 424 426 430 
97 101 110 114 119 126 128 141 142 148 151 155 164 165 170 172 179 181 183 189 191 195 198 201 205 208 213 216 218 222 223 230 233 240 242 246 249 253 255 258 259 263 267 269 271 275 282 286 287 291 295 298 303 305 311 315 317 319 321 322 326 328 335 336 338 342 346 350 352 354 355 359 363 365 371 374 377 378 383 387 391 393 396 400 403 405 407 409 412 416 420 421 425 426 429 432 
100 102 114 118 123 127 129 144 147 151 154 158 168 169 173 177 182 183 187 191 195 196 199 203 206 211 215 218 222 225 227 233 235 244 248 249 251 257 261 262 264 268 272 275 278 282 285 289 291 294 297 299 305 306 315 318 321 322 325 327 330 332 339 343 345 347 349 353 356 359 362 364 365 369 373 377 379 380 385 388 392 394 398 401 404 406 410 413 416 419 422 423 426 430 432 434 
103 107 115 119 126 130 131 148 152 154 155 161 170 173 174 179 183 184 188 194 197 201 203 207 208 213 217 222 225 228 232 235 236 245 252 255 259 262 263 265 269 272 273 277 279 285 287 292 296 298 302 303 306 310 319 322 325 329 331 334 336 337 340 344 348 352 354 356 358 363 365 369 373 377 381 383 384 387 390 391 396 399 401 403 407 409 414 418 422 425 429 432 433 437 439 441 
104 111 116 121 128 134 138 149 156 158 160 164 171 176 180 182 185 188 191 195 200 204 208 210 211 214 219 224 228 230 235 237 238 247 256 260 263 265 268 271 273 275 279 282 286 290 292 294 300 302 306 308 310 314 323 326 327 332 334 336 338 340 343 348 350 356 357 360 362 367 371 373 375 381 385 388 391 393 394 397 400 402 404 405 409 413 418 421 423 428 431 434 435 440 441 444 
105 114 118 125 130 135 142 150 158 159 164 166 172 179 181 185 186 192 193 197 202 207 212 213 217 220 224 225 231 235 238 241 245 250 260 264 266 269 272 274 277 281 284 285 288 293 296 297 303 307 309 312 315 319 327 331 335 339 343 344 346 347 348 351 353 359 363 365 368 372 376 378 380 385 386 389 394 395 399 403 406 409 413 415 417 420 424 426 430 432 435 437 440 443 444 445 
109 115 119 129 132 136 146 153 159 162 166 167 174 181 184 189 193 196 198 201 205 209 216 220 224 225 228 231 233 236 241 244 247 251 262 268 272 275 276 279 280 282 286 287 291 297 298 301 304 309 313 314 316 323 330 334 339 343 347 350 353 355 356 360 363 366 369 370 372 376 378 379 381 386 390 393 395 397 403 405 407 412 417 418 422 425 428 432 434 438 441 442 445 449 451 454 
113 117 121 133 136 138 147 155 162 166 168 172 178 182 185 193 195 197 199 204 206 210 220 224 226 228 231 233 237 240 243 247 248 253 265 269 274 278 280 284 288 290 291 295 299 300 304 308 309 312 314 317 318 326 332 336 340 345 349 354 355 356 359 361 367 371 374 378 381 383 387 388 392 393 395 397 401 403 406 407 410 415 419 421 424 429 431 436 437 439 443 445 447 452 455 456 
117 118 122 137 140 141 150 156 166 167 169 176 180 186 190 194 197 198 201 207 208 211 222 227 229 232 234 235 238 242 244 249 253 255 269 270 277 279 282 288 290 291 292 296 300 303 308 311 312 314 316 318 322 330 336 339 344 348 351 355 356 359 361 362 370 372 376 381 383 386 391 394 396 400 402 405 406 409 411 415 419 422 424 428 431 434 436 437 440 443 445 447 450 453 458 460 
120 123 126 141 144 146 154 160 168 169 172 179 183 188 194 198 202 205 209 211 214 217 224 231 233 235 238 240 242 245 248 252 255 256 270 273 279 283 284 289 291 293 294 299 303 305 311 312 315 316 319 321 324 333 339 340 345 351 354 356 359 361 365 369 371 373 377 383 386 390 395 398 401 403 406 409 413 416 419 423 427 431 433 434 437 438 439 442 445 448 451 454 456 458 460 462 
123 126 127 142 145 149 155 162 171 173 176 180 186 192 198 199 205 206 210 214 215 218 228 232 235 239 241 244 248 251 252 255 259 260 272 277 282 284 287 293 295 298 300 302 307 310 315 318 319 322 326 329 331 336 341 343 348 352 358 361 364 367 368 370 372 377 380 386 390 391 399 403 405 406 407 412 415 417 420 427 430 432 436 440 444 447 451 455 456 459 460 462 463 466 470 474 
127 131 134 146 150 151 159 164 174 175 179 181 188 193 200 202 209 211 213 215 218 220 229 235 238 243 244 248 252 253 254 259 262 265 275 280 285 289 291 297 301 304 308 310 311 314 318 322 324 326 328 331 334 340 344 348 350 353 361 363 368 372 373 376 379 383 385 390 394 395 401 406 409 413 416 418 419 422 426 430 434 436 437 441 448 451 452 456 460 462 464 467 471 475 476 479 
128 132 135 148 151 153 163 168 178 180 184 185 190 196 204 205 213 216 218 219 222 224 231 238 239 245 248 250 253 256 260 262 266 269 278 282 286 291 295 299 302 305 310 313 314 317 320 324 327 330 331 335 339 341 345 350 352 355 363 365 370 373 376 377 380 385 386 391 397 399 403 410 413 416 420 422 424 427 430 431 436 437 440 443 449 452 456 459 461 465 466 468 472 479 481 485 
132 134 139 149 154 156 165 172 181 185 189 190 192 200 207 211 217 220 223 226 230 232 233 242 243 248 249 254 257 261 262 266 267 271 280 284 290 294 296 301 304 307 314 318 322 326 327 331 335 339 343 344 346 349 352 353 356 360 364 368 373 376 378 382 383 389 391 394 398 402 406 414 416 419 423 424 428 431 433 437 440 441 444 445 450 456 460 462 464 469 472 475 476 481 482 488 
135 138 143 153 158 159 166 174 185 188 190 193 197 202 209 215 220 223 226 229 232 235 237 245 246 249 251 257 259 265 266 270 271 274 282 285 293 296 300 303 308 309 317 320 325 328 329 335 336 342 344 346 348 353 356 358 362 363 368 372 376 380 382 383 386 390 392 398 399 405 408 416 418 420 425 427 430 433 435 439 443 445 448 451 454 459 461 466 467 472 473 479 483 484 485 489 
139 143 144 157 161 164 170 175 187 191 194 196 201 204 211 217 222 225 227 230 236 237 239 249 253 257 260 264 267 269 272 275 277 279 286 287 294 299 301 307 311 313 319 324 329 331 332 339 340 345 349 351 355 358 359 363 367 368 369 375 377 384 385 388 389 392 393 402 406 408 411 418 422 425 427 430 431 434 439 440 445 448 450 455 457 461 462 467 471 476 479 480 484 487 488 491 
141 146 150 160 164 167 171 178 191 194 198 202 206 210 215 218 226 229 231 232 240 242 245 251 257 260 262 268 271 272 273 276 280 282 288 290 297 300 303 310 314 315 321 325 332 333 334 342 344 346 352 355 358 361 364 367 371 375 379 381 384 385 389 392 394 397 400 403 407 410 413 421 425 427 431 432 435 437 442 444 448 449 453 459 462 465 466 471 475 477 481 483 485 490 493 497 
142 148 154 164 167 170 173 180 195 197 202 204 208 212 219 221 229 233 237 238 244 245 246 254 258 261 263 270 275 276 279 283 287 291 295 299 301 304 306 312 318 322 326 327 335 337 339 344 348 351 355 356 360 363 366 368 372 379 381 385 387 389 393 394 395 400 401 405 409 413 417 423 429 430 433 437 441 443 445 449 453 457 460 463 467 470 471 473 478 481 482 487 490 492 496 498 
146 151 155 168 170 173 174 183 199 201 205 209 213 216 221 225 230 236 241 242 248 251 253 257 262 263 265 273 278 279 281 287 290 293 297 301 303 305 310 315 321 326 330 334 337 340 343 345 349 352 358 361 364 367 370 374 378 382 384 387 388 390 396 398 401 403 407 410 413 416 419 426 433 436 438 439 445 446 450 454 458 461 464 467 469 472 474 476 481 485 486 490 492 493 498 500 
147 153 159 171 174 177 181 187 202 203 207 213 214 220 223 227 232 239 244 248 251 252 254 258 266 267 270 276 279 283 285 289 294 295 298 305 308 312 315 318 323 330 333 336 339 341 344 347 351 356 360 365 366 368 371 378 380 385 388 391 393 396 400 403 404 408 409 413 415 420 423 430 436 438 440 443 446 448 451 456 459 462 466 471 474 476 480 482 484 486 487 494 496 498 500 503 
150 154 162 174 178 182 183 189 204 208 211 214 218 224 226 228 235 241 248 250 255 258 260 263 269 272 276 279 282 284 286 291 296 297 301 308 309 314 319 320 324 334 337 338 341 344 346 348 353 360 363 366 370 373 374 379 382 387 390 394 395 400 403 407 411 415 417 418 422 423 425 431 438 440 441 447 448 449 452 460 461 464 469 472 476 479 481 484 488 490 492 497 501 503 505 508 
154 157 163 177 179 184 186 190 206 209 212 217 221 227 231 233 236 245 252 254 258 262 265 268 270 275 279 281 285 287 288 293 300 303 304 309 311 315 321 325 329 338 340 342 343 348 350 353 356 361 367 370 371 377 379 381 386 390 391 396 398 402 406 410 413 417 418 420 425 429 433 436 441 442 443 449 452 456 457 463 464 465 473 476 479 480 482 487 490 491 495 500 504 506 510 512 
158 159 164 180 183 185 190 193 210 213 217 221 224 230 232 234 240 249 255 257 261 263 266 270 272 278 282 286 290 294 297 300 303 304 308 313 316 318 324 329 330 339 341 344 346 351 353 354 359 364 370 374 375 379 382 386 387 391 392 397 400 406 409 412 414 418 421 424 429 432 435 438 445 446 447 451 455 458 461 467 470 473 477 479 481 482 486 490 491 495 496 503 506 510 511 514 
161 165 169 181 186 188 191 195 212 214 219 225 228 234 236 239 244 251 257 259 264 265 270 274 275 279 284 289 294 296 298 303 307 308 309 317 320 323 328 332 334 340 344 345 348 353 355 359 360 368 372 377 381 384 385 390 392 393 394 399 403 410 411 414 417 422 425 429 431 434 436 439 448 452 455 457 460 461 463 471 474 477 481 483 485 489 492 493 494 498 500 504 509 513 516 519 
162 167 170 185 188 191 195 196 214 218 220 228 230 235 238 241 245 253 261 265 268 271 272 277 278 281 286 290 295 297 301 307 310 312 313 319 324 326 331 336 340 344 347 348 351 357 360 363 367 371 374 381 383 385 388 394 396 398 401 405 408 411 413 416 418 424 426 431 434 435 437 441 450 456 458 462 463 465 468 474 476 480 484 486 488 491 496 498 499 501 505 508 510 515 518 520 
163 168 172 187 190 195 199 200 215 220 221 229 231 236 239 243 249 256 264 266 270 275 277 278 282 285 290 292 297 300 302 310 312 316 317 322 326 330 334 337 342 348 351 352 354 361 362 364 369 375 378 382 384 386 391 397 399 401 402 407 411 415 419 421 425 427 430 432 438 442 446 447 454 458 462 463 464 469 471 477 479 481 487 490 492 495 497 500 501 502 506 511 514 519 521 525 
164 169 174 191 193 197 200 204 219 221 222 233 235 237 241 247 250 257 265 268 272 279 281 284 288 292 296 297 299 303 305 313 316 318 322 324 330 332 336 338 345 351 355 356 357 362 363 366 373 378 380 385 389 393 397 398 403 404 408 411 413 419 420 423 426 428 433 434 442 446 450 453 458 461 463 467 470 472 473 479 481 484 489 494 498 499 502 503 504 505 508 514 515 522 523 527 
165 172 177 195 197 198 204 208 220 222 225 237 238 241 243 251 255 259 267 271 276 280 283 286 290 295 298 300 301 304 308 317 320 322 325 327 331 334 338 339 348 352 357 359 360 364 365 370 377 379 382 389 393 395 401 404 406 410 411 413 417 420 421 427 428 432 436 438 445 447 454 455 460 463 466 469 474 475 479 482 484 488 493 498 501 504 505 506 510 511 513 518 522 525 528 529 
168 173 178 197 199 201 206 212 222 226 227 238 241 244 246 254 259 262 271 273 280 281 284 289 292 298 301 304 308 310 313 318 322 326 327 329 333 338 340 342 350 355 360 362 366 370 373 377 378 382 384 390 397 399 405 406 408 411 413 417 420 423 426 429 431 436 440 441 449 450 455 456 461 467 469 472 477 478 480 484 487 492 497 500 504 506 508 512 515 519 521 522 526 528 532 534 
171 175 179 201 204 205 207 213 225 230 234 241 245 246 250 255 261 265 274 275 281 283 288 293 296 301 303 305 311 314 315 322 326 328 332 334 338 339 344 346 353 359 362 363 368 373 374 379 383 387 388 391 398 402 407 410 411 412 414 421 425 428 430 431 433 440 443 444 452 453 457 460 462 469 470 476 480 481 482 487 489 495 498 502 508 509 510 515 517 523 527 528 532 536 540 542 
172 177 180 202 207 211 215 219 228 234 238 243 246 248 252 256 265 268 278 282 283 284 292 294 300 305 306 307 315 319 322 324 330 333 337 340 343 347 351 355 356 363 366 370 373 377 380 384 388 390 391 393 399 403 411 413 417 419 420 425 426 429 431 434 435 443 447 451 453 456 460 464 467 470 472 478 481 485 489 490 493 496 499 503 509 512 514 518 520 526 530 531 533 538 541 544 
176 181 183 206 211 214 217 223 229 238 242 245 248 251 255 257 267 272 282 283 284 287 296 299 304 306 307 308 319 323 324 328 331 337 339 344 346 351 352 357 358 364 369 372 375 379 383 387 390 391 393 394 401 404 413 415 421 422 424 429 430 433 436 440 444 446 449 452 456 457 462 467 470 474 478 479 482 488 493 497 500 503 504 505 510 514 518 522 524 529 532 534 538 541 543 547 
179 185 187 210 213 216 218 227 231 241 246 250 252 255 258 259 271 274 284 288 289 290 297 303 305 307 311 313 321 325 327 330 335 339 341 347 348 354 358 361 362 365 373 375 377 380 384 390 392 395 399 402 403 406 415 417 422 425 427 430 431 434 440 441 448 451 454 458 460 463 464 470 473 478 480 482 486 491 497 498 503 507 511 513 516 519 521 524 525 533 536 537 540 545 547 551 
180 189 193 213 216 219 220 228 233 243 248 254 257 260 264 266 272 275 285 292 296 300 304 305 309 311 313 314 325 327 328 333 339 343 346 351 352 357 360 364 366 368 376 377 381 384 386 392 395 399 400 404 405 409 419 421 424 429 433 437 440 444 446 448 451 453 457 459 462 464 467 472 476 482 484 486 487 492 498 502 506 509 513 515 517 522 524 526 527 534 539 543 545 548 551 553 
182 192 196 214 217 222 225 232 237 246 250 256 261 262 267 271 273 276 289 296 300 301 305 306 310 312 315 318 326 328 331 337 340 346 349 355 358 359 362 367 369 370 377 381 384 385 387 395 398 400 402 405 406 410 422 425 426 430 437 438 442 446 448 449 453 457 460 462 465 469 471 475 478 483 485 488 490 493 500 504 507 513 516 520 521 526 529 531 532 535 540 547 549 551 552 555 
185 195 198 218 219 226 230 235 241 247 254 257 263 265 269 273 274 278 290 300 301 304 309 313 314 318 320 322 327 332 336 341 345 349 352 359 362 366 368 369 372 373 379 382 386 387 388 396 400 402 406 409 410 413 425 426 427 433 438 439 446 449 450 452 454 461 463 464 468 473 475 479 480 485 489 493 497 500 501 508 511 517 518 524 525 527 531 534 536 540 543 548 553 555 558 560 
187 196 200 221 225 227 231 239 242 251 257 261 266 267 273 276 279 283 291 301 302 306 313 315 318 319 323 324 331 335 337 342 346 353 355 362 363 368 369 373 376 377 383 386 389 391 395 400 402 403 408 412 415 419 428 432 433 436 439 440 449 451 453 457 460 463 467 471 473 474 477 483 486 490 492 494 501 502 506 511 515 518 520 525 529 533 535 537 539 541 545 551 554 557 561 563 
191 198 204 225 226 228 232 243 245 253 260 264 270 271 275 278 283 285 295 305 308 312 317 318 320 324 325 326 332 336 340 344 347 355 357 363 367 371 372 376 380 382 385 388 393 397 401 403 404 406 410 414 416 421 432 433 437 439 441 442 451 453 455 458 462 467 471 474 476 479 481 487 491 494 497 500 504 506 509 513 518 522 524 529 533 534 539 542 544 546 550 554 555 561 563 564 
194 199 205 226 227 232 236 245 246 254 264 268 273 274 278 282 284 286 296 308 312 316 320 324 326 329 332 335 337 340 341 345 348 358 359 367 371 375 377 381 382 386 390 392 396 401 403 405 407 410 411 416 419 424 435 436 439 441 444 446 455 458 459 462 465 469 475 478 480 483 484 489 494 495 501 505 509 510 512 517 519 525 528 533 534 535 540 543 546 548 553 555 557 563 564 566 
196 202 207 229 231 235 238 247 250 257 265 269 277 279 283 284 288 292 299 312 316 317 322 328 330 334 336 337 340 342 346 349 352 362 364 370 375 378 382 383 385 387 393 396 397 404 408 412 413 417 420 424 428 429 438 439 443 444 448 449 458 459 460 464 466 470 477 481 483 487 491 494 495 496 502 507 510 513 517 519 521 528 530 535 536 539 544 545 547 551 556 560 562 567 569 570 
200 205 209 230 232 239 241 248 253 259 268 272 278 283 286 290 293 297 301 315 320 321 326 329 334 335 339 343 347 349 351 352 354 363 367 372 376 382 385 387 388 392 395 397 400 408 409 413 416 421 425 428 431 432 439 440 447 449 450 452 460 463 467 469 471 474 480 483 486 488 494 495 498 501 504 510 513 517 521 524 527 532 534 537 538 543 546 550 552 554 558 561 565 569 572 573 
204 209 210 233 237 243 245 249 256 260 271 275 279 285 288 292 294 298 305 316 324 327 328 332 337 339 343 344 348 350 355 359 360 367 368 376 380 386 389 392 396 397 400 401 403 409 412 417 419 422 429 432 436 440 442 443 451 453 455 458 463 465 468 471 474 478 483 487 489 493 496 499 503 504 508 514 516 520 525 528 531 535 536 541 543 544 550 553 557 560 561 565 568 572 574 576 
208 213 215 235 240 244 248 253 260 263 273 278 282 286 291 296 297 301 306 317 325 328 331 333 340 342 346 347 352 356 359 363 367 370 372 378 382 390 393 397 398 402 406 409 410 412 414 419 422 426 430 435 438 441 444 446 453 454 458 461 465 467 469 474 476 480 487 488 493 494 497 502 505 509 510 515 520 523 527 532 534 536 539 542 546 550 553 555 559 561 565 567 571 575 576 577 
210 216 218 239 243 248 249 257 264 268 275 280 283 290 292 298 300 304 309 319 328 329 334 336 342 345 348 350 353 359 360 366 370 371 373 381 385 391 395 401 403 405 407 413 415 419 420 424 425 429 434 436 439 442 445 449 456 459 461 463 467 471 473 478 479 484 490 493 495 497 501 506 507 511 512 518 522 524 531 533 538 539 541 544 550 553 556 559 563 564 568 569 573 576 577 581 
213 218 219 242 246 251 254 261 266 271 276 283 285 294 296 300 303 308 311 320 331 334 338 342 344 347 350 353 357 361 362 370 371 375 377 385 388 392 397 404 407 408 409 416 417 421 424 425 428 431 438 441 445 448 449 453 459 461 465 466 468 474 478 480 481 485 492 495 499 500 503 508 510 512 516 521 526 527 533 534 540 541 543 546 553 556 557 563 565 568 569 571 576 578 582 584 
215 222 226 244 250 252 257 264 270 274 277 287 291 295 298 301 306 310 312 322 334 336 341 343 348 350 351 354 359 364 365 373 377 379 381 388 391 396 400 406 410 412 416 419 421 424 425 427 432 433 442 445 448 450 451 454 461 465 466 468 472 478 481 484 488 491 495 498 501 503 504 512 514 518 521 525 529 533 534 537 544 545 548 550 554 558 560 564 567 570 572 575 579 582 583 588 
217 224 228 245 251 253 259 268 272 277 280 289 292 297 301 304 309 312 315 326 338 341 344 346 349 354 356 357 362 365 366 374 378 381 384 391 393 397 402 409 412 413 419 423 424 426 429 432 434 436 446 449 453 457 460 463 466 469 473 477 478 480 483 485 492 495 499 503 507 508 510 516 520 524 526 530 531 536 537 541 545 546 552 553 556 560 563 566 568 571 576 579 581 585 587 589 
219 227 232 246 252 256 261 269 275 281 285 292 295 300 302 308 312 314 318 328 342 344 346 347 353 355 360 364 366 367 368 375 381 382 385 392 395 401 404 411 416 417 420 425 427 429 430 436 439 443 448 451 454 460 464 465 468 472 475 481 482 486 488 492 494 497 501 506 511 514 516 518 522 526 529 534 536 540 544 548 549 551 553 555 559 564 565 568 571 575 580 584 588 592 593 595 
220 231 234 247 254 258 264 271 277 282 287 293 297 303 307 312 316 320 322 330 346 349 353 354 358 362 365 367 370 371 375 379 382 386 388 393 398 405 407 415 420 421 424 429 430 434 438 441 445 448 450 455 458 463 468 469 471 474 476 485 487 488 490 494 495 501 504 509 514 517 520 521 526 528 530 535 538 543 546 550 551 553 555 557 561 568 569 572 573 576 583 588 592 594 595 596 
221 233 235 251 257 261 266 272 279 283 290 295 300 305 308 313 319 323 327 332 347 351 354 357 359 365 369 370 373 375 378 380 385 389 393 397 401 408 412 417 422 425 427 432 436 440 442 443 446 449 454 457 462 465 469 473 475 477 480 487 488 492 493 496 497 504 507 511 517 518 523 527 531 533 536 537 539 545 548 552 553 556 557 558 562 570 573 574 576 579 585 591 593 595 599 603 
225 236 240 255 259 263 267 275 280 285 291 299 302 307 312 317 320 327 331 334 348 354 356 361 365 366 370 373 375 376 380 382 386 392 397 398 404 411 413 418 425 428 429 433 437 444 446 448 451 452 456 459 464 468 470 477 479 483 487 488 489 495 497 498 500 506 511 513 520 523 527 529 534 537 539 540 544 547 551 553 555 557 558 561 564 572 574 575 578 581 588 592 595 597 601 606 
228 238 243 256 262 264 271 276 284 286 292 303 307 309 316 318 324 330 334 337 352 355 357 365 367 369 371 375 379 383 387 389 391 393 400 402 406 414 415 419 427 432 436 437 439 446 450 452 454 457 458 460 468 472 474 478 481 486 490 492 495 496 501 502 506 508 515 517 523 526 530 531 537 539 540 543 548 551 553 556 559 560 564 565 569 574 575 578 581 585 592 595 596 600 604 609 
229 240 245 257 266 270 275 280 287 291 294 305 310 314 318 320 325 333 338 342 353 358 359 369 372 374 376 380 384 388 389 391 395 397 403 404 408 416 420 424 428 435 439 442 445 448 454 455 456 461 464 467 472 473 478 480 485 490 494 498 499 500 502 503 509 511 516 518 524 530 534 538 539 542 543 547 550 552 554 559 563 567 568 570 573 577 580 582 585 586 593 596 598 604 608 613 
232 243 248 258 267 271 277 283 289 292 298 308 313 317 319 323 329 334 341 343 357 361 362 370 376 377 380 381 388 391 393 394 399 403 406 410 414 419 424 426 431 439 440 446 449 453 458 459 462 463 465 471 473 476 482 484 487 493 497 501 505 507 510 511 514 518 522 523 526 533 538 542 543 544 548 551 554 557 561 564 566 571 572 573 576 578 583 584 587 588 596 598 599 605 609 617 
234 245 250 262 271 274 278 284 292 295 299 312 316 319 321 325 331 336 342 347 361 364 367 372 380 383 386 388 392 393 395 396 401 406 409 412 415 421 428 430 435 443 446 450 451 457 460 463 467 471 472 476 479 481 484 487 489 494 501 505 507 510 514 517 518 522 525 528 530 536 541 543 547 551 554 557 561 564 565 567 571 572 576 577 581 582 587 589 590 593 600 601 605 608 612 620 
238 248 252 263 273 276 279 288 296 300 301 314 317 321 322 327 335 337 344 349 362 367 371 375 382 384 389 393 394 396 400 401 404 408 412 415 419 422 430 434 439 444 447 452 454 461 464 467 470 473 475 479 480 485 486 490 493 496 505 509 513 516 518 519 520 523 529 531 534 538 542 547 548 553 555 560 562 566 567 569 575 576 579 580 584 587 590 594 598 601 605 607 609 612 614 621 
240 249 256 266 274 277 280 292 300 304 307 315 319 324 328 329 336 338 346 352 365 371 374 379 386 387 391 394 395 400 403 407 409 412 414 417 421 423 431 436 443 448 451 454 455 463 466 468 472 475 479 481 483 488 490 494 495 497 508 512 516 520 524 525 529 530 531 532 535 542 544 550 554 558 562 565 566 570 574 578 581 582 584 588 592 594 597 601 604 605 609 610 614 618 621 624 
242 251 257 269 275 278 281 294 304 308 311 319 322 326 331 333 340 342 348 353 366 375 379 381 388 391 395 399 400 403 404 409 412 413 415 421 423 427 435 438 447 450 452 457 459 464 470 474 478 480 482 486 490 491 494 497 499 500 511 515 519 521 527 531 535 536 540 542 543 546 548 553 556 559 564 567 570 571 578 582 583 584 588 589 595 598 601 603 608 611 612 613 617 620 624 625 
246 254 261 272 277 281 285 296 308 312 316 321 323 330 335 339 344 346 350 354 370 378 380 382 390 392 398 400 401 407 410 412 416 417 419 424 427 430 438 442 448 453 456 461 462 468 471 478 479 481 486 487 491 492 495 498 502 505 513 516 521 523 530 535 538 539 544 546 547 548 550 557 560 564 567 569 572 574 581 586 590 592 594 598 600 602 606 608 610 613 616 620 621 625 629 630 
250 257 262 275 281 284 287 297 309 313 317 324 325 334 338 343 346 348 352 358 371 379 382 384 394 398 401 402 406 408 413 414 417 419 422 428 430 433 439 444 450 457 460 465 469 473 477 480 483 484 490 491 495 498 500 503 504 509 514 517 522 526 533 539 540 544 546 547 549 553 557 559 563 565 568 570 575 578 582 587 594 597 601 604 608 612 615 619 620 622 625 629 632 635 637 640 
253 259 264 279 283 286 290 301 311 314 321 328 330 338 341 346 347 350 354 360 374 383 385 389 397 400 402 405 409 413 417 420 421 423 425 431 435 438 443 445 452 458 461 467 471 477 479 481 485 488 494 498 500 501 505 509 510 512 518 520 526 528 537 541 545 547 548 552 555 557 560 562 565 567 571 574 579 582 583 588 595 601 605 607 611 614 617 623 624 626 628 632 634 638 642 646 
