3 7 8 9 13 15 18 21 24 27 31 34 37 41 44 48 49 52 53 55 56 59 63 64 66 68 70 74 76 78 79 82 84 85 86 88 92 94 97 101 103 107 110 111 115 116 118 121 124 127 130 133 134 136 139 141 143 145 148 149 153 156 160 162 164 165 168 169 172 174 175 177 178 181 182 183 187 191 195 197 200 202 205 206 207 210 211 214 215 216 217 219 220 223 224 
6 9 11 15 19 22 23 26 28 31 32 37 38 45 46 52 53 57 59 61 62 66 67 70 72 76 78 81 85 89 92 95 97 101 104 107 111 115 117 120 121 122 123 125 128 131 133 134 138 141 144 148 150 152 153 154 155 157 158 160 161 164 167 169 171 172 174 176 179 183 187 188 191 193 195 197 198 202 206 208 210 214 217 219 220 224 226 230 233 237 238 240 243 246 250 
10 14 16 18 20 24 28 30 32 34 36 40 41 47 50 56 58 59 60 62 63 68 69 74 77 81 84 85 87 92 96 100 103 104 105 108 113 118 120 122 126 130 131 134 137 138 139 140 144 145 147 151 152 155 159 161 162 164 165 166 169 172 173 174 176 180 182 185 188 190 194 197 199 202 204 205 207 211 213 217 218 220 222 226 229 230 233 236 238 240 242 246 249 251 254 
11 16 17 20 22 25 31 32 36 40 43 44 48 50 54 60 62 65 67 71 74 76 79 83 87 88 92 95 96 99 103 105 109 113 114 115 118 122 125 128 131 135 137 138 140 142 143 146 147 151 152 153 154 157 162 165 168 170 172 174 175 177 180 181 182 185 186 187 191 194 195 201 202 204 206 207 210 212 214 219 220 224 228 229 233 235 239 242 243 246 247 250 253 257 260 
15 18 21 25 26 29 34 38 39 43 44 46 52 53 55 63 66 68 72 75 79 82 83 87 88 91 95 98 102 106 107 111 112 116 117 121 123 127 128 130 134 138 141 144 145 148 152 156 160 164 166 169 172 174 178 181 184 185 186 187 188 189 190 191 192 194 195 197 200 202 206 210 214 216 219 220 221 225 226 228 229 233 234 236 237 241 242 246 247 251 254 257 259 260 261 
16 19 23 28 31 33 38 40 41 47 48 50 53 54 58 65 69 72 76 79 82 84 88 92 94 95 99 100 103 110 113 115 117 121 124 128 129 131 133 135 137 139 144 146 147 149 155 159 164 167 169 172 173 176 179 183 188 191 192 194 196 199 201 205 209 213 216 219 220 221 222 224 227 229 232 233 237 241 245 247 249 251 254 255 256 258 260 261 264 266 269 272 274 276 279 
18 23 26 31 35 38 40 44 45 48 49 51 55 57 62 67 72 75 78 80 83 87 91 96 99 102 106 110 112 114 117 121 122 126 127 132 136 137 140 144 148 150 153 154 155 159 161 164 168 171 175 176 179 182 184 188 189 194 197 198 202 203 205 208 210 217 219 220 223 224 225 229 232 234 237 241 245 247 250 253 254 255 256 259 261 262 264 266 269 271 274 275 279 281 285 
20 26 27 34 37 41 43 45 48 49 50 52 57 59 66 68 74 78 79 84 88 91 93 100 102 105 110 114 115 117 118 125 129 130 133 136 137 141 145 149 153 157 158 162 165 167 169 173 175 179 183 184 187 188 192 193 195 199 201 205 207 210 211 213 214 219 223 225 227 231 232 236 240 244 245 249 252 256 259 262 266 270 271 272 275 277 279 281 284 287 291 293 297 301 303 
24 30 32 37 38 42 47 51 54 58 61 63 64 66 68 72 78 80 82 88 91 94 95 104 106 107 112 117 119 120 123 128 132 134 135 139 143 146 150 152 155 159 161 163 167 171 172 176 178 182 186 189 190 192 195 197 200 202 205 208 212 213 217 220 224 225 229 231 232 236 240 243 246 249 250 252 256 259 261 266 267 273 275 276 279 283 287 291 292 295 298 300 304 308 312 
25 34 38 39 41 46 49 54 58 59 64 67 68 71 73 74 80 82 86 91 95 98 100 106 107 108 116 119 120 121 127 132 134 138 141 142 144 147 151 156 159 163 165 166 170 172 174 178 182 184 190 193 196 199 202 205 209 211 215 216 219 220 221 225 226 230 231 235 237 240 243 246 250 252 253 254 258 262 265 267 270 275 279 282 283 287 289 294 297 299 302 306 309 311 313 
27 36 40 44 48 49 52 56 62 66 69 70 73 75 77 79 84 88 89 94 96 99 101 110 111 114 117 122 126 129 131 133 135 142 145 146 148 150 155 157 160 166 169 171 175 177 180 182 186 188 192 196 198 202 206 209 210 213 217 220 222 223 226 230 233 236 239 242 243 246 248 252 253 256 260 263 267 271 272 275 278 279 281 285 286 288 292 296 298 302 305 307 311 314 317 
30 37 44 48 50 53 56 57 63 70 73 76 78 82 83 84 88 90 94 98 102 104 107 113 114 116 119 126 130 132 136 137 139 144 148 151 154 156 157 158 164 169 173 176 180 181 183 185 189 191 195 199 202 204 208 210 214 217 218 222 224 228 230 232 236 237 243 245 249 252 253 255 258 259 264 265 269 273 274 276 279 282 285 289 293 296 297 300 302 304 309 310 312 316 321 
31 41 48 51 55 57 58 61 66 73 74 77 82 84 86 88 89 94 95 102 103 106 110 116 117 118 120 129 134 135 140 143 146 148 151 152 156 157 158 160 165 171 176 177 181 183 187 188 193 196 197 201 205 206 212 214 217 221 225 228 231 232 234 238 242 243 245 249 251 253 256 257 261 262 265 268 270 274 276 280 284 287 288 290 297 300 304 306 309 310 311 315 317 319 324 
33 45 49 55 58 62 66 68 70 74 78 79 83 87 91 93 96 97 99 103 107 110 113 117 118 122 126 130 138 140 141 146 150 153 154 155 160 164 167 171 173 177 178 179 182 187 188 189 195 200 202 203 209 211 216 220 222 223 229 232 236 239 243 245 247 250 254 257 258 262 266 267 271 274 278 280 284 285 289 292 293 294 295 299 300 304 305 309 313 316 319 323 325 326 327 
37 47 50 56 60 63 69 72 73 78 81 84 87 91 93 97 101 105 108 111 112 116 117 120 122 124 130 134 141 143 145 148 151 156 157 159 163 168 169 174 176 179 180 184 186 191 195 197 199 201 206 208 212 213 220 224 228 231 232 233 238 242 247 250 252 254 255 258 260 263 267 268 272 277 282 284 285 289 293 295 296 300 301 303 304 308 311 313 317 318 320 326 327 330 333 
41 48 52 58 62 66 72 76 77 81 82 88 92 94 96 98 103 109 111 112 115 119 123 125 126 127 133 137 142 147 151 152 156 157 158 160 164 171 174 178 179 181 182 188 189 192 196 201 202 205 208 211 216 219 224 227 231 232 236 237 242 245 248 254 255 256 260 264 265 266 270 271 273 280 284 286 288 293 297 299 300 303 305 308 309 312 314 318 319 320 321 327 330 331 334 
45 52 53 61 66 67 74 77 79 83 85 92 94 98 102 105 109 110 112 114 119 120 127 129 133 137 138 141 143 151 154 158 162 165 166 167 170 173 175 182 184 186 190 194 198 201 205 209 210 212 213 217 218 222 226 231 232 234 240 241 243 247 252 255 257 258 262 267 269 272 276 278 281 285 289 292 296 297 299 303 307 309 312 316 317 320 321 325 329 333 337 341 342 344 345 
49 56 59 62 69 70 77 80 83 84 86 93 97 99 105 108 111 114 117 119 121 123 128 132 137 140 141 142 147 155 159 161 164 169 171 172 173 175 179 183 188 190 194 195 199 204 207 210 214 217 220 224 227 231 235 237 239 241 242 245 249 252 254 258 260 264 265 268 271 275 279 283 285 287 293 296 297 301 304 308 312 315 316 320 321 325 326 328 330 336 341 343 346 349 350 
52 60 62 66 73 77 78 82 84 85 88 97 100 102 108 112 116 117 121 122 123 125 132 136 141 145 147 150 154 156 161 162 166 172 174 178 179 181 185 189 191 192 196 198 200 208 211 212 217 218 222 226 230 233 237 239 240 244 246 248 253 254 257 262 266 270 273 277 279 281 283 286 287 290 294 300 302 303 308 310 314 316 320 322 325 327 328 332 336 338 345 348 350 354 357 
53 64 67 71 74 80 82 86 90 92 96 100 101 105 110 115 119 120 123 124 126 128 136 140 144 148 152 155 159 160 162 163 169 174 176 179 183 185 188 191 193 194 197 199 202 211 213 215 219 221 225 227 234 236 241 243 247 248 252 255 257 261 262 265 269 271 276 280 283 284 288 290 293 294 298 302 305 308 312 313 318 321 324 326 327 331 333 336 338 339 347 351 354 357 358 
57 66 68 72 78 84 85 88 91 96 98 101 105 108 113 117 122 124 128 129 130 131 139 142 147 149 154 159 160 162 164 165 171 178 181 184 188 190 191 194 198 200 204 205 208 213 214 216 222 223 229 233 237 240 244 246 251 252 254 258 260 264 267 270 273 277 280 281 285 289 292 294 296 300 304 305 309 311 315 316 321 322 328 329 333 335 338 342 345 347 348 354 355 361 362 
61 70 72 75 82 85 89 93 96 98 99 103 109 111 115 118 125 128 130 134 136 138 142 146 149 151 158 163 165 168 169 172 176 180 183 188 192 193 197 200 204 207 210 212 216 219 222 224 226 228 233 236 239 244 248 249 255 259 260 264 268 270 272 273 275 278 281 284 289 290 295 297 299 301 307 309 312 316 317 321 322 326 329 330 334 336 339 346 348 349 350 356 360 362 366 
63 71 76 78 84 89 91 96 98 100 101 106 113 116 117 121 126 131 135 139 142 145 149 152 153 157 160 167 171 172 174 176 178 182 184 192 193 194 201 202 206 209 212 214 217 222 225 229 230 234 237 241 245 246 250 251 256 263 265 269 270 273 277 281 284 286 288 289 290 291 298 301 303 307 308 312 316 320 322 326 328 332 334 337 341 343 347 350 354 358 362 363 365 367 368 
66 75 78 81 87 91 93 97 101 105 108 111 114 119 120 123 129 133 136 142 145 149 150 155 159 161 165 168 173 174 175 177 180 184 187 195 197 198 202 205 207 213 216 218 220 224 226 233 237 240 242 246 250 251 254 255 257 264 268 272 275 276 281 285 288 289 293 296 300 302 305 306 308 312 313 314 317 321 323 329 332 333 336 341 342 344 351 353 357 359 365 367 368 371 375 
70 79 83 85 90 92 95 100 102 106 110 112 115 120 123 125 130 137 138 144 149 150 154 159 163 167 170 172 175 176 177 180 183 188 189 199 201 202 205 207 209 217 220 222 224 228 229 235 238 241 245 248 251 254 258 262 265 269 272 273 278 279 282 289 291 292 295 299 302 305 308 311 312 314 318 321 324 327 328 331 336 338 339 343 347 350 355 358 361 363 369 371 373 375 376 
71 83 86 89 94 98 100 101 106 110 114 118 122 125 127 128 134 139 143 146 152 153 155 161 166 169 174 176 178 181 183 186 190 194 196 200 203 205 209 210 211 218 222 226 227 229 232 238 242 245 247 251 253 256 259 266 269 273 274 277 279 281 283 292 293 294 298 303 304 309 313 314 318 322 325 328 330 331 333 335 339 341 344 346 348 351 356 360 363 366 370 374 378 382 383 
74 85 89 90 96 99 104 106 109 111 116 121 125 129 131 132 135 142 145 149 154 158 160 162 168 173 176 178 181 185 186 187 192 196 200 202 207 211 215 219 223 224 225 229 232 235 239 241 244 248 252 256 260 263 265 269 271 276 280 282 284 285 287 293 294 296 302 307 309 311 315 317 322 326 328 331 333 336 338 342 346 350 354 357 360 364 366 368 371 372 374 377 382 384 386 
78 88 93 96 99 101 108 112 114 118 121 122 129 132 134 136 138 145 149 151 156 160 163 167 170 176 179 182 186 187 191 192 195 198 202 204 208 214 218 220 225 229 232 236 237 241 242 244 248 249 253 260 262 267 271 273 276 280 281 285 288 291 294 295 299 303 305 308 310 314 317 320 323 327 331 334 338 340 341 345 347 351 356 360 362 367 369 371 372 375 377 380 386 388 392 
81 92 97 98 101 105 112 113 116 119 124 127 133 134 137 139 142 147 150 155 158 161 167 168 171 180 182 184 190 193 196 200 202 204 208 211 214 215 220 221 229 232 235 237 240 243 245 248 249 251 255 262 266 269 272 275 279 281 282 289 292 294 296 300 301 304 306 310 313 318 319 321 327 331 333 338 340 341 343 346 349 352 357 361 365 370 372 374 378 382 385 387 389 393 397 
83 94 99 100 103 106 116 120 121 122 128 130 137 141 144 147 150 152 156 160 163 166 170 172 174 184 185 186 194 197 198 204 208 212 216 220 224 226 230 233 236 237 240 242 245 246 250 251 255 258 259 265 268 270 274 278 281 284 285 292 293 297 301 303 306 308 309 312 317 322 326 329 333 335 336 339 343 347 349 350 354 356 359 364 366 371 374 378 379 385 387 391 394 395 398 
85 98 100 103 107 111 120 121 123 124 132 134 140 142 145 150 153 155 159 163 166 167 171 174 176 187 189 190 197 199 201 207 209 213 219 223 228 232 236 238 241 245 246 247 251 254 258 260 261 264 266 269 271 275 277 281 285 287 291 294 296 298 304 308 309 310 312 314 318 323 328 330 336 339 340 342 344 351 354 356 358 359 361 366 367 375 378 382 386 388 389 394 395 396 402 
86 102 106 107 108 112 121 122 126 129 135 138 144 145 148 153 155 156 161 167 171 175 177 179 182 188 190 193 199 200 202 211 213 215 223 227 231 235 238 242 246 250 252 255 258 260 264 268 270 272 275 278 281 285 287 290 292 295 297 300 302 303 308 309 312 314 316 318 320 325 330 331 338 343 345 346 347 354 355 358 360 363 364 370 372 376 379 384 389 392 395 398 400 402 404 
90 105 109 110 113 117 123 125 129 131 138 140 148 152 156 159 161 162 166 170 174 178 180 184 185 189 191 197 202 204 205 214 215 217 225 229 235 236 242 243 250 253 256 258 261 265 268 269 273 274 277 280 283 286 289 292 294 297 301 305 309 313 317 319 321 324 327 331 335 336 338 339 342 347 349 351 355 357 358 362 365 366 368 371 376 378 380 386 392 393 397 401 403 405 406 
92 107 113 116 119 120 124 128 131 133 140 142 152 156 159 160 164 165 168 174 176 181 184 185 186 191 194 200 205 207 209 218 221 223 226 230 239 240 246 247 252 254 259 261 262 268 269 273 277 278 280 283 286 289 293 295 296 298 302 308 313 314 320 323 327 330 334 338 341 345 347 349 352 353 355 359 360 361 364 365 366 369 370 375 377 382 386 390 394 396 400 404 407 408 410 
94 110 115 119 122 123 126 131 134 138 144 146 155 159 161 165 167 170 174 175 179 185 186 188 191 192 198 201 209 210 213 220 223 226 230 234 241 244 250 252 256 258 261 263 265 271 272 274 281 283 284 288 289 290 297 298 299 301 306 309 314 316 322 325 330 332 337 339 342 346 351 354 358 362 364 365 367 368 370 372 376 379 383 387 391 393 394 396 400 401 403 407 409 410 413 
95 112 118 123 126 130 132 136 138 141 145 147 158 161 162 168 171 174 176 178 183 187 190 194 197 200 204 206 210 211 214 221 225 230 232 238 243 246 253 257 258 260 265 269 270 275 279 280 282 286 287 291 292 295 301 303 304 305 307 312 318 321 324 327 333 335 339 341 343 349 355 356 362 363 368 371 373 374 378 380 382 385 389 392 396 397 401 405 408 410 412 416 417 418 420 
99 114 121 126 130 132 136 139 141 143 146 149 162 166 170 173 177 181 183 187 188 192 193 197 200 203 207 210 214 217 218 225 229 232 236 241 244 249 256 259 263 264 267 271 272 277 280 283 285 287 288 295 298 301 303 307 310 313 314 318 321 323 327 328 336 340 343 344 346 350 358 361 364 367 372 375 377 379 380 384 388 389 391 394 397 398 403 409 411 413 417 419 420 421 425 
101 115 123 128 131 135 139 141 144 147 151 154 163 167 174 178 181 184 187 191 192 194 196 201 203 206 208 213 218 220 224 226 230 233 237 242 245 252 257 262 267 270 272 275 276 280 281 284 287 291 292 299 302 305 306 309 314 315 319 323 326 328 332 336 340 342 346 350 354 358 361 363 365 371 374 377 379 382 384 388 389 392 396 397 401 404 408 410 412 416 419 421 425 426 429 
102 116 127 131 135 138 142 144 148 152 156 158 167 171 175 180 184 186 188 195 196 198 199 203 207 211 215 218 221 225 227 231 235 237 241 244 248 254 259 265 268 272 276 278 282 286 288 290 292 295 298 303 307 309 313 314 316 320 324 326 328 330 335 340 342 343 349 351 357 362 365 369 372 375 376 378 380 386 389 392 393 396 398 401 402 406 409 413 414 417 423 426 427 428 430 
105 120 129 134 137 142 146 148 150 156 159 160 170 175 177 181 185 188 191 196 198 202 206 210 212 214 218 219 224 228 232 233 238 242 243 247 250 256 263 268 269 275 278 282 285 287 292 293 296 300 302 307 311 314 317 320 321 322 328 331 332 335 336 341 343 345 352 353 358 363 368 371 374 378 382 383 384 387 390 393 395 397 401 404 406 407 410 414 418 419 427 428 432 434 435 
107 124 132 138 141 145 147 149 153 160 163 165 173 177 178 184 189 193 194 200 203 207 211 214 218 221 223 225 226 229 233 237 240 243 247 248 251 258 265 269 273 276 279 285 288 290 293 295 298 303 304 308 314 315 318 321 323 325 329 332 335 336 338 345 348 351 353 356 361 365 371 375 377 379 384 385 389 390 391 395 398 402 405 406 407 410 412 417 420 422 430 434 435 436 440 
110 125 133 142 146 147 149 152 154 161 167 171 177 180 183 187 192 196 199 201 205 210 215 218 220 223 224 227 228 232 235 238 243 246 249 253 254 260 268 272 275 279 283 288 292 293 295 297 299 304 307 309 315 317 322 324 327 330 333 336 339 342 343 346 350 354 356 357 364 366 374 377 378 383 386 387 391 395 399 402 404 406 410 414 417 420 423 427 429 432 433 436 439 443 446 
113 129 135 144 148 152 154 155 158 163 169 174 178 184 186 191 195 200 201 204 206 213 219 222 224 227 230 231 234 236 240 243 245 249 253 257 258 264 269 273 276 282 284 289 293 294 297 301 305 306 309 311 317 319 324 325 331 335 336 340 344 346 350 352 354 358 361 365 367 371 378 382 386 389 393 396 400 403 406 410 411 412 416 420 421 422 424 428 432 433 435 439 443 446 449 
114 132 138 148 152 156 158 162 165 167 170 176 179 185 188 194 197 204 205 206 210 214 223 226 228 232 233 234 236 239 244 247 251 253 255 260 263 266 270 274 278 285 286 290 296 297 298 304 307 311 315 318 320 324 328 331 335 339 343 346 348 349 351 353 358 359 362 369 370 373 382 384 387 391 394 400 401 407 409 414 415 417 421 422 424 428 432 436 440 444 445 447 450 454 455 
118 135 139 149 153 160 164 167 168 169 172 179 183 187 192 197 201 206 209 210 213 215 226 229 231 236 240 243 247 251 252 253 254 258 262 263 265 269 272 276 282 287 289 294 299 302 304 306 311 315 319 320 323 328 331 332 337 340 345 348 349 351 352 355 360 364 367 372 374 376 386 390 393 395 399 401 403 408 413 418 422 424 425 426 428 430 436 440 441 448 450 452 453 455 457 
121 136 143 152 155 164 167 169 172 175 177 183 184 191 195 201 202 207 212 215 218 219 229 233 236 240 242 245 249 252 254 258 259 260 263 264 268 273 276 280 283 290 294 298 301 303 307 309 313 318 322 326 328 332 334 336 339 344 348 351 354 358 361 364 365 368 372 375 376 378 388 391 394 397 403 407 409 413 414 421 423 428 430 433 435 437 439 442 445 450 453 455 459 463 466 
125 138 145 155 159 168 172 175 176 179 183 187 188 192 196 204 208 211 213 218 222 223 230 236 238 244 247 250 253 257 259 263 266 269 272 273 274 278 280 282 287 293 298 302 306 308 310 312 316 321 324 327 329 333 337 340 341 348 351 354 357 360 364 367 371 375 379 380 383 386 391 395 397 401 405 411 415 418 422 425 429 432 435 437 439 442 446 449 452 456 459 462 465 468 472 
126 142 149 158 160 170 175 178 181 182 184 189 190 193 200 208 210 215 217 222 226 230 232 238 240 246 248 252 256 259 263 267 269 272 275 278 279 281 282 284 290 295 299 304 307 311 314 316 319 323 326 329 330 337 340 341 342 352 354 356 361 363 366 369 374 379 381 384 386 388 392 399 403 406 407 413 418 421 425 429 433 436 439 442 446 449 450 454 455 458 462 466 468 471 475 
128 145 151 162 166 171 178 182 185 186 190 194 196 200 204 211 214 218 221 224 230 231 233 241 242 248 252 253 258 261 267 268 271 275 278 279 283 287 290 293 295 296 301 306 309 313 315 320 324 328 331 335 336 338 341 345 348 354 357 358 363 366 370 373 375 381 385 388 389 393 394 403 406 407 411 416 420 425 428 433 436 440 442 446 450 451 453 457 459 461 466 468 471 475 479 
129 147 155 165 167 172 182 186 190 191 195 197 200 201 206 213 217 221 224 227 232 235 239 244 246 252 255 257 262 266 270 272 274 279 280 283 284 291 295 296 299 302 304 310 311 314 317 323 328 331 334 337 339 340 343 349 353 358 359 362 367 370 372 376 377 385 388 389 392 395 398 407 408 411 415 419 423 426 430 436 439 443 444 450 452 453 457 459 462 464 467 472 473 476 480 
131 150 159 169 171 174 183 188 194 196 197 199 203 204 207 216 220 224 226 230 233 236 242 246 250 255 259 263 266 269 274 275 279 282 283 287 288 294 299 303 305 309 311 315 316 320 323 325 330 334 335 341 344 346 349 353 354 361 362 364 371 372 374 379 381 389 392 395 398 399 400 408 412 414 416 421 427 431 434 439 443 444 446 454 456 457 461 465 468 470 471 475 477 479 482 
132 153 160 173 177 180 185 191 196 197 200 201 207 209 213 217 224 225 227 233 236 238 245 247 254 257 261 266 268 273 276 277 280 283 287 290 291 296 302 306 308 311 313 318 319 324 327 329 332 338 341 343 346 350 353 354 355 364 368 369 374 377 380 383 384 391 394 396 401 402 405 409 415 419 423 427 428 433 437 442 445 447 449 455 457 459 462 467 470 472 476 478 482 483 487 
135 154 164 174 179 182 186 194 199 203 206 208 210 212 217 221 225 227 230 237 240 241 246 249 256 258 262 267 272 275 279 281 285 288 292 296 300 301 304 310 311 312 316 319 322 327 328 333 337 342 345 348 351 354 355 359 362 365 371 375 376 380 381 385 388 394 396 397 402 403 406 413 417 423 424 430 434 438 439 443 449 453 456 458 461 465 467 468 473 474 480 483 486 487 490 
139 158 166 176 181 186 190 198 200 207 211 214 217 221 225 226 230 232 236 239 244 246 249 251 260 264 268 271 276 279 282 285 288 290 293 300 303 307 308 311 315 317 318 322 324 331 333 336 338 345 346 351 355 357 361 363 367 370 375 378 381 384 385 389 390 397 401 402 406 410 414 416 418 424 428 434 438 441 442 447 451 456 457 462 463 467 470 473 475 476 482 487 489 491 495 
143 162 170 179 184 187 191 201 205 208 215 217 221 224 229 232 234 237 238 240 248 251 255 256 263 268 271 272 280 283 284 287 291 293 296 302 305 309 313 314 319 321 325 327 330 335 339 342 346 348 351 355 359 360 364 366 371 372 379 383 387 388 390 392 395 399 404 407 411 412 415 417 420 428 432 438 442 445 448 452 453 458 459 463 467 470 474 476 478 479 483 488 493 495 497 
147 164 172 180 187 190 192 205 207 210 219 223 224 226 231 233 237 241 244 247 249 255 259 260 266 271 272 275 281 284 287 291 295 299 303 307 310 314 315 317 322 325 329 330 334 336 341 344 348 352 354 358 362 366 369 370 372 375 383 384 391 395 397 399 400 401 405 409 415 416 420 424 427 429 434 440 445 449 452 453 455 459 461 466 471 473 475 478 479 480 485 491 495 496 499 
151 167 173 184 191 194 196 209 210 213 222 226 230 233 237 240 242 246 248 249 253 257 261 263 269 273 275 279 285 289 293 295 296 300 307 311 315 317 319 322 325 326 330 334 336 339 344 345 350 353 356 359 365 370 374 376 378 379 386 387 394 398 400 404 406 409 412 415 418 420 424 425 429 432 437 443 447 452 454 456 458 463 464 469 475 478 480 481 484 487 491 495 498 501 502 
155 169 174 185 193 198 199 212 215 219 224 230 234 238 241 243 247 248 250 253 256 260 265 268 272 277 280 284 289 293 295 296 298 303 308 314 317 320 324 326 330 333 336 339 343 347 348 350 354 358 362 363 369 371 378 379 382 383 387 390 395 400 402 406 407 412 413 419 423 425 428 430 434 435 440 445 448 453 455 457 462 464 465 473 476 479 484 487 489 491 492 496 499 503 505 
159 170 176 187 195 199 201 215 217 223 225 234 235 241 244 245 250 252 254 257 259 263 267 269 273 280 284 285 291 296 300 302 305 308 309 315 318 324 327 330 332 335 340 344 348 349 353 354 358 360 364 367 373 375 379 381 385 387 391 392 397 402 403 409 410 414 417 422 427 429 431 434 437 439 443 449 452 455 456 460 463 467 468 476 478 481 486 489 491 493 497 501 504 506 507 
161 174 179 190 198 203 205 217 221 227 228 236 240 243 246 250 254 255 258 262 264 267 268 272 276 282 285 288 292 297 304 306 309 312 313 316 320 327 328 331 333 338 343 347 352 355 358 360 363 365 368 369 377 379 383 384 389 390 394 398 400 404 405 413 417 418 420 425 430 432 436 439 443 447 449 450 455 457 459 461 465 469 472 480 482 486 490 493 494 498 501 503 505 508 512 
162 176 182 191 200 207 211 219 225 231 232 240 242 245 248 254 258 259 260 263 266 268 270 274 280 284 287 292 295 301 308 310 313 317 321 325 327 328 330 333 335 342 344 348 356 358 361 363 367 369 370 371 381 383 385 386 391 394 397 401 403 405 407 416 421 423 425 429 431 435 440 442 445 449 452 456 457 458 460 464 466 471 475 482 483 487 493 495 499 503 507 508 511 512 514 
165 178 184 193 202 209 215 220 226 235 237 244 246 249 252 256 259 261 265 269 272 274 278 279 283 287 289 293 297 302 311 315 317 319 323 328 331 335 336 338 339 343 347 350 360 364 368 369 372 374 378 381 384 385 389 393 396 397 401 403 406 407 408 417 424 428 432 436 437 441 445 448 450 451 455 457 460 463 466 469 470 472 479 483 486 488 495 496 502 504 509 512 514 515 516 
167 180 186 197 205 210 216 222 230 236 240 247 249 251 255 259 260 262 268 273 276 278 281 283 285 288 291 296 298 305 312 318 319 323 326 329 333 338 341 342 343 346 351 353 361 367 372 373 376 378 382 385 387 391 393 394 398 402 405 408 409 411 415 421 428 431 433 440 443 446 448 451 454 456 457 459 462 464 470 472 476 478 480 485 489 491 498 499 503 507 511 514 515 518 519 
171 183 190 198 208 214 217 224 233 239 241 251 253 254 259 260 263 265 270 276 277 281 282 284 288 292 294 298 300 309 316 321 325 328 332 336 339 340 345 348 352 355 358 359 364 368 373 376 378 379 385 387 388 392 395 397 402 405 407 409 413 417 420 422 432 434 435 442 446 448 449 454 456 460 462 464 467 470 473 474 478 481 483 486 490 493 499 501 504 510 514 516 518 520 521 
173 185 193 199 212 216 221 226 234 243 245 253 255 258 261 265 269 272 274 279 280 285 287 291 293 297 298 302 304 312 319 325 326 331 334 340 343 347 349 350 356 358 360 362 366 371 376 378 381 384 387 389 390 394 397 400 405 408 412 414 415 419 422 424 435 437 438 443 448 452 456 460 461 464 467 471 472 474 477 478 481 484 487 488 491 494 503 507 511 513 517 518 519 521 524 
175 188 194 201 214 218 225 229 238 246 249 254 257 259 265 267 273 274 275 281 284 289 293 294 297 301 302 303 305 316 320 328 331 333 335 344 348 352 354 355 360 362 363 366 368 373 380 383 385 389 391 392 395 399 401 405 408 411 416 420 423 427 430 432 436 438 441 446 449 453 457 463 465 467 469 474 475 479 483 484 485 489 491 495 498 500 505 508 515 518 522 523 527 529 530 
178 192 195 205 215 219 227 230 239 249 252 255 258 261 269 272 276 278 280 284 286 290 297 298 299 302 305 309 310 318 321 332 336 340 342 348 352 353 356 357 364 366 367 369 370 374 381 385 386 391 393 397 400 403 407 409 410 413 420 422 424 430 432 435 439 440 443 448 453 457 458 464 467 468 473 475 477 481 487 491 492 495 497 500 503 504 506 511 518 522 525 526 531 532 533 
180 193 196 207 218 221 229 232 242 253 256 257 260 262 271 276 279 283 285 287 288 292 298 302 306 310 312 315 317 321 323 335 338 344 348 350 354 355 359 362 365 370 372 376 380 383 384 388 391 395 398 399 404 407 409 413 414 418 422 426 427 432 434 437 442 444 446 450 455 458 459 467 470 473 476 479 482 485 488 493 494 497 501 504 508 509 512 516 520 524 527 531 534 538 541 
182 194 197 209 220 225 231 235 246 255 259 263 265 268 272 280 281 286 288 292 294 297 300 306 310 311 316 317 321 322 327 338 342 347 349 351 357 361 362 364 368 373 375 378 383 387 389 392 393 397 400 402 408 412 414 417 418 421 425 427 428 434 438 442 444 448 452 455 457 461 465 468 471 474 480 484 486 488 491 496 499 502 503 507 510 512 514 520 521 527 530 534 538 539 542 
183 198 201 212 223 226 235 236 249 259 260 267 269 272 274 283 284 287 289 295 298 300 304 308 311 314 317 318 325 329 330 341 346 348 350 353 360 363 364 367 370 377 379 381 387 388 391 395 396 401 404 406 409 414 418 419 422 425 429 430 433 435 442 444 447 450 455 456 461 462 466 472 474 477 484 487 490 494 496 500 503 507 508 511 515 519 520 521 523 529 534 537 539 543 547 
187 202 204 213 227 228 237 238 252 260 264 271 272 275 279 285 286 291 294 297 302 305 307 310 312 315 320 321 326 333 337 342 348 352 353 357 364 368 371 373 375 380 383 387 388 390 394 398 402 405 407 409 412 415 419 420 423 429 431 435 439 443 445 448 449 453 456 460 462 466 467 475 478 481 486 490 493 498 500 503 507 511 514 517 520 523 526 530 534 536 537 540 542 545 550 
188 203 206 214 230 231 240 244 254 261 267 274 275 278 283 289 293 297 300 302 305 309 311 314 317 321 325 327 329 336 340 344 351 354 356 359 365 372 375 378 381 382 387 388 391 392 398 399 403 408 409 412 414 418 421 425 427 432 433 439 440 444 446 449 451 457 460 463 464 470 471 477 479 482 487 493 496 502 503 507 508 515 516 521 525 528 529 533 537 539 540 542 543 548 554 
192 206 208 216 232 236 243 248 256 262 269 275 277 282 286 290 297 298 303 305 308 313 314 318 320 324 328 332 335 339 343 346 353 357 359 362 369 374 377 379 385 388 390 394 397 401 405 406 410 413 417 421 425 428 431 434 438 440 442 445 448 452 454 456 458 460 463 466 469 472 474 478 481 486 489 496 497 503 504 508 511 518 519 523 527 529 532 536 539 543 544 546 547 550 558 
193 209 211 217 233 238 244 250 260 266 273 278 281 286 287 294 301 303 306 308 312 314 315 320 322 328 332 333 337 340 345 349 356 361 364 368 372 378 382 386 389 393 396 397 399 403 409 411 415 419 423 425 429 431 433 435 439 444 447 451 455 456 459 461 462 466 467 469 472 474 478 482 484 490 491 497 501 504 505 512 516 519 523 526 530 531 534 540 541 544 546 547 551 552 559 
197 210 213 221 237 239 246 254 261 269 277 279 284 290 293 296 302 307 309 312 316 320 322 325 328 329 334 336 339 341 346 353 359 364 367 372 373 382 383 389 393 394 398 402 403 405 412 415 417 421 424 427 432 433 434 436 440 448 451 454 459 463 466 467 468 469 470 472 476 478 482 483 486 491 493 501 505 507 509 516 517 520 526 528 532 534 537 542 544 548 552 554 558 562 565 
199 213 214 222 239 240 248 255 265 271 280 281 288 291 294 300 306 309 312 314 319 321 324 327 330 333 338 342 346 349 351 354 360 368 370 376 379 385 389 391 394 397 399 403 404 409 416 418 421 424 425 431 433 434 438 440 441 452 453 458 463 466 468 470 474 478 479 480 483 487 488 491 495 498 502 505 506 509 511 517 518 523 529 532 535 538 540 545 547 550 556 558 559 564 567 
200 215 216 225 243 246 251 259 266 273 281 285 292 293 296 302 307 313 317 318 320 322 326 331 335 338 341 344 350 351 355 358 363 370 373 380 383 388 391 393 395 399 401 404 407 411 417 420 424 428 431 435 439 441 442 443 444 454 456 460 464 467 471 473 476 479 481 483 485 488 491 495 496 501 506 509 511 513 517 519 523 525 532 536 540 541 544 547 551 554 557 561 562 566 569 
204 219 223 229 247 249 254 260 269 277 283 289 294 298 302 303 309 315 320 322 323 327 329 335 339 341 344 345 351 355 356 362 364 373 374 382 384 392 395 397 400 404 407 408 411 413 418 423 428 432 433 439 441 443 444 445 446 458 461 462 466 471 473 475 479 483 487 488 489 490 495 498 500 504 507 510 512 514 519 522 524 529 534 538 542 543 545 550 554 558 560 563 564 569 571 
208 221 227 233 250 252 258 264 271 279 286 290 296 302 305 308 310 318 321 323 325 329 331 337 343 347 348 349 354 356 359 365 369 376 377 383 385 393 398 399 401 406 408 410 414 416 422 424 429 433 437 443 447 450 454 456 459 463 464 465 469 473 476 480 481 484 490 494 496 499 500 502 503 505 509 512 516 518 521 524 526 530 536 540 545 547 551 553 557 561 562 564 568 572 575 
209 223 231 235 251 253 262 265 273 280 290 293 297 306 307 309 313 320 324 328 330 332 333 341 347 351 354 357 358 360 364 367 371 377 381 384 386 394 399 401 405 407 412 413 416 418 423 426 433 434 438 447 448 452 456 457 460 466 469 472 473 475 478 483 487 491 494 498 502 504 507 511 514 517 518 521 525 529 532 536 539 543 547 550 553 557 560 561 563 564 565 567 572 574 578 
212 227 234 236 254 258 266 270 275 282 291 295 301 309 311 315 316 322 325 332 333 335 338 344 350 354 358 361 364 365 369 371 372 379 384 385 387 398 403 405 406 408 415 419 423 424 426 430 434 436 441 451 454 455 457 458 461 470 472 473 477 479 481 486 489 494 496 499 504 507 508 515 519 522 523 524 529 533 535 539 543 547 549 551 557 561 562 566 567 568 570 573 577 578 579 
215 231 238 239 256 262 270 272 276 284 294 299 302 311 313 317 320 324 328 336 340 341 345 346 354 355 359 363 367 370 372 376 379 380 387 388 392 400 405 409 412 414 416 423 425 429 430 432 436 439 444 452 456 460 462 463 466 472 473 477 480 482 483 490 491 498 500 504 508 509 512 519 521 523 527 531 534 536 537 543 544 549 550 554 561 564 568 571 572 573 574 576 581 582 585 
216 233 242 246 257 266 273 274 280 287 298 301 306 315 316 321 322 325 329 337 343 344 346 350 358 362 365 367 370 371 376 378 382 385 390 394 396 404 408 410 416 417 419 424 426 432 433 435 438 440 448 455 459 462 465 466 469 474 475 479 481 485 488 494 496 501 502 507 511 514 516 521 525 528 531 534 536 537 541 545 547 550 554 556 562 565 572 574 577 578 579 583 584 586 590 
217 234 246 250 260 267 275 278 284 290 299 304 308 318 322 324 328 332 333 338 347 348 349 352 360 365 369 372 375 376 379 383 385 387 394 398 401 408 411 412 417 419 422 425 428 433 435 438 440 444 450 457 461 464 466 468 471 477 479 481 482 489 492 496 497 505 508 510 514 516 518 525 526 529 532 536 540 544 547 548 551 554 556 557 566 567 575 578 581 582 584 587 591 592 594 
221 236 247 251 264 268 277 280 285 292 301 307 311 322 324 325 330 334 338 341 350 352 354 358 364 367 371 375 376 378 383 386 390 393 397 399 404 412 414 416 418 422 423 426 429 436 440 442 446 450 452 461 463 465 468 471 473 481 484 488 492 494 498 501 504 506 510 513 515 517 522 528 532 534 535 539 541 547 548 551 554 555 560 563 568 570 578 581 583 586 587 588 593 595 597 
224 239 251 254 266 272 281 283 289 295 304 311 314 326 329 333 337 339 341 342 353 354 355 362 365 368 374 379 383 386 389 393 394 397 399 401 408 415 417 419 421 426 428 432 436 439 443 445 447 454 456 465 468 469 471 475 477 482 486 490 495 499 503 505 507 510 514 518 522 524 525 532 535 536 537 540 543 548 552 554 558 559 562 565 571 573 580 582 586 587 590 591 594 596 598 
226 243 254 257 267 275 282 285 291 298 308 315 317 327 332 335 339 341 345 347 357 359 362 364 367 372 376 382 384 389 391 394 396 400 401 405 411 416 418 420 425 427 431 436 438 443 445 447 449 455 459 466 472 476 477 480 484 486 487 493 497 501 507 511 514 515 518 522 525 528 530 535 539 543 545 546 547 550 554 556 560 561 566 568 572 576 583 584 588 590 592 596 597 598 602 
228 244 258 259 269 279 284 288 295 302 311 317 320 328 335 338 342 345 347 351 358 362 363 365 370 375 379 383 386 393 394 397 401 405 409 412 416 417 422 424 427 431 433 438 442 444 449 450 453 458 462 470 476 480 481 482 488 489 492 494 499 505 509 513 518 519 520 523 526 530 533 536 542 547 548 552 555 558 561 562 565 569 571 573 575 577 587 589 590 592 594 600 601 603 605 
231 248 261 262 272 281 287 289 299 303 312 321 323 329 337 339 344 347 351 352 360 366 369 372 376 378 382 387 389 394 398 402 403 406 411 414 419 420 426 429 432 435 438 439 443 447 452 456 458 462 466 471 477 484 486 489 490 492 496 500 504 507 513 516 521 522 525 527 531 532 535 540 543 550 551 556 559 562 565 566 567 570 572 577 581 582 591 592 596 597 598 602 606 609 610 
234 249 262 264 275 283 291 292 303 305 316 323 325 333 341 343 345 349 353 354 363 368 370 375 380 384 386 391 393 398 402 404 407 409 415 416 420 423 428 430 436 438 439 443 444 450 453 457 462 466 467 475 479 486 490 492 493 494 500 502 506 509 515 520 525 527 528 529 534 538 539 541 547 554 556 558 562 566 567 571 572 574 577 579 585 588 592 593 598 600 602 606 607 611 615 
235 251 265 266 278 286 294 298 304 306 317 325 326 335 345 349 350 351 356 357 365 372 374 377 381 385 387 392 395 401 406 409 411 414 417 421 422 426 431 435 438 442 446 448 451 452 454 460 466 470 472 478 480 487 491 493 495 499 501 505 509 511 516 521 527 528 530 533 537 539 541 542 548 555 560 562 565 569 571 572 573 577 581 585 589 590 595 598 601 603 606 608 612 615 616 
238 255 269 271 280 290 295 301 306 308 320 327 331 339 347 351 353 355 359 360 368 375 379 383 386 390 392 395 398 404 408 413 416 418 419 424 427 429 433 438 440 445 448 451 454 456 460 461 468 472 476 479 484 490 493 496 497 503 506 509 512 513 518 525 530 532 536 540 544 546 548 550 552 557 563 567 568 573 575 576 578 581 582 589 592 596 597 599 604 608 609 612 613 618 619 
242 259 271 274 284 291 296 304 309 313 324 328 333 342 349 355 356 358 363 367 370 377 381 385 389 394 396 400 404 408 412 416 420 424 426 430 434 436 437 442 445 447 450 453 455 460 463 467 472 473 478 480 485 492 494 498 500 506 508 511 516 518 521 527 533 536 537 541 546 548 551 554 556 558 567 569 572 577 580 581 583 586 589 590 596 597 599 600 606 610 614 615 618 621 622 
244 260 274 278 287 292 299 307 313 316 328 331 335 346 350 357 361 364 368 371 372 380 382 388 391 395 400 403 406 411 413 419 423 425 428 433 437 438 440 443 446 451 455 457 459 461 466 470 475 478 479 481 488 493 498 501 505 509 513 515 520 521 522 530 536 539 540 545 549 553 557 561 565 567 571 574 577 578 583 586 589 592 594 595 598 601 605 606 608 613 615 616 620 623 626 
247 264 276 282 291 295 302 309 317 321 330 335 339 347 353 359 365 367 372 375 378 383 387 392 396 400 401 407 411 415 416 422 425 427 431 434 438 439 443 447 448 455 457 459 462 466 470 471 478 481 484 485 492 494 501 503 508 512 514 516 523 527 529 533 538 540 541 548 553 555 559 562 567 568 574 578 582 584 585 588 591 593 597 600 603 605 608 611 615 617 618 622 625 629 630 
