4 7 11 12 14 16 17 18 21 22 24 27 28 30 32 36 39 41 45 49 53 55 58 61 64 68 70 73 74 78 79 80 81 84 87 88 89 93 94 96 99 100 101 103 107 110 112 115 116 120 122 123 126 128 131 133 136 140 142 144 146 147 148 150 154 158 159 162 166 169 170 173 176 179 182 185 189 190 194 198 200 202 206 209 212 216 218 219 220 222 226 230 234 237 239 240 244 247 248 250 253 
5 8 12 13 16 19 20 23 26 28 31 33 34 37 40 42 44 46 49 51 56 59 61 65 67 69 72 74 75 82 85 88 90 94 95 97 99 102 106 110 111 115 119 123 126 128 131 133 135 137 140 144 146 148 149 151 154 157 159 160 162 165 167 171 175 178 181 183 184 187 191 192 195 197 198 202 206 208 210 212 216 217 218 220 223 225 229 233 236 237 238 241 245 248 249 253 254 255 258 260 263 
7 11 13 15 20 21 24 27 31 33 36 37 39 41 45 49 52 54 57 60 63 65 69 72 74 75 77 79 81 86 90 91 92 97 101 103 105 106 110 111 115 116 120 126 127 130 134 135 137 140 142 145 150 154 157 161 162 166 167 169 173 174 175 176 179 182 183 186 188 191 195 198 199 203 204 207 210 214 216 220 223 225 227 230 231 233 237 239 243 245 249 251 255 257 261 264 265 269 272 276 280 
11 14 18 20 23 25 26 28 33 34 38 41 45 47 51 52 56 57 61 64 67 68 71 76 78 82 85 89 93 96 99 102 104 107 109 112 115 119 123 127 129 130 132 136 140 143 144 146 148 151 152 154 155 157 160 164 168 169 170 173 174 177 181 185 189 192 194 196 198 201 203 204 208 210 214 218 219 221 223 224 226 229 230 232 233 234 241 242 247 250 253 255 258 261 264 268 272 273 275 279 282 
15 16 19 24 26 29 31 33 34 37 41 43 47 50 54 56 60 64 66 70 71 73 75 78 79 86 89 92 97 99 102 106 108 109 113 115 116 122 124 129 131 132 134 137 142 145 146 147 151 152 156 159 162 166 170 172 173 175 179 182 183 186 187 190 192 193 196 198 200 203 204 205 211 212 215 219 220 224 226 230 233 235 239 241 243 246 247 250 252 253 254 256 260 265 267 271 276 280 284 285 287 
16 18 21 28 29 31 32 37 40 42 43 47 51 54 56 58 62 65 67 71 73 75 76 80 83 89 91 94 99 102 106 107 111 113 117 121 125 129 133 134 136 139 142 144 147 149 150 152 153 154 157 161 164 170 174 175 177 181 183 184 186 189 193 195 198 199 201 203 204 208 210 212 216 220 223 225 227 228 231 234 237 239 240 244 248 249 251 254 257 259 261 264 266 267 270 272 278 281 286 287 291 
19 22 23 32 34 36 40 41 43 46 49 50 52 58 61 64 66 69 70 73 77 78 80 83 86 90 93 96 101 106 109 113 115 118 122 126 127 130 137 139 142 145 146 147 151 153 155 157 161 164 165 167 170 171 175 178 180 184 186 190 193 197 201 202 205 209 210 212 215 218 221 223 226 228 229 231 232 233 236 238 240 243 247 251 255 257 258 262 266 270 273 277 281 282 285 287 288 291 292 293 297 
23 24 25 34 38 41 42 46 49 53 54 57 58 60 63 67 68 70 71 74 78 82 84 87 89 94 97 98 102 107 113 115 117 121 124 128 130 134 138 141 145 148 150 152 156 158 161 165 168 172 174 177 179 182 184 186 189 191 194 197 199 200 202 205 209 213 217 221 225 227 230 233 234 238 239 243 245 248 252 256 259 261 265 267 271 275 276 277 278 282 285 287 288 291 293 296 299 303 305 307 308 
27 29 33 35 41 44 47 51 54 58 60 64 65 68 69 73 76 80 82 84 86 87 91 95 98 101 104 107 111 114 116 119 121 123 125 131 134 135 140 142 148 150 152 153 160 161 164 166 169 175 178 180 184 185 189 190 193 195 198 199 201 202 206 208 212 215 221 224 227 228 233 235 237 239 240 244 246 252 255 258 263 266 269 270 272 279 282 283 284 285 287 288 292 295 299 303 305 308 311 312 314 
31 34 36 37 44 45 49 52 58 59 61 65 68 71 74 77 80 81 85 86 87 89 93 97 102 103 108 111 115 117 118 122 126 128 131 133 137 138 144 147 151 152 155 157 161 162 165 170 173 179 183 185 188 190 193 197 199 202 206 209 212 213 215 219 220 222 224 226 229 230 234 237 241 243 245 248 250 256 257 259 265 270 272 276 280 281 285 286 287 289 292 293 294 297 300 306 307 311 313 314 315 
33 37 38 41 47 49 51 53 60 64 66 68 70 75 79 82 83 85 86 88 92 96 99 100 105 107 112 116 118 122 123 126 127 130 133 137 139 142 148 149 152 156 157 161 164 168 169 174 178 180 185 189 193 197 200 202 206 208 212 215 219 223 226 229 231 235 236 237 241 243 247 249 252 254 258 260 263 265 269 271 272 275 277 279 281 282 287 290 292 295 298 302 304 308 310 312 313 317 320 322 326 
36 40 41 45 48 51 55 59 63 66 69 71 73 77 81 85 89 91 95 99 103 106 108 109 110 113 117 118 120 125 128 129 133 136 137 141 145 147 152 154 155 157 161 162 165 169 172 175 180 181 187 190 196 199 204 205 208 211 213 219 221 226 229 231 234 238 242 246 250 253 257 259 260 262 264 267 270 271 273 277 279 283 285 289 291 292 294 298 302 303 305 307 309 312 314 315 318 321 322 325 328 
40 42 43 47 51 54 59 62 67 70 72 74 78 81 83 89 91 93 97 102 105 110 111 112 115 117 118 122 124 127 132 135 138 139 141 145 146 151 154 157 160 162 163 164 168 170 173 179 183 184 191 192 200 201 206 210 214 217 218 222 223 230 233 234 237 239 246 249 254 256 258 260 262 265 267 271 275 279 281 285 286 287 289 290 292 296 297 300 303 306 310 313 317 320 323 326 330 334 337 340 341 
43 44 47 51 55 59 63 64 71 72 73 78 80 84 86 93 96 97 100 106 108 112 114 117 120 124 126 128 129 133 134 139 142 144 145 146 148 154 157 158 162 164 167 170 171 175 177 183 186 190 192 194 202 206 210 211 217 220 221 225 226 232 236 238 241 242 247 250 257 260 264 266 268 269 273 274 277 283 285 289 292 296 300 302 306 307 310 311 315 317 319 321 323 327 329 333 335 336 338 343 345 
45 48 49 52 58 60 67 69 72 74 76 81 82 88 91 94 99 103 106 107 109 116 117 118 123 126 129 130 134 136 140 142 146 148 152 153 154 157 160 161 163 165 169 174 176 179 183 187 188 191 196 198 203 207 211 212 220 223 224 226 230 236 239 243 247 249 252 255 258 264 266 270 271 274 278 279 280 286 287 290 296 298 303 305 310 311 313 315 318 319 322 323 324 331 334 335 337 341 342 347 349 
49 52 56 59 61 65 71 75 76 77 81 84 87 90 92 96 102 104 110 114 118 121 124 128 132 135 136 140 144 146 149 153 156 159 161 162 163 167 168 170 173 174 178 179 183 186 187 189 190 194 197 199 205 209 215 219 223 227 229 231 235 238 240 244 249 250 253 259 263 267 270 272 276 278 280 283 287 288 291 295 300 301 305 307 313 316 317 318 321 324 328 330 334 335 339 340 342 344 347 350 353 
51 56 58 62 64 66 75 76 77 80 84 88 90 91 96 100 103 106 114 116 121 124 125 132 134 136 138 143 148 152 155 157 160 164 168 169 173 176 180 184 186 188 191 192 195 198 201 202 204 205 209 211 212 216 218 223 224 231 232 235 237 239 242 247 252 256 257 260 264 269 274 276 279 283 287 290 293 294 296 297 303 305 306 310 316 319 323 326 330 334 336 340 341 342 344 347 348 350 351 354 355 
52 58 61 63 68 70 77 81 82 85 87 91 94 95 97 101 104 108 118 119 124 125 126 136 139 142 143 146 151 153 158 159 163 167 169 170 174 180 182 186 190 192 195 196 200 201 205 209 211 213 214 218 221 223 225 227 228 232 236 238 242 245 249 251 254 257 259 264 267 270 278 281 285 289 291 292 295 297 300 302 306 310 314 316 318 321 325 329 334 336 337 341 345 349 352 356 360 364 365 366 369 
54 62 65 67 69 73 79 82 84 89 90 94 95 96 101 103 108 109 120 121 128 129 131 137 140 145 146 149 152 154 161 164 166 168 172 174 177 181 186 190 194 196 199 202 205 208 211 212 213 217 221 225 228 231 233 235 236 240 241 242 246 248 253 254 257 260 264 267 269 273 279 282 287 290 294 297 298 302 306 310 313 316 320 323 326 328 332 334 336 340 344 347 350 351 355 360 361 367 369 371 372 
57 64 69 71 73 76 81 83 85 90 93 95 97 99 105 108 110 114 122 123 132 136 139 143 145 149 150 154 157 160 163 165 169 170 174 175 178 184 190 191 198 201 204 206 207 210 212 213 216 219 222 227 229 233 236 238 239 244 245 248 249 252 254 256 259 264 266 271 272 276 280 283 289 293 297 299 303 307 308 313 314 317 321 324 330 334 337 339 341 345 346 351 353 357 359 363 365 368 373 377 380 
58 66 70 72 74 79 84 88 90 92 96 97 99 102 106 111 115 116 123 127 133 139 141 147 148 150 154 155 158 161 164 167 171 175 177 179 181 185 192 195 200 204 206 208 212 215 219 221 223 226 229 231 232 237 240 242 243 248 250 251 254 257 258 259 262 267 270 273 277 279 284 285 292 297 300 302 304 308 309 315 318 322 325 327 334 337 340 342 346 348 351 354 356 360 362 367 368 370 375 381 385 
62 69 73 76 77 83 87 91 92 95 98 101 103 107 108 112 118 122 124 128 135 141 142 150 154 156 159 162 165 167 171 175 179 180 183 186 187 188 196 198 203 205 210 211 214 216 221 222 224 227 233 234 237 240 244 245 248 249 251 253 257 259 263 264 265 271 272 276 280 282 286 288 293 300 303 306 309 312 315 317 321 323 329 332 337 339 342 344 349 350 355 358 360 362 366 369 373 374 378 385 386 
63 72 76 78 82 84 88 94 95 99 103 105 106 110 114 116 119 126 130 134 137 144 148 153 157 161 164 167 169 172 175 177 183 186 190 192 195 196 200 203 207 210 214 218 220 224 226 230 234 237 240 244 246 249 252 254 258 262 263 264 265 267 271 274 276 280 282 286 288 289 293 296 299 302 306 307 310 313 318 320 323 327 332 336 338 342 343 347 352 354 359 360 363 366 370 371 375 378 381 388 391 
64 73 77 79 83 87 91 97 98 101 104 109 113 117 121 123 125 129 131 137 139 148 151 156 160 164 167 168 171 173 178 181 184 188 192 196 199 202 203 207 210 213 218 220 221 226 227 234 237 239 244 245 250 253 256 259 263 265 267 269 270 271 274 276 278 283 284 289 292 294 296 299 300 306 307 310 312 317 321 322 326 329 334 339 341 343 347 349 354 357 360 363 364 370 372 375 378 381 382 391 392 
68 76 79 83 86 89 92 100 103 104 105 111 115 120 125 128 129 131 134 139 140 151 155 160 162 168 171 175 178 179 181 185 189 192 195 197 200 205 206 210 211 215 220 223 225 229 233 235 240 243 247 250 254 255 258 262 267 270 274 275 277 281 282 283 285 289 292 296 300 303 304 307 311 314 317 318 320 321 322 325 329 330 338 343 346 350 351 355 356 361 363 366 369 374 375 376 379 385 388 392 393 
71 77 81 87 89 93 97 101 106 108 112 116 120 121 127 129 133 136 140 141 144 152 159 163 167 172 173 179 183 185 188 192 193 194 199 203 204 208 209 212 216 218 223 227 230 231 235 239 242 247 248 252 255 258 262 265 269 271 278 279 283 287 289 290 293 297 301 303 305 309 310 312 314 315 320 322 324 327 331 334 336 337 340 347 350 353 356 360 364 365 369 371 372 375 378 381 385 386 392 395 396 
75 80 83 89 93 96 100 105 110 114 118 120 122 124 130 133 135 140 142 143 145 154 163 165 171 176 179 180 187 190 193 194 196 200 202 205 206 209 210 214 220 221 227 230 231 232 238 241 243 248 252 253 257 262 263 267 270 275 281 284 285 288 293 294 297 298 303 305 307 313 315 318 322 323 325 327 328 332 335 338 341 342 344 348 353 356 359 362 367 370 371 374 375 378 380 384 387 389 395 398 401 
76 82 86 93 97 99 103 109 112 118 122 125 127 130 131 137 139 143 146 147 150 158 165 167 175 178 181 182 190 194 196 200 203 206 209 210 213 217 221 224 225 226 230 233 235 239 241 243 245 250 256 258 261 266 267 268 272 278 285 289 290 292 294 297 298 300 306 308 309 317 321 323 324 327 331 333 336 338 339 343 345 348 352 356 357 358 363 367 371 372 375 379 381 382 385 388 389 393 397 399 403 
78 86 88 94 101 102 107 112 116 122 124 128 132 136 137 139 141 144 148 152 153 159 167 171 176 179 184 187 193 196 197 202 205 208 210 212 216 221 223 227 230 231 235 237 240 241 242 245 247 254 259 263 265 267 270 271 276 281 289 293 295 296 297 298 300 301 310 314 318 319 322 326 329 332 336 338 342 343 347 348 352 356 358 361 363 366 368 371 372 376 377 382 385 388 392 396 398 402 405 409 413 
81 87 91 95 103 107 110 116 120 125 128 131 135 137 138 141 143 148 152 154 158 161 169 173 179 180 186 188 197 198 200 204 208 210 213 216 218 223 226 230 233 234 237 240 243 246 247 250 253 255 263 264 268 272 275 276 278 284 292 297 301 304 305 309 311 315 319 323 326 330 332 334 337 341 345 347 349 352 353 355 357 361 362 363 367 368 370 372 376 380 383 387 389 393 395 398 399 403 408 410 414 
85 91 93 99 107 109 114 120 122 128 132 134 137 138 139 142 144 152 153 156 162 163 173 175 183 185 188 190 199 203 206 209 211 215 216 219 222 224 228 232 236 238 239 244 245 249 251 255 258 260 265 266 269 275 279 281 284 287 293 299 302 306 310 312 316 318 323 324 330 333 336 340 343 346 350 351 354 358 362 363 367 371 372 373 377 381 384 386 388 390 392 394 395 398 399 402 406 408 410 412 417 
87 92 96 101 111 112 118 121 123 129 135 136 141 143 146 147 151 155 158 159 163 165 175 177 184 189 190 193 201 207 208 210 212 219 221 223 226 228 232 233 240 242 246 249 251 255 258 261 263 264 266 269 271 279 282 286 289 290 295 300 305 309 311 313 317 320 326 330 334 338 340 342 346 347 354 355 357 362 365 368 371 375 377 378 380 384 385 388 390 392 393 397 401 402 404 405 409 411 412 413 421 
89 93 98 105 113 114 119 125 126 133 139 140 142 145 147 150 154 156 159 160 164 169 176 179 185 193 195 199 203 208 211 215 219 221 224 226 227 229 235 238 243 245 250 253 257 259 263 264 266 267 269 272 274 282 285 287 292 293 297 304 309 311 313 316 320 321 327 332 336 341 343 344 347 350 355 358 361 363 366 372 373 379 381 382 386 389 392 394 397 401 402 403 406 407 409 413 417 418 420 421 424 
92 94 101 107 115 116 123 129 133 136 140 144 146 150 152 154 156 157 160 161 168 172 179 181 186 195 196 200 207 211 213 219 220 224 227 229 233 237 239 243 244 247 253 257 258 262 267 269 272 276 278 279 283 284 287 288 295 296 300 305 310 313 314 317 321 322 329 333 337 342 347 351 355 356 357 362 365 366 369 376 377 380 385 386 389 393 397 401 403 404 406 407 411 415 418 421 425 429 430 432 434 
96 100 104 110 116 118 124 131 134 140 142 146 147 153 157 161 162 164 166 168 171 173 181 185 189 199 203 206 210 214 216 221 222 228 231 233 237 239 240 244 247 250 256 261 264 268 269 273 277 280 282 284 286 288 292 296 297 301 304 306 311 315 317 319 323 324 333 334 341 346 350 355 359 360 361 363 369 372 373 379 380 383 387 388 392 396 399 405 406 407 410 411 415 417 420 425 429 432 434 435 438 
99 103 108 112 118 122 127 133 136 144 145 148 151 154 158 165 169 171 173 175 178 182 184 189 192 203 205 209 213 217 218 223 227 232 236 237 238 241 242 246 251 255 258 263 267 269 271 276 281 282 284 287 291 294 295 299 300 304 306 310 312 317 321 324 328 332 334 337 344 347 351 358 362 365 366 367 370 375 379 381 385 387 389 393 394 397 401 408 412 414 418 422 425 427 429 430 434 437 438 440 442 
103 106 111 116 119 124 128 137 141 145 147 149 152 156 159 169 172 176 178 179 181 184 185 191 196 207 208 210 214 219 223 227 228 235 237 240 243 246 250 251 255 259 262 265 270 274 278 282 284 287 290 292 294 295 296 303 306 310 313 315 316 320 322 326 329 334 338 342 347 349 355 362 365 366 367 370 373 377 381 384 389 393 395 398 401 405 408 411 414 417 421 423 426 429 431 432 435 439 442 444 448 
105 107 115 117 122 128 130 140 142 146 149 152 156 158 163 173 177 179 180 183 184 188 191 193 200 211 213 217 221 225 227 231 233 237 239 243 245 247 253 256 257 261 266 269 271 278 282 283 287 289 291 294 297 298 302 305 308 314 317 319 321 323 326 327 333 338 339 346 350 354 359 365 369 370 374 377 381 384 386 387 392 395 398 401 404 407 409 413 416 421 425 429 432 433 434 435 438 443 446 448 452 
109 113 119 120 126 132 135 144 147 150 153 157 161 165 169 175 180 183 187 190 194 198 200 203 204 213 214 220 223 226 229 232 235 240 243 247 250 253 254 258 261 263 267 270 273 280 285 287 289 291 292 296 299 303 305 307 311 318 321 322 324 328 329 332 336 341 342 350 354 356 363 369 372 373 377 378 385 389 393 394 395 397 401 403 406 409 411 415 418 422 427 430 433 436 438 442 443 445 449 451 456 
110 115 121 124 130 135 139 145 148 152 154 160 163 168 170 178 182 186 188 194 197 200 204 206 208 215 216 222 224 230 232 236 240 242 247 249 254 256 259 262 263 265 268 272 274 282 287 288 291 295 296 297 301 307 310 313 315 320 325 326 329 332 335 339 340 345 347 353 355 358 366 370 376 378 380 384 388 392 396 398 402 404 408 412 415 418 420 422 426 429 433 434 435 438 441 443 447 451 455 456 460 
112 119 124 125 134 139 143 147 149 154 155 162 165 171 173 179 184 188 191 198 199 202 208 209 213 218 221 225 227 233 234 239 243 244 248 250 257 258 262 266 267 270 272 273 276 286 290 291 293 296 298 301 303 308 313 316 317 324 328 330 332 333 338 342 346 350 353 357 361 363 370 371 380 383 386 388 392 394 398 402 406 408 411 413 416 421 424 428 431 434 437 438 439 443 444 445 449 455 458 462 466 
116 123 128 132 137 142 144 151 153 157 159 163 167 172 177 180 185 192 195 199 203 206 210 213 217 220 224 228 231 235 239 242 247 249 252 255 261 262 263 270 274 275 278 279 280 290 294 296 297 299 300 302 307 312 317 321 325 326 329 332 333 334 339 344 348 353 354 358 362 365 371 373 384 386 388 389 393 396 399 405 408 410 412 416 418 423 425 429 433 437 440 444 446 448 452 456 460 461 465 466 469 
117 126 131 135 139 145 148 152 156 160 162 167 168 175 178 181 187 196 200 201 205 208 212 215 221 224 226 230 235 236 241 243 250 254 257 259 263 267 269 274 276 277 280 283 284 293 296 298 301 304 308 311 314 318 319 322 329 330 333 337 339 343 344 345 351 357 358 362 363 368 373 376 387 388 391 395 398 401 402 408 412 413 415 418 421 427 429 432 434 438 444 446 449 453 454 458 462 466 469 470 471 
121 127 133 136 143 147 150 153 157 163 167 171 175 179 180 184 189 200 202 206 208 209 215 219 224 226 227 234 236 239 244 246 253 257 261 263 264 270 273 278 282 285 286 289 293 294 297 302 303 308 309 312 318 321 325 327 332 335 337 341 345 348 349 352 355 358 359 365 367 370 374 378 391 394 395 398 401 403 407 409 415 419 421 425 428 432 434 438 442 445 449 453 457 459 462 464 466 470 471 474 477 
124 128 136 137 146 150 151 154 160 167 169 173 176 180 181 185 191 204 207 211 213 215 217 220 225 230 233 236 240 241 247 250 254 260 264 267 270 274 276 281 285 287 289 291 297 299 301 303 306 310 314 318 319 325 327 330 335 338 341 344 348 350 354 357 358 361 365 366 371 375 378 379 393 397 398 400 405 407 411 414 419 420 422 426 431 434 437 442 444 448 450 456 460 463 467 469 470 474 477 480 484 
127 130 140 141 149 154 156 159 162 171 174 178 179 184 185 187 192 205 209 212 216 218 222 224 227 233 236 238 244 245 250 252 258 264 265 269 272 276 279 284 289 292 296 298 300 302 304 305 309 311 315 322 325 329 331 332 337 341 345 348 350 353 357 359 360 362 368 372 375 377 382 384 394 398 399 402 406 411 414 415 421 423 424 427 435 438 442 446 447 451 455 458 462 466 469 472 475 476 480 484 488 
128 134 142 146 152 155 160 161 164 172 178 182 184 186 187 188 194 206 212 213 217 220 223 226 229 234 240 242 246 249 252 254 261 265 269 273 277 281 283 288 290 296 300 303 307 311 313 314 318 320 324 326 327 331 333 335 340 344 348 351 352 357 360 362 365 369 373 377 378 380 383 387 396 400 401 403 408 414 417 418 422 425 428 432 436 441 444 448 452 455 459 461 465 468 472 475 477 478 484 487 491 
131 137 146 147 155 157 163 165 167 173 179 185 186 189 193 194 196 209 216 217 218 223 227 228 233 238 243 247 250 251 253 258 265 269 270 276 281 282 284 291 294 299 303 305 308 315 317 318 322 323 327 331 333 335 336 339 344 345 350 352 354 359 363 367 371 374 376 379 382 386 388 391 399 404 408 410 414 417 420 423 424 427 429 435 439 442 445 449 455 458 461 465 469 473 475 478 479 481 488 489 493 
135 141 150 151 157 161 165 167 169 176 182 189 192 194 196 200 203 212 218 222 225 226 228 231 235 239 246 250 252 254 257 259 267 272 276 278 282 284 288 293 295 302 306 308 312 316 319 320 325 326 331 335 338 340 341 344 345 347 353 355 357 362 366 370 375 379 380 384 387 390 393 395 402 405 410 413 415 418 423 425 427 429 433 436 441 446 450 451 459 460 463 468 470 475 479 482 485 486 491 494 496 
136 144 151 155 161 165 166 168 171 178 186 192 194 197 201 204 206 214 222 225 228 229 233 235 239 242 247 253 255 256 258 263 271 276 279 280 283 286 289 296 300 306 308 310 314 318 323 325 326 329 335 337 340 343 347 351 353 355 359 363 365 369 373 376 380 382 384 385 389 392 396 398 406 408 414 415 419 422 425 426 430 431 436 440 445 448 454 457 463 467 469 470 471 479 481 486 490 494 495 499 502 
138 148 155 157 162 166 167 172 175 179 190 196 200 201 204 208 212 218 225 226 229 232 236 237 241 243 250 255 259 263 265 267 273 278 282 284 288 291 294 300 301 308 311 312 315 319 327 331 334 335 337 339 343 346 349 353 355 357 363 367 369 370 377 378 382 383 387 390 394 395 400 404 407 410 418 419 420 425 426 428 432 435 438 443 448 451 456 460 464 471 475 478 479 480 484 489 493 496 499 500 503 
141 150 156 158 165 167 171 175 176 182 194 198 204 206 208 211 213 222 227 229 231 235 238 241 245 246 252 258 262 267 271 272 275 281 285 289 290 295 297 303 305 309 312 315 317 320 328 333 336 337 339 341 345 350 354 355 357 360 367 369 370 372 380 382 384 387 390 391 398 402 404 406 410 411 421 423 424 429 433 437 439 440 443 446 450 454 460 464 468 473 479 480 484 487 490 492 496 498 501 505 507 
143 151 159 162 168 169 174 178 181 183 195 199 208 210 212 215 219 223 229 230 233 238 239 244 246 249 255 261 266 268 274 277 280 284 287 293 296 300 303 307 308 312 313 317 320 324 331 334 337 341 344 346 350 354 355 356 359 362 370 371 374 375 382 386 390 391 393 394 400 406 408 412 414 416 422 424 426 432 435 438 440 444 445 448 452 455 463 466 471 474 480 484 488 490 492 494 499 501 504 506 508 
144 153 161 163 170 172 176 179 182 187 199 203 211 212 216 217 222 225 232 235 239 241 244 245 248 250 258 264 269 273 275 278 281 288 292 297 300 303 305 311 314 316 320 321 325 329 332 335 340 344 345 350 351 358 361 362 363 364 373 375 378 381 384 389 391 395 397 400 402 409 410 416 418 422 423 427 429 435 437 442 446 450 451 455 459 460 464 469 473 477 484 488 492 495 499 501 504 508 510 514 516 
148 156 164 167 173 177 179 182 183 189 200 204 212 214 217 221 224 227 235 237 240 243 247 249 250 252 262 266 270 274 276 279 285 292 295 301 304 305 306 312 318 319 323 325 326 331 336 338 341 345 347 352 356 359 365 369 372 376 377 381 385 387 391 393 395 398 399 402 405 412 416 418 421 425 427 428 432 439 441 446 449 454 458 462 465 469 473 475 476 480 486 491 494 499 502 506 509 510 514 516 518 
150 157 165 169 174 179 180 183 187 192 201 205 216 217 220 224 226 230 238 240 241 244 251 254 255 256 264 270 271 278 282 285 287 294 296 302 308 312 313 316 321 323 326 329 333 337 341 342 343 348 350 354 357 362 367 372 373 380 384 388 391 394 397 399 402 403 406 407 408 415 417 422 425 429 431 432 433 441 443 450 454 455 461 466 469 470 476 479 480 483 487 494 497 503 507 510 512 514 517 520 523 
153 161 169 173 178 183 186 189 190 196 203 206 217 221 225 226 227 234 239 244 246 250 253 256 260 263 265 272 275 280 286 288 291 295 298 303 312 315 318 321 325 328 331 332 337 339 345 348 350 354 355 357 358 365 370 376 380 383 387 392 394 397 398 403 404 406 410 411 412 419 420 425 428 433 434 438 442 444 445 454 455 459 463 469 470 473 477 483 485 489 491 498 501 505 509 514 518 520 521 523 526 
156 165 171 174 179 184 190 191 195 199 205 208 220 224 228 231 235 238 242 246 248 253 255 257 264 265 266 276 279 283 288 292 296 297 301 304 315 319 321 322 329 330 333 336 339 343 349 350 354 355 356 360 363 367 374 379 384 388 389 395 399 402 405 406 408 409 411 412 413 420 423 427 430 435 436 440 446 449 450 456 458 462 464 471 474 476 480 484 489 490 495 500 505 506 510 516 519 522 525 528 531 
158 168 175 177 182 187 191 194 197 203 209 213 222 227 231 234 236 240 243 249 253 255 256 259 267 270 272 277 283 287 289 293 300 301 302 306 318 322 323 327 332 336 337 341 345 349 352 354 355 356 360 363 364 368 377 383 388 392 395 397 401 404 407 409 411 415 417 421 425 429 433 435 437 439 440 441 450 452 453 459 461 464 467 474 477 478 482 486 490 492 497 504 506 507 513 517 521 523 529 530 535 
159 172 176 180 184 188 193 195 201 205 212 216 223 231 234 236 237 242 246 252 254 258 260 261 269 272 274 278 287 289 290 297 301 302 303 309 322 325 328 331 335 338 342 346 348 353 356 357 361 362 364 366 367 371 381 386 389 395 396 401 403 406 409 413 416 417 418 425 427 430 435 439 440 444 447 451 452 455 456 463 466 470 471 475 479 482 485 489 491 493 500 508 509 512 517 520 522 527 533 536 537 
160 176 180 184 186 190 195 198 205 207 214 220 227 235 238 239 243 246 247 255 259 262 264 266 271 275 276 279 289 291 293 301 302 303 306 310 326 329 330 332 336 340 344 348 351 356 358 362 363 365 368 369 371 373 382 390 394 399 401 402 406 410 411 416 417 420 422 426 430 434 436 441 442 447 449 452 453 456 460 467 468 472 475 479 482 484 486 492 494 495 502 511 513 515 519 521 524 528 536 539 542 
164 177 182 185 189 194 196 199 208 209 216 223 231 239 240 243 247 248 249 256 262 265 268 270 273 276 277 282 292 295 299 305 309 313 317 321 328 331 333 337 339 342 345 352 353 360 362 365 369 371 375 379 382 385 387 394 396 401 404 407 409 414 416 419 423 425 426 427 431 437 441 442 444 449 452 456 457 458 464 469 472 473 479 480 485 488 489 496 498 502 506 512 514 518 521 522 527 531 539 540 545 
166 181 184 187 192 195 199 200 212 216 217 225 232 241 245 246 250 253 256 260 265 266 270 272 274 278 281 284 295 299 303 309 310 314 321 325 332 334 335 339 342 346 348 354 357 363 366 369 373 377 379 383 386 390 393 396 397 405 409 411 413 417 418 423 426 429 431 435 436 438 444 445 446 451 454 460 464 467 471 474 476 477 481 485 489 491 493 497 499 505 509 516 518 519 522 524 530 535 540 542 546 
167 183 185 188 196 198 201 204 213 217 221 226 235 242 247 250 252 257 261 265 269 273 274 275 278 281 283 286 296 301 304 312 313 318 325 326 335 337 341 344 345 348 351 355 361 364 367 371 377 380 383 387 388 393 396 397 401 409 410 415 416 421 424 426 428 433 435 436 437 440 445 447 448 453 457 463 465 471 473 477 479 481 485 487 491 493 497 499 501 508 512 520 522 526 529 533 535 536 541 545 548 
169 186 189 190 200 204 205 209 214 220 223 230 236 244 250 253 255 261 264 268 271 275 279 280 282 284 286 289 300 302 306 313 316 319 328 332 339 343 345 346 349 351 353 358 365 368 369 373 381 382 385 388 391 394 400 401 404 410 413 417 419 425 428 432 434 438 441 442 446 449 452 454 458 460 463 464 467 474 477 481 485 486 487 490 493 496 500 502 504 510 515 524 527 531 535 537 540 541 544 548 549 
170 190 191 193 204 205 208 211 216 222 224 233 237 248 252 255 258 265 268 272 273 277 281 283 286 287 290 291 301 306 308 317 321 324 332 333 342 346 349 351 352 353 357 359 367 372 375 378 383 384 389 393 396 400 402 405 406 413 415 421 423 429 432 434 437 439 444 446 447 451 453 457 462 464 468 470 471 478 480 482 486 487 490 491 494 498 504 507 511 515 516 528 529 533 539 543 545 547 549 551 552 
171 191 192 196 207 210 211 215 219 226 228 235 240 250 255 258 260 267 271 275 278 281 283 286 287 288 291 295 305 310 311 320 322 327 335 339 345 350 352 354 358 362 363 366 370 375 376 381 385 388 390 394 400 403 406 410 411 415 416 424 428 431 434 435 441 445 449 451 453 455 456 460 466 468 470 472 473 479 483 485 490 494 497 499 502 506 510 511 514 517 521 532 533 536 542 546 548 550 554 558 561 
175 195 199 203 209 213 217 219 222 229 230 236 242 251 257 260 264 270 274 277 279 285 288 292 294 295 297 300 306 312 313 322 326 330 336 342 346 351 356 357 359 366 368 370 373 379 382 383 388 389 394 397 404 405 410 414 415 416 417 426 430 434 436 438 443 446 453 457 458 462 463 465 467 471 472 473 475 483 484 489 494 496 499 500 504 508 514 517 520 523 527 535 536 540 545 547 552 556 560 561 562 
176 197 200 205 210 215 220 224 226 231 234 240 245 252 260 263 266 272 278 279 280 288 290 295 297 300 301 304 310 315 317 325 329 333 337 346 349 352 360 361 363 370 374 377 381 384 385 386 392 394 395 398 407 411 415 417 420 421 423 427 431 435 440 444 447 450 454 461 462 463 465 469 473 474 478 480 481 487 488 490 495 500 503 506 510 513 517 521 524 525 528 536 538 544 548 552 553 559 563 566 569 
178 200 201 208 213 217 222 225 227 235 237 243 249 254 263 264 269 276 281 285 286 290 291 297 299 303 305 309 311 316 320 326 331 335 338 348 353 357 363 365 367 373 376 378 384 386 390 391 393 397 399 402 411 414 418 420 421 422 427 429 432 436 443 446 451 452 457 462 463 465 466 470 477 479 480 481 484 489 490 491 498 502 504 509 511 517 520 523 527 528 532 540 542 545 551 556 557 561 567 569 570 
179 201 204 210 215 218 225 228 232 239 240 245 252 255 264 266 270 280 285 288 289 294 297 301 302 307 308 312 314 318 324 328 332 337 341 352 355 361 365 368 369 377 379 381 386 389 392 395 397 400 404 407 415 416 420 423 424 427 428 433 437 440 445 449 452 456 458 465 469 470 473 476 479 482 483 486 487 493 497 499 500 505 507 511 513 520 523 524 529 531 534 541 544 548 555 557 561 565 569 572 573 
182 203 207 212 218 219 228 232 235 240 243 248 254 259 268 269 271 282 287 291 295 298 300 305 306 309 313 315 316 322 327 331 336 340 343 354 359 365 368 369 370 380 383 384 387 391 393 399 403 404 405 411 418 420 424 426 430 434 438 442 446 447 449 450 456 458 459 469 470 474 477 480 484 486 489 493 494 497 501 505 509 511 515 517 521 525 528 529 533 537 539 542 548 549 559 561 563 566 571 575 577 
184 204 209 216 220 224 232 236 237 243 245 252 257 263 270 274 275 286 291 294 297 299 301 309 312 315 318 321 325 328 331 334 337 344 345 355 363 369 370 374 376 384 386 387 388 394 398 400 404 408 412 416 419 421 426 429 434 437 441 443 448 450 454 458 459 462 466 472 476 478 482 484 485 489 492 496 499 500 504 508 512 514 519 520 523 526 529 530 536 541 543 546 549 551 562 566 569 573 575 577 578 
188 207 213 219 224 227 235 240 242 246 250 253 261 265 273 276 280 290 294 298 302 306 309 313 316 318 320 325 327 330 333 337 339 347 348 359 365 373 375 377 378 387 390 391 395 399 400 402 406 412 416 417 423 427 429 432 438 440 442 445 450 452 456 462 466 470 474 476 480 483 486 490 492 493 494 499 501 505 509 512 514 518 521 525 527 529 531 533 539 545 549 553 554 558 566 570 572 574 579 583 585 
189 208 215 223 228 232 237 243 244 250 253 257 262 268 276 279 283 294 298 300 305 308 312 316 320 322 325 328 329 333 335 341 343 351 354 361 368 377 379 380 383 391 393 395 396 400 402 404 410 415 418 419 426 431 433 436 439 443 446 449 454 455 460 463 468 471 477 479 483 485 487 493 494 495 496 500 504 507 510 514 515 521 525 527 530 531 532 535 543 547 553 557 559 560 567 572 576 579 583 584 588 
191 212 217 224 231 236 238 246 248 253 256 258 266 271 279 280 284 295 299 301 308 310 313 317 321 326 329 330 333 337 341 343 345 354 355 362 372 378 380 382 384 394 397 398 400 404 408 409 413 416 419 423 427 433 436 439 442 444 450 452 458 461 464 465 471 472 480 481 486 490 492 494 496 498 501 503 508 510 512 518 521 523 527 530 532 536 538 541 545 550 556 558 563 564 569 574 579 580 585 586 589 
192 214 220 228 235 239 241 247 249 256 260 263 268 273 282 286 289 296 301 303 310 314 318 321 325 328 331 334 337 338 345 347 349 357 358 363 374 379 381 385 389 398 399 403 406 409 411 414 415 418 421 427 429 434 440 441 445 449 454 456 460 462 467 468 474 477 484 487 488 493 497 498 500 503 504 508 510 514 515 522 523 525 531 533 536 539 540 543 548 554 558 561 565 567 571 576 581 583 587 590 592 
194 217 224 231 238 243 244 250 251 258 262 266 271 277 286 289 293 299 305 308 311 315 321 322 328 330 335 337 340 344 347 348 352 359 361 366 375 381 382 389 390 399 402 404 410 413 416 420 423 427 429 432 434 435 441 444 448 451 456 459 464 466 468 471 477 478 486 491 492 497 498 499 502 505 507 512 513 515 518 523 526 528 535 539 542 543 547 551 554 557 562 566 570 572 573 579 584 586 590 594 596 
195 220 226 235 239 247 248 253 256 259 263 268 273 280 290 292 295 301 306 310 313 318 322 324 329 333 336 339 341 347 349 353 357 363 367 370 379 383 386 390 393 400 406 409 412 417 421 425 426 428 430 434 438 440 442 448 452 456 460 462 465 468 471 474 478 481 490 494 496 500 501 503 507 508 509 515 518 519 523 524 528 530 536 541 543 546 549 554 557 561 564 568 574 577 581 585 589 590 591 598 599 
198 224 229 238 243 249 252 255 260 263 265 270 277 282 293 295 298 305 309 313 316 319 324 328 330 336 339 343 344 351 353 355 359 367 369 371 381 384 390 392 395 404 407 413 414 420 425 428 429 431 433 436 441 442 445 450 455 459 463 464 467 471 474 475 480 485 494 495 500 502 503 506 508 512 515 516 519 522 525 528 529 533 538 545 546 549 550 555 558 563 568 572 576 578 584 587 592 595 596 601 602 
199 227 230 239 247 251 255 258 264 268 271 272 280 285 296 300 304 307 311 315 318 321 327 329 334 339 340 344 346 355 356 358 363 368 373 376 384 387 392 395 396 408 409 415 416 423 428 431 434 436 439 440 444 448 451 454 456 463 466 470 474 475 476 479 483 486 498 502 504 506 508 510 514 515 517 521 523 524 526 529 530 535 540 549 553 555 556 557 562 564 571 575 579 583 586 590 593 599 603 606 609 
201 231 232 240 248 253 257 259 265 272 273 275 284 289 298 303 308 309 314 319 323 327 329 332 336 340 341 345 349 356 359 360 365 370 377 379 387 390 396 397 399 412 415 419 423 424 429 435 436 440 443 446 448 452 454 458 462 467 468 474 476 478 480 481 484 490 501 503 508 512 516 518 519 521 522 524 526 528 530 531 532 537 541 550 555 559 561 563 566 567 573 577 581 584 590 594 597 601 604 609 613 
204 235 237 244 252 256 259 262 269 274 277 281 287 291 299 307 312 316 317 323 327 331 333 335 338 344 347 348 352 358 361 362 368 372 380 381 389 391 399 402 405 413 416 420 426 428 432 439 443 444 446 449 453 454 455 459 466 470 473 478 480 481 483 487 490 491 503 507 511 513 519 520 521 524 528 531 535 539 543 547 551 553 554 558 561 563 565 566 567 571 574 581 583 588 594 596 598 603 607 613 615 
205 237 240 248 254 258 260 265 272 278 282 285 291 295 301 310 314 320 322 327 330 334 335 337 341 346 348 350 355 362 364 365 371 374 384 385 391 392 403 404 409 414 417 422 427 432 434 443 444 446 449 451 455 458 462 465 468 472 475 481 483 486 488 490 492 493 504 510 515 516 523 525 529 531 532 536 539 542 545 550 553 554 557 561 564 567 571 572 576 580 582 584 588 589 597 601 605 608 612 617 619 
209 238 243 252 256 259 264 269 275 279 285 289 292 297 304 311 317 323 325 331 335 339 341 345 347 350 354 355 356 363 365 366 373 378 386 389 392 395 404 408 413 418 420 424 430 434 437 447 449 452 454 455 458 462 466 469 473 475 478 483 486 488 489 493 494 497 507 513 518 522 526 527 531 533 537 540 543 545 546 552 555 558 559 564 568 570 572 575 577 584 585 587 592 595 600 602 609 610 613 619 623 
210 241 247 256 257 262 266 271 277 280 286 291 293 301 307 313 320 326 330 332 338 343 345 346 348 354 355 359 361 366 368 372 375 381 388 393 394 397 408 410 415 422 423 428 431 438 439 451 455 457 460 464 467 470 472 476 477 481 483 484 488 491 493 497 501 502 508 517 519 524 527 528 535 539 543 547 549 552 555 556 557 560 563 567 569 572 574 578 581 587 590 591 593 599 601 603 611 614 616 621 627 
213 243 248 260 263 267 270 274 281 283 289 292 294 304 309 316 323 330 331 333 340 347 349 351 352 355 358 361 365 370 371 375 377 384 391 397 399 401 412 415 419 425 429 430 434 440 443 455 457 459 463 465 469 473 475 480 482 485 488 489 493 495 499 500 504 506 511 521 523 527 530 532 539 540 547 549 550 553 558 561 564 567 570 574 577 578 582 583 587 588 592 595 597 602 605 608 615 617 620 622 631 
214 245 250 262 267 269 273 278 283 286 290 294 296 308 311 319 326 334 338 339 341 349 350 352 353 358 361 363 368 372 375 378 382 386 394 399 400 402 413 418 423 426 431 434 438 441 445 456 458 462 464 466 473 477 481 485 487 490 494 496 500 501 502 506 510 514 515 523 525 530 534 538 541 543 550 554 558 562 566 568 571 574 577 579 583 587 591 593 597 600 603 604 606 609 611 612 619 621 622 623 635 
215 248 253 265 269 271 275 282 286 289 292 298 300 309 313 322 329 337 342 344 346 351 354 358 360 363 365 369 371 375 378 379 385 389 398 400 403 404 415 419 424 429 434 438 440 445 449 457 460 463 467 470 476 481 482 489 493 494 496 499 504 506 510 513 517 519 523 527 530 533 537 539 542 547 551 555 561 565 567 570 575 576 580 581 587 589 593 594 601 604 605 606 610 612 613 616 620 622 624 626 636 
216 250 257 266 270 272 276 284 289 291 293 299 302 311 314 326 333 338 344 346 347 355 358 359 361 365 368 370 374 378 381 384 387 390 402 405 408 412 417 421 426 431 437 440 441 448 453 460 463 467 468 473 477 482 486 492 494 498 500 501 508 510 511 516 520 522 524 528 534 538 540 544 547 551 552 559 563 569 573 575 576 580 583 587 590 594 595 598 604 605 608 612 613 616 619 622 625 626 628 630 639 
217 251 260 268 271 273 277 285 290 294 295 303 305 312 318 329 335 340 345 347 348 359 360 362 363 366 371 373 377 380 383 388 389 393 406 408 409 414 420 423 430 433 438 444 448 450 454 464 468 471 474 477 481 485 489 494 496 502 505 509 510 513 516 518 522 523 528 530 535 541 542 547 550 553 555 563 564 573 574 576 580 581 585 588 592 595 597 600 608 609 613 614 616 619 621 626 629 633 635 636 642 
218 252 264 271 272 275 280 287 294 297 299 307 311 314 321 330 337 342 349 352 354 362 363 365 368 370 372 376 378 381 386 390 394 395 408 411 412 416 421 425 432 436 441 446 452 453 458 468 472 475 479 483 487 490 492 496 498 504 508 512 513 516 518 521 525 527 530 533 538 544 548 550 552 554 559 564 567 575 576 579 584 586 588 589 593 596 601 605 612 613 616 618 621 624 626 629 632 636 638 639 646 
219 254 268 272 276 278 283 291 296 300 303 308 312 318 325 333 341 346 350 355 359 366 369 371 372 373 374 377 380 383 388 394 395 396 412 415 416 419 425 428 434 438 443 449 455 456 462 469 475 479 482 485 488 491 496 499 501 507 511 513 514 520 521 522 527 528 534 537 541 548 551 555 557 559 563 568 569 578 581 584 587 589 590 592 597 599 605 607 614 617 621 625 627 628 630 634 638 640 644 648 650 
222 257 269 273 278 279 286 295 297 302 304 310 315 320 328 337 344 349 354 358 362 367 371 373 377 379 383 385 387 390 392 398 399 400 415 419 422 426 428 431 437 440 445 450 458 461 465 471 479 483 486 488 491 493 498 501 503 509 514 515 516 523 524 528 530 531 535 538 544 551 552 559 563 564 565 572 576 579 585 587 588 590 592 596 598 603 607 611 617 620 622 629 630 631 632 635 640 642 645 651 655 
225 258 271 277 282 284 289 299 302 306 310 314 316 321 330 340 347 351 357 359 364 371 372 377 379 380 387 390 393 396 400 402 403 405 418 421 423 427 432 436 440 443 449 453 459 462 469 473 482 486 488 490 493 497 501 504 505 510 516 518 520 526 527 531 535 536 538 539 548 555 559 563 565 569 572 576 577 583 586 588 591 595 597 600 601 606 609 613 620 622 624 631 632 636 639 641 643 647 651 654 658 
226 261 273 278 283 285 293 301 305 310 311 318 319 322 333 341 349 355 361 365 366 373 376 379 383 386 389 392 395 397 404 407 408 409 422 424 426 428 435 439 442 446 451 454 460 464 473 477 485 488 489 494 496 500 502 505 507 514 518 519 521 529 533 534 536 540 542 545 550 559 563 567 568 573 575 580 581 587 590 591 593 598 601 605 607 610 614 615 624 625 626 633 636 640 642 643 647 648 653 655 661 
229 263 277 281 287 291 296 305 309 313 314 322 324 327 337 344 352 356 363 367 368 375 377 383 387 388 390 395 396 400 408 410 411 415 424 426 427 431 438 441 445 448 455 459 461 467 474 480 488 489 492 498 500 504 505 508 510 518 520 523 525 530 536 540 542 543 544 547 554 562 564 570 571 577 581 583 587 590 591 595 597 601 602 608 611 615 617 621 628 631 634 638 639 644 645 646 649 653 654 659 663 
233 264 279 283 291 294 299 307 312 317 318 325 329 333 339 348 353 359 364 370 374 379 383 387 388 390 391 399 403 405 409 411 412 417 428 429 431 433 442 444 446 450 458 462 465 471 477 484 489 493 495 502 505 508 512 516 518 522 525 526 527 533 537 542 545 549 553 556 560 566 570 572 576 581 583 585 591 594 598 600 602 603 607 609 614 616 621 622 632 635 636 642 646 648 651 654 657 660 662 666 669 
235 267 282 286 294 296 303 308 315 319 321 326 332 337 341 352 357 363 365 371 375 380 384 388 390 392 394 400 406 408 412 416 418 420 430 433 434 438 443 446 447 453 459 463 466 475 480 487 491 494 499 506 508 511 515 520 523 524 527 529 531 537 541 545 549 552 557 560 561 570 571 575 578 582 584 589 595 597 600 604 607 608 610 612 616 619 624 627 635 638 639 644 650 654 657 661 665 667 669 672 673 
238 269 283 290 297 298 306 310 318 321 324 330 334 339 343 355 361 364 369 373 379 383 386 392 393 397 399 404 410 414 416 418 422 426 432 435 438 440 444 450 451 457 463 465 469 476 482 491 492 497 503 507 509 515 517 521 524 528 529 531 535 540 545 547 550 555 561 564 565 573 577 579 582 585 588 593 597 600 604 607 611 612 613 616 617 622 625 629 637 639 642 648 652 658 661 663 668 671 673 675 679 
241 273 287 291 300 301 307 311 321 322 325 333 336 341 344 356 364 368 370 374 381 386 390 395 397 400 404 408 414 418 419 420 424 427 435 438 440 441 447 454 455 461 467 468 472 480 485 492 494 499 504 510 513 519 521 525 528 530 534 538 541 542 546 551 555 557 562 565 567 577 578 582 584 586 592 594 599 601 607 608 613 614 615 617 621 626 629 631 638 641 644 649 654 661 663 665 670 674 678 680 684 
