5 7 10 12 16 18 21 25 29 30 31 34 36 37 39 41 42 44 48 50 51 52 56 58 62 64 65 69 71 72 73 75 76 80 84 87 91 92 93 94 98 101 102 106 108 110 113 117 121 123 125 128 131 134 135 138 139 142 145 149 153 154 158 159 163 165 168 170 174 176 178 182 184 186 190 191 193 196 200 202 203 204 208 209 212 215 216 217 219 222 225 226 227 231 233 236 237 238 242 243 244 247 
9 12 15 19 22 23 27 28 33 34 38 41 43 46 49 53 55 58 60 61 64 65 67 71 73 75 78 79 82 84 85 88 91 93 94 98 100 101 104 108 109 113 117 118 121 124 126 128 129 130 131 134 137 139 140 144 147 150 154 156 160 164 167 169 170 171 175 179 181 182 183 187 188 190 192 193 197 201 205 209 211 214 217 219 221 223 224 227 228 232 233 234 237 238 239 241 245 247 248 250 253 256 
10 16 18 20 23 27 30 34 36 39 43 47 48 51 52 56 58 60 62 64 66 68 70 73 77 78 79 80 86 89 93 95 99 101 104 105 108 111 115 119 121 122 124 125 129 131 135 138 139 143 145 146 149 150 151 153 154 155 158 160 164 166 168 170 172 173 178 180 182 184 187 188 189 192 193 197 201 203 209 213 214 218 219 223 224 227 229 230 231 235 237 241 245 247 248 250 254 258 260 261 264 266 
14 17 20 23 26 28 33 37 38 43 47 49 52 56 59 63 64 68 71 73 75 78 80 82 83 87 91 94 96 99 102 104 105 108 109 113 117 120 122 125 126 129 131 133 136 140 143 146 149 152 155 157 158 161 165 167 169 170 174 177 180 183 185 186 189 192 196 200 201 205 208 209 212 216 217 219 223 227 228 230 232 236 240 243 246 248 252 255 258 261 263 264 266 270 274 277 279 281 285 289 291 295 
16 19 22 26 30 32 37 41 43 46 49 51 56 58 63 64 67 72 74 77 80 82 84 88 92 96 97 100 103 106 110 113 116 118 121 123 127 130 133 135 139 140 144 145 149 152 154 156 159 161 163 165 166 167 170 172 176 180 184 185 186 189 190 194 195 197 198 201 205 209 213 214 217 220 223 226 229 231 235 238 240 241 243 247 249 251 255 257 259 262 265 267 271 273 276 280 284 287 289 293 294 298 
18 23 26 28 31 33 40 44 45 48 53 56 60 62 65 67 71 75 78 80 83 85 88 89 94 97 99 102 104 107 114 117 118 121 123 125 128 131 136 137 141 145 147 151 152 156 157 159 163 167 169 173 175 176 179 182 185 187 188 190 194 198 202 206 208 211 214 215 216 219 220 221 225 229 231 232 234 237 239 241 245 247 251 253 257 259 262 265 268 269 271 272 276 278 280 282 287 291 293 296 300 302 
19 25 28 32 34 35 44 45 46 52 54 60 62 65 69 70 74 78 79 82 84 86 89 92 97 101 103 107 110 114 115 121 122 124 125 128 130 133 138 140 143 149 150 153 154 158 162 166 169 171 172 176 179 182 183 185 187 189 192 195 196 202 204 210 213 216 217 219 220 223 225 229 233 237 239 240 242 246 248 249 251 253 255 258 261 263 265 269 273 277 278 279 281 284 286 287 290 293 297 300 303 305 
20 28 29 36 40 44 45 47 51 56 57 61 66 70 73 76 79 83 85 87 89 90 91 94 101 104 107 110 113 115 117 123 124 125 127 131 132 137 140 143 144 153 157 160 163 164 168 171 175 178 180 183 187 189 191 194 198 200 202 204 206 210 213 214 217 219 223 224 225 226 229 232 236 238 240 242 244 249 250 253 254 257 261 262 266 267 268 272 275 281 284 288 291 295 298 301 305 308 310 312 315 317 
21 31 32 39 44 47 49 50 54 57 58 62 69 71 77 78 81 85 89 90 91 94 95 96 104 108 111 114 117 118 120 124 125 128 131 132 136 139 142 145 149 155 160 162 167 168 170 174 179 183 187 188 192 196 200 201 202 205 206 207 211 214 215 216 219 223 226 229 233 234 235 237 240 243 247 248 251 255 257 261 262 263 267 271 274 277 279 282 285 287 290 294 295 296 299 305 308 309 312 316 318 322 
24 33 36 40 45 48 51 52 56 59 63 67 71 72 79 83 86 87 93 95 97 99 101 104 108 110 114 117 120 122 126 127 129 131 132 135 138 142 145 148 151 156 161 164 171 175 177 178 182 186 191 195 198 199 203 206 210 213 216 217 219 223 226 227 231 235 238 242 245 247 249 253 255 258 261 264 265 266 269 270 272 273 274 278 279 281 285 286 289 290 294 298 299 302 305 308 309 310 316 318 322 323 
26 35 37 42 46 51 54 58 61 62 67 69 73 75 80 85 90 92 95 97 98 101 103 105 111 115 118 121 125 129 130 132 135 139 140 143 145 148 150 153 156 159 162 167 173 176 180 184 185 189 194 198 201 204 205 210 214 216 217 220 222 224 230 234 236 240 242 246 250 251 253 256 260 263 267 269 271 272 275 277 281 282 283 284 287 290 291 295 296 299 303 305 306 308 309 310 312 315 319 320 326 327 
28 36 38 45 50 55 59 63 64 66 69 73 74 78 83 88 91 93 97 101 103 107 108 112 113 116 119 122 126 132 133 137 139 142 146 148 149 151 153 156 160 163 166 168 177 179 183 187 188 190 197 200 203 206 210 212 216 219 223 225 226 229 233 238 241 243 246 247 253 255 257 258 262 264 268 272 275 277 281 283 284 285 288 291 295 299 302 304 306 308 311 314 316 319 323 326 329 330 331 335 337 341 
31 40 43 47 51 57 62 65 69 70 71 77 79 82 86 91 94 95 100 105 106 108 112 116 119 123 127 130 131 133 134 138 143 144 150 153 156 157 160 164 168 170 171 174 179 182 186 190 194 196 201 202 204 210 212 213 219 221 225 228 232 234 236 242 245 247 251 253 256 257 260 264 268 272 274 276 280 281 282 286 289 292 296 298 301 304 305 306 307 309 314 318 322 326 329 331 335 339 340 344 346 348 
33 42 46 50 54 59 63 68 71 73 77 80 81 84 87 94 97 100 103 106 108 111 115 118 123 125 129 131 132 135 139 141 147 150 151 157 158 162 166 169 172 174 177 180 181 186 187 192 195 199 205 209 213 217 218 222 226 229 232 234 238 240 243 247 248 252 253 256 257 259 261 266 272 276 279 282 284 287 291 293 295 297 301 302 304 307 310 311 312 316 318 320 324 328 333 336 339 343 345 347 351 354 
37 45 50 54 58 60 67 70 73 74 80 81 84 86 91 95 101 103 105 108 111 114 117 119 127 129 130 134 137 139 141 143 148 152 154 158 159 165 169 172 176 179 183 187 189 190 194 198 200 203 207 212 214 221 223 225 227 230 233 236 241 242 245 250 252 253 256 257 259 260 262 267 275 277 282 286 290 293 295 296 299 303 305 309 312 314 317 320 323 324 325 329 333 335 337 339 341 346 350 351 354 355 
39 49 53 57 60 62 69 74 76 78 83 84 86 90 93 98 105 106 107 110 115 118 120 123 128 131 133 136 140 143 145 149 152 153 158 161 164 168 173 176 177 181 185 190 193 196 197 200 201 206 209 216 218 222 226 229 232 234 237 238 243 246 249 252 256 258 259 260 262 266 267 270 278 279 285 289 291 294 298 299 300 304 307 311 316 319 320 323 325 328 330 331 336 339 343 347 348 349 354 356 357 361 
42 50 57 58 63 65 71 77 79 82 86 88 92 95 99 103 109 110 114 118 120 124 125 127 132 133 137 140 142 147 149 150 153 155 160 162 165 172 177 179 181 183 187 194 196 197 198 201 205 209 210 219 223 225 227 230 233 237 241 243 245 247 250 255 259 263 265 266 268 270 274 276 282 285 289 293 295 299 300 303 305 306 311 315 319 322 326 329 330 331 334 338 341 342 344 351 354 356 359 363 364 365 
46 52 59 63 66 68 72 81 84 86 90 94 95 96 100 105 112 115 117 120 122 128 132 134 136 139 141 143 144 150 153 154 156 160 163 164 168 175 179 181 182 184 189 195 199 200 202 204 208 213 216 221 226 230 233 234 238 242 243 245 247 250 254 257 261 267 268 272 273 276 280 282 283 286 293 296 297 302 304 306 308 311 313 316 323 326 329 333 335 338 339 343 344 345 348 354 355 358 360 367 368 369 
47 54 61 66 70 74 78 83 87 90 92 95 97 101 104 109 114 116 121 125 128 131 133 138 141 144 148 150 154 155 158 162 164 166 170 172 176 180 183 185 186 189 192 196 203 205 208 211 213 216 218 225 229 234 236 239 242 245 249 252 254 258 259 261 263 268 269 274 276 277 281 286 287 288 295 297 298 303 308 312 316 320 324 326 330 333 336 338 340 344 347 351 353 356 358 360 362 363 367 371 372 376 
48 55 62 70 71 75 79 84 88 91 93 96 101 103 107 111 117 121 125 127 132 134 136 140 145 149 152 154 157 158 161 164 167 168 172 176 177 184 186 189 190 191 195 198 207 210 214 217 219 222 226 229 233 235 237 241 246 247 252 255 256 260 261 264 267 271 272 276 277 279 283 287 288 292 298 301 302 305 310 315 320 324 328 329 332 337 340 341 345 347 350 355 358 359 363 364 367 368 369 372 376 380 
52 57 65 73 77 78 83 87 92 96 99 103 104 107 108 114 119 123 129 131 135 139 141 145 148 150 155 157 161 162 163 166 170 174 178 181 184 187 188 190 192 194 198 200 208 213 218 222 223 224 227 230 234 238 240 244 247 251 253 258 260 264 265 267 270 274 277 280 284 285 286 289 291 294 299 303 306 308 312 319 322 325 332 335 337 339 341 343 349 352 354 359 362 365 368 369 373 377 381 382 383 387 
54 61 66 74 80 83 85 88 93 98 103 107 111 112 115 119 122 126 131 135 138 141 145 148 150 152 159 161 163 167 170 173 175 179 181 182 186 191 193 194 198 200 202 206 212 217 219 225 228 232 234 237 239 240 242 245 251 252 257 261 262 266 268 269 271 275 278 281 288 292 295 299 301 302 305 306 307 309 314 323 327 331 336 338 342 345 348 351 353 356 360 363 365 367 371 372 377 379 385 387 390 392 
56 63 69 76 81 86 88 90 94 99 107 108 114 118 122 124 125 130 132 139 142 144 147 149 153 156 162 166 169 170 174 178 182 186 189 191 195 199 201 202 203 207 209 213 214 218 223 227 231 236 240 244 248 250 252 256 257 260 263 266 269 273 274 277 278 281 285 287 291 293 296 302 305 306 308 310 311 315 317 326 331 335 340 343 347 349 352 355 358 360 364 367 370 372 375 377 378 381 389 391 395 396 
58 66 72 79 82 88 92 96 99 103 110 112 117 122 123 125 126 132 135 140 144 145 150 154 157 158 163 168 172 173 178 181 184 189 191 194 199 200 202 203 205 209 210 216 218 219 227 229 234 238 242 246 251 254 256 258 261 264 266 268 270 276 278 279 280 283 287 291 294 297 299 305 308 311 313 316 318 322 324 327 335 339 341 344 348 352 355 358 362 366 370 371 373 374 379 383 386 387 392 395 398 401 
59 70 76 80 85 91 94 100 104 106 112 116 119 126 128 130 131 136 138 142 146 150 154 158 162 164 166 171 173 176 182 186 188 191 192 197 202 206 209 211 213 215 216 217 220 222 230 234 237 241 245 248 255 256 260 263 266 269 272 273 274 280 284 287 288 292 295 296 300 302 305 307 309 314 315 318 322 324 327 329 337 341 344 346 352 354 359 363 364 368 373 374 378 379 380 386 390 392 394 397 400 405 
60 71 79 82 89 95 98 104 105 107 116 117 121 129 132 134 137 139 140 144 148 152 157 161 163 166 167 174 176 178 184 190 194 197 198 199 204 207 213 215 219 223 224 226 230 234 236 237 240 243 248 250 259 261 264 267 268 271 276 279 283 286 289 290 294 296 299 302 303 306 308 309 313 318 321 322 325 328 331 333 340 344 347 350 356 360 363 365 367 369 376 379 383 386 387 390 394 398 400 402 404 406 
63 72 82 84 91 98 102 106 110 111 119 123 125 132 133 137 141 142 145 149 152 155 158 163 165 170 173 175 177 179 188 193 196 198 201 205 206 210 216 218 223 225 226 229 233 237 241 242 245 249 250 252 262 265 267 269 271 275 279 282 286 290 293 297 299 300 301 303 304 310 314 315 316 322 324 325 328 329 332 336 344 347 351 354 357 361 364 367 370 373 380 381 385 388 390 394 397 401 402 406 409 410 
67 73 83 85 94 101 105 107 112 114 121 124 126 135 138 139 144 148 150 152 153 158 160 167 171 175 178 179 180 183 190 196 198 202 206 209 212 213 219 223 225 226 228 230 237 241 243 245 248 253 257 260 266 269 271 275 277 280 283 285 289 293 295 301 305 308 310 312 314 318 319 323 327 328 331 335 336 337 340 344 345 348 355 356 361 362 368 370 371 376 382 385 386 392 394 397 400 403 405 410 412 415 
69 77 86 88 96 105 108 109 113 117 125 127 129 137 141 144 148 151 155 158 161 164 167 168 172 177 181 184 186 188 194 197 199 204 208 213 215 216 222 224 227 231 232 235 241 242 244 246 250 256 260 264 269 273 276 278 281 282 287 288 291 295 299 303 307 309 311 315 318 320 322 327 329 331 334 336 338 341 345 349 352 354 356 357 365 366 372 375 379 383 384 389 391 393 398 400 404 407 411 415 419 420 
73 79 90 92 97 107 111 113 116 118 126 128 133 140 142 146 149 154 159 161 162 168 172 175 176 180 182 188 190 192 195 201 204 205 211 216 220 223 225 226 229 232 236 240 244 247 250 252 253 260 261 265 270 277 278 280 283 286 288 289 293 297 302 307 309 310 312 316 320 324 328 329 331 332 335 340 342 346 350 351 355 358 360 361 368 371 374 379 380 386 390 392 393 395 400 402 406 409 413 417 420 423 
77 80 92 93 100 108 114 116 119 121 129 132 136 144 147 148 150 156 161 163 166 172 174 179 180 182 184 190 192 194 197 205 208 210 214 217 223 224 228 230 234 237 238 241 248 249 254 255 259 261 263 267 271 280 283 287 288 291 294 295 296 298 304 309 311 315 319 323 324 327 329 330 332 335 339 341 344 349 351 354 358 361 365 367 369 375 377 383 384 388 391 396 399 402 406 409 412 413 416 421 424 426 
79 83 95 99 101 109 118 119 120 123 130 134 137 147 148 150 154 158 163 164 167 174 177 183 185 188 191 193 197 199 200 209 210 213 215 219 225 226 231 234 238 241 245 246 250 252 256 258 260 263 264 269 274 284 286 290 294 297 301 305 309 312 314 315 319 323 327 329 332 333 334 338 342 344 347 349 353 356 359 363 364 368 371 373 375 376 381 387 390 394 396 400 401 405 410 414 418 422 423 425 426 428 
82 85 96 102 105 110 120 122 126 127 131 138 140 148 151 154 157 159 167 168 171 178 179 185 186 191 195 196 201 203 207 210 211 214 217 220 226 229 235 236 240 244 248 250 254 255 259 262 264 265 266 271 278 287 288 292 297 301 303 306 313 316 317 319 322 326 328 333 337 341 343 347 350 353 354 355 356 360 361 365 369 373 376 380 381 385 389 392 395 397 401 403 407 408 412 417 422 424 427 428 431 432 
83 89 97 105 106 114 122 126 129 131 134 142 146 152 156 157 159 162 169 171 173 181 183 186 189 194 196 199 202 206 209 213 214 217 218 223 230 234 236 239 243 246 252 253 257 261 262 263 265 268 272 276 280 291 293 297 298 303 305 310 317 318 321 325 326 327 332 336 339 344 346 348 354 356 358 361 363 365 366 367 371 376 379 384 388 392 396 399 402 405 407 411 414 416 417 419 424 426 430 433 436 440 
87 91 101 107 111 115 123 129 132 133 137 143 148 153 158 161 162 165 170 172 174 182 187 190 192 195 199 202 206 208 210 216 217 219 220 224 232 236 237 240 247 250 255 259 262 263 265 266 268 269 275 277 283 292 296 298 299 306 307 313 318 322 324 328 332 334 337 341 344 347 349 350 358 362 366 370 372 373 374 376 378 379 382 387 391 396 397 403 407 409 412 414 417 420 421 425 428 431 433 437 438 444 
89 93 104 109 112 117 125 130 133 134 140 144 151 157 160 164 166 169 173 177 179 183 190 194 195 196 202 204 207 212 215 219 221 223 226 229 235 238 239 243 248 253 259 262 265 267 270 273 277 279 282 286 290 294 300 301 305 309 313 314 319 325 328 330 333 335 338 343 346 351 352 356 361 364 368 373 374 377 381 385 388 390 391 394 396 400 403 404 411 414 416 417 420 424 425 429 433 437 439 440 444 448 
92 95 107 112 115 118 128 131 134 138 142 146 154 161 162 167 169 172 176 179 182 184 194 195 198 200 205 209 211 216 219 223 224 226 227 232 238 240 243 246 252 257 263 266 267 268 272 277 280 281 286 290 291 295 302 304 307 312 316 318 320 328 331 332 335 339 340 344 350 352 353 360 364 368 369 376 377 378 382 388 392 395 397 401 404 407 411 412 414 417 421 423 425 428 432 435 438 441 444 447 449 450 
95 97 108 116 118 120 132 133 135 140 146 149 158 163 164 171 172 174 178 183 187 188 196 198 202 203 207 211 215 218 223 227 230 232 234 237 242 245 247 250 256 258 267 268 272 275 279 280 282 285 290 292 294 298 306 309 310 316 317 321 325 329 335 336 340 342 346 349 352 355 359 363 368 369 372 380 383 384 388 390 393 398 402 405 409 411 413 414 416 419 422 426 428 431 433 438 442 444 445 451 454 455 
96 100 110 120 124 125 133 136 137 141 147 153 160 164 166 173 175 177 181 186 190 194 200 202 203 205 210 215 219 223 224 231 234 238 242 245 248 250 251 255 257 259 270 274 277 278 283 284 285 288 292 293 295 302 307 313 317 320 321 325 328 332 336 339 342 344 348 350 356 358 363 367 369 373 374 383 384 386 390 391 394 401 404 406 411 412 414 417 419 421 423 428 431 435 437 440 443 446 448 452 456 459 
99 103 111 122 128 132 135 140 142 145 148 155 162 168 169 174 177 179 183 187 194 197 201 206 210 214 216 219 222 227 231 233 237 240 243 247 250 251 252 258 262 264 273 276 278 282 285 289 291 294 295 298 299 306 310 317 321 322 323 327 330 334 337 343 346 350 354 358 359 362 364 369 371 374 376 385 389 391 394 397 400 405 409 413 417 419 423 426 429 433 435 437 440 441 445 447 450 452 455 458 459 463 
100 105 113 125 129 133 138 141 143 148 150 159 163 170 174 176 181 185 187 191 197 198 205 207 214 218 221 225 226 229 232 236 241 243 244 249 254 255 257 261 266 270 274 280 283 287 291 292 296 298 299 302 304 308 314 321 325 329 330 334 337 340 342 345 347 352 356 361 363 365 367 371 374 378 381 388 393 397 401 405 409 411 412 414 421 424 425 428 433 437 440 444 445 449 451 454 458 462 463 464 466 469 
101 109 116 129 131 135 139 142 146 151 153 160 165 172 178 180 185 189 190 195 198 202 209 212 216 219 225 226 227 232 233 237 242 246 247 252 257 261 264 266 267 273 278 282 287 289 292 294 299 300 301 305 307 312 315 324 326 332 334 336 339 342 344 349 352 356 358 365 367 370 373 376 379 380 382 392 394 400 403 408 410 412 414 417 425 427 428 431 434 441 442 446 449 452 455 457 459 465 469 472 475 478 
104 112 120 130 134 137 143 147 148 152 154 162 166 175 181 184 186 190 193 197 199 205 213 217 219 220 226 230 232 234 238 239 244 248 250 255 259 263 265 268 271 276 280 285 288 290 296 300 303 307 308 311 312 315 317 325 328 333 337 341 344 348 352 353 357 360 361 368 369 374 377 379 383 385 389 395 398 402 407 409 412 415 416 421 427 431 434 437 440 444 447 451 453 457 459 463 466 470 471 473 476 481 
105 115 122 132 138 140 146 148 150 154 157 164 167 178 182 188 189 192 195 198 202 208 217 219 220 221 228 234 238 240 242 245 246 251 253 256 261 267 270 274 276 280 281 287 291 294 298 302 307 309 313 317 319 322 326 330 334 336 340 344 345 349 353 354 361 365 366 372 374 376 380 381 385 388 392 398 401 403 411 415 417 420 422 425 431 432 436 441 442 445 451 454 456 461 465 469 470 473 475 476 478 484 
109 117 123 133 141 145 148 152 156 160 161 165 168 181 186 189 190 194 197 202 203 211 219 223 226 229 230 237 242 243 247 248 250 255 258 260 264 269 272 276 277 282 283 289 293 296 301 303 311 312 316 319 323 327 328 332 336 340 344 345 348 353 357 360 365 368 370 374 375 379 384 388 391 394 396 399 404 407 413 419 421 423 424 427 434 436 440 443 445 449 453 458 462 463 469 471 475 477 478 479 480 485 
112 121 126 134 143 149 150 154 157 161 164 166 170 183 189 190 191 197 200 206 207 215 223 224 228 233 237 239 245 249 250 252 256 260 262 264 266 271 273 280 283 284 286 290 295 297 302 307 312 314 320 321 327 330 331 334 337 341 347 349 352 357 359 362 366 371 372 377 380 382 385 391 392 395 399 400 406 410 415 420 422 424 425 429 437 438 444 448 450 454 456 460 463 465 470 473 478 480 481 483 485 487 
116 125 127 138 144 151 152 155 160 163 167 169 174 187 192 196 199 202 205 207 211 219 226 228 229 236 240 244 248 252 256 258 260 264 267 268 269 273 276 283 286 290 293 297 301 302 306 308 313 318 324 325 331 333 334 337 338 344 349 353 354 360 361 363 367 373 375 378 382 383 389 394 397 398 400 404 410 413 417 422 425 426 427 431 439 442 445 449 454 458 461 464 468 472 474 477 480 482 484 485 486 488 
120 127 128 140 147 154 158 160 161 166 169 173 178 188 195 198 201 206 207 208 214 222 227 231 235 238 243 245 252 255 260 262 266 270 272 276 279 280 284 288 292 293 296 301 305 306 308 311 316 321 327 329 332 336 337 339 343 348 350 357 361 364 367 371 374 376 377 382 386 388 390 396 400 402 405 407 411 415 421 423 429 430 434 437 443 447 449 450 457 461 465 469 472 474 477 479 482 486 487 490 494 496 
122 128 131 141 149 157 159 163 165 170 173 174 180 190 196 201 203 210 211 214 217 224 230 234 239 243 247 249 255 258 264 268 272 273 275 279 281 284 285 292 294 298 301 304 308 309 311 314 319 325 331 333 335 339 342 346 349 351 354 358 363 367 370 372 377 378 381 386 388 391 395 398 402 403 409 410 415 418 422 426 431 432 436 441 445 451 454 455 460 464 467 473 474 476 480 484 488 492 493 495 496 498 
126 130 134 145 150 160 161 166 168 174 175 177 182 192 198 204 205 212 213 215 218 225 231 235 241 244 249 251 257 262 265 270 274 278 281 283 286 287 288 295 298 301 305 308 312 313 316 319 321 329 333 334 336 343 345 350 354 356 357 359 364 371 373 375 381 385 388 391 392 396 399 403 407 411 415 418 421 425 426 427 433 434 437 442 447 453 456 457 461 467 468 474 475 480 481 486 489 496 500 502 503 506 
129 131 135 147 151 164 165 168 169 175 178 181 184 195 200 207 211 213 215 218 221 229 232 237 242 247 251 253 260 265 268 272 276 282 285 287 290 293 296 297 301 303 306 310 315 317 319 322 326 330 337 341 344 346 348 353 356 358 360 364 367 374 377 380 384 388 389 395 396 400 401 407 410 414 417 421 425 429 432 435 436 438 440 446 450 455 457 458 463 471 475 478 479 482 485 488 490 497 502 506 509 511 
132 135 137 150 153 168 169 172 175 179 181 183 185 196 201 208 212 216 219 222 223 231 234 240 245 248 254 258 263 266 272 275 280 284 288 290 291 297 300 301 304 305 309 311 319 322 325 329 331 334 339 344 348 351 354 356 359 363 364 368 371 378 381 384 385 392 393 398 401 405 408 412 416 419 420 424 426 431 435 436 439 442 443 449 452 458 459 461 465 472 476 481 484 488 489 490 491 500 505 508 510 513 
135 138 142 152 154 169 170 175 179 180 182 185 189 200 205 211 214 219 223 227 228 234 237 244 249 250 255 260 267 271 275 279 281 285 289 292 293 300 304 305 308 310 311 315 322 326 329 333 335 337 340 346 351 352 358 361 364 367 368 370 372 381 385 388 389 395 396 402 403 406 410 413 420 424 427 429 431 432 439 441 442 445 449 451 454 462 464 467 471 476 479 483 487 491 495 497 499 501 508 510 514 517 
138 139 143 156 158 173 176 178 181 183 187 191 194 203 207 214 218 223 225 228 231 237 239 245 252 254 256 264 269 273 278 282 283 287 291 295 296 304 307 310 314 315 319 320 324 329 333 334 336 340 342 347 352 355 362 364 368 370 371 372 376 383 388 392 394 396 398 403 407 410 413 414 423 425 430 431 434 437 441 445 448 450 451 454 458 463 466 470 472 477 482 484 491 493 497 500 503 506 510 511 518 521 
141 142 147 157 160 175 178 182 184 185 190 193 197 204 211 215 220 226 227 232 234 240 244 248 256 257 258 266 271 277 279 283 284 291 295 296 300 307 309 311 315 319 323 327 328 333 335 337 338 341 343 351 356 357 364 368 371 374 378 381 383 385 392 393 396 399 401 404 410 413 416 420 425 426 431 435 438 441 443 447 450 452 454 455 462 466 470 474 477 480 484 485 493 494 498 503 506 510 511 514 520 524 
142 146 150 159 164 176 180 186 189 190 194 198 202 207 213 216 224 227 231 235 237 242 246 250 258 259 262 268 274 278 282 286 289 294 298 302 305 311 315 316 319 321 325 330 333 334 337 339 341 345 348 353 359 361 366 370 372 375 381 382 385 387 393 397 401 404 407 408 414 416 417 423 426 428 432 436 440 442 444 450 453 456 457 459 466 468 471 477 480 481 488 490 497 500 503 507 510 513 515 518 521 527 
146 147 154 160 168 179 182 190 192 193 195 199 203 208 214 220 228 229 233 236 239 244 248 253 262 263 265 271 277 281 285 288 290 295 299 304 306 314 319 320 322 326 328 332 335 339 340 342 343 346 350 354 362 363 369 371 376 379 385 389 390 392 394 398 404 405 408 412 416 418 422 426 427 432 433 440 444 448 450 453 455 459 463 467 470 471 473 480 484 487 492 493 498 504 507 511 515 519 523 527 531 532 
147 148 157 163 170 181 183 194 198 199 201 202 207 211 215 223 230 231 235 239 241 246 252 257 263 266 270 275 279 283 288 292 294 296 300 306 307 316 321 322 324 327 330 336 340 341 344 347 350 353 356 359 363 367 371 375 378 382 388 390 392 393 397 399 408 409 412 414 420 421 426 429 430 436 438 443 446 451 454 458 459 461 466 469 471 475 477 482 486 489 493 497 500 508 509 515 516 520 527 528 535 536 
151 154 161 165 171 183 184 195 201 205 207 211 213 215 219 225 234 235 238 242 244 248 254 258 266 268 272 276 281 287 289 294 297 300 303 310 311 318 322 323 326 328 332 339 343 345 349 353 356 357 360 362 367 371 372 378 379 386 391 392 393 394 399 401 412 415 417 420 424 425 429 432 435 440 441 444 450 452 457 460 461 465 469 471 472 476 479 484 489 493 497 498 504 512 515 518 520 521 529 533 536 539 
152 157 165 166 175 187 190 198 204 208 210 213 214 218 222 229 236 237 241 244 246 252 258 259 269 270 276 277 285 289 293 298 301 304 307 312 313 320 326 328 329 331 333 342 344 346 352 354 357 360 361 363 370 372 374 381 385 390 392 395 398 401 403 407 413 418 422 423 427 428 432 435 439 442 445 446 453 457 461 464 466 468 471 475 478 480 481 485 491 494 498 501 508 515 519 521 525 529 531 535 537 542 
156 159 169 170 179 190 191 200 208 212 215 217 220 221 226 230 240 242 243 248 251 256 260 261 273 274 279 281 286 291 297 301 303 308 310 314 318 323 330 331 335 339 343 346 350 351 355 356 358 363 365 368 373 374 377 384 387 391 395 396 400 404 405 411 415 422 426 430 432 433 435 438 443 447 450 451 455 461 465 466 467 472 475 478 481 485 486 489 492 496 502 505 509 516 520 523 527 530 534 537 541 546 
160 161 171 172 181 194 195 201 209 214 219 223 226 228 229 233 242 244 247 250 253 260 264 266 277 280 281 285 290 295 298 304 305 311 314 318 319 325 333 334 338 343 345 349 353 357 359 363 365 366 370 372 376 379 381 386 388 393 397 398 401 408 411 414 417 424 427 432 434 437 440 444 445 448 451 452 458 462 468 471 472 474 477 479 484 489 493 495 497 500 506 507 512 519 521 527 531 533 535 541 542 548 
163 165 175 176 182 198 201 204 213 216 221 227 231 232 236 237 244 246 251 253 254 263 268 271 281 285 286 290 291 299 303 308 312 316 319 320 323 327 337 341 344 345 349 350 355 358 360 367 370 374 378 380 382 385 389 391 392 396 398 399 404 412 416 420 423 427 429 436 437 441 442 447 450 451 452 453 459 466 472 473 476 477 480 481 488 493 494 496 498 504 509 512 516 520 522 531 532 534 537 543 547 552 
164 168 176 178 183 201 203 208 214 219 225 231 235 239 242 245 248 251 255 259 260 265 269 275 284 287 290 291 295 302 307 312 314 319 323 325 328 330 340 345 349 351 354 357 358 361 365 371 373 375 381 382 383 387 391 393 396 398 399 400 406 415 417 423 424 430 433 439 442 446 450 452 454 455 456 458 462 468 475 479 482 486 490 494 498 500 504 507 509 512 516 520 524 525 529 533 537 541 545 546 548 553 
166 169 177 182 184 202 204 209 216 222 227 234 239 243 247 251 253 256 260 263 267 268 271 277 285 291 292 294 299 305 308 314 318 322 324 327 332 334 343 347 352 353 358 359 360 364 367 374 376 380 383 385 388 389 393 397 399 402 404 405 408 416 420 425 427 434 435 440 443 450 453 454 455 456 458 461 464 470 477 480 486 489 493 498 499 502 508 509 510 515 518 521 528 529 533 534 538 543 548 552 555 556 
169 173 179 183 185 206 208 210 220 224 231 237 241 245 248 253 255 260 261 265 268 270 273 278 286 293 294 298 302 307 311 316 319 324 327 329 335 336 345 349 354 358 362 363 364 366 368 378 382 384 387 391 395 398 400 402 405 407 409 412 413 417 424 427 430 435 436 442 447 454 458 460 461 464 468 469 472 473 481 484 490 493 494 499 500 505 511 513 516 520 521 523 530 531 535 539 542 546 551 555 556 560 
173 174 183 185 187 207 209 211 224 228 233 238 242 249 251 254 257 263 266 269 272 274 277 282 289 295 299 303 305 308 315 320 321 328 330 332 339 341 347 352 355 360 366 367 368 370 371 379 384 387 388 392 397 400 404 408 411 415 419 421 422 424 428 431 435 438 439 445 448 457 461 463 467 468 469 473 475 477 484 487 492 495 499 500 501 506 515 519 522 526 528 529 533 535 537 542 546 549 554 558 559 564 
176 177 185 188 192 210 214 217 225 232 236 239 246 250 255 259 262 266 268 273 274 275 278 284 293 296 300 304 307 312 316 323 327 330 333 335 340 342 350 353 359 364 368 369 372 374 375 380 387 389 390 396 400 401 408 410 415 416 421 423 425 427 432 434 436 441 444 448 450 459 463 465 468 472 473 476 478 482 485 489 496 497 503 506 508 511 519 520 525 530 532 535 536 537 538 543 549 551 555 559 560 566 
178 180 189 192 195 212 217 220 229 234 239 242 250 254 256 261 266 270 271 274 277 281 282 286 296 298 301 305 309 314 317 324 331 334 337 340 341 344 353 357 361 366 372 375 378 381 385 389 393 396 400 401 404 406 411 414 419 420 422 427 430 433 437 438 441 445 448 449 452 463 465 469 472 476 477 478 482 484 488 493 498 499 504 507 511 512 520 521 528 531 536 538 541 544 548 549 553 555 557 562 566 569 
179 181 192 193 199 215 221 223 230 238 241 243 253 258 262 263 268 273 275 278 281 282 283 288 299 303 306 308 312 315 321 326 335 338 342 344 348 350 355 361 364 370 374 379 381 384 387 392 397 398 402 406 407 408 412 416 420 422 424 428 434 437 441 444 447 448 449 451 456 465 466 470 473 478 480 484 487 489 492 497 501 504 507 508 513 517 524 527 532 535 537 539 543 547 552 553 556 559 560 564 568 572 
181 185 195 197 201 219 225 229 233 241 244 245 257 261 266 268 269 277 280 283 286 289 291 294 303 305 307 310 314 319 323 330 337 341 345 348 350 351 358 364 365 371 375 383 384 385 391 396 398 401 404 409 413 414 418 422 426 427 428 432 438 439 444 445 449 451 453 455 457 466 467 471 474 481 484 486 488 491 493 501 503 505 510 511 516 518 527 528 533 537 538 541 544 548 556 559 563 566 569 571 575 579 
185 187 197 200 205 221 226 232 236 243 248 249 259 263 269 273 274 279 283 285 287 292 294 296 305 307 309 312 318 322 324 333 340 345 349 351 355 359 362 367 370 373 376 384 386 387 395 399 403 407 411 415 417 420 421 426 429 431 435 439 441 445 446 447 451 454 455 457 458 470 471 474 476 482 487 491 494 497 501 502 506 509 514 517 521 522 530 533 537 540 544 546 547 550 558 560 566 570 572 576 580 581 
188 190 201 205 209 225 228 233 237 244 252 254 263 265 272 276 277 283 286 287 291 294 298 299 309 310 314 317 322 326 330 337 344 349 351 352 357 360 366 371 373 375 378 386 389 393 399 403 406 410 412 419 420 422 425 430 433 434 437 442 443 448 451 454 455 458 461 464 467 473 477 478 482 485 488 493 496 498 502 506 508 512 515 521 522 524 531 534 541 545 548 552 555 559 562 565 569 571 576 578 581 585 
190 193 205 207 211 226 230 235 241 248 253 258 267 270 274 279 280 285 288 292 293 296 300 304 313 317 320 322 325 329 334 341 348 353 354 356 358 362 370 374 376 380 383 388 393 397 403 405 409 414 417 421 424 428 430 431 437 439 442 443 444 450 454 456 457 460 462 468 472 475 480 481 486 489 490 495 498 499 504 507 509 513 519 522 525 528 534 535 542 549 553 557 558 561 566 567 571 575 580 581 584 587 
193 194 206 208 212 227 232 239 244 250 254 262 268 273 275 281 285 287 291 295 298 299 304 305 316 321 325 327 331 332 335 345 351 356 359 360 362 365 373 376 377 383 386 391 395 401 404 409 413 416 418 423 427 430 432 435 438 440 446 450 454 457 459 462 466 469 472 473 477 480 484 487 489 490 493 496 500 502 505 511 512 515 523 525 526 532 537 538 545 551 556 560 563 566 568 569 574 577 581 584 587 588 
195 196 209 212 216 229 233 242 245 252 257 264 270 277 279 285 288 292 295 299 303 305 309 310 319 324 327 331 332 335 337 348 355 358 363 364 368 370 375 378 382 384 388 392 399 405 408 410 415 417 422 425 430 432 433 436 439 443 449 451 455 460 461 466 467 472 475 478 480 483 487 490 492 493 494 498 502 506 510 514 517 520 527 528 529 534 541 543 548 554 557 561 565 569 572 575 576 579 583 586 588 589 
199 201 210 216 218 232 234 245 246 255 261 265 271 281 283 288 289 295 296 303 306 307 312 314 321 325 329 332 334 336 340 352 357 361 366 369 372 376 377 380 385 388 392 394 403 407 410 414 418 419 426 429 432 435 436 439 440 444 453 457 459 462 463 467 468 475 476 482 485 489 491 493 496 500 504 508 511 513 517 520 521 523 530 533 535 539 544 547 552 556 561 565 569 570 576 578 579 582 587 588 592 593 
200 204 213 220 222 236 239 246 249 258 265 268 273 285 287 291 295 298 300 306 307 308 313 316 323 328 330 336 338 341 344 353 361 364 368 371 375 379 383 386 389 391 396 398 406 409 412 418 422 426 429 433 435 438 439 442 445 446 454 461 463 464 465 471 474 476 477 485 486 490 493 495 498 503 507 509 514 516 518 521 525 528 532 534 537 542 547 549 553 559 563 568 573 577 578 580 583 586 589 591 595 597 
201 208 215 223 227 239 241 247 251 262 269 271 276 287 291 292 297 299 303 307 309 313 314 317 324 329 333 339 343 347 350 356 365 366 371 373 378 382 386 388 393 396 399 401 408 410 413 419 423 427 432 436 437 439 443 445 449 450 456 462 465 468 470 474 477 481 483 487 489 493 497 501 504 505 510 511 517 520 523 525 526 529 534 536 538 543 548 551 555 562 565 570 575 578 580 584 585 589 590 594 597 600 
205 209 219 226 231 243 246 251 255 265 270 273 277 290 295 297 300 303 304 308 311 314 318 322 326 331 336 340 346 351 355 360 369 373 375 378 382 383 390 393 395 398 403 407 411 413 417 421 424 428 433 437 438 442 445 447 450 451 460 464 468 471 472 477 479 482 484 491 495 499 501 505 508 510 511 515 518 521 524 528 529 532 538 542 545 548 551 554 556 565 566 572 579 580 583 586 590 593 595 599 601 605 
209 212 223 230 234 244 248 254 259 267 274 277 279 293 299 300 301 304 305 309 313 318 319 323 330 334 340 344 350 355 356 362 370 377 380 383 385 388 393 396 398 402 407 411 414 416 420 422 428 432 434 438 441 445 447 449 454 456 463 465 470 475 477 479 480 486 487 492 496 502 504 509 513 516 517 518 519 523 525 529 531 536 542 546 547 551 554 558 559 567 570 576 580 582 586 588 594 595 599 602 603 609 
211 216 227 231 236 247 250 257 261 271 276 281 285 295 303 306 310 312 316 317 319 323 325 327 334 337 344 346 352 359 363 365 374 381 383 387 390 393 395 398 400 405 409 415 416 417 422 424 432 435 437 442 446 450 452 453 455 458 466 467 471 477 481 485 486 487 488 495 498 504 508 512 514 519 522 526 528 530 531 533 537 539 544 547 551 553 556 559 563 571 572 577 584 587 590 592 596 598 602 604 606 611 
215 217 228 235 240 251 252 258 265 272 279 285 288 297 305 309 311 315 317 321 324 328 332 336 338 342 346 348 354 360 365 367 377 385 389 390 391 397 399 400 403 407 412 416 418 420 424 426 436 440 442 443 449 454 456 459 460 461 470 474 475 480 485 487 489 492 496 500 504 505 511 516 520 522 524 529 531 535 537 540 542 546 547 551 552 556 560 564 565 573 577 579 585 591 594 595 599 603 605 607 608 612 
218 220 232 238 243 252 253 261 269 273 280 287 290 299 306 311 314 319 322 326 327 330 334 340 343 346 350 352 358 364 369 372 381 388 393 397 401 402 406 410 412 414 418 419 423 426 429 430 437 441 445 447 453 458 461 462 465 466 474 476 480 484 486 491 493 494 498 503 508 510 512 520 522 525 528 533 536 539 542 545 546 548 552 553 554 559 562 568 569 575 578 582 586 595 598 602 606 607 610 614 618 620 
220 222 233 241 245 254 256 264 271 277 281 289 293 300 307 314 315 323 324 330 333 335 337 341 344 349 352 355 359 368 372 374 384 390 394 400 405 406 408 414 415 417 419 421 425 427 432 433 441 445 448 450 456 460 463 464 468 469 475 480 481 487 491 494 495 497 502 504 509 513 515 521 523 526 530 535 539 543 544 548 551 554 557 560 563 564 567 570 571 578 580 586 590 599 603 607 610 612 613 618 619 621 
223 226 235 245 246 255 258 267 272 281 283 292 297 304 308 315 318 327 328 331 334 337 338 343 347 353 357 358 361 371 373 378 387 394 397 401 407 409 411 418 422 426 430 433 435 437 438 439 445 448 452 456 460 464 465 468 469 472 479 484 486 488 493 497 498 499 505 508 511 516 519 525 527 531 533 538 541 544 545 550 555 556 558 561 567 571 572 574 578 581 584 589 592 601 604 608 611 613 614 620 624 627 
224 228 237 249 253 257 261 268 276 282 286 293 299 306 309 316 320 329 333 335 339 340 342 346 348 356 360 363 367 373 376 380 390 395 398 403 408 413 416 421 425 427 433 435 438 442 445 448 452 455 456 458 464 468 469 470 471 474 480 488 492 495 499 503 507 509 510 512 514 517 521 528 531 532 534 542 543 546 550 551 558 562 565 568 571 574 575 577 579 583 587 592 594 603 608 609 613 615 616 624 628 630 
225 232 239 250 256 259 263 270 280 285 290 296 303 308 313 320 321 332 336 340 341 342 346 347 351 359 364 367 368 374 377 384 391 397 401 405 410 415 418 423 429 431 437 439 443 447 451 455 458 459 461 465 469 471 473 474 476 477 483 489 494 497 502 507 509 511 514 518 519 522 525 532 534 537 539 543 546 549 554 557 560 565 569 570 573 577 579 582 586 587 590 595 597 607 612 613 614 617 619 628 630 631 
226 233 243 252 258 263 266 274 284 288 292 299 305 309 315 321 322 333 338 343 347 348 350 351 354 361 365 368 370 375 381 388 393 398 402 409 412 418 419 425 432 435 438 440 445 448 452 458 461 462 463 469 473 475 478 480 482 484 488 492 498 499 505 510 513 514 515 520 522 525 527 535 539 543 546 547 550 554 556 560 562 568 571 573 577 580 581 583 587 589 592 597 601 610 613 617 618 620 623 632 634 635 
229 236 247 256 261 266 269 278 288 291 296 300 307 310 316 322 326 334 342 344 348 350 352 354 356 365 368 369 371 378 385 391 397 401 406 413 416 421 422 426 436 437 439 442 449 451 454 460 463 466 467 471 475 476 480 482 485 487 491 496 502 506 510 512 515 516 520 524 526 528 530 537 541 544 549 553 554 557 558 562 565 570 575 577 580 581 585 589 593 594 595 598 604 611 616 621 624 627 629 636 638 640 
232 238 248 258 264 270 273 280 292 296 299 303 308 313 319 324 330 335 345 349 352 356 360 363 364 366 371 373 375 379 388 395 398 402 410 416 417 423 425 428 437 441 444 445 452 454 458 463 466 468 471 475 478 481 482 486 489 493 496 500 505 510 512 516 519 522 523 527 528 532 534 541 545 548 553 555 557 560 563 564 566 573 577 579 581 585 589 590 595 596 599 601 605 613 617 622 626 629 631 640 643 646 
233 241 252 260 266 272 274 283 296 298 300 304 310 316 321 327 332 339 349 353 356 359 364 367 368 370 374 376 380 381 389 398 401 404 411 417 419 427 429 432 440 445 447 448 453 455 462 466 470 474 478 481 482 484 488 492 496 497 500 502 509 512 514 520 521 523 524 528 529 534 537 542 549 550 554 556 559 563 564 566 570 575 580 581 583 588 590 593 597 598 602 605 607 614 619 626 627 631 634 643 646 649 
234 245 256 261 269 273 277 284 299 302 305 306 312 317 323 331 336 340 353 355 357 360 366 368 370 371 377 378 382 384 391 400 404 406 413 418 421 429 430 436 442 446 450 451 457 461 465 467 474 475 479 482 484 488 490 494 498 500 502 503 512 513 517 521 524 527 528 529 533 536 541 546 552 554 556 560 563 566 568 570 573 579 584 585 587 591 595 597 600 602 604 606 609 617 621 627 630 632 636 644 648 653 
238 246 259 262 271 275 279 288 303 304 306 309 313 318 325 333 338 341 354 358 362 363 367 370 371 373 380 382 383 386 394 402 407 409 416 420 425 431 432 437 446 448 453 454 461 462 468 470 475 479 481 483 486 492 495 496 499 503 504 505 516 517 521 525 529 533 536 540 542 546 547 548 555 558 560 562 567 570 574 576 578 582 587 589 591 594 596 601 602 605 608 611 614 621 624 628 634 638 639 645 650 655 
240 248 262 264 272 276 282 290 307 310 314 316 318 320 327 335 341 342 357 360 366 367 370 372 373 377 384 386 388 392 398 406 411 412 419 423 427 432 434 441 447 450 455 456 462 463 470 473 477 481 482 486 489 495 496 498 501 505 507 509 518 519 522 527 530 534 540 541 544 547 551 552 556 559 563 565 569 573 575 579 582 584 589 593 596 597 601 604 605 608 609 615 617 623 627 630 638 639 642 649 651 656 
242 252 263 267 275 278 285 294 308 313 318 320 321 324 329 338 342 345 359 363 367 371 372 375 378 381 386 390 394 396 402 409 412 416 421 427 430 435 438 445 449 454 457 459 464 467 473 475 481 483 486 487 491 497 501 502 505 509 510 514 519 522 526 529 531 535 542 545 547 550 553 556 558 562 567 571 574 577 578 583 586 589 591 595 597 599 605 606 609 613 615 616 619 625 628 633 641 643 647 650 652 657 
244 254 267 268 279 282 289 298 311 315 322 325 326 328 333 340 346 348 361 366 368 373 374 377 380 382 388 392 395 400 404 410 415 417 423 428 433 436 439 449 453 458 460 464 468 472 474 477 482 485 487 488 492 498 503 507 509 511 513 517 522 526 528 532 533 538 545 546 550 553 557 559 563 567 571 572 575 580 582 585 590 594 595 596 599 601 607 608 610 617 618 619 623 629 633 634 642 646 650 652 655 660 
246 255 269 273 283 284 290 300 312 317 326 328 330 334 338 344 349 353 362 369 371 375 378 379 384 388 391 396 398 401 405 414 416 420 427 429 436 439 442 453 455 462 463 468 471 475 477 479 483 488 492 494 495 501 505 509 512 513 516 520 525 530 533 535 538 541 548 552 554 556 561 562 565 571 575 576 577 584 588 589 591 597 600 603 605 609 610 614 617 619 620 621 625 632 637 640 644 647 651 654 657 661 
248 257 272 277 285 288 293 304 315 319 329 333 334 338 340 348 350 355 364 373 375 379 382 385 389 390 393 398 401 404 409 416 420 423 429 431 437 441 443 457 460 463 467 472 474 479 482 486 487 489 496 497 500 503 506 511 516 520 524 527 531 533 536 537 539 545 551 556 558 559 564 565 568 575 578 580 583 586 592 593 596 598 604 608 612 614 618 621 624 625 627 631 632 636 639 641 645 650 652 656 658 663 
251 258 276 280 288 291 295 307 318 320 332 334 335 341 344 351 352 357 366 377 381 384 387 391 394 396 397 399 405 406 411 419 424 426 431 433 439 444 446 461 465 468 470 473 476 482 483 490 492 495 499 500 501 505 508 515 517 522 525 529 534 537 539 542 546 550 555 557 559 561 568 570 572 576 579 584 586 588 594 595 598 601 605 611 616 618 620 624 627 631 634 635 636 638 642 644 647 654 656 660 662 667 
254 259 277 282 292 293 298 308 322 323 334 336 339 344 346 354 356 361 367 378 385 389 392 393 398 402 404 406 408 411 414 422 425 430 435 439 440 446 449 462 467 471 473 477 478 485 488 493 495 496 501 505 508 511 515 516 521 523 527 533 536 539 540 543 548 554 559 563 564 565 570 574 575 580 582 587 588 591 598 601 605 606 610 613 619 621 624 628 632 635 637 638 639 640 646 647 648 656 659 663 664 670 
257 262 280 284 295 298 299 311 323 325 336 338 340 345 348 357 359 362 371 380 388 392 396 398 402 403 405 407 409 414 417 426 427 431 439 441 445 447 452 466 469 473 475 478 480 488 491 497 500 502 506 509 510 514 516 519 523 525 531 534 538 540 541 547 550 558 563 564 565 567 573 575 577 583 584 588 591 594 599 603 609 611 613 614 622 623 628 632 636 640 644 646 648 650 652 656 657 658 663 667 668 674 
