3 7 10 14 17 20 22 24 26 27 28 30 34 36 37 38 39 43 44 46 48 50 54 57 59 62 65 69 72 74 76 79 81 84 87 89 92 96 97 99 102 105 107 110 113 114 118 122 125 128 129 133 135 139 142 143 147 151 154 156 159 160 162 166 167 169 172 173 176 180 181 183 184 187 191 192 193 197 198 200 204 205 207 209 210 214 217 221 225 227 231 234 238 240 242 243 247 248 252 253 257 261 262 264 267 269 270 271 275 278 279 282 285 289 290 293 294 298 299 301 304 307 308 312 314 315 317 318 321 324 325 327 330 332 335 336 338 341 344 345 346 348 351 352 356 357 358 360 363 365 366 369 371 374 
6 9 12 15 18 22 23 26 28 30 33 35 37 39 41 42 44 45 47 48 51 55 58 59 60 64 68 72 75 78 82 84 86 89 91 95 99 103 105 107 111 115 119 121 123 125 127 130 131 135 138 139 140 141 146 148 151 152 157 160 163 167 168 169 170 174 176 179 181 183 185 188 190 191 192 195 197 201 203 205 209 213 215 218 221 223 227 229 232 233 236 239 240 242 246 249 250 252 254 257 260 263 264 267 270 273 275 276 278 280 281 283 286 290 293 295 296 302 306 310 312 314 316 320 323 324 328 332 335 336 338 339 341 345 348 352 356 360 362 363 365 367 368 370 371 373 375 377 378 382 384 387 389 390 
9 11 14 19 23 25 29 33 37 40 42 44 46 49 52 55 56 57 61 65 66 68 71 75 76 77 81 83 85 86 89 91 95 99 102 104 106 109 111 112 114 119 121 122 124 129 132 135 138 141 144 145 149 153 157 158 160 162 163 166 170 171 174 178 179 183 186 188 189 193 194 198 200 204 208 211 215 216 219 221 222 223 224 228 229 232 236 237 238 240 243 246 249 252 256 257 258 262 264 267 271 272 274 278 280 281 283 286 288 291 295 298 299 301 305 306 309 311 313 314 315 316 317 321 324 326 330 335 338 339 341 345 349 352 353 355 358 363 366 369 373 374 375 379 383 387 390 392 396 399 400 404 405 406 
12 15 18 21 24 29 31 34 41 44 47 50 54 58 61 63 64 68 72 73 76 77 78 79 83 84 87 88 91 92 96 99 100 104 106 109 111 114 116 120 122 123 124 126 127 133 137 139 142 143 147 150 154 157 160 162 164 168 171 172 173 174 176 182 184 185 190 192 193 194 197 199 204 208 209 213 219 223 227 230 231 232 233 236 240 241 242 245 248 252 253 254 258 259 260 263 266 267 268 269 272 273 276 281 285 286 287 288 291 293 297 299 303 305 309 311 314 317 319 323 325 328 329 332 335 337 340 343 347 348 350 351 352 356 358 362 363 366 370 374 375 377 381 384 388 392 394 396 399 403 407 410 414 416 
15 17 21 22 25 33 35 39 44 46 51 52 56 61 64 66 67 71 74 75 77 81 84 85 89 90 93 95 97 100 101 102 106 110 114 117 120 123 127 128 130 133 135 136 139 142 146 148 151 154 155 159 163 165 166 169 173 175 176 178 180 184 185 186 188 189 192 194 195 197 200 203 207 210 212 216 221 227 229 234 236 239 243 246 250 254 256 259 263 265 266 270 271 275 278 282 283 284 286 290 292 295 296 298 302 303 304 307 310 314 318 322 326 330 331 335 338 340 343 346 348 350 353 356 359 361 365 369 370 371 374 375 378 380 381 384 386 390 392 393 395 399 400 404 406 408 409 410 413 414 417 420 423 427 
16 18 24 25 28 34 39 43 46 47 55 56 59 64 65 70 72 75 79 80 82 85 86 89 91 95 96 100 103 104 106 107 110 111 117 118 122 126 129 133 136 139 143 146 148 149 153 154 156 158 159 160 164 169 172 174 175 176 178 179 184 188 190 194 196 200 203 205 207 208 210 214 218 220 221 225 227 228 232 235 239 241 244 249 254 255 257 260 267 269 272 273 277 280 283 284 288 292 294 296 297 301 304 308 309 310 313 316 320 323 326 329 331 334 336 340 343 346 347 348 349 351 357 359 363 365 366 372 373 377 379 380 383 384 387 388 391 392 393 396 397 400 401 406 409 411 413 417 418 420 422 424 428 429 
18 22 27 31 33 36 43 44 49 52 56 59 61 68 70 71 73 78 83 86 88 90 93 95 97 101 103 104 106 107 109 113 117 120 121 124 128 131 134 136 140 144 148 152 154 155 159 163 165 167 170 173 177 178 179 180 183 187 189 193 197 200 204 207 210 211 212 214 218 220 221 223 225 229 230 231 232 235 236 239 242 244 245 253 256 260 264 265 271 274 278 279 282 283 287 290 294 297 299 303 307 308 310 314 318 322 326 327 328 329 331 334 337 339 343 346 350 354 357 358 361 364 368 372 376 380 382 385 386 389 391 393 395 399 402 404 406 408 409 410 413 415 417 419 423 424 426 430 434 438 440 441 443 445 
19 26 28 33 37 41 47 50 51 53 57 61 64 72 74 76 77 81 86 88 92 93 95 98 100 104 105 108 111 113 117 119 120 121 124 128 129 133 138 141 143 147 149 155 159 162 166 170 173 175 177 181 184 186 187 188 189 193 196 198 200 203 208 212 215 218 221 222 226 229 230 233 236 238 241 244 247 250 252 256 257 259 260 263 264 265 269 273 277 278 279 283 287 290 292 295 299 303 307 309 312 313 314 315 320 326 327 329 332 335 338 341 344 348 349 353 357 358 362 366 369 371 372 374 380 383 385 388 391 392 394 396 398 400 403 407 409 410 412 413 414 418 420 422 425 427 429 434 436 440 444 448 452 454 
22 29 31 36 41 43 49 52 56 59 60 62 68 74 78 80 84 88 90 91 95 99 103 107 109 113 115 116 118 120 122 123 127 131 134 137 139 140 141 144 147 151 153 157 162 164 170 171 175 176 179 182 185 189 191 192 195 196 199 200 204 206 210 216 218 219 224 225 228 230 232 236 237 242 245 246 248 253 254 258 261 263 266 267 268 271 273 277 280 283 286 290 292 294 295 297 302 306 311 312 315 318 322 325 328 332 333 334 335 336 342 343 345 350 354 355 360 363 364 368 371 375 378 380 382 386 387 391 393 397 399 401 405 407 409 410 413 414 415 416 417 422 426 430 431 435 436 439 440 441 446 451 455 458 
25 33 34 39 44 46 53 54 57 63 65 69 73 75 79 82 86 89 94 96 97 103 107 110 113 116 119 123 126 130 132 133 137 139 143 146 148 149 153 157 159 162 165 169 170 173 177 179 181 184 187 190 194 196 197 200 202 206 207 209 213 217 218 222 223 224 227 228 231 233 237 239 241 244 246 248 249 255 257 261 265 269 273 274 278 280 282 284 287 291 292 296 300 304 305 306 309 310 314 318 322 326 328 332 336 339 341 343 345 349 352 354 357 358 360 364 368 372 376 378 379 383 384 385 387 391 393 397 400 402 403 404 408 412 415 417 418 419 422 425 428 431 433 435 439 442 443 445 446 448 452 455 458 461 
28 34 36 43 45 49 57 60 63 64 67 70 76 79 81 86 87 91 98 99 102 105 110 114 115 119 120 127 131 134 137 139 141 144 148 151 153 155 157 160 162 166 168 170 173 174 179 181 182 186 191 192 196 200 204 206 207 208 211 215 219 221 222 224 226 229 232 236 237 241 245 249 251 254 258 260 264 268 269 273 274 276 279 283 286 290 293 294 295 298 300 304 307 308 311 314 315 319 320 321 323 329 332 334 339 340 342 344 346 351 355 358 362 365 369 373 376 377 379 381 384 386 388 391 394 397 398 399 404 406 410 412 414 417 419 422 424 427 428 430 434 437 441 443 445 446 448 450 452 453 456 458 462 466 
29 36 39 46 49 53 61 62 65 67 68 72 77 80 83 89 90 95 101 102 103 108 114 116 119 120 121 130 135 137 140 144 147 148 150 154 156 158 159 162 163 170 172 174 176 179 183 185 189 190 192 196 199 202 207 210 211 214 217 218 223 227 231 233 236 240 242 244 245 246 249 250 255 258 262 263 265 270 272 275 279 283 284 287 291 293 296 300 301 304 305 307 309 312 313 315 318 323 325 328 330 333 334 338 342 344 346 347 348 354 359 361 365 367 373 376 379 380 382 384 386 390 394 395 396 400 404 406 410 412 415 416 419 420 422 426 428 430 432 435 436 440 444 445 448 450 451 452 455 456 458 460 464 469 
32 40 41 49 51 57 65 67 68 72 75 77 78 83 86 91 92 96 102 106 109 110 117 121 122 126 127 132 137 140 142 147 149 153 155 157 160 161 163 167 170 173 176 180 181 182 184 188 191 195 199 202 203 204 211 213 214 216 221 224 225 230 234 238 240 241 244 247 248 249 253 254 256 262 266 269 270 271 275 279 282 284 287 288 293 297 300 304 308 312 316 318 319 323 326 330 331 335 337 338 339 340 341 345 346 349 351 352 355 358 360 362 366 370 376 377 381 385 389 393 396 398 402 406 409 413 415 417 419 422 424 425 429 431 435 436 440 443 445 448 449 451 453 454 458 459 460 464 466 469 471 472 475 476 
33 44 48 51 52 61 67 69 71 75 77 79 82 86 90 92 94 99 103 109 111 114 118 124 127 131 133 136 139 141 144 148 153 157 160 164 168 170 174 178 182 186 188 190 193 195 198 202 203 205 208 209 210 214 218 220 222 223 227 230 234 235 238 242 245 248 252 254 257 260 263 267 270 271 272 276 279 282 286 288 290 292 294 297 298 302 306 308 312 315 320 324 328 331 334 337 340 342 343 344 346 348 350 354 355 357 361 363 365 366 370 372 376 379 383 384 386 388 391 394 399 400 403 408 412 415 416 421 422 425 429 432 434 435 436 440 444 448 451 452 453 457 459 460 464 467 470 472 473 474 475 478 480 484 
36 46 52 55 57 64 71 73 76 79 81 82 86 89 93 95 97 101 107 112 115 118 121 128 132 134 138 140 143 145 148 152 154 161 162 167 170 171 178 182 185 190 193 197 199 202 204 206 210 211 212 213 216 218 220 223 224 227 229 231 237 239 241 246 249 253 254 256 259 262 267 270 273 277 280 283 286 290 293 295 297 299 302 303 306 308 310 312 313 318 324 325 332 336 339 342 346 350 353 357 358 359 363 364 365 367 370 374 378 382 384 388 391 393 394 397 399 402 404 407 411 415 418 421 423 427 428 430 431 434 435 436 440 442 445 447 449 450 452 456 460 462 463 464 466 468 472 474 475 477 479 482 483 487 
39 47 55 57 58 66 75 76 79 83 85 87 91 94 95 96 101 102 109 114 118 120 125 129 133 137 141 144 148 149 151 154 158 165 169 171 172 176 179 186 189 193 197 198 200 203 208 212 216 218 220 221 223 224 225 226 228 232 233 234 240 243 245 248 252 254 258 260 261 263 270 273 275 279 282 286 288 291 296 297 300 302 305 309 312 315 318 320 322 326 328 330 336 340 342 346 347 354 357 360 361 362 367 370 373 375 376 379 381 386 390 391 395 399 401 404 405 408 410 414 418 422 424 426 428 432 434 436 440 444 446 450 454 457 459 461 463 465 468 469 473 477 478 479 481 484 486 489 492 494 497 498 502 503 
41 51 56 61 64 67 76 78 80 84 87 89 93 98 101 105 109 110 114 118 122 123 127 132 134 140 145 148 150 153 155 159 163 168 171 173 176 178 182 188 193 194 198 200 203 206 209 213 217 221 224 226 230 231 232 236 240 241 245 246 248 250 253 254 257 261 263 265 269 270 271 277 279 283 287 290 291 294 300 304 307 310 312 316 317 318 322 326 329 331 335 339 343 346 348 352 355 357 361 363 367 371 373 376 379 381 385 386 389 391 393 397 401 402 406 409 412 414 416 419 421 426 430 433 436 438 439 441 445 447 449 451 456 461 462 463 467 468 469 471 475 481 485 488 490 494 498 501 502 504 507 511 515 516 
44 54 58 65 69 70 77 81 82 87 91 92 97 100 102 107 113 115 117 120 124 126 131 135 139 141 148 149 154 157 160 161 167 169 172 175 178 181 186 190 196 199 203 205 206 209 213 217 221 222 226 228 231 233 237 238 242 246 248 250 254 255 257 259 262 266 269 272 275 278 279 280 284 286 288 294 297 301 304 306 310 314 315 320 321 323 325 329 333 336 340 342 345 348 351 353 357 361 363 367 369 375 376 378 383 384 388 391 394 397 400 403 404 407 409 411 413 416 420 424 428 431 433 436 439 440 442 444 446 450 454 455 459 462 464 467 469 471 472 474 478 485 489 491 495 499 501 502 506 508 509 513 517 520 
48 56 60 66 71 74 81 85 89 92 95 98 99 104 105 110 114 116 119 121 127 128 133 137 142 146 149 150 157 161 165 166 168 170 174 177 180 182 190 192 197 202 204 207 208 213 215 219 225 227 228 232 235 236 239 242 243 247 250 251 258 262 263 265 267 268 270 273 278 281 282 285 289 293 296 298 299 302 306 307 311 316 319 323 325 327 329 331 337 338 341 343 346 350 355 357 360 364 365 368 372 378 379 380 384 388 391 393 398 401 405 409 412 415 418 419 420 423 425 428 430 433 435 438 442 445 448 451 452 456 459 461 462 465 466 471 475 477 479 483 487 489 491 492 498 501 503 505 508 510 513 517 519 524 
49 59 63 68 75 79 84 86 92 95 96 101 103 107 111 115 117 118 123 126 128 132 134 139 143 148 153 157 160 164 169 173 177 180 183 184 187 189 192 195 201 204 207 209 210 216 217 220 229 231 235 236 238 240 241 244 247 251 253 255 259 263 265 268 271 275 278 282 284 287 290 291 292 296 299 301 304 305 310 313 314 318 321 326 330 333 336 339 340 343 344 348 350 354 359 363 364 368 370 372 373 381 385 388 392 396 399 402 406 410 413 416 418 420 423 425 428 429 431 433 434 435 436 442 446 447 451 454 458 459 461 462 463 466 467 474 477 480 483 486 490 492 496 499 501 503 507 511 513 515 519 520 522 526 
53 60 65 71 79 81 85 88 95 96 97 103 107 110 115 117 119 122 126 128 129 135 137 142 145 150 157 159 161 166 172 174 179 183 187 188 191 194 198 199 205 208 212 215 219 223 225 228 233 237 241 242 244 248 252 253 257 260 262 264 265 268 270 272 275 276 280 283 287 290 291 294 298 299 303 307 309 313 317 318 321 322 326 328 334 337 338 341 345 349 351 355 357 361 363 364 366 370 372 376 379 382 387 390 394 400 402 406 408 412 415 417 422 423 426 430 431 435 438 441 442 443 447 448 450 454 455 456 460 463 465 466 467 470 472 477 480 481 487 488 493 494 497 503 507 508 512 513 516 519 523 525 526 527 
57 63 67 73 83 86 87 90 97 99 101 104 108 112 117 121 125 128 131 135 138 142 143 144 148 151 158 162 165 168 174 175 180 186 189 193 194 198 202 204 209 210 215 218 223 224 227 231 237 238 245 247 248 250 253 255 261 265 268 269 271 275 278 280 281 284 287 291 295 296 299 300 304 307 310 313 316 318 320 321 322 326 328 330 338 342 344 348 350 354 358 360 362 365 366 369 373 374 378 381 385 387 388 394 397 404 407 408 412 413 419 421 424 427 429 432 436 437 441 445 448 451 455 456 459 461 462 463 466 468 469 471 472 475 477 478 483 484 490 493 497 500 503 504 509 512 514 517 519 522 524 529 531 534 
60 67 69 76 85 87 91 95 99 101 104 107 110 113 120 123 128 130 135 137 142 146 147 149 152 155 162 164 169 172 178 179 182 190 194 198 199 200 205 207 210 211 217 220 224 225 228 233 238 241 248 250 253 257 258 259 265 269 272 273 275 279 280 283 287 288 291 294 299 303 304 308 309 312 314 317 320 321 325 329 331 335 336 340 343 347 350 354 357 360 361 365 367 369 372 376 377 379 380 382 389 392 393 398 402 408 412 416 418 419 421 423 428 432 436 439 440 442 443 449 453 456 457 461 465 467 468 469 470 472 474 478 480 484 487 489 493 497 498 499 500 502 507 511 513 515 517 518 523 526 530 531 533 535 
64 69 72 77 86 89 95 97 100 105 108 109 114 117 121 127 132 135 139 143 147 150 153 155 158 160 165 169 173 174 180 182 183 191 195 199 203 204 209 212 213 216 218 224 226 227 231 236 242 245 251 252 254 260 261 263 267 270 276 280 282 285 289 290 291 293 296 300 304 307 309 311 315 319 322 326 330 334 337 341 344 346 347 350 353 354 357 360 362 365 366 367 371 373 375 378 380 384 388 391 393 397 399 402 403 412 414 418 421 425 428 429 432 436 439 442 446 449 450 454 457 460 461 465 467 470 474 478 480 484 486 489 493 494 495 498 500 502 506 508 512 513 515 519 523 525 529 533 537 540 542 546 550 554 
68 71 76 78 90 94 99 102 106 109 111 115 119 122 126 131 134 138 140 145 150 152 156 158 162 164 167 172 174 178 184 185 186 192 196 201 204 206 210 214 216 217 221 227 230 234 238 240 243 249 252 254 256 263 267 270 273 277 280 283 286 288 292 296 299 301 303 305 309 312 315 316 320 321 324 327 334 336 339 342 347 349 350 352 354 358 360 363 366 370 374 376 380 382 386 388 390 392 396 400 403 405 407 409 411 413 417 422 426 429 433 436 437 440 441 444 448 451 455 456 459 463 465 467 470 473 477 479 483 488 489 490 494 498 502 503 507 510 512 515 519 523 524 526 530 531 532 534 540 542 544 549 552 556 
72 73 80 81 92 97 103 105 108 112 114 117 121 123 128 133 137 139 144 148 153 155 160 161 165 167 168 174 177 180 185 186 189 194 200 205 207 209 212 217 219 221 225 229 231 238 240 242 245 250 255 258 261 266 268 272 274 280 283 284 287 292 296 299 300 304 308 309 311 314 318 321 323 325 328 330 338 340 341 343 349 353 356 359 361 362 365 369 370 371 375 377 382 386 389 393 396 400 401 403 405 408 412 415 419 421 423 426 430 431 437 441 443 447 449 453 456 458 462 465 469 472 474 475 479 481 485 488 489 493 496 498 500 502 506 507 508 514 515 516 522 524 527 530 534 535 536 540 544 545 546 551 555 557 
74 76 84 86 93 98 105 109 112 116 118 121 124 125 132 137 138 143 146 149 156 158 164 168 169 173 176 180 183 185 186 190 193 196 201 207 210 214 218 219 220 223 226 232 234 241 242 245 247 251 257 262 264 268 269 275 276 281 285 287 290 293 297 301 304 308 310 313 316 319 321 325 328 329 332 334 339 341 344 346 350 355 359 363 366 367 368 370 374 376 378 380 386 388 391 397 400 401 402 407 409 412 415 419 421 422 425 427 434 437 440 442 444 451 452 454 457 461 465 467 471 475 478 482 485 488 490 491 492 495 500 504 507 510 514 515 518 519 521 525 529 532 534 537 538 540 544 545 549 550 553 555 559 561 
75 80 88 91 97 99 106 111 116 120 124 126 130 134 138 139 142 146 148 152 160 161 168 170 173 175 179 182 186 190 192 195 196 200 202 210 213 216 220 223 226 227 228 233 236 245 246 247 248 254 260 266 267 272 274 278 281 285 286 289 294 296 299 302 306 311 314 315 317 321 323 328 331 332 335 336 341 344 345 349 353 358 362 366 368 372 373 374 376 378 380 383 389 391 394 401 405 406 408 410 413 417 419 420 422 425 426 429 435 440 442 446 450 453 454 455 460 462 469 473 477 480 484 487 488 490 494 495 498 501 504 507 508 514 518 519 522 524 528 532 536 538 542 544 547 549 553 556 560 562 563 565 566 570 
76 84 92 93 98 103 107 114 117 123 128 129 132 135 139 142 146 148 150 155 162 165 172 173 174 179 181 183 188 191 195 196 200 202 203 214 217 218 222 225 228 231 233 236 237 249 252 256 259 262 265 267 269 274 277 280 283 288 291 294 297 298 300 306 308 315 319 320 321 325 328 330 332 334 337 341 342 347 348 350 356 359 363 369 372 376 378 379 382 383 384 386 392 396 397 402 407 411 412 414 417 421 424 427 431 434 436 438 440 441 445 448 451 454 457 458 464 466 470 475 480 483 486 491 495 498 501 505 506 507 509 512 515 518 520 521 524 525 532 536 537 540 544 547 549 551 556 558 562 565 568 571 575 579 
78 86 96 98 101 106 108 116 121 125 131 133 135 138 141 145 150 154 157 160 166 170 175 178 180 184 188 189 190 195 197 198 204 207 211 215 218 219 224 228 229 235 239 241 245 252 256 258 262 265 269 273 275 278 280 281 285 291 293 296 300 304 308 309 311 319 322 324 325 326 332 333 334 338 341 343 344 349 353 357 359 363 364 371 375 379 381 382 385 388 389 392 396 400 403 406 411 413 417 420 424 426 427 430 435 439 442 443 445 446 450 452 454 458 462 465 466 467 472 477 483 484 490 492 496 499 503 509 513 514 516 518 521 524 527 528 532 534 536 538 542 546 550 551 552 556 557 560 564 566 572 576 579 582 
82 87 97 99 104 109 111 120 122 128 134 137 141 143 144 149 153 158 162 163 168 172 178 179 182 186 190 191 194 198 201 202 208 212 216 219 221 222 225 230 233 236 241 242 248 254 260 264 267 271 274 275 277 281 283 285 287 293 295 298 303 308 311 315 316 322 323 327 329 330 335 338 341 342 343 345 346 351 356 360 364 366 369 374 377 382 383 387 389 393 397 401 403 404 407 410 412 415 418 424 427 430 431 434 438 443 444 448 451 452 453 455 459 461 464 466 467 471 475 478 484 485 493 497 499 501 504 511 517 520 522 525 528 530 534 535 538 540 542 543 547 550 552 554 558 560 563 566 568 571 575 580 582 583 
86 91 99 100 107 112 114 124 126 130 136 140 144 146 148 152 157 159 166 167 169 176 180 184 188 190 193 197 200 204 205 207 209 213 218 221 225 229 231 234 237 241 242 243 250 255 263 266 268 274 277 280 282 283 286 290 292 295 299 302 306 312 313 316 319 324 328 329 330 333 337 342 343 344 345 347 350 353 360 363 365 370 373 377 381 386 389 390 391 397 399 403 406 408 411 414 418 421 423 428 431 432 436 438 439 446 449 453 454 457 461 462 465 467 468 469 472 474 476 482 485 487 494 500 501 503 507 514 520 523 527 530 534 536 539 540 541 542 543 545 551 555 559 563 565 569 571 574 577 578 580 581 584 586 
90 93 100 101 111 116 118 127 128 133 139 142 145 147 152 156 160 161 168 169 172 179 181 188 191 193 195 199 201 205 206 211 215 218 221 224 227 231 232 236 241 243 244 248 251 259 267 271 273 277 278 281 286 290 293 297 298 299 303 306 310 316 317 320 322 327 329 333 337 339 342 346 350 351 352 355 357 360 361 367 371 375 377 379 384 388 391 395 399 403 405 407 408 412 416 418 420 425 429 431 435 437 439 441 443 450 451 457 458 462 466 468 472 475 476 479 480 482 486 487 491 494 496 504 506 509 512 518 521 525 529 533 537 538 543 546 547 551 554 557 558 561 565 567 570 572 573 575 578 579 583 586 587 589 
91 96 103 105 112 120 123 131 133 135 142 144 146 150 155 159 162 164 172 175 176 181 183 189 195 197 199 203 206 209 213 216 220 224 225 227 231 234 237 240 242 247 251 254 257 262 270 272 276 281 283 285 288 292 295 298 302 306 307 311 312 317 318 321 324 330 331 335 341 344 346 349 354 356 359 363 367 370 373 376 377 381 384 385 387 392 393 398 401 406 410 413 414 416 418 420 423 427 432 434 436 438 440 444 447 452 455 458 459 466 468 472 473 478 481 485 489 493 497 500 501 503 507 509 511 514 518 520 524 526 532 537 539 540 545 548 549 555 557 560 563 567 571 574 576 578 580 583 584 585 589 593 594 598 
94 98 105 109 115 122 124 132 134 138 144 146 147 153 159 160 163 168 174 178 180 185 189 192 196 201 203 207 209 213 214 220 221 226 227 228 234 236 238 244 247 251 253 256 259 266 272 273 277 282 284 287 289 294 298 299 305 307 311 313 314 321 324 326 330 332 336 338 342 347 349 353 358 362 366 369 372 375 377 379 381 385 387 391 394 396 398 402 406 408 411 416 417 421 423 425 428 430 435 439 443 447 451 454 455 457 461 465 467 469 473 476 479 480 482 489 491 494 501 505 507 509 512 515 517 521 522 525 527 529 533 539 541 543 548 550 553 557 561 565 567 571 574 577 579 583 584 586 589 593 595 599 601 604 
95 102 108 113 117 123 125 136 139 142 145 148 150 157 163 165 169 173 176 181 182 186 190 194 198 205 207 210 213 215 217 224 227 228 230 231 235 238 240 245 249 254 255 258 260 268 275 277 278 286 288 292 294 296 300 304 308 309 312 314 318 322 326 327 334 337 341 345 347 350 354 355 359 366 368 372 374 377 380 382 383 386 390 395 396 397 399 403 409 413 414 417 418 423 427 430 431 433 436 441 447 450 453 458 462 466 470 472 473 476 479 483 485 489 490 492 495 499 503 508 511 515 518 520 521 523 526 530 533 536 538 543 545 549 550 554 558 562 563 566 568 572 576 578 581 585 589 590 591 597 600 601 603 607 
96 106 111 114 120 126 129 140 142 143 149 151 155 159 165 168 172 177 179 183 186 187 191 198 200 209 211 213 214 218 220 227 230 232 235 239 242 246 250 254 257 261 263 266 267 271 276 279 283 288 289 294 297 301 304 308 311 315 318 319 321 324 328 332 337 339 344 349 350 353 357 358 363 370 372 375 377 378 382 385 389 390 394 399 403 407 409 412 416 419 420 422 423 426 431 435 439 440 442 445 449 452 455 461 465 467 471 474 475 479 480 486 488 491 494 498 499 502 504 511 514 517 521 523 527 531 533 536 540 544 547 550 553 557 560 561 564 566 567 570 574 575 578 581 584 588 593 595 599 602 604 606 609 612 
97 107 115 117 124 128 131 144 145 147 150 155 159 160 166 172 174 181 184 188 192 193 197 201 203 211 212 215 217 221 224 230 233 234 236 243 245 247 252 255 259 263 265 268 271 274 278 280 286 292 294 297 298 302 305 311 314 317 319 322 325 328 332 334 339 343 348 350 351 357 360 364 368 374 378 381 382 386 387 388 393 394 398 401 404 408 412 413 419 421 423 425 427 428 434 436 442 446 450 453 454 458 460 465 467 471 475 476 480 483 487 489 493 494 496 502 504 506 507 513 517 519 525 528 530 533 537 541 542 547 550 551 556 559 561 564 568 570 574 578 579 582 585 589 593 594 596 599 603 604 607 611 615 619 
101 108 118 121 128 129 132 145 146 151 152 158 163 167 170 175 179 182 187 189 193 195 198 203 205 212 216 220 222 226 228 234 237 240 243 246 249 251 254 258 262 264 268 272 276 279 281 284 289 296 300 301 304 306 310 314 317 320 323 326 330 333 336 339 342 347 351 353 354 361 362 365 371 377 381 382 386 390 394 397 401 403 405 409 413 416 417 421 423 427 428 432 433 436 439 441 443 449 452 457 460 462 466 468 470 474 476 480 484 485 488 490 494 497 500 505 506 508 511 517 518 521 527 529 532 535 541 542 545 550 552 553 559 563 564 567 571 574 578 582 583 584 587 593 597 598 599 603 605 606 609 614 619 622 
105 110 122 126 130 131 136 148 150 154 158 162 164 170 173 177 183 186 188 190 196 197 200 207 211 213 219 223 226 229 232 235 241 242 244 249 250 252 255 262 263 265 272 274 280 281 284 287 290 298 301 302 308 311 312 317 320 324 325 329 332 337 341 343 344 351 354 356 358 365 367 368 375 381 384 385 390 392 397 399 403 406 410 411 417 421 423 424 426 428 429 436 439 443 445 446 448 451 455 458 463 464 467 472 475 477 481 485 487 488 490 491 496 501 503 509 513 517 520 524 527 529 531 533 537 539 542 546 547 554 557 561 564 566 570 572 575 576 581 583 586 590 594 595 598 601 605 607 608 609 613 618 622 624 
108 114 123 129 131 134 138 152 155 156 161 166 168 171 174 180 187 190 191 193 200 204 208 209 214 216 221 227 230 234 235 236 242 245 249 253 257 260 263 265 266 268 276 279 283 284 285 290 291 300 303 305 310 315 319 323 326 330 333 335 336 339 343 344 345 355 358 362 365 368 371 372 378 385 386 390 392 394 399 403 404 410 412 413 421 423 426 427 428 431 435 439 443 446 448 450 454 455 456 460 467 470 474 477 481 482 485 488 492 493 496 498 499 504 505 511 514 518 523 525 528 532 533 536 540 543 545 547 549 555 561 564 565 568 573 576 580 582 586 587 590 592 597 601 605 609 612 613 614 615 618 622 624 627 
109 116 126 130 135 139 143 154 158 161 162 170 174 177 181 184 188 193 197 199 204 205 212 213 217 220 223 231 232 235 237 239 244 246 252 256 259 262 264 269 270 274 280 281 285 286 288 292 293 304 306 307 314 317 322 326 328 333 334 338 340 341 344 345 346 357 362 366 370 373 376 379 382 389 390 394 398 399 402 405 409 413 414 418 424 427 429 432 435 436 439 441 447 448 450 451 457 461 462 463 470 474 475 481 485 488 492 493 494 496 498 500 501 508 510 512 517 520 527 531 535 537 540 542 543 544 548 552 554 557 563 568 571 572 577 580 581 585 589 591 593 596 598 603 609 613 615 618 620 624 627 631 633 636 
113 117 127 134 138 140 147 155 161 164 166 174 175 180 183 188 191 195 200 202 206 210 213 215 220 221 225 232 235 238 240 242 245 249 254 258 263 266 269 273 277 279 284 286 289 293 297 300 302 308 312 315 318 320 324 327 331 334 335 340 343 347 349 351 353 361 365 368 374 375 379 381 384 390 393 395 401 402 404 408 410 416 418 421 427 428 430 436 439 442 443 444 448 452 453 457 459 463 465 466 471 478 482 485 486 492 496 497 498 501 503 507 508 510 513 515 519 521 528 532 539 542 546 547 550 551 553 555 559 560 566 572 573 576 580 584 586 590 591 592 596 597 601 605 613 615 617 619 624 625 630 634 636 637 
117 121 130 135 139 144 148 158 165 166 168 175 178 183 184 190 192 196 201 203 208 213 216 219 224 228 231 233 239 242 244 245 249 253 258 262 267 271 273 276 280 281 286 289 293 297 301 303 305 311 314 316 321 325 329 332 336 340 341 342 344 350 352 354 358 365 368 371 377 381 385 386 387 392 397 401 405 409 411 413 414 418 422 425 430 434 435 437 442 444 447 450 451 454 455 458 462 467 468 470 475 481 483 487 488 496 498 499 502 506 507 508 510 512 517 521 522 524 531 533 542 546 548 552 555 559 562 566 568 570 572 574 575 578 584 588 590 591 592 593 597 601 603 606 617 621 624 627 631 632 635 637 638 640 
119 125 134 138 143 147 150 162 167 171 173 178 179 187 188 194 198 200 204 205 209 217 219 221 225 231 234 237 240 243 248 250 251 257 259 266 271 274 276 280 283 285 287 290 294 301 302 307 309 315 316 320 322 327 331 336 339 343 346 348 349 353 356 360 362 369 370 372 380 384 387 390 391 394 399 403 407 410 413 416 419 421 425 427 434 436 438 440 445 449 453 454 455 458 462 466 470 473 474 478 481 483 485 488 490 497 499 503 505 508 512 516 517 518 520 522 523 525 534 538 545 550 552 553 556 563 564 569 570 573 576 579 582 583 588 592 595 596 599 601 602 604 606 610 621 622 627 629 633 636 638 641 645 649 
122 128 137 140 145 149 152 164 168 173 175 179 180 189 192 198 202 203 207 210 211 220 221 222 227 234 235 238 241 244 250 251 255 260 261 270 273 276 278 281 284 288 290 293 297 302 304 308 312 319 321 325 328 329 334 338 342 346 349 352 355 357 361 363 364 373 377 379 381 386 390 394 397 400 401 406 411 414 415 420 422 423 426 430 437 439 440 443 448 453 454 458 459 460 466 468 471 476 480 482 485 489 490 494 497 500 504 508 510 511 514 519 521 522 524 525 527 529 535 542 549 553 556 558 560 566 570 571 573 576 577 583 587 590 593 594 596 598 603 606 610 612 616 618 623 624 629 631 635 640 644 648 652 654 
124 132 140 144 149 153 154 165 170 177 180 181 185 190 195 202 204 208 210 214 215 224 226 228 231 238 239 241 245 246 254 257 258 264 268 273 274 279 281 282 287 290 292 296 299 306 308 311 316 322 326 328 331 334 336 342 343 347 351 355 356 361 362 367 371 376 380 383 386 390 394 395 400 403 405 407 412 416 418 421 424 425 430 434 440 441 443 444 449 456 459 463 466 469 470 474 475 478 484 486 490 494 496 498 499 501 507 510 513 515 518 522 525 526 529 533 535 539 541 545 552 556 560 561 564 568 571 574 576 579 583 587 588 592 595 598 600 603 607 610 611 613 618 620 626 629 633 635 639 641 645 652 655 658 
126 135 141 148 152 157 160 168 173 180 184 187 190 194 199 204 205 212 214 218 220 228 232 234 236 239 242 244 247 250 255 258 259 267 271 277 279 280 282 283 289 294 298 301 305 310 314 317 319 325 327 331 334 337 339 344 347 351 354 359 363 365 366 369 374 378 383 386 387 391 396 400 402 405 409 412 413 418 420 425 428 429 434 436 441 444 448 452 454 460 463 465 470 471 474 476 478 480 488 492 494 498 501 505 509 513 516 519 520 524 525 529 533 534 537 538 541 545 546 547 554 559 562 564 568 571 572 577 578 581 587 588 589 596 599 603 606 608 612 613 614 618 621 622 628 630 635 637 643 645 646 653 656 662 
128 138 142 152 156 160 164 171 176 181 185 191 193 197 202 208 209 216 220 222 226 232 235 237 241 244 247 251 255 258 260 261 262 271 274 278 280 284 287 290 293 298 302 303 309 311 317 321 325 328 329 335 339 343 344 347 349 355 357 362 366 368 371 374 375 379 386 389 392 393 398 401 404 406 411 416 419 421 422 428 432 435 436 437 443 447 450 456 457 463 466 470 474 477 480 481 485 489 491 495 497 502 505 508 512 516 519 523 526 528 529 531 534 538 541 545 546 550 554 558 561 562 563 566 569 574 578 579 580 582 590 591 593 599 600 607 609 612 615 617 620 622 623 625 629 632 639 641 647 650 653 654 658 666 
130 139 146 154 158 164 165 174 180 185 186 192 194 201 206 209 212 220 223 226 227 236 239 240 243 248 250 253 258 259 262 263 266 275 278 282 283 286 288 293 297 299 304 306 311 312 321 324 328 329 332 338 341 344 347 348 351 359 361 365 369 371 375 378 381 383 390 394 396 398 399 403 407 411 415 419 423 427 429 433 436 438 440 442 447 448 452 460 462 465 467 471 478 480 484 485 486 490 493 496 500 503 508 510 515 518 522 526 530 534 537 538 541 544 546 549 551 553 555 562 566 569 573 577 580 583 585 588 591 595 598 599 603 607 609 612 613 617 621 624 627 628 629 632 633 634 643 646 650 654 656 659 661 667 
134 140 148 158 160 168 172 178 184 186 190 195 197 202 209 211 213 222 224 228 230 240 242 245 249 250 254 257 259 260 265 268 272 278 281 283 285 290 291 296 298 300 307 311 312 315 325 329 330 333 334 341 344 346 348 350 355 363 367 371 375 377 378 380 384 387 391 397 401 404 406 407 410 412 419 421 426 430 434 436 437 442 443 445 451 455 459 462 465 467 469 475 481 485 489 493 496 499 503 504 508 509 510 513 519 521 525 527 531 535 538 540 544 548 552 556 559 563 567 570 572 574 576 578 583 584 587 589 595 597 600 601 607 609 610 613 617 618 623 626 631 635 636 639 642 644 645 648 651 656 660 663 667 671 
138 141 150 160 162 170 174 179 187 189 192 199 201 203 210 213 217 223 226 232 235 244 246 247 251 252 258 260 264 265 267 269 273 279 285 286 288 294 295 300 302 303 309 312 314 317 327 333 334 337 338 344 347 350 353 357 359 364 370 373 378 379 383 384 387 391 395 398 404 405 410 411 414 415 423 426 430 432 437 441 445 448 451 452 456 459 462 463 466 471 474 477 482 489 490 496 500 501 504 508 512 513 516 518 522 525 529 532 535 536 540 543 548 549 553 558 562 567 568 573 574 575 578 580 585 589 593 596 598 602 603 607 610 613 617 620 624 628 630 633 637 638 640 642 643 647 651 655 656 658 661 667 669 673 
142 143 153 164 167 172 176 180 188 190 193 201 202 206 212 216 218 225 227 236 237 245 248 252 253 254 260 263 266 270 271 275 276 282 287 288 290 297 300 303 306 309 312 315 316 320 328 336 340 341 345 348 352 354 357 361 365 369 371 376 380 383 387 389 390 393 399 402 405 407 413 414 416 417 427 428 432 436 440 444 447 450 454 457 461 464 465 466 468 474 478 480 484 490 492 497 502 503 508 509 515 519 521 523 524 527 533 537 538 539 544 546 550 552 554 561 566 568 570 576 577 580 582 583 587 591 595 599 602 605 608 612 613 614 620 621 625 630 633 637 639 641 645 646 647 651 654 656 660 661 662 669 670 675 
144 148 155 166 168 175 179 181 192 195 199 203 207 211 214 219 220 227 228 239 240 247 252 254 258 259 261 265 270 272 276 278 281 285 291 294 297 298 301 305 307 310 315 316 317 324 329 337 344 348 351 353 357 359 363 365 369 371 374 379 384 386 390 393 394 398 402 404 406 410 414 417 419 421 429 430 434 440 443 447 450 454 455 461 463 465 469 472 475 477 480 481 486 491 493 501 505 509 513 514 519 523 524 528 530 534 538 541 543 544 546 548 552 555 558 562 567 569 572 577 581 585 586 590 592 594 599 602 604 608 609 613 615 616 621 624 626 631 635 639 640 643 648 651 652 654 657 659 662 664 666 670 673 676 
146 152 156 170 174 178 182 186 193 199 201 205 210 215 216 220 223 230 233 242 245 251 255 257 260 262 263 267 274 277 281 285 288 292 295 299 302 304 308 309 311 313 319 321 322 328 333 338 346 350 353 356 358 361 367 368 371 374 375 381 387 391 395 397 399 403 405 406 410 414 415 421 425 426 432 434 436 443 445 450 453 455 456 464 467 471 474 478 482 486 490 491 494 497 501 505 506 511 516 517 522 524 527 532 536 538 540 543 547 551 553 556 557 558 560 564 569 571 576 580 584 586 587 591 596 599 603 605 608 611 614 618 622 623 627 629 630 634 637 640 644 648 651 653 654 657 658 660 664 668 669 671 674 677 
147 155 159 174 177 181 183 190 195 202 205 208 211 217 220 221 225 234 237 243 247 254 257 260 264 266 269 273 278 279 283 286 290 293 299 301 304 306 310 313 317 321 324 325 329 331 337 342 348 354 357 360 363 365 369 370 375 379 380 385 391 392 399 401 403 407 409 413 417 418 420 424 428 431 435 436 437 444 449 453 456 459 463 468 469 474 475 481 486 489 492 493 496 498 503 509 512 513 518 520 525 529 533 537 541 543 545 548 550 555 557 560 563 564 567 568 573 577 581 583 588 592 594 595 600 604 607 611 614 616 617 619 626 629 633 637 639 642 643 646 647 651 652 655 657 660 662 663 666 671 675 678 679 680 
149 157 162 178 180 183 186 194 199 206 208 210 214 220 224 225 227 235 238 244 249 256 258 262 267 268 273 274 280 283 286 288 292 297 302 305 307 308 314 318 319 325 329 332 336 339 341 343 349 356 360 362 366 370 373 374 376 382 384 386 393 397 400 403 407 408 412 417 421 422 423 428 430 433 437 440 444 446 452 454 458 463 467 469 472 477 481 482 488 491 493 495 497 499 506 511 515 517 520 523 526 531 536 539 544 547 549 552 553 558 562 565 569 571 574 577 580 582 583 584 591 596 600 604 608 611 615 619 620 621 622 623 627 630 634 640 641 646 649 653 655 657 661 663 665 669 672 673 677 680 681 684 685 688 
150 160 163 179 181 187 188 195 200 207 212 216 218 224 227 231 233 236 239 247 252 258 261 266 270 274 277 280 281 286 290 293 295 301 304 307 311 313 317 321 322 327 333 335 338 341 343 347 352 359 364 366 370 372 374 376 377 386 387 391 394 400 404 407 408 411 413 419 423 427 429 432 436 438 439 443 445 450 456 458 459 466 468 470 474 478 484 486 491 493 495 497 499 501 508 512 519 522 526 530 532 534 538 542 548 550 553 555 557 562 565 566 573 577 579 583 586 589 592 596 599 603 605 609 610 612 617 620 624 628 631 634 635 638 640 641 645 648 651 657 658 662 663 666 670 671 674 675 679 683 686 687 691 692 
153 161 164 182 186 191 194 199 202 209 216 217 222 228 232 235 236 239 243 251 253 259 262 269 272 277 281 283 287 289 291 296 297 304 305 311 313 316 319 323 325 330 336 338 340 345 348 351 355 362 367 371 373 375 378 381 383 390 391 394 398 402 407 410 413 415 417 421 426 429 430 435 438 440 443 447 451 454 459 461 462 467 472 476 477 481 486 490 493 497 499 502 504 506 509 513 520 524 530 534 538 541 545 548 550 554 556 557 560 566 568 570 575 579 581 587 589 592 596 600 604 608 611 614 617 618 620 622 628 632 633 635 638 639 642 643 646 651 652 661 663 664 665 667 672 673 678 682 685 689 691 694 696 699 
157 163 167 185 190 193 195 203 206 212 217 220 226 231 234 239 243 247 250 254 255 260 265 273 276 278 282 287 290 293 295 300 303 306 309 314 315 317 320 324 327 334 338 342 345 349 352 356 359 366 371 375 377 380 381 382 387 391 394 397 402 405 410 411 417 421 423 426 427 431 434 436 442 444 447 451 452 455 460 465 469 472 473 480 482 484 487 492 495 499 500 506 507 509 511 516 521 528 531 538 539 542 546 551 552 558 562 566 567 569 570 571 576 583 584 589 590 596 598 602 608 612 615 616 618 622 625 626 630 634 637 641 642 646 649 653 656 657 661 664 667 669 670 672 673 674 679 686 688 691 695 698 700 701 
159 164 171 189 191 194 198 205 208 215 218 222 229 234 235 241 245 249 251 258 260 264 269 277 279 282 286 290 294 295 296 302 306 310 312 318 321 324 325 327 328 338 341 344 349 351 356 357 360 369 374 379 383 385 386 387 390 393 398 399 404 409 411 412 419 422 426 429 432 434 437 438 444 447 451 453 457 458 461 469 472 474 475 481 483 488 491 495 496 500 504 509 511 513 517 518 524 530 533 540 541 546 548 554 557 561 563 569 571 574 575 576 577 586 590 591 594 599 603 606 610 616 620 623 625 627 629 630 633 637 640 645 648 649 653 655 658 660 662 668 670 672 673 675 679 683 684 689 690 695 696 699 703 704 
163 166 173 190 194 198 201 206 212 217 220 223 232 238 239 243 247 250 253 260 263 267 272 280 284 285 290 292 297 299 303 307 311 312 313 320 323 326 328 329 333 340 344 346 351 352 357 360 363 371 375 381 387 390 392 393 397 400 404 405 409 410 413 417 423 425 428 433 436 438 442 445 447 450 453 454 458 460 465 470 474 476 479 484 488 491 495 497 501 502 506 511 515 517 518 519 526 534 537 543 546 549 553 555 560 563 567 573 575 578 580 584 585 590 594 597 599 602 604 610 614 619 623 624 629 632 635 637 641 644 645 649 652 654 658 660 661 663 666 672 675 678 681 684 686 687 688 690 694 696 697 701 706 710 
165 169 174 194 195 201 203 210 216 218 223 224 234 241 244 246 249 251 255 264 266 270 275 281 285 286 292 293 298 302 305 308 313 316 319 321 325 328 331 332 336 344 346 347 353 356 360 364 368 375 379 383 390 393 397 398 400 402 407 408 411 413 417 421 425 428 431 436 437 441 444 447 449 452 457 459 463 467 469 473 477 478 482 485 490 495 499 502 505 507 509 512 519 523 526 530 533 536 540 547 551 554 555 557 561 564 569 576 577 582 585 589 590 593 597 600 601 605 607 611 618 622 627 629 633 636 638 640 644 646 647 653 656 660 661 663 665 666 670 675 676 681 684 686 687 690 692 696 700 701 702 704 707 714 
168 171 176 196 200 205 208 211 217 221 224 225 236 242 246 247 253 254 257 268 271 275 276 282 289 293 296 297 302 305 307 309 315 317 323 324 327 330 335 336 339 348 351 354 357 361 364 365 371 376 381 386 392 394 400 401 404 405 411 414 415 419 423 427 429 431 432 437 438 442 448 451 452 456 460 463 465 471 472 477 478 479 486 490 494 498 503 504 506 511 514 518 523 526 528 531 534 540 544 551 553 558 559 561 563 566 571 577 580 585 589 593 597 599 603 607 610 613 614 617 621 623 629 633 634 640 643 647 649 651 654 658 660 663 664 665 668 669 671 679 681 682 688 692 693 697 701 705 707 708 712 716 719 721 
170 172 179 197 203 209 211 212 218 223 225 227 239 245 248 249 254 255 258 272 273 277 280 286 292 297 299 302 303 307 309 310 316 321 324 327 331 333 336 339 342 349 353 358 360 364 367 371 375 380 382 388 394 395 403 406 407 409 414 416 418 421 424 431 432 436 440 444 447 449 453 456 459 460 462 465 469 472 474 480 482 486 488 494 497 499 505 506 508 514 517 519 524 530 534 538 539 541 546 555 556 559 561 563 564 569 575 581 583 589 590 594 598 601 607 610 613 616 619 622 626 628 633 634 637 641 647 648 653 656 657 659 664 665 667 669 672 675 676 681 683 685 691 695 699 700 705 709 712 713 717 720 723 724 
172 173 183 198 204 211 214 215 219 227 230 233 241 246 251 254 256 259 260 274 278 282 285 288 294 299 301 306 309 312 315 319 320 322 326 328 332 337 341 345 348 350 356 359 361 367 371 374 376 381 385 392 396 397 406 410 413 414 417 420 422 423 428 434 437 439 442 448 451 455 456 460 461 463 467 469 470 476 477 483 487 490 493 496 499 501 508 512 516 517 520 524 528 533 538 539 543 547 549 557 558 561 563 564 566 572 579 582 585 593 597 598 599 603 610 614 616 617 623 626 628 631 636 639 642 646 648 650 654 660 662 665 668 672 675 676 680 681 685 689 693 697 698 702 705 707 711 713 715 717 721 722 726 730 
174 176 184 200 206 213 218 221 225 228 231 236 242 250 253 257 259 262 263 275 282 284 288 289 296 300 303 308 313 316 318 321 325 326 330 332 333 340 342 346 349 354 359 361 362 368 374 378 380 385 388 396 398 399 407 411 417 421 423 424 426 427 431 438 440 441 445 452 454 459 462 463 467 469 470 471 474 479 480 484 491 492 496 498 502 505 510 514 520 521 525 527 531 536 542 546 547 549 551 558 560 564 567 570 571 573 583 586 590 597 599 602 605 607 613 615 620 623 626 629 633 636 637 641 643 647 650 653 656 662 664 667 671 673 678 679 684 688 691 695 699 702 704 708 711 712 714 716 717 720 724 728 730 734 
176 180 187 202 209 215 222 224 229 232 233 237 243 254 257 260 263 264 267 279 285 286 292 296 298 301 307 311 316 320 321 324 326 328 332 335 337 342 346 348 353 357 363 366 370 373 378 379 381 388 391 400 404 406 409 412 418 425 428 432 434 437 438 441 443 446 448 454 456 461 463 465 469 472 476 478 479 480 484 487 493 496 500 504 506 509 514 518 524 527 529 530 533 537 546 548 549 551 553 560 561 567 569 574 578 580 587 590 594 600 603 606 607 611 614 619 623 624 627 631 635 638 641 642 646 649 652 655 659 663 666 668 674 678 679 681 687 689 695 697 702 706 708 709 715 716 718 719 722 726 729 731 732 737 
178 181 188 203 210 216 226 228 230 233 235 240 246 256 260 263 267 270 274 283 289 292 296 298 302 303 311 314 320 322 323 325 328 329 335 336 340 346 350 352 355 358 364 368 374 376 382 385 387 392 393 404 408 411 414 417 420 427 432 433 438 440 443 446 447 450 453 456 458 465 469 472 476 478 479 483 484 488 492 495 496 500 503 505 510 513 517 519 527 531 532 536 540 541 547 552 555 556 558 563 564 570 573 575 581 582 590 592 598 603 606 609 610 614 618 622 625 629 632 636 639 642 644 647 650 652 654 656 662 665 670 674 677 680 683 686 689 693 699 703 705 708 709 713 717 719 720 724 726 728 733 736 737 740 
182 184 191 207 211 220 229 232 234 235 237 241 249 260 262 264 271 273 278 284 293 297 300 301 303 304 312 315 322 325 327 329 331 333 336 339 342 349 353 354 359 360 368 372 375 379 385 389 391 394 396 406 411 414 418 421 422 431 434 436 441 445 448 452 456 459 462 465 468 470 474 477 480 482 484 486 489 490 495 496 500 504 506 509 514 518 521 525 531 534 537 540 542 544 549 556 558 560 561 564 566 574 577 578 585 587 592 596 601 604 607 612 613 616 619 625 628 632 633 637 640 643 648 651 652 656 660 664 665 666 673 676 680 683 685 688 693 694 703 704 709 710 712 714 719 721 722 725 728 729 735 740 741 743 
184 185 192 209 215 221 233 236 239 241 242 246 253 264 268 269 274 277 281 288 297 298 303 305 309 313 316 319 323 327 331 335 338 342 346 349 353 354 355 357 360 362 369 376 378 383 389 391 393 398 401 407 414 415 421 425 426 434 436 439 443 446 449 455 460 464 465 468 471 475 476 481 483 484 485 487 493 496 500 502 506 509 512 514 517 519 523 526 532 537 540 541 544 545 552 559 563 567 570 571 572 578 581 585 588 590 593 597 603 608 612 615 616 617 623 629 631 636 638 641 645 649 650 653 656 657 663 668 672 675 676 679 681 685 686 690 697 700 706 709 711 713 717 719 721 725 729 733 737 739 740 743 744 748 
188 192 196 211 219 222 234 238 242 246 248 250 257 266 271 274 276 280 282 292 299 300 305 308 311 317 320 324 325 328 333 339 341 346 350 352 356 359 361 365 369 370 372 380 382 384 391 395 399 401 405 411 416 420 422 428 431 435 438 442 447 449 451 456 461 466 467 472 475 479 483 487 491 492 495 499 503 506 509 512 514 515 519 523 527 531 534 536 540 543 547 549 552 556 558 563 565 571 575 578 580 582 586 588 591 593 597 599 607 612 615 618 621 623 627 631 632 637 640 642 648 651 655 658 661 662 664 672 675 677 681 682 683 688 692 694 699 701 708 710 713 716 719 723 727 731 735 739 740 744 748 749 752 755 
191 194 198 214 220 226 237 239 243 249 250 251 258 270 274 276 280 283 286 293 300 302 306 311 312 319 324 325 328 329 337 342 346 350 354 357 358 361 363 369 373 377 381 383 386 389 395 398 402 406 407 413 417 422 426 432 433 437 442 445 449 453 455 457 463 468 472 476 479 480 485 490 495 496 500 502 504 507 512 513 515 518 523 525 528 535 537 539 544 548 552 555 557 559 560 564 567 572 579 582 586 590 593 597 599 602 605 609 611 616 618 620 624 626 629 633 637 638 643 645 649 654 658 661 665 669 670 674 678 681 683 685 687 690 693 696 701 702 709 711 715 717 723 726 729 732 739 742 745 748 752 754 758 762 
193 198 199 217 224 229 241 243 245 253 256 259 260 271 275 277 282 285 288 295 301 303 307 315 317 321 328 332 334 338 341 343 347 352 358 359 363 364 368 373 377 381 382 386 389 392 399 403 405 408 412 415 418 423 428 433 434 438 444 446 452 456 460 464 468 469 474 479 482 485 488 492 498 502 504 508 510 511 513 516 519 520 524 526 529 538 540 543 546 551 555 556 561 565 568 569 573 575 582 585 587 594 596 599 603 606 609 611 615 617 619 623 626 629 631 634 638 640 645 647 650 655 659 662 666 670 674 678 679 684 687 690 691 694 698 699 705 707 711 714 716 718 725 727 730 736 741 743 747 752 756 760 761 766 
194 200 201 220 228 232 243 246 248 256 259 263 264 274 276 278 284 287 289 297 304 307 309 316 318 322 332 334 336 341 342 347 348 354 362 365 367 371 372 376 379 384 386 388 391 393 403 406 410 411 416 417 420 424 432 434 435 439 447 450 453 457 464 467 471 473 476 481 483 488 492 496 501 505 509 511 514 516 518 520 521 524 527 529 530 539 542 544 549 555 559 561 563 567 572 573 574 579 586 589 590 595 598 602 604 607 610 612 618 619 623 624 629 631 635 638 639 644 647 650 651 659 662 665 670 671 676 680 683 686 689 694 695 698 701 703 707 709 715 716 718 719 727 731 733 740 745 748 751 753 757 764 768 772 
195 203 206 222 230 236 247 250 251 260 263 266 270 277 278 281 286 288 292 298 308 310 311 319 323 325 336 339 340 343 347 351 353 358 363 369 372 373 376 379 381 388 390 393 397 400 405 407 411 415 417 419 422 428 435 436 437 443 451 453 454 459 466 468 474 477 480 482 486 490 494 499 503 509 513 517 519 522 525 527 531 535 536 538 540 543 544 547 550 558 560 565 567 569 574 576 578 583 587 590 593 597 600 604 605 609 614 616 620 624 627 631 634 637 640 643 645 646 649 653 656 661 664 669 671 672 679 683 684 687 692 698 701 705 708 712 716 718 719 723 726 728 729 735 736 744 748 750 754 756 759 765 770 773 
196 205 207 224 233 240 250 252 253 264 267 270 271 279 280 282 290 291 293 300 312 316 319 323 326 328 339 340 343 346 349 353 356 362 364 372 375 376 379 380 382 392 394 398 399 401 409 412 413 419 422 425 429 433 438 440 444 447 455 459 462 465 467 471 477 478 481 484 490 491 495 500 505 512 517 520 524 528 531 534 538 540 541 544 547 550 554 558 562 566 570 571 572 575 579 581 583 584 589 592 595 598 601 605 608 612 618 620 623 625 631 635 636 640 644 648 649 650 653 655 657 665 667 672 673 677 680 687 691 694 697 701 705 709 712 713 720 724 726 727 731 734 736 739 743 745 749 754 758 761 763 767 771 775 
200 209 212 225 237 243 252 255 258 265 270 271 275 282 283 286 291 294 297 302 315 318 321 325 328 329 341 345 346 349 351 355 358 363 368 376 379 383 385 386 390 395 397 401 402 406 411 416 417 420 425 428 430 434 441 443 447 449 459 460 465 466 470 474 481 482 485 489 491 495 499 501 506 515 518 522 527 530 533 535 539 541 545 548 550 551 557 559 564 567 572 573 574 577 580 583 584 587 592 593 599 601 604 606 612 616 622 626 629 633 637 640 642 644 645 650 651 654 656 657 659 667 668 676 678 681 682 688 692 697 698 705 706 710 714 718 721 725 728 731 733 737 740 741 747 751 753 755 761 762 766 769 774 779 
202 210 214 226 240 245 253 259 262 266 272 276 279 285 286 288 294 295 299 305 317 319 325 326 332 336 344 349 350 354 357 360 364 368 372 378 381 384 389 391 394 398 400 405 407 408 412 420 422 425 426 429 434 437 442 444 449 452 460 462 466 470 471 475 482 483 488 490 494 498 502 503 510 518 521 524 528 533 537 538 542 545 546 551 552 555 559 561 566 569 573 575 579 580 584 588 592 595 599 600 601 605 608 612 613 617 623 629 632 634 639 644 647 650 651 653 654 655 659 662 666 671 673 678 680 684 688 690 693 701 704 707 709 712 716 719 722 728 731 735 737 741 742 743 751 755 757 761 764 766 770 773 777 782 
206 211 218 230 241 248 256 260 265 269 274 279 281 286 288 290 297 299 300 306 321 323 329 333 334 337 347 351 352 356 361 362 366 369 374 379 385 387 392 395 398 401 404 408 412 414 418 422 426 430 434 437 439 441 446 449 452 456 463 466 470 474 477 478 483 485 489 492 495 500 506 507 514 520 523 528 529 536 541 545 547 548 550 552 555 559 562 565 567 573 575 579 582 583 587 591 596 599 603 605 609 611 613 614 618 620 625 630 636 637 640 645 648 651 655 659 663 667 668 669 673 675 677 681 684 685 691 695 696 704 707 708 712 716 719 722 723 729 734 739 740 742 744 746 755 759 762 764 766 768 771 776 780 786 
207 215 220 231 243 249 257 261 267 272 278 283 287 289 292 296 298 302 306 309 325 327 331 337 338 342 348 354 356 359 365 368 372 376 380 381 388 392 396 399 400 405 409 410 415 417 422 424 429 432 438 440 441 444 449 452 454 457 467 470 473 476 479 483 485 488 492 495 497 504 507 510 517 523 527 532 533 539 542 549 552 556 559 560 563 564 566 569 573 574 579 582 585 588 590 592 597 600 606 607 612 615 616 619 621 625 627 631 640 643 645 647 651 655 657 663 667 670 671 673 677 679 681 685 686 690 692 696 697 705 710 711 715 720 723 727 730 731 738 742 746 747 749 750 759 762 766 770 773 776 779 780 781 787 
211 218 222 235 247 253 258 264 268 274 282 285 290 293 295 300 304 306 308 313 326 331 332 340 341 345 352 356 360 361 369 371 375 380 384 386 389 396 398 403 406 407 412 413 419 423 425 428 431 436 440 444 447 449 452 453 458 459 471 472 476 477 481 484 488 489 496 499 503 508 510 512 521 525 529 535 539 542 546 551 556 559 560 562 566 570 572 573 574 577 581 585 587 591 593 595 598 602 610 611 615 619 620 622 623 629 632 636 642 645 647 650 652 656 659 664 670 673 674 675 681 683 685 689 690 694 697 698 699 706 712 714 716 722 727 731 734 738 740 745 747 751 755 756 761 764 769 773 776 778 783 786 788 789 
215 221 225 239 250 254 259 267 271 275 286 287 291 297 298 304 305 307 311 315 330 333 337 343 346 349 355 359 361 362 373 375 379 382 386 390 391 400 403 406 407 410 416 420 423 424 429 432 435 439 444 445 451 453 455 458 462 465 472 473 479 482 483 486 491 492 500 501 505 509 513 517 525 527 532 537 543 544 550 552 558 561 562 563 570 572 574 575 576 579 584 588 590 592 596 600 604 605 611 615 619 623 626 628 631 634 635 640 644 647 648 653 654 659 661 665 672 677 680 682 684 685 686 692 695 698 701 703 705 707 714 715 718 725 729 735 739 740 744 748 749 753 757 758 762 766 773 776 780 782 786 788 792 793 
218 225 228 243 253 256 260 271 274 279 287 289 294 299 303 307 308 312 313 316 334 337 338 344 348 350 358 360 362 364 376 378 383 387 390 391 394 404 408 412 413 414 417 423 427 428 433 434 437 440 446 450 453 455 457 459 466 467 474 476 481 484 485 489 493 495 504 506 508 510 517 521 527 530 536 540 547 550 554 558 560 565 568 569 573 577 581 585 589 593 595 596 598 602 605 606 609 610 615 618 622 624 628 629 632 638 639 643 645 650 652 655 656 660 664 666 673 678 684 686 690 692 696 699 702 703 706 707 710 714 716 720 721 729 732 738 740 744 748 752 753 756 759 761 765 767 775 779 784 788 792 796 798 801 
221 229 232 245 256 259 264 272 275 281 289 292 296 303 307 309 313 315 319 322 335 338 341 348 350 353 359 363 366 370 379 382 384 388 391 393 396 408 411 415 418 419 423 427 430 431 435 437 440 444 449 454 458 460 464 466 469 473 477 480 484 486 490 491 495 497 507 511 514 515 519 523 530 534 538 544 548 552 556 562 564 568 570 571 576 578 583 588 590 597 598 600 603 605 607 608 612 613 619 621 626 627 632 634 638 642 646 649 653 655 656 658 662 666 668 671 675 680 688 692 695 699 703 707 709 710 712 713 715 717 721 722 723 732 734 740 742 746 752 755 756 757 760 765 768 771 779 782 785 789 793 799 801 802 
222 232 233 247 260 262 266 276 280 285 290 296 300 306 310 312 315 316 322 325 339 340 343 351 353 354 363 365 369 371 381 383 388 389 394 397 399 410 413 419 423 424 425 430 434 436 439 441 445 448 451 457 459 462 467 468 473 475 481 484 487 491 494 496 500 503 509 514 516 517 522 525 531 535 542 548 552 554 558 566 567 572 573 575 578 580 587 591 592 600 603 605 608 609 610 614 615 617 620 622 628 632 636 637 639 644 647 653 655 656 660 662 663 669 671 672 677 681 691 696 699 700 704 709 710 714 717 720 722 726 727 729 732 736 740 741 744 749 755 759 762 765 768 771 772 773 782 786 788 792 794 803 807 810 
224 233 234 251 263 267 269 277 284 286 294 300 303 310 313 316 320 324 328 330 342 344 347 352 355 359 365 366 370 373 385 386 389 390 395 400 402 413 417 422 427 429 432 433 438 440 444 445 448 450 454 460 464 468 471 472 474 479 485 487 491 493 498 501 504 506 513 517 519 523 525 528 534 539 546 551 555 559 560 568 572 573 577 579 580 581 589 593 596 603 607 608 609 613 616 617 620 624 628 629 632 636 637 641 644 646 649 654 656 659 662 665 668 673 676 680 682 683 692 700 701 704 705 710 713 715 719 724 726 728 732 733 736 737 743 747 749 752 759 763 765 769 773 777 778 779 786 788 792 796 797 807 808 814 
225 235 239 254 265 269 270 280 285 289 297 302 305 314 315 317 321 325 332 334 345 349 350 356 359 362 369 372 373 376 388 390 394 395 398 403 406 416 421 425 428 432 433 434 442 444 446 447 451 455 458 464 466 472 475 477 480 483 489 490 495 497 502 506 508 511 516 519 520 525 526 529 536 540 549 555 559 562 564 572 573 575 579 580 584 588 591 594 597 604 608 610 614 615 619 622 626 627 631 633 635 637 639 642 648 651 653 656 657 660 663 666 669 677 681 685 686 689 693 701 704 707 709 712 716 717 722 726 727 731 736 737 740 742 745 750 753 755 763 766 770 772 774 778 780 783 790 793 795 797 798 808 810 815 
229 239 240 255 266 271 275 284 288 290 301 303 309 316 319 323 327 329 335 336 348 350 354 360 362 363 373 377 380 381 389 394 396 397 400 406 408 418 422 427 431 436 439 440 446 449 451 455 456 457 460 468 469 474 478 480 484 488 491 495 499 503 506 509 513 517 518 522 526 528 529 532 537 544 550 558 563 565 567 574 577 578 583 584 586 591 594 595 599 607 611 615 618 619 622 623 627 631 633 637 638 640 644 647 651 652 656 660 662 665 669 670 671 680 683 686 690 694 698 703 708 709 713 716 718 720 724 727 728 734 737 741 742 744 749 752 756 757 766 767 774 776 780 784 788 791 795 796 798 800 804 810 811 817 
233 240 243 256 268 272 279 286 289 292 304 308 312 317 322 325 331 333 338 342 351 352 356 363 364 365 375 381 385 386 391 398 400 401 405 408 412 419 424 430 434 440 444 448 449 450 452 458 461 462 463 470 472 475 481 482 488 490 492 497 501 507 509 512 516 519 521 523 530 532 533 537 539 547 552 559 564 568 569 578 581 583 584 586 589 592 597 601 604 611 613 618 620 621 624 625 629 632 634 640 644 648 649 650 655 657 660 664 667 668 672 673 674 681 684 688 691 696 699 705 711 712 716 720 724 727 729 732 736 738 740 745 748 750 751 754 759 760 769 773 777 780 781 788 790 792 798 800 803 806 809 811 812 819 
237 244 245 260 270 276 280 287 291 294 305 312 314 320 324 328 335 336 341 345 354 355 357 366 368 371 379 383 387 391 395 402 403 405 406 412 415 421 427 431 435 441 445 450 451 452 454 461 465 466 469 473 474 479 484 486 490 494 496 501 503 511 512 514 519 523 526 527 532 533 535 538 543 549 555 560 568 572 574 580 582 586 588 590 594 597 600 604 607 614 617 622 625 626 627 628 633 635 638 643 646 652 654 655 656 661 665 667 670 672 674 676 679 685 689 693 695 700 703 708 715 719 721 724 727 730 733 737 739 741 743 748 752 755 756 758 761 762 770 774 781 784 786 791 795 797 802 803 805 808 811 812 814 820 
238 247 250 261 273 280 282 291 294 297 308 314 316 321 325 330 338 341 344 347 355 358 361 368 371 374 382 384 390 394 397 406 408 409 411 413 416 424 429 432 436 444 447 454 455 459 463 466 467 471 472 476 478 483 488 491 495 499 500 502 504 514 518 521 524 527 530 532 534 538 542 543 547 552 559 561 570 574 578 584 588 592 594 595 599 601 602 608 611 617 618 623 628 632 635 637 639 643 647 651 654 656 659 663 666 668 669 673 675 678 681 682 684 687 690 695 697 701 705 710 716 723 725 729 733 734 737 738 741 742 746 751 754 757 760 762 763 767 772 776 783 788 792 794 798 800 804 808 811 812 815 818 821 822 
242 251 255 262 276 284 286 293 296 298 310 317 321 324 328 333 341 345 348 349 359 362 364 372 373 375 385 387 393 396 401 408 410 413 414 416 418 427 431 433 439 446 451 458 462 464 467 468 469 474 477 479 480 484 491 493 497 502 506 510 512 516 520 523 525 529 532 536 539 541 544 545 550 555 560 564 573 576 579 586 591 596 597 598 603 605 609 610 612 619 623 625 632 635 637 639 642 645 650 654 657 659 663 664 668 670 674 676 680 683 687 691 695 696 697 699 702 704 709 713 717 724 729 732 737 739 740 743 744 746 749 752 757 759 761 766 770 771 775 778 786 791 796 797 802 803 807 809 812 813 817 822 823 826 
244 252 258 264 280 287 290 296 297 301 311 321 323 326 331 334 343 346 350 352 363 366 370 376 379 383 388 390 394 400 404 410 413 414 416 420 421 430 434 438 441 448 454 461 466 468 469 473 475 478 482 484 485 486 492 494 499 505 507 513 514 519 524 527 531 532 536 539 542 546 549 553 556 558 564 565 574 578 583 588 593 598 601 605 608 610 613 615 617 622 624 628 634 638 640 643 644 649 651 656 659 661 664 666 669 673 678 679 682 687 689 692 697 698 702 704 708 710 711 714 720 728 730 734 740 744 745 746 750 753 754 756 760 763 767 769 773 776 778 782 790 792 799 803 807 811 814 817 819 820 824 826 830 832 
247 256 261 268 283 288 294 298 300 302 315 322 327 330 332 336 344 349 351 354 367 369 373 377 381 386 390 393 395 402 405 412 414 417 418 422 423 432 437 439 443 452 458 464 469 472 475 479 482 484 486 488 489 490 496 499 502 507 511 516 517 521 526 529 532 536 538 543 547 548 552 555 560 561 567 571 575 581 584 590 595 599 603 607 609 613 616 619 623 626 627 629 638 641 642 647 648 653 655 658 663 665 666 670 671 676 679 681 685 691 694 698 700 702 704 707 710 711 713 716 723 731 733 736 741 747 750 754 756 759 760 762 764 768 770 772 774 780 781 785 793 796 802 804 809 812 818 821 824 827 831 833 836 840 
250 257 265 271 285 291 296 300 304 306 317 326 330 333 336 337 348 353 354 356 369 370 374 381 384 389 392 395 396 406 408 416 417 421 423 427 430 433 439 440 446 455 459 467 472 475 478 483 485 487 491 495 499 500 501 504 505 511 515 519 523 527 530 531 533 538 539 544 551 555 558 561 564 565 568 574 577 584 586 594 598 600 604 610 613 614 617 621 624 627 629 632 639 644 645 651 653 655 657 662 664 666 669 674 676 680 683 687 689 695 696 699 702 706 709 711 714 715 716 718 724 733 735 740 743 750 753 756 760 761 763 766 769 772 776 777 778 782 785 789 797 801 805 809 813 816 821 823 825 831 833 837 838 843 
251 260 267 272 287 294 299 303 306 309 320 330 333 335 338 339 351 355 359 363 371 373 375 383 388 393 397 400 404 409 410 419 420 425 429 431 434 435 441 445 447 458 463 471 475 478 479 486 487 488 492 497 500 502 505 507 510 512 518 523 525 531 535 538 542 546 549 553 555 557 562 566 569 573 576 580 582 586 588 596 599 604 605 614 616 619 620 625 628 631 635 637 643 646 650 652 654 658 661 664 668 672 673 676 678 682 687 690 692 696 699 702 704 707 713 716 718 720 722 726 730 735 739 744 746 752 755 759 763 766 767 771 775 777 779 783 784 788 791 795 800 804 808 813 815 820 823 825 828 835 838 840 844 845 
255 264 268 276 289 295 300 306 307 310 323 334 336 339 343 345 355 358 362 365 374 378 382 386 390 395 400 402 408 412 416 421 425 429 431 435 438 442 443 449 452 460 466 473 477 479 483 489 491 492 493 499 501 504 509 512 516 518 521 527 531 533 538 541 546 548 553 556 559 563 564 570 573 576 580 582 584 587 592 597 600 606 609 618 620 622 625 626 632 633 638 642 647 649 654 658 661 664 667 668 669 676 680 683 687 689 690 692 694 699 700 704 708 711 717 721 724 728 731 735 736 739 741 746 748 753 759 763 767 771 774 777 781 783 787 791 793 796 799 803 805 809 812 816 818 824 826 827 830 837 842 846 848 849 
259 266 272 279 291 298 303 308 312 313 325 338 341 342 346 349 356 362 365 367 375 381 386 389 391 396 402 404 409 415 417 424 428 433 435 438 441 445 448 450 455 462 469 475 479 483 486 490 493 495 496 500 504 506 512 513 519 523 527 528 532 534 539 544 547 550 557 559 562 565 567 574 577 581 582 585 587 591 596 600 602 607 612 620 621 625 627 628 633 634 640 645 651 653 655 662 665 666 671 674 676 678 681 685 689 693 694 698 700 701 703 706 711 712 718 724 725 729 732 739 742 743 746 748 750 754 763 765 768 775 777 778 784 786 788 793 795 798 801 805 809 810 813 820 823 827 830 834 836 839 846 849 850 852 
262 267 276 283 292 301 306 309 316 318 327 340 345 348 351 354 359 363 368 371 377 384 388 391 392 400 404 408 411 416 420 428 432 434 437 439 444 446 451 453 457 464 473 477 483 487 490 492 497 499 501 502 506 510 515 518 521 526 530 534 535 536 542 545 549 552 560 562 564 567 570 577 581 585 587 589 593 597 601 604 606 611 616 621 622 627 628 630 634 636 642 649 655 658 661 664 669 672 673 676 680 681 685 686 691 697 699 701 703 704 707 711 712 716 722 727 728 731 736 742 746 750 753 756 759 762 764 769 770 777 781 782 788 792 794 798 801 804 807 808 813 817 820 823 825 828 833 837 839 842 848 850 852 855 
265 268 278 286 295 304 309 312 317 322 331 342 348 349 353 355 360 365 371 374 378 386 391 393 396 402 408 411 413 417 421 430 433 435 440 444 446 450 452 455 459 466 475 478 484 489 492 496 500 504 508 511 513 516 517 520 525 528 534 535 537 541 544 547 552 554 561 563 568 570 572 581 583 587 588 590 597 598 603 605 609 612 618 624 625 628 629 631 636 638 643 652 657 662 666 667 672 673 675 678 684 686 690 691 695 699 703 705 709 711 712 713 716 719 725 731 734 737 740 743 747 753 756 758 761 764 766 773 776 780 784 786 791 796 798 802 804 808 812 816 817 820 823 826 829 832 834 838 842 845 851 855 856 860 
267 271 280 288 296 305 312 314 321 323 334 343 351 354 355 358 364 369 373 378 379 388 392 394 400 405 409 413 417 421 425 434 438 441 442 446 450 453 454 459 461 469 476 479 486 492 493 497 504 505 510 512 515 519 523 527 529 533 535 539 541 544 546 551 553 557 562 565 569 572 574 584 585 588 590 594 599 600 606 607 611 614 619 626 630 634 637 638 642 644 647 653 661 664 667 668 675 678 681 682 688 689 694 697 701 704 708 711 713 716 719 721 725 728 729 734 736 739 742 745 750 755 760 761 762 768 772 775 779 783 785 789 792 797 799 806 808 810 813 820 824 828 829 830 832 836 838 841 845 846 852 857 858 862 
268 273 282 289 300 307 315 318 325 327 337 345 355 359 363 364 368 372 375 380 382 392 395 397 402 408 413 417 419 422 428 438 440 443 445 450 452 455 457 461 465 472 479 483 488 494 496 501 506 507 512 515 518 522 527 528 531 536 539 543 547 549 552 555 557 561 564 568 573 577 579 587 591 595 598 601 602 604 608 609 615 618 622 628 632 638 642 644 645 649 650 655 665 668 670 673 677 680 683 687 690 693 696 698 704 706 712 713 717 720 721 725 726 730 733 738 740 744 748 750 752 758 761 762 765 769 774 778 782 785 787 790 794 801 804 809 810 814 816 824 826 831 834 836 840 841 842 846 847 850 854 860 863 867 
269 276 284 292 303 308 319 320 326 329 340 346 359 363 367 368 369 374 377 384 386 395 398 400 405 409 415 419 423 426 430 440 443 446 447 454 455 457 461 465 467 474 480 484 492 496 500 503 510 513 515 518 519 526 528 532 535 540 542 545 550 553 555 558 562 563 565 572 577 581 583 590 592 597 599 602 603 607 610 613 617 619 623 630 636 642 645 647 648 650 653 657 666 670 672 675 679 684 687 690 691 695 698 702 708 711 716 719 723 726 728 729 732 733 735 739 742 748 749 753 754 759 763 765 767 773 775 780 786 789 793 797 801 802 808 812 816 819 823 827 828 834 835 838 841 844 845 849 852 853 856 862 866 871 
272 277 288 296 305 312 323 325 327 333 342 349 362 364 369 373 377 378 379 388 390 398 399 403 407 413 416 422 425 427 432 441 447 448 452 458 461 463 467 468 470 478 481 485 494 499 504 508 514 515 516 519 522 528 530 536 537 543 545 549 553 556 560 562 566 569 572 576 580 583 585 591 593 600 602 603 604 608 611 616 619 621 625 634 640 646 648 650 653 656 659 662 669 672 675 677 681 686 690 692 696 699 701 706 709 714 718 722 725 729 730 734 738 740 744 746 749 753 755 758 761 765 766 767 770 775 779 784 789 793 795 801 802 806 810 816 817 821 824 830 833 835 837 842 845 847 849 850 854 857 858 864 869 873 
274 278 290 299 306 313 327 329 332 334 343 351 364 366 370 375 378 380 381 391 395 402 405 407 411 417 419 424 427 428 435 444 448 450 454 462 465 469 471 475 476 479 482 487 498 501 506 511 515 518 520 521 524 531 532 539 543 546 549 551 554 558 562 563 569 573 577 578 582 584 588 593 597 601 605 608 610 612 615 620 622 626 630 637 642 648 650 651 656 657 662 663 672 675 677 678 684 688 692 693 699 700 705 710 714 718 720 723 726 731 732 737 740 743 745 747 752 755 758 759 762 768 771 774 775 779 780 787 793 794 797 805 809 811 813 820 824 825 826 832 836 837 839 844 849 851 854 858 862 865 868 872 876 880 
278 280 293 301 309 315 330 332 333 338 345 354 368 369 374 376 382 386 388 393 399 406 407 411 413 418 422 427 428 432 436 447 450 452 456 465 467 473 477 480 482 485 489 491 501 504 510 514 516 521 523 526 529 534 537 540 544 547 552 553 558 559 565 569 572 576 580 582 584 588 590 597 601 605 606 609 612 613 616 621 623 627 633 639 645 649 654 657 661 664 666 669 673 679 683 687 690 691 693 694 702 703 708 712 718 720 723 726 729 732 735 740 741 746 748 751 755 759 763 767 770 771 772 778 781 783 786 788 795 798 799 809 812 815 819 822 825 829 832 835 840 841 844 846 852 856 858 862 864 866 871 876 879 883 
281 284 296 303 310 318 334 337 338 341 348 357 372 373 375 377 383 387 392 397 403 410 411 412 415 420 426 431 434 436 437 451 454 456 459 469 471 475 481 483 487 490 491 493 503 506 513 518 522 525 529 530 534 538 540 542 548 552 553 556 562 563 569 570 576 580 584 586 588 590 592 601 604 607 609 611 613 615 619 625 627 631 635 641 649 651 656 660 663 667 669 673 676 682 685 691 695 697 701 705 708 710 714 716 722 723 726 727 730 733 739 744 748 751 755 757 760 763 764 769 774 778 779 780 783 785 789 792 797 801 803 813 815 818 822 824 829 830 834 838 844 846 849 851 854 858 861 863 867 871 873 879 881 886 
284 287 297 307 312 319 337 340 341 342 352 359 373 375 379 383 387 389 394 401 405 412 413 414 417 422 430 434 436 439 442 455 458 461 464 471 475 477 482 485 488 493 497 500 505 508 517 521 526 528 531 533 538 539 542 544 550 554 558 561 566 568 572 575 577 582 585 588 590 592 595 604 606 608 612 613 615 618 623 626 628 635 637 645 652 656 659 662 666 671 672 675 680 686 689 695 697 699 702 708 709 713 716 720 726 729 733 734 737 739 742 745 750 753 756 759 761 764 766 770 777 781 785 789 790 792 795 796 800 805 806 815 819 821 826 830 832 834 837 839 846 847 853 857 861 863 866 869 870 875 876 880 883 889 
285 289 300 308 315 320 341 344 345 348 353 363 374 377 380 384 390 391 398 402 407 413 414 415 418 423 433 437 440 443 444 457 462 464 466 474 478 480 484 486 491 497 498 501 508 510 518 522 529 533 534 537 541 545 549 550 553 556 560 563 569 571 573 579 580 583 586 591 595 599 601 608 611 613 616 618 620 622 624 630 634 638 639 646 655 660 663 667 668 673 676 680 684 689 692 699 701 705 707 711 715 719 723 725 730 733 737 741 744 746 747 751 752 757 761 765 769 770 772 775 779 784 788 790 792 796 799 803 805 807 811 817 822 826 827 832 834 838 839 840 849 850 854 860 862 866 868 870 871 878 881 885 886 890 
287 292 303 311 316 321 345 348 352 353 354 364 378 381 384 387 393 395 402 403 410 414 416 419 422 426 436 438 442 445 448 461 463 468 472 478 480 484 488 489 495 500 502 503 509 513 520 525 533 537 541 542 543 547 552 555 557 559 564 567 571 573 575 583 586 590 594 598 601 603 607 612 615 619 622 624 628 631 634 637 641 645 646 647 657 663 665 671 673 674 680 681 687 691 694 701 703 709 712 714 716 723 726 729 732 735 740 745 747 750 751 755 759 762 764 766 773 774 775 779 782 787 791 795 798 799 803 805 808 811 814 819 823 828 832 836 837 840 844 847 851 855 857 864 868 872 875 879 880 881 884 889 893 897 
288 294 306 313 318 323 346 349 353 354 356 368 379 385 387 389 394 399 404 408 411 415 417 422 426 429 440 444 445 447 450 464 466 469 476 481 484 488 490 492 499 503 507 510 511 517 522 529 535 538 543 545 547 551 554 559 563 566 567 569 575 576 580 585 587 591 595 601 602 607 611 613 619 622 624 628 629 634 636 641 645 649 653 656 659 665 666 674 676 680 681 684 690 692 695 703 707 710 713 717 721 726 728 730 735 736 744 747 749 754 757 758 762 765 767 769 776 777 779 780 784 790 792 797 802 805 806 810 813 817 819 823 826 831 836 838 841 843 845 849 854 859 862 868 872 873 876 882 886 889 891 895 899 901 
290 297 307 315 320 325 349 352 356 359 360 369 381 388 391 395 397 400 408 412 414 418 422 423 429 431 444 445 446 450 453 465 469 470 480 485 486 490 494 498 501 507 509 514 518 521 526 532 538 539 547 548 549 555 559 561 565 569 571 575 579 581 582 587 591 592 598 603 605 611 612 616 623 625 628 632 633 636 639 644 649 653 656 658 661 669 673 678 682 685 687 688 694 696 699 707 711 713 714 720 722 730 732 734 738 740 747 748 751 756 759 762 766 768 769 772 778 779 781 783 785 794 797 799 806 809 812 814 815 821 824 826 829 833 837 842 845 849 851 853 858 862 864 871 873 875 878 885 888 891 895 898 903 905 
291 299 309 317 323 328 353 355 359 361 362 370 382 392 394 399 401 403 411 414 416 422 425 426 432 433 446 447 450 453 456 466 473 477 482 486 488 491 496 500 503 510 512 516 522 523 527 534 542 544 549 553 555 556 561 564 567 572 575 578 581 584 588 590 594 596 602 607 611 612 615 617 625 627 631 635 639 642 644 646 653 657 659 661 662 673 674 681 685 688 689 691 697 699 703 710 713 715 716 721 723 734 736 737 740 744 749 751 752 759 763 766 769 773 776 780 782 785 787 790 791 797 800 801 808 811 815 819 823 825 827 831 833 837 840 843 848 853 857 859 861 864 865 875 878 882 883 886 892 895 898 899 906 909 
292 302 310 319 326 329 357 358 363 366 369 373 385 395 398 402 403 406 413 416 417 425 429 430 434 436 448 449 451 456 459 467 476 479 484 488 491 495 497 502 506 511 513 517 523 524 531 538 544 547 551 554 559 562 565 566 570 573 577 581 585 586 591 593 598 601 606 609 613 616 617 619 626 629 634 636 640 646 649 653 656 659 663 664 667 674 675 682 686 691 692 694 700 702 705 712 714 719 721 725 728 738 742 743 744 746 751 752 755 760 767 770 771 774 777 783 785 787 789 794 798 800 804 807 812 816 820 824 828 831 835 838 839 840 843 847 851 855 860 861 865 866 869 876 882 885 888 892 894 899 900 904 908 911 
295 306 311 323 327 331 358 360 367 368 371 376 387 396 401 404 408 411 417 418 421 429 431 432 437 440 450 454 455 458 463 468 480 484 486 492 494 497 498 503 507 515 517 520 525 526 533 539 546 551 552 555 561 566 569 570 572 576 578 582 589 592 594 597 602 606 608 612 614 620 622 623 630 631 635 637 644 647 650 657 658 661 665 669 671 676 679 686 690 692 693 696 702 706 708 716 720 724 728 729 733 740 746 750 754 755 758 761 762 766 769 771 772 775 780 785 787 788 793 798 802 803 806 808 815 817 822 826 831 834 838 841 842 845 846 848 855 859 861 865 866 870 874 877 884 887 889 894 895 901 902 906 910 912 
298 310 314 327 331 333 362 366 370 372 376 378 389 397 405 406 411 412 419 420 425 432 435 436 438 442 454 455 457 460 464 472 482 487 489 493 496 498 501 507 509 518 519 524 528 529 535 541 550 554 556 557 564 567 571 574 578 582 586 588 592 593 596 600 605 607 609 614 615 623 624 625 631 632 639 640 646 651 655 658 659 663 667 670 673 679 682 687 691 694 696 697 706 707 709 718 724 727 730 732 736 742 748 751 757 760 763 764 765 767 770 774 775 778 782 788 791 792 794 801 806 810 811 814 816 819 826 830 835 838 840 844 847 849 852 853 858 862 866 869 872 873 878 881 887 890 894 895 898 902 906 907 913 914 
302 311 315 328 332 334 366 368 373 374 377 381 392 400 407 409 413 417 421 424 426 435 439 442 444 446 458 461 462 466 469 474 484 489 492 495 499 500 504 511 515 521 523 525 529 533 537 545 551 557 561 565 569 572 573 575 580 585 588 589 595 597 599 601 609 610 612 617 619 626 628 630 632 634 641 643 648 652 659 660 664 668 672 675 676 681 686 688 693 697 700 703 710 713 715 721 728 732 735 738 740 745 751 754 760 762 767 771 774 776 779 783 786 790 794 797 799 803 805 806 808 814 816 819 822 823 830 834 839 843 847 849 851 855 859 863 867 868 869 871 876 879 883 887 889 891 896 897 902 906 909 913 914 917 
306 315 317 331 333 336 369 373 377 380 381 385 395 401 409 412 416 418 424 425 430 439 440 444 446 449 462 466 468 471 474 475 488 491 494 498 502 504 508 513 519 525 528 529 530 536 541 549 554 558 562 567 573 577 581 585 589 592 595 596 599 603 606 608 612 616 618 622 624 627 629 633 634 637 644 648 650 653 662 664 666 672 676 680 681 684 687 689 697 700 701 707 711 714 718 725 730 735 736 741 745 748 755 758 761 764 768 773 777 779 781 785 787 794 795 798 801 806 808 810 811 815 819 821 824 825 831 836 842 844 851 853 856 858 861 866 871 875 877 878 879 881 884 889 892 894 899 903 907 911 914 916 920 921 
308 318 321 335 336 337 372 377 379 384 385 388 397 403 410 414 417 420 425 426 431 442 446 449 453 455 466 468 471 473 475 478 491 494 495 499 505 509 511 514 522 528 532 534 535 539 542 550 557 560 565 570 575 578 585 589 593 597 601 604 607 609 612 613 617 621 623 626 627 631 632 636 638 639 647 649 652 655 665 668 671 676 680 683 686 690 691 695 701 704 706 708 714 717 720 726 732 736 739 745 746 751 759 762 765 767 769 777 781 784 787 791 794 796 800 802 806 808 812 815 819 820 821 822 828 832 836 837 846 847 853 854 859 863 864 867 873 877 881 883 887 890 891 895 899 903 904 906 911 914 917 918 923 927 
309 319 322 337 341 342 374 378 383 385 389 392 398 407 414 416 418 422 426 428 432 445 448 452 457 459 467 470 474 475 478 481 495 496 500 504 507 510 515 517 525 531 534 535 538 540 543 554 560 561 566 573 579 580 588 590 594 599 603 605 610 612 614 616 621 622 626 628 631 632 634 637 642 646 649 653 656 660 667 669 672 679 684 686 690 691 693 697 704 706 710 712 718 722 726 728 734 737 742 748 752 753 763 767 770 773 775 781 782 787 789 793 797 798 802 803 807 809 814 819 822 826 830 832 836 839 840 842 849 853 854 857 863 865 866 869 874 880 882 886 891 894 898 899 900 907 910 911 912 918 920 921 926 930 
312 323 326 340 345 349 376 379 384 387 391 394 402 410 417 421 425 427 430 431 436 447 452 453 458 460 468 471 477 480 483 484 496 500 501 508 510 512 516 521 528 534 537 539 540 544 547 557 563 565 569 577 582 586 592 594 598 602 606 609 614 617 618 622 623 625 629 631 635 636 637 639 644 648 652 654 659 664 670 671 674 681 685 690 692 693 696 699 708 711 714 717 720 724 729 731 736 740 744 751 755 758 766 768 772 776 780 784 786 791 795 796 801 803 805 809 812 815 818 823 824 830 834 838 841 845 848 850 853 855 856 859 865 869 872 876 880 884 885 890 895 899 902 906 907 908 913 917 919 920 924 926 929 934 
314 327 331 341 348 350 378 380 387 390 393 398 404 411 421 425 426 431 433 434 439 448 456 458 460 463 469 474 481 485 488 492 499 502 506 510 514 516 517 524 530 538 539 543 544 548 550 560 566 568 570 578 586 587 596 599 603 607 610 612 618 622 625 626 627 628 630 634 636 640 643 647 650 653 656 658 661 668 673 675 679 682 687 694 698 702 706 707 711 712 715 718 723 726 730 732 740 744 745 752 756 761 770 772 773 778 784 785 789 795 798 799 802 806 808 810 816 817 822 825 828 833 838 841 845 848 850 852 856 857 860 863 866 873 874 877 883 887 889 891 897 903 907 910 913 914 917 919 922 924 928 931 933 937 
317 329 332 345 352 354 380 381 389 392 394 401 405 414 422 426 430 433 437 441 444 452 460 461 465 469 472 477 485 487 490 496 500 505 508 511 515 519 520 526 532 540 541 546 549 552 553 564 570 574 577 580 589 590 598 602 604 609 613 617 621 625 627 630 633 636 637 639 640 642 645 651 654 655 660 662 665 670 675 677 680 685 691 698 702 705 707 711 712 716 717 722 727 729 733 734 744 746 750 756 760 763 774 777 781 784 787 788 792 796 799 803 804 808 810 811 818 821 826 830 831 834 841 844 847 850 851 855 859 863 867 870 871 875 876 880 884 889 892 893 901 904 908 912 917 918 922 923 924 926 932 933 935 940 
320 330 336 346 356 357 381 382 393 394 397 405 406 415 425 429 432 437 439 444 447 456 461 464 467 472 473 480 489 490 493 500 503 507 511 512 519 520 522 528 533 541 542 549 553 556 560 566 573 577 580 584 593 596 600 603 605 611 617 621 624 627 628 632 636 638 640 643 644 646 650 653 656 658 664 665 668 673 678 682 684 687 694 701 705 709 710 715 719 721 725 727 731 732 734 735 746 749 751 760 763 765 776 779 784 788 791 794 797 799 803 805 806 810 813 816 821 822 828 831 832 838 842 847 851 852 853 859 863 865 870 872 874 879 881 883 887 890 896 900 903 905 911 916 919 922 925 929 933 936 937 939 941 944 
321 334 338 348 359 363 385 388 395 397 398 407 411 418 427 431 436 441 442 447 449 457 465 467 469 475 476 482 492 494 498 503 504 511 514 517 520 524 525 529 535 543 546 551 555 559 564 568 576 579 581 586 594 597 603 605 607 615 620 625 626 628 631 635 637 639 643 644 647 651 652 656 657 662 668 671 675 677 681 686 687 689 697 702 709 710 713 717 723 724 726 728 733 735 738 740 750 754 756 764 768 770 780 781 788 790 795 799 803 807 810 813 817 818 820 823 827 830 833 834 835 840 846 849 854 858 860 863 864 869 874 878 881 884 886 888 889 893 899 902 904 906 915 919 921 926 928 931 935 939 943 944 946 948 
322 336 341 349 360 365 387 392 397 398 401 409 415 422 428 432 440 443 444 451 454 459 467 468 470 478 479 483 493 497 501 507 509 514 515 518 524 527 530 532 536 546 550 553 559 563 568 569 579 582 586 589 597 598 605 606 608 618 621 626 629 633 637 639 641 643 645 648 649 655 657 660 661 664 672 674 679 680 682 687 690 694 699 705 710 714 715 718 724 725 730 731 734 736 740 743 751 755 757 766 772 774 782 786 789 794 797 803 806 809 813 817 821 825 826 830 833 837 838 839 842 845 849 853 855 861 865 866 868 871 877 880 884 888 891 895 899 903 906 910 912 914 919 922 923 929 931 933 936 942 946 947 948 952 
326 338 342 350 362 369 389 394 399 401 402 411 417 423 432 436 443 445 449 454 455 463 470 472 476 481 485 486 494 500 504 510 512 516 518 520 528 531 533 534 537 549 553 554 560 566 569 572 583 585 588 593 598 600 609 610 611 620 624 630 631 636 641 645 646 649 651 652 655 657 661 663 666 667 674 678 680 684 687 691 692 695 700 709 712 715 718 722 725 729 731 733 736 740 742 744 754 757 759 770 773 775 784 788 790 797 799 804 808 813 814 820 823 827 828 831 835 841 842 843 845 846 852 854 857 864 866 870 874 875 878 881 888 892 893 896 901 905 908 911 916 918 920 924 925 931 933 936 938 943 950 954 955 956 
328 341 346 352 365 371 392 396 400 403 407 413 419 424 435 438 446 450 454 457 458 467 471 473 480 484 486 489 497 502 507 513 516 518 520 524 532 534 535 536 540 550 556 559 563 567 572 575 587 590 592 596 600 602 612 614 615 622 627 634 637 641 644 646 648 651 655 659 660 663 664 666 669 670 678 680 684 686 688 694 698 702 704 713 717 720 723 725 729 731 735 739 743 744 745 749 758 761 762 772 777 778 788 791 795 799 802 805 810 817 819 821 826 831 834 836 839 845 849 853 854 857 858 861 862 866 869 871 876 880 881 884 892 894 895 897 904 907 909 914 919 923 924 927 931 934 936 940 944 945 953 957 961 965 
329 343 349 356 367 372 396 398 402 404 408 417 422 427 439 443 448 452 456 458 461 470 472 477 483 485 487 493 499 505 510 517 520 523 526 530 534 537 541 542 546 553 558 562 566 569 575 578 588 593 595 600 603 607 615 619 622 625 630 638 641 643 645 648 652 656 659 660 662 664 667 671 674 678 679 684 686 689 690 698 700 705 707 716 719 722 726 728 732 733 738 742 745 748 751 753 761 762 766 775 779 783 792 795 799 803 806 810 812 818 822 826 828 834 837 839 840 848 851 854 855 859 863 866 870 871 874 877 880 884 888 891 895 897 898 899 905 908 911 917 922 926 928 931 934 938 940 943 948 949 955 960 963 969 
331 347 351 360 370 373 397 402 403 405 410 419 424 428 443 445 452 455 458 459 463 473 475 480 487 490 491 494 500 509 512 521 525 526 528 534 535 540 545 547 551 554 562 563 570 571 577 581 591 597 598 603 606 611 618 620 626 628 632 640 643 645 648 649 654 658 663 667 669 672 675 676 678 681 685 688 690 692 694 701 704 706 710 717 720 723 728 732 735 737 742 743 749 750 752 754 763 767 769 777 783 784 795 797 802 806 809 813 815 819 826 829 830 836 839 843 845 851 854 858 860 864 867 868 872 875 876 878 882 886 890 892 896 899 900 903 907 910 913 919 923 929 933 934 938 940 941 944 952 955 957 961 966 973 
332 349 355 364 372 376 401 404 405 409 413 422 427 432 445 449 455 457 459 460 467 475 478 483 491 495 498 499 503 511 513 522 528 529 532 537 538 542 548 552 556 557 563 567 573 574 580 585 594 598 599 604 608 612 621 624 628 631 633 642 646 648 652 653 656 662 664 669 673 677 681 683 686 690 692 693 695 697 698 702 708 709 711 720 723 725 729 734 739 741 744 747 752 753 757 759 764 770 773 779 787 788 797 801 804 808 810 814 816 823 829 833 834 840 844 845 847 853 856 862 864 866 869 873 875 879 880 882 885 888 893 896 898 900 903 905 910 914 915 921 927 930 935 936 939 942 945 948 955 956 960 965 970 974 
336 352 358 365 373 380 402 405 408 413 414 423 429 436 449 450 456 460 462 466 471 478 479 486 492 498 499 501 506 512 515 525 532 536 537 540 543 546 552 554 557 561 566 571 576 579 583 586 596 599 602 605 611 615 625 626 630 634 636 643 649 652 656 657 659 666 667 670 674 681 682 685 687 694 698 701 702 703 706 707 712 713 716 723 726 728 730 735 742 745 746 749 756 758 760 763 766 772 777 780 791 792 801 804 808 809 813 816 817 826 833 834 837 841 847 851 853 857 860 863 868 871 874 876 879 881 885 889 891 895 899 902 905 907 911 915 919 923 927 928 932 933 936 937 940 946 948 949 957 960 961 967 973 978 
340 354 360 368 376 383 406 408 412 415 416 427 431 438 452 455 457 463 464 468 473 482 483 487 493 502 506 510 514 516 520 527 535 540 543 544 548 549 554 555 558 564 569 572 579 581 584 588 597 603 606 609 613 618 628 631 634 636 640 645 652 656 660 663 666 670 672 675 679 685 686 690 694 695 701 704 708 711 713 716 717 719 722 725 729 733 737 740 745 746 750 754 759 760 762 767 768 773 779 782 795 797 805 807 812 813 815 818 821 830 836 840 844 847 851 853 854 858 863 865 871 872 875 878 883 886 890 894 898 899 902 906 908 910 913 919 923 927 931 935 936 938 939 940 941 948 949 952 958 961 964 968 976 979 
343 355 361 371 377 385 409 411 415 418 422 430 433 441 456 460 464 468 470 471 476 485 488 491 496 506 508 513 518 521 523 530 538 542 546 547 550 554 556 560 561 566 571 573 580 584 588 590 599 606 610 614 616 619 630 634 637 638 644 648 655 659 663 665 669 673 676 677 680 688 689 693 697 701 703 708 711 713 716 719 723 725 728 731 733 737 739 743 747 748 754 756 761 763 766 771 774 776 781 785 797 799 809 811 815 817 819 820 823 834 839 841 846 848 852 857 858 859 864 866 873 874 877 880 887 891 893 896 900 903 904 908 910 913 914 921 925 930 932 936 938 939 940 943 945 951 955 958 960 962 967 969 980 983 
344 356 362 374 379 388 413 416 417 420 426 433 436 444 460 462 465 471 474 477 479 487 489 493 498 510 512 516 521 524 526 532 542 543 550 552 554 557 558 563 564 567 573 576 583 588 590 593 603 607 611 618 620 622 634 636 639 641 646 649 656 663 665 666 671 675 678 679 682 689 690 697 698 702 705 710 712 717 720 721 725 726 729 732 736 741 744 745 751 754 757 761 764 765 769 773 775 779 783 786 801 802 811 813 819 823 825 828 832 837 840 843 847 850 855 859 863 867 868 870 877 880 881 883 888 892 897 898 904 905 908 911 914 918 921 922 927 931 934 940 942 945 949 953 954 956 959 963 967 970 973 975 983 984 
347 358 365 378 380 390 414 418 419 422 430 434 438 448 464 465 468 473 475 480 482 491 492 494 502 511 514 518 525 527 528 534 543 546 552 554 558 561 565 566 569 573 575 580 584 591 594 596 607 610 615 621 625 628 635 638 640 645 650 652 659 667 669 673 675 678 680 681 683 691 693 699 703 707 708 714 717 721 724 725 727 731 733 735 737 745 746 750 753 758 760 763 768 772 776 777 779 782 787 790 803 805 813 815 823 825 829 830 833 839 843 845 848 853 857 861 866 870 874 876 880 883 885 888 889 893 898 899 906 907 910 914 918 922 925 926 931 935 936 944 948 950 952 954 956 960 961 967 970 972 976 979 986 987 
349 362 369 381 383 391 417 420 423 424 431 435 439 449 466 468 470 476 479 484 487 494 496 499 506 512 515 519 527 530 532 537 546 549 554 558 562 564 566 568 571 577 579 582 585 592 597 601 610 611 616 623 627 630 637 642 646 647 652 656 663 668 672 677 678 682 686 690 694 698 702 705 707 711 712 717 720 725 727 731 735 737 741 744 748 752 755 756 760 762 765 766 769 775 780 783 785 786 789 794 806 808 816 817 826 827 833 835 838 841 847 850 851 854 860 864 867 874 876 879 882 887 889 890 891 897 899 900 909 913 915 918 920 926 929 932 933 937 941 945 952 955 958 961 964 965 968 972 976 977 979 982 988 990 
350 364 370 383 385 393 420 422 427 431 433 438 442 451 469 472 475 477 481 488 492 496 498 500 510 515 516 523 531 533 536 540 548 552 557 560 563 568 572 576 579 581 583 586 589 593 599 603 614 616 619 627 630 634 638 646 650 654 658 660 665 670 674 679 682 683 687 691 697 700 705 706 710 712 714 720 721 728 730 732 736 738 745 746 750 753 759 763 765 769 773 774 778 779 784 786 789 791 792 798 809 812 820 823 829 831 834 836 842 846 851 853 857 859 863 865 868 876 879 881 886 889 893 895 899 900 904 907 911 916 919 920 923 927 931 933 935 940 943 947 955 959 960 963 966 967 972 974 977 979 980 985 991 992 
352 367 374 387 389 397 424 425 431 433 435 440 443 455 470 476 479 480 484 490 493 497 500 501 512 519 522 524 535 539 540 542 550 555 559 562 565 571 573 578 581 583 586 590 591 594 600 604 618 622 624 629 632 635 641 648 652 658 660 662 669 672 678 680 686 689 693 695 698 701 707 711 715 717 719 722 724 729 734 737 739 743 747 748 753 757 761 764 766 772 775 776 781 783 788 790 792 795 796 802 811 816 822 825 830 832 838 840 845 847 853 855 858 862 865 867 869 877 881 883 889 891 897 899 903 905 908 909 914 917 922 923 924 928 933 934 939 941 947 949 959 961 963 965 969 970 976 980 982 984 988 992 993 997 
355 369 377 391 395 401 428 431 435 437 438 441 445 459 472 480 482 486 487 493 496 501 504 505 516 520 524 525 538 541 544 548 553 559 560 563 566 575 577 581 584 587 589 592 595 599 601 605 622 623 625 631 633 637 643 652 656 660 663 667 671 676 679 681 688 692 697 701 705 707 710 715 717 721 724 728 729 730 735 740 741 745 748 749 755 758 763 765 769 775 777 779 782 787 789 792 793 798 802 805 814 820 823 829 834 837 840 843 849 853 856 860 861 866 870 872 874 878 885 888 893 897 898 902 906 907 912 913 916 921 925 926 930 934 935 937 940 942 951 953 960 963 965 969 972 975 978 984 986 990 994 996 1000 1004 
357 372 379 395 397 403 431 433 437 440 441 442 449 461 475 482 486 490 493 495 500 502 507 511 517 522 526 529 541 542 547 550 557 563 566 569 573 579 583 585 589 593 595 599 601 603 607 611 625 627 631 635 638 639 644 653 660 663 664 671 672 678 683 686 692 693 700 704 708 710 713 718 721 722 725 729 733 734 739 744 747 748 751 755 757 761 764 768 773 779 781 784 788 790 792 793 795 800 805 806 815 821 825 830 835 840 841 846 851 855 860 861 862 868 874 878 880 884 888 890 897 898 899 904 907 908 913 915 917 922 929 931 935 937 941 944 945 948 955 956 964 968 971 975 978 981 983 987 991 994 996 997 1002 1008 
358 374 383 399 402 405 432 436 439 443 446 450 452 463 479 483 490 493 494 499 503 506 508 514 519 524 528 532 545 546 549 554 558 565 570 574 578 582 586 590 593 594 598 601 604 608 610 613 626 631 634 638 641 643 645 656 663 666 668 673 674 681 686 687 696 698 701 708 711 712 717 722 726 727 729 730 737 738 742 746 751 755 758 761 762 765 769 771 774 780 783 787 790 791 794 795 798 801 806 807 817 823 826 832 839 843 846 849 853 858 864 868 872 873 876 879 883 886 891 894 898 901 903 905 908 911 916 917 918 926 931 934 937 940 944 947 950 952 958 959 968 972 974 977 982 983 984 988 995 996 1000 1002 1005 1010 
360 377 385 401 405 406 435 438 442 445 447 454 455 464 481 486 493 496 498 502 506 508 509 517 523 526 531 536 548 551 554 558 562 569 571 577 581 585 590 594 597 600 603 605 606 609 611 616 630 635 639 643 645 648 650 659 664 670 674 676 677 683 688 691 698 699 702 709 714 717 720 726 730 733 735 736 739 742 745 749 752 757 759 762 766 770 773 775 777 781 786 790 794 795 799 800 803 805 808 811 821 827 829 836 841 844 847 851 855 860 865 870 873 874 880 881 885 888 895 898 902 904 907 908 910 912 920 922 925 930 932 935 939 941 948 951 952 955 959 962 971 974 978 982 985 988 989 992 999 1000 1004 1005 1009 1013 
361 379 387 403 406 408 437 442 443 448 449 458 461 468 482 487 495 500 501 504 510 514 516 518 527 531 532 539 552 554 556 562 563 570 573 579 582 589 591 598 602 603 606 609 613 615 616 617 632 639 641 646 649 650 651 663 666 674 675 679 682 686 692 695 700 702 703 713 715 719 724 730 732 736 737 740 743 745 746 752 754 760 763 767 769 774 776 778 781 785 789 791 797 799 800 803 806 810 811 812 823 831 835 838 844 846 851 853 857 863 867 871 875 876 883 884 886 891 899 901 906 908 909 910 914 917 922 924 928 933 934 938 942 946 949 954 957 961 965 966 975 978 980 985 988 992 994 998 1000 1004 1006 1008 1010 1015 
363 382 391 407 408 410 438 443 446 452 453 459 464 471 486 490 496 501 502 507 514 517 519 522 528 534 536 542 556 560 563 567 570 572 577 582 586 592 596 602 604 605 607 610 614 616 620 623 635 640 642 648 651 655 659 666 670 677 679 683 684 687 693 698 703 704 707 714 718 720 725 732 735 738 739 741 746 749 752 756 760 761 764 769 770 776 780 784 786 789 791 792 799 802 803 806 810 813 817 820 826 834 836 840 847 849 852 854 859 865 870 875 879 880 887 891 894 895 903 906 909 912 915 916 919 922 926 928 929 937 938 941 944 949 952 955 958 963 968 971 979 981 984 986 989 995 998 1002 1006 1008 1011 1013 1017 1019 
366 384 394 408 409 411 440 446 450 456 457 462 465 473 490 494 499 503 505 508 516 521 524 528 531 538 540 545 557 562 567 571 572 574 579 586 587 594 597 604 605 606 611 612 617 618 622 626 639 643 645 650 654 657 660 670 673 680 681 687 691 695 698 702 706 708 709 715 722 723 726 734 736 740 742 745 750 751 755 757 764 766 768 770 772 778 781 787 790 792 795 798 800 803 804 810 812 815 821 822 830 835 837 844 850 852 853 858 863 867 873 877 883 887 888 892 896 900 907 910 911 914 917 919 921 925 929 932 933 938 941 943 946 950 954 957 960 964 969 972 982 985 989 992 993 999 1003 1006 1007 1010 1015 1019 1021 1024 
369 385 397 409 413 417 444 448 453 460 464 468 472 477 491 495 501 505 507 511 518 522 525 532 533 541 545 547 558 563 568 574 578 581 583 589 592 598 601 605 608 611 612 613 621 624 625 627 643 644 648 651 658 660 664 673 677 681 684 688 695 697 700 705 710 714 718 722 725 729 733 736 740 742 745 746 754 758 761 763 765 770 772 774 776 781 783 790 794 795 797 800 801 807 809 814 818 820 823 826 832 836 840 846 853 856 857 861 865 870 875 879 885 890 892 893 898 901 911 913 916 919 923 925 929 932 933 937 938 941 943 947 950 951 955 960 963 965 973 976 985 988 991 993 997 1002 1004 1008 1009 1012 1018 1020 1024 1028 
370 387 401 410 417 419 448 449 456 461 467 469 473 479 492 499 503 506 511 513 520 523 528 533 536 545 546 550 561 567 571 577 579 585 588 590 594 601 605 606 609 612 616 620 625 628 629 630 647 651 654 655 660 664 666 675 680 682 685 690 697 698 701 709 713 716 719 723 727 731 734 739 741 744 748 752 755 759 763 764 769 772 773 775 778 785 788 794 796 797 800 801 805 808 813 818 822 824 828 831 835 837 842 849 856 859 861 865 866 873 877 882 886 894 897 898 899 905 914 915 917 920 926 928 931 935 936 938 939 943 944 951 954 955 956 962 965 968 977 978 989 993 996 998 1001 1003 1007 1009 1012 1015 1021 1024 1026 1032 
374 390 405 413 418 422 452 455 457 465 470 471 474 483 496 503 505 507 515 516 522 525 531 537 538 549 550 551 564 569 574 578 580 586 592 593 598 603 607 609 613 616 620 624 626 631 633 634 650 654 656 657 664 666 668 677 682 685 689 691 701 703 705 713 716 720 721 727 731 735 738 741 745 749 752 753 757 760 765 769 771 775 777 779 781 788 791 798 799 800 801 803 808 811 815 820 826 830 833 834 836 839 845 853 857 863 867 870 872 875 878 885 888 896 900 902 906 909 917 918 920 923 928 929 933 936 940 941 942 944 946 953 958 961 965 968 971 974 979 981 992 997 999 1000 1002 1004 1009 1012 1016 1017 1023 1026 1029 1033 
377 393 407 417 422 425 453 457 461 467 471 475 476 484 497 504 508 511 519 520 523 526 533 541 543 552 553 554 566 571 577 581 584 589 596 600 603 604 608 611 614 620 623 628 632 635 636 639 652 655 658 662 667 669 673 678 685 688 692 695 705 707 711 716 717 721 725 731 735 736 740 742 748 751 755 759 763 765 766 771 772 779 781 785 787 789 792 799 801 805 807 810 813 814 819 821 829 832 835 838 841 845 846 854 860 864 868 874 875 876 880 889 893 897 901 906 909 910 919 921 922 927 931 933 934 940 944 946 947 950 954 956 961 963 969 972 976 980 981 982 996 998 1003 1007 1011 1013 1014 1018 1021 1025 1026 1030 1033 1037 
380 394 410 420 424 428 454 458 465 468 472 479 481 487 499 508 510 512 521 525 527 531 536 543 547 555 557 560 570 575 579 582 585 591 597 603 607 608 611 612 617 623 624 630 636 638 641 643 655 656 660 666 669 672 677 682 686 689 694 699 706 708 712 720 724 725 728 733 737 738 741 744 749 754 758 761 765 766 768 774 775 780 782 786 791 793 797 801 803 809 810 811 815 817 820 822 831 834 836 840 845 846 850 857 861 867 871 877 878 879 881 893 896 901 902 908 913 917 923 925 928 930 934 937 938 943 948 950 953 957 960 961 963 965 970 975 979 982 984 987 999 1001 1005 1011 1013 1015 1016 1020 1022 1029 1030 1032 1037 1040 
382 397 412 423 428 429 456 462 466 471 476 483 485 491 502 510 514 517 522 527 529 532 537 546 551 557 559 561 574 576 581 583 589 593 600 607 611 615 619 621 624 627 628 631 638 639 642 645 659 662 664 668 671 676 680 686 690 693 697 701 707 712 715 721 725 727 729 735 739 741 743 746 751 755 759 763 766 769 771 775 778 782 785 789 795 796 801 802 806 813 816 820 823 824 827 830 835 836 838 844 849 853 857 859 863 870 875 879 880 883 885 895 899 905 907 910 917 918 927 928 929 934 937 938 941 945 950 952 955 959 962 964 966 969 971 976 982 983 986 990 1003 1007 1009 1014 1016 1018 1021 1023 1027 1030 1034 1035 1039 1044 
386 400 413 427 432 434 457 463 469 473 478 487 488 494 505 514 517 520 525 531 534 537 539 550 553 561 565 569 575 578 585 589 591 597 601 610 612 618 622 623 628 631 635 638 639 640 646 649 660 665 669 673 677 679 684 687 693 695 700 702 710 716 718 723 726 730 732 736 743 747 750 754 755 756 760 767 771 774 776 780 784 785 789 791 798 800 803 806 807 817 821 823 826 827 829 834 836 838 841 846 850 857 859 862 867 871 878 883 884 888 890 896 900 906 910 912 920 924 929 931 933 937 938 940 943 947 951 956 960 964 966 968 971 972 975 980 985 987 989 994 1005 1010 1014 1017 1020 1023 1027 1029 1032 1034 1038 1039 1040 1047 
