5 6 10 14 15 19 22 24 28 31 35 39 40 42 46 47 49 52 54 57 61 64 66 69 72 76 80 81 84 85 87 88 91 92 96 97 101 105 108 111 112 113 117 120 121 123 124 128 130 134 136 140 141 143 144 146 149 152 155 158 159 162 166 168 169 170 171 172 175 176 177 178 179 182 185 187 190 194 195 196 200 201 202 205 
6 9 12 15 16 21 26 27 30 32 39 41 45 49 51 54 56 58 62 66 67 71 75 79 81 84 85 87 88 91 94 98 99 102 103 107 108 109 112 113 115 117 120 122 126 130 132 134 137 139 140 142 144 147 150 153 155 156 158 159 163 166 167 170 172 173 177 178 181 185 187 191 195 197 201 203 207 211 212 215 219 221 222 224 
8 13 17 19 23 26 27 31 32 34 43 45 48 52 54 55 59 61 63 69 70 72 76 81 85 87 88 92 94 98 100 101 103 104 106 111 115 119 123 125 127 130 133 134 135 138 139 142 145 149 151 152 155 158 159 162 166 170 173 175 178 179 183 185 186 190 194 198 201 202 205 206 207 210 214 217 221 225 228 232 235 236 237 240 
11 15 19 22 26 28 30 34 37 40 44 49 51 54 57 60 63 64 68 70 71 73 79 83 86 91 95 97 100 104 107 108 111 114 116 117 118 121 124 129 133 136 140 141 143 145 149 152 156 160 163 165 167 168 172 175 177 179 182 183 186 189 193 197 200 203 207 211 215 217 220 221 225 228 231 234 235 238 242 244 246 249 253 256 
13 18 22 26 28 30 31 38 40 41 48 51 55 59 63 67 70 73 75 79 82 86 88 90 94 96 100 101 105 107 108 109 112 118 119 122 123 127 129 132 137 140 144 147 148 152 156 160 164 166 170 173 175 178 182 186 189 191 192 196 197 200 203 207 210 214 217 220 224 226 230 234 237 241 242 245 246 247 251 255 256 258 262 266 
15 21 26 27 31 32 36 42 43 45 49 54 57 61 65 70 73 74 76 80 86 89 93 96 97 99 101 104 109 110 114 116 119 122 125 126 130 131 135 137 141 145 146 149 150 155 160 163 168 171 174 177 178 182 184 189 193 196 199 203 204 208 210 211 212 218 222 223 227 230 234 235 241 243 246 250 254 256 257 259 262 263 264 268 
19 24 29 31 33 36 39 46 49 52 56 60 62 63 66 71 76 77 80 81 89 92 94 97 100 104 105 106 111 113 117 121 124 126 128 130 134 137 141 143 147 150 151 154 155 156 163 164 169 175 178 182 183 187 191 193 195 197 202 207 211 213 216 218 219 221 223 226 230 231 237 240 244 245 250 251 255 258 260 261 266 270 272 273 
22 26 31 33 34 39 41 48 51 54 60 63 65 66 69 74 80 82 85 87 92 93 96 99 102 108 111 114 115 118 122 125 129 131 135 137 141 142 143 144 149 154 155 156 158 162 167 170 174 176 180 183 186 190 195 197 198 200 206 208 214 216 220 223 226 227 229 231 235 239 242 244 246 249 253 254 258 259 261 265 267 271 276 280 
23 29 34 38 41 44 48 51 55 56 61 67 69 72 73 78 81 86 88 91 96 100 101 104 108 111 113 115 117 120 124 127 130 134 139 142 145 149 150 151 154 155 156 160 161 163 168 171 176 180 183 184 189 192 197 198 200 204 210 211 216 217 222 226 228 232 236 240 241 243 247 250 251 253 255 258 262 265 268 269 272 275 279 282 
26 30 38 40 42 46 49 55 57 60 65 71 72 74 77 82 83 89 91 92 97 104 108 112 115 117 120 123 125 127 131 135 138 140 143 145 149 151 153 157 160 164 165 167 169 171 174 175 177 181 184 186 193 194 198 199 203 207 214 215 218 219 226 230 232 235 237 243 244 246 248 254 255 258 261 262 265 266 271 274 277 281 283 284 
28 32 42 43 47 48 53 58 61 62 66 74 75 79 82 83 86 90 95 98 100 105 111 114 118 120 122 124 126 128 132 138 141 142 144 146 150 155 157 161 164 168 169 173 175 177 180 182 185 187 190 193 197 199 202 206 209 213 218 219 220 223 227 234 235 237 239 244 245 248 249 257 258 261 262 264 266 267 275 277 281 283 287 289 
30 34 46 49 52 56 60 64 68 69 73 78 82 84 87 89 93 95 99 102 104 106 112 117 122 123 127 131 132 134 136 139 145 146 147 150 151 157 161 164 166 172 176 180 181 184 187 188 192 195 199 202 206 207 208 209 213 214 220 222 224 225 231 238 242 245 247 248 250 254 255 260 263 264 267 269 272 274 278 280 283 287 291 294 
33 38 50 51 53 58 61 65 72 75 77 81 85 86 90 92 96 97 100 103 106 108 115 121 124 125 131 134 136 140 143 146 148 149 153 154 158 162 166 168 169 174 180 183 185 186 188 192 195 198 200 205 207 211 214 218 219 222 226 229 230 233 237 239 245 246 249 253 254 256 257 261 265 269 270 274 275 279 280 281 287 291 295 297 
35 40 53 55 59 62 66 69 74 76 80 85 89 92 93 95 98 101 104 108 109 113 118 124 128 129 135 136 139 144 146 147 149 151 154 155 162 165 167 169 173 175 184 188 189 190 192 193 196 199 202 209 210 214 215 220 224 227 228 231 234 237 240 242 246 247 252 256 257 261 264 266 269 270 271 278 279 282 283 285 288 292 297 299 
38 44 56 57 63 67 69 73 76 78 82 88 93 97 100 101 104 106 109 113 114 117 122 127 131 132 139 143 144 148 149 153 156 159 160 164 167 168 172 174 175 176 188 189 192 194 195 196 198 200 203 213 217 218 221 223 227 230 231 234 237 238 242 243 247 250 256 259 261 265 269 272 275 278 280 283 286 288 292 295 297 301 305 309 
40 45 60 61 65 68 70 76 78 81 86 91 94 100 103 104 106 109 113 115 119 122 123 129 135 138 143 146 148 150 154 157 161 164 166 170 173 177 179 182 184 185 190 193 196 197 198 202 203 205 208 216 218 220 224 225 229 234 236 239 241 243 244 248 250 251 257 261 265 267 271 274 277 280 283 284 290 293 296 299 303 307 308 312 
42 46 62 64 67 71 74 77 79 85 90 94 97 101 105 109 113 115 118 119 123 125 127 131 136 141 144 148 149 151 158 162 166 168 172 174 175 179 181 185 186 188 191 194 199 200 202 204 208 212 213 219 223 224 227 231 233 235 237 240 245 247 248 250 252 256 261 264 269 270 275 276 279 282 287 288 294 296 298 302 304 310 312 316 
44 48 66 69 71 72 77 80 81 89 92 96 99 102 107 111 114 116 121 125 127 130 134 135 137 144 147 150 153 156 160 166 168 170 174 178 180 184 188 190 192 193 195 197 201 203 206 209 213 214 218 220 226 227 231 232 234 239 241 244 248 250 251 254 256 260 265 266 271 274 276 278 282 283 290 292 296 300 303 305 306 312 314 318 
47 50 67 72 76 77 81 82 85 91 94 98 100 104 109 113 115 120 123 127 128 134 137 139 142 147 148 152 156 159 162 169 171 174 178 179 183 186 190 194 195 197 201 202 206 210 211 215 219 223 224 228 231 235 238 242 245 246 250 251 254 257 261 262 266 270 273 276 280 283 285 289 292 296 299 302 305 307 311 314 317 321 323 325 
50 53 71 76 79 82 83 86 87 92 97 102 105 109 113 114 116 123 126 130 131 136 141 144 147 149 151 153 160 161 165 173 175 178 180 183 185 187 191 198 201 204 208 210 214 218 219 221 223 226 230 232 233 237 242 246 249 250 252 256 258 259 264 267 268 272 275 280 283 286 287 292 294 299 302 305 309 313 314 318 320 325 329 331 
52 57 73 77 82 86 90 92 94 95 100 106 107 113 116 118 121 125 127 134 137 140 143 145 151 152 155 158 163 165 168 176 179 180 183 185 186 188 192 202 205 208 209 211 217 220 222 224 228 230 233 236 240 244 246 247 250 251 255 259 260 263 268 270 271 275 279 283 287 291 292 293 296 301 305 307 311 314 318 322 324 326 332 335 
56 61 75 81 86 89 91 94 96 98 103 108 110 115 118 119 124 128 131 136 138 141 144 149 152 156 159 162 164 167 169 179 182 183 187 190 192 196 198 206 209 211 213 217 218 224 225 229 230 232 234 238 241 247 251 254 258 261 264 266 269 271 272 274 275 276 280 287 288 292 295 296 298 303 307 311 312 318 322 323 327 331 334 338 
57 65 79 83 90 94 96 98 101 105 109 113 114 117 120 124 127 129 134 137 139 144 146 150 156 159 162 163 168 170 171 182 184 186 189 193 194 198 199 210 211 215 216 221 223 226 229 230 234 237 239 242 245 248 252 257 260 263 265 267 270 274 277 279 280 283 285 290 294 296 300 301 305 306 308 312 315 320 324 326 328 334 338 339 
58 67 83 84 91 97 100 102 106 108 111 115 119 121 124 126 128 132 135 139 142 147 151 155 160 162 164 168 169 172 176 186 188 189 190 197 199 200 202 212 213 217 221 222 227 231 233 234 235 241 243 247 249 252 254 260 261 266 268 269 274 277 281 282 286 287 291 294 296 300 301 305 307 311 315 317 318 324 328 332 336 339 341 343 
60 69 86 89 95 100 102 105 109 112 113 117 123 124 125 127 130 136 138 143 144 151 152 159 161 165 166 170 173 175 178 187 192 194 197 200 203 207 211 214 217 218 225 229 232 235 239 241 245 248 249 253 257 258 260 264 267 271 274 278 280 283 284 286 289 291 295 297 301 304 305 306 309 315 317 320 322 328 331 333 337 340 343 346 
61 71 87 90 98 101 105 108 110 115 118 120 126 130 133 134 137 140 141 147 151 154 156 161 165 166 167 172 177 181 183 190 193 198 202 206 208 211 213 215 218 219 227 232 233 236 240 244 246 250 252 257 259 262 266 268 271 274 276 279 284 285 287 288 292 294 297 298 303 305 309 312 316 317 321 325 328 332 335 339 343 346 348 350 
63 72 88 94 99 104 109 111 113 117 122 124 128 132 135 137 139 144 148 152 155 157 160 163 169 172 174 176 179 185 189 194 195 201 204 208 209 214 218 220 223 227 228 233 237 240 241 246 248 253 257 260 264 266 268 272 273 276 277 282 285 288 292 293 295 299 300 301 305 307 313 316 319 323 327 330 334 338 339 343 345 347 352 355 
64 75 92 98 101 105 113 115 118 122 123 127 132 134 136 139 143 147 151 155 156 161 163 166 171 176 180 184 185 189 192 195 198 202 206 212 216 219 221 224 226 228 232 237 241 245 248 251 255 259 260 261 265 269 271 273 274 279 281 283 288 292 293 297 301 302 304 306 310 313 314 320 323 324 330 331 336 340 342 347 350 352 356 357 
66 78 94 100 104 109 116 119 123 124 125 129 133 137 139 142 145 150 152 156 160 164 167 170 173 179 183 188 192 194 196 200 201 206 210 213 218 220 223 226 227 232 235 238 243 248 252 254 259 262 265 266 269 270 272 274 275 281 285 288 291 293 296 301 302 305 307 308 314 315 318 323 326 327 332 335 339 342 346 351 354 356 358 359 
70 79 97 102 108 112 120 123 126 128 130 132 137 140 143 144 146 154 158 162 165 168 170 171 176 182 187 191 194 198 201 202 206 207 211 216 219 221 225 230 234 236 237 239 246 250 255 258 260 266 268 271 274 277 278 281 285 289 293 296 299 300 301 302 305 307 310 311 316 320 321 325 327 331 334 338 340 345 348 352 357 358 360 362 
72 82 98 105 110 114 121 124 129 131 135 136 140 143 146 149 153 157 159 164 166 171 173 177 179 185 191 192 195 201 202 203 209 212 216 219 222 225 227 232 235 239 243 245 247 251 258 260 261 268 271 275 276 278 280 285 288 290 297 301 303 307 311 314 315 318 322 324 326 327 331 335 338 341 344 345 346 350 354 355 360 363 364 365 
75 84 99 106 112 118 125 127 130 135 138 139 142 145 147 150 156 161 163 165 170 173 177 179 182 188 192 194 196 205 208 212 216 217 221 224 225 228 231 235 238 242 245 246 249 252 259 263 266 272 276 277 278 279 284 287 292 295 298 304 305 309 313 318 319 320 325 327 331 332 335 338 342 343 345 346 347 353 357 359 362 367 371 372 
76 88 101 107 115 120 127 130 132 137 142 143 144 147 148 152 158 164 167 171 174 175 179 183 187 192 193 195 197 208 212 215 220 221 224 226 227 232 233 238 242 243 249 253 256 259 261 267 270 274 278 279 281 282 288 290 296 298 302 306 308 310 314 320 324 325 327 329 332 334 336 342 345 347 349 353 354 356 361 363 364 371 374 376 
77 89 103 109 117 124 130 132 136 141 143 147 151 153 155 156 162 166 170 173 177 180 184 188 192 194 198 200 204 212 215 218 222 224 226 229 230 235 238 239 243 244 253 256 259 260 264 270 271 276 281 285 286 290 292 294 299 302 304 308 312 314 315 321 326 329 332 335 339 343 347 350 352 356 358 361 363 365 368 371 375 378 382 384 
80 92 107 110 118 126 134 136 139 145 149 153 155 156 160 161 166 170 171 177 181 182 186 190 194 197 200 202 206 214 218 219 223 228 232 233 237 239 240 241 246 248 256 259 261 263 265 272 273 279 283 287 289 291 295 297 301 306 308 311 316 319 320 325 327 330 333 339 342 345 350 354 356 358 361 362 366 369 370 374 379 382 385 389 
81 95 110 111 119 127 135 137 142 146 150 154 159 163 164 165 170 172 173 180 185 187 190 194 195 199 202 205 207 217 220 224 227 232 233 236 238 241 245 246 250 251 257 260 262 265 269 275 278 280 285 289 293 295 298 300 303 310 312 313 318 322 325 328 332 336 337 340 344 348 354 355 358 362 363 365 369 373 377 379 382 385 389 393 
83 99 111 115 123 129 139 141 145 148 153 155 162 164 166 169 171 176 180 182 186 188 194 197 200 202 205 208 210 219 221 226 231 235 239 242 244 246 249 250 253 256 261 263 266 267 270 277 280 284 289 292 294 299 301 303 307 314 318 320 321 323 327 329 336 340 342 343 345 349 357 358 362 364 368 369 371 375 380 381 384 388 391 395 
84 103 115 119 126 130 141 143 147 150 156 158 166 169 170 172 175 177 184 186 189 190 195 198 204 208 210 213 216 221 223 230 234 237 240 245 247 250 253 257 260 262 265 269 272 275 277 279 283 285 292 296 297 301 303 304 309 316 322 325 329 331 333 334 339 344 348 351 352 355 361 363 364 367 369 370 374 377 381 382 387 392 396 400 
85 106 119 121 129 131 143 144 150 152 157 161 167 173 175 179 182 183 187 191 195 199 201 203 205 210 212 214 218 223 226 232 238 240 243 249 250 254 257 260 263 265 268 273 277 279 282 286 290 294 296 300 304 305 307 308 313 320 325 329 331 335 337 341 344 346 350 354 358 360 362 367 371 372 374 375 376 381 383 387 388 396 399 401 
87 110 123 125 130 134 144 147 151 155 159 162 171 175 176 181 183 187 188 193 196 203 206 209 213 216 217 220 222 227 230 235 239 243 245 251 252 258 259 262 265 266 271 276 281 285 289 293 295 299 302 306 308 309 311 314 317 324 326 332 333 336 341 343 348 349 352 356 359 364 365 371 373 376 378 381 385 386 387 389 390 397 403 404 
89 113 126 130 133 137 148 152 156 157 162 164 174 178 181 185 188 189 191 196 199 207 211 212 217 218 220 224 227 229 231 236 241 244 247 253 256 261 263 266 270 271 274 278 283 286 293 295 299 302 304 308 312 316 319 323 325 328 331 334 336 340 344 346 351 353 356 357 363 367 371 374 376 378 382 386 387 388 389 393 397 401 406 407 
92 116 127 131 135 138 152 154 157 159 166 169 176 180 184 186 192 193 196 197 201 211 215 219 220 223 226 227 230 232 233 240 243 245 251 254 258 265 267 269 271 274 276 281 284 288 296 298 301 306 310 312 314 319 323 327 329 333 336 339 343 345 348 350 353 356 358 361 365 370 372 376 377 382 386 390 393 394 396 400 404 407 410 412 
93 119 129 134 137 142 156 158 162 163 170 171 180 184 188 190 193 197 199 203 206 215 216 221 222 224 227 229 233 234 236 242 246 247 253 257 260 267 270 271 274 276 280 283 287 291 297 300 305 309 311 315 319 323 325 328 331 334 338 342 347 351 353 354 358 359 360 364 367 373 375 377 379 383 390 392 397 400 401 403 408 411 415 417 
94 123 130 135 140 143 158 161 163 164 172 176 184 185 191 195 197 198 201 207 208 219 222 224 227 230 234 238 242 244 247 249 252 254 257 258 264 269 271 274 278 281 284 285 291 295 300 302 307 310 313 318 321 327 329 331 334 336 342 346 348 353 355 358 361 363 364 366 368 375 376 380 382 384 392 394 400 402 404 406 409 414 417 421 
97 125 131 139 144 148 161 162 166 170 174 179 186 188 192 196 198 200 202 208 210 223 224 226 231 233 237 242 246 248 252 256 260 264 268 271 274 277 281 285 288 291 293 297 300 304 306 310 312 313 314 321 322 328 331 333 337 340 345 350 354 357 360 362 366 370 373 375 379 383 384 386 387 389 396 397 404 407 410 411 415 417 420 425 
100 129 133 141 146 152 165 168 170 172 175 182 189 190 194 199 201 202 203 209 213 224 225 228 232 237 239 246 250 251 254 258 263 265 270 274 275 280 283 289 291 293 296 299 304 308 310 313 316 320 323 325 329 333 335 338 342 346 348 352 358 360 362 364 368 373 374 378 380 384 388 390 392 396 397 400 407 410 413 417 418 419 424 427 
104 132 134 145 148 154 166 169 173 177 178 185 193 197 200 204 205 207 211 212 216 227 228 232 236 239 240 249 252 255 257 262 267 269 271 278 279 281 285 292 295 299 301 303 308 312 316 318 321 322 327 330 331 336 340 343 346 349 351 355 360 362 363 367 371 377 379 382 385 389 392 393 395 397 400 403 408 413 416 420 424 426 427 430 
107 135 138 146 149 155 169 172 176 181 184 188 196 201 205 206 209 211 214 215 220 228 232 236 237 241 244 253 257 261 262 263 268 272 273 281 285 286 287 295 297 301 304 308 310 316 319 320 324 326 328 331 335 337 343 347 348 352 355 359 362 364 365 371 372 378 380 385 388 391 395 398 401 403 405 409 410 417 419 421 426 428 432 435 
109 138 142 150 153 159 173 176 180 183 188 189 199 204 209 210 212 215 219 220 222 232 235 240 244 247 251 255 259 265 268 269 272 274 276 283 289 290 294 297 298 303 306 311 313 320 321 324 325 329 330 335 337 341 347 350 354 357 359 363 364 365 367 373 376 380 383 389 391 394 398 399 402 406 408 410 414 418 423 426 427 429 434 438 
110 139 146 153 155 162 174 178 183 186 189 190 201 205 212 215 216 218 222 223 224 235 238 244 248 250 253 259 262 268 269 271 273 276 278 287 290 292 295 300 304 306 309 315 319 324 328 331 333 337 338 339 340 342 350 354 356 359 360 365 366 368 370 375 379 384 386 392 395 399 402 406 409 412 415 416 417 419 427 431 434 436 439 440 
111 142 147 157 158 165 176 180 184 189 193 196 204 207 214 218 221 222 226 227 228 236 240 246 251 252 254 262 265 272 273 277 278 280 281 289 291 296 300 304 308 309 312 319 321 325 330 332 337 340 344 347 351 354 355 356 359 361 363 368 370 371 372 376 383 388 390 393 396 402 406 410 412 413 419 422 425 429 433 434 438 441 445 446 
112 144 149 161 162 168 177 183 186 190 196 197 205 208 217 220 225 227 228 232 234 240 243 247 255 256 259 263 266 276 277 280 284 286 287 292 296 299 302 307 309 310 315 320 324 326 331 334 341 344 345 348 353 357 360 363 364 365 366 370 371 373 375 377 387 389 394 397 400 404 407 413 417 418 422 426 430 433 435 438 441 443 447 448 
113 147 150 162 164 172 181 184 190 194 200 202 206 211 221 222 226 229 230 234 236 243 245 248 256 260 261 264 270 277 279 281 288 292 296 300 303 305 306 308 310 312 319 322 326 328 335 336 345 346 350 352 356 361 363 364 368 371 375 379 380 382 383 387 388 390 395 400 403 406 411 416 419 422 426 427 433 434 439 443 445 448 451 454 
116 151 152 164 166 173 182 188 193 198 203 206 207 213 223 224 230 231 235 236 238 244 246 249 257 264 268 269 272 280 281 282 290 293 297 302 304 306 310 314 318 321 322 325 330 332 336 337 348 350 354 358 362 366 369 373 374 375 378 381 384 387 388 391 392 393 397 403 404 409 413 418 420 424 429 432 435 437 442 447 449 451 454 458 
119 154 156 168 172 174 186 191 194 199 206 208 209 216 225 229 231 234 237 238 240 247 250 252 260 268 272 273 274 282 283 284 292 296 301 306 308 311 313 315 319 322 325 328 334 338 342 345 352 353 358 360 364 369 370 377 381 383 387 390 394 396 398 399 402 404 405 408 412 416 418 420 424 428 431 435 437 439 445 449 450 452 457 459 
123 155 158 170 173 175 190 195 198 200 210 212 215 220 229 233 236 239 240 241 242 249 251 253 263 271 276 280 282 284 286 289 293 299 302 310 313 316 317 318 323 325 326 329 337 339 343 348 354 357 359 364 367 372 375 380 383 385 391 394 396 398 400 403 404 408 411 413 415 417 419 422 426 432 433 437 441 445 448 450 451 456 460 462 
124 159 160 173 177 178 191 196 202 205 212 216 217 222 232 236 240 241 242 244 245 251 255 256 267 274 280 283 284 288 292 296 300 304 307 314 318 319 322 326 329 332 334 337 339 340 344 351 358 359 361 365 370 375 377 383 386 389 392 395 398 401 404 407 409 413 416 417 418 420 422 423 430 433 435 438 442 446 450 453 456 458 461 463 
128 162 164 177 181 185 194 198 203 208 214 220 221 223 236 240 242 244 246 250 252 256 258 259 270 278 281 285 287 291 294 300 303 305 309 316 320 321 326 330 332 335 336 338 342 346 349 353 362 366 370 373 377 378 382 386 389 392 395 399 402 405 407 410 412 414 420 421 424 428 432 436 440 443 445 447 450 451 452 454 459 461 463 466 
130 166 169 181 184 187 195 200 207 212 217 224 227 230 239 244 248 249 250 254 258 259 260 263 273 282 286 288 291 292 297 304 305 306 313 320 324 327 331 333 337 341 343 344 348 352 353 357 364 369 371 377 381 382 384 387 391 393 398 400 404 409 411 413 417 420 424 428 429 431 434 438 443 447 449 452 453 454 455 459 463 467 468 469 
133 168 171 182 188 191 197 204 208 213 218 228 230 233 240 247 252 256 257 260 263 264 268 270 274 283 287 291 293 296 299 307 309 311 317 323 327 330 333 337 339 343 345 348 351 356 360 362 367 373 374 379 383 385 389 390 395 399 403 407 408 412 413 417 419 424 427 431 433 436 438 441 444 449 450 455 457 460 462 466 467 471 475 476 
134 172 174 186 192 195 199 207 212 215 219 232 233 235 242 249 253 259 263 264 267 271 272 274 278 285 291 292 294 297 303 311 312 313 320 324 328 332 334 338 342 347 349 351 353 360 362 365 371 375 379 383 386 389 393 397 400 403 406 408 412 414 418 419 423 427 429 434 435 438 442 446 447 453 456 458 459 463 466 468 472 474 479 482 
136 176 178 187 194 198 201 209 215 216 223 236 238 242 243 253 256 261 267 268 272 276 277 279 281 289 293 295 299 300 306 313 316 317 323 327 330 333 337 341 343 348 350 352 354 364 368 370 373 378 381 385 390 393 397 398 403 404 407 410 416 420 421 424 427 428 431 435 438 441 443 449 452 454 458 461 465 466 467 470 473 477 480 486 
138 179 181 188 198 199 205 210 216 217 224 240 241 245 249 255 259 263 268 272 273 277 280 282 285 290 297 300 301 305 308 317 320 323 327 331 332 337 338 344 348 351 354 355 358 367 370 374 375 382 384 386 392 397 398 401 407 411 413 417 419 423 425 428 431 433 436 439 442 443 444 452 456 459 463 466 468 471 473 474 476 481 482 490 
140 182 185 192 200 202 209 212 217 218 226 241 244 247 253 256 262 264 269 275 278 279 282 285 287 291 298 302 303 307 312 321 324 327 329 334 338 339 341 345 352 356 358 362 366 370 372 376 377 386 389 390 395 398 400 402 408 412 417 421 425 428 429 431 432 435 440 443 447 449 451 456 460 462 465 468 469 475 478 481 484 486 488 492 
141 184 186 194 204 206 210 215 221 223 228 243 247 248 255 257 266 270 274 279 282 286 287 291 293 295 302 304 305 309 315 324 327 330 333 338 340 343 345 348 355 360 362 366 370 372 376 379 380 389 392 395 399 401 402 403 410 414 421 425 429 430 432 434 438 439 443 445 449 450 453 457 461 464 469 470 472 477 480 485 486 488 489 494 
144 186 189 195 208 210 214 216 224 226 229 244 248 249 259 263 267 274 277 283 287 288 290 293 296 298 303 306 309 313 318 325 328 333 335 340 344 345 346 349 356 364 368 369 374 378 380 382 384 392 394 399 401 405 406 407 411 418 425 429 430 432 435 438 442 445 447 448 453 456 460 463 466 470 473 475 479 480 481 486 489 493 496 499 
147 190 192 197 209 213 218 220 225 230 233 247 250 253 263 265 270 277 279 286 288 290 294 296 298 302 304 307 311 316 320 326 330 334 338 341 347 348 350 352 360 368 372 373 378 380 382 384 386 394 398 400 403 408 410 414 415 421 428 431 434 438 440 441 445 446 449 452 455 458 463 465 470 474 478 479 480 483 485 489 490 494 498 500 
150 191 193 200 213 215 219 223 228 233 236 249 251 256 264 268 273 279 280 290 294 295 296 298 302 305 307 309 313 320 324 327 331 337 339 344 348 349 352 353 362 372 376 377 380 383 385 386 389 396 402 405 408 409 411 418 419 424 432 436 438 441 443 444 447 451 452 454 459 460 466 470 471 476 479 483 485 488 491 494 495 499 502 503 
151 195 196 203 216 218 223 224 230 235 239 250 254 260 265 269 276 280 282 292 295 296 300 301 303 307 310 312 314 322 325 329 333 338 343 348 351 354 358 359 366 374 379 380 383 387 388 390 393 398 405 408 409 410 412 422 423 428 435 440 443 446 449 450 452 455 459 463 467 469 470 472 475 478 480 487 488 491 494 498 501 504 508 512 
155 196 200 204 218 222 225 229 231 236 240 252 257 263 268 271 279 283 287 294 297 299 302 306 308 311 313 314 315 324 329 331 336 342 347 351 355 357 362 364 369 377 382 386 389 392 395 399 403 405 406 410 411 414 418 424 425 430 439 444 448 449 450 451 456 459 460 466 468 473 477 478 479 481 485 490 493 496 500 501 505 509 512 515 
159 199 201 205 222 225 227 233 236 239 241 253 261 265 271 272 282 284 289 298 301 305 307 310 312 313 315 316 318 327 332 334 339 345 350 354 358 359 365 366 370 378 383 388 392 393 396 402 407 411 415 418 422 425 427 430 432 435 441 446 449 450 453 456 460 464 466 468 471 475 481 483 484 488 491 495 499 500 504 506 509 510 515 517 
162 202 203 208 223 226 230 235 238 240 242 256 262 269 272 276 284 286 290 301 302 307 311 314 318 321 324 327 330 333 335 338 340 348 354 357 362 364 366 368 372 381 385 391 394 398 399 403 409 415 417 419 423 429 433 435 437 440 442 448 451 452 456 459 461 465 469 473 476 479 485 488 490 491 495 498 502 503 507 508 513 514 519 521 
166 204 208 212 224 229 231 238 242 245 246 260 265 271 273 280 288 290 291 305 307 311 315 317 322 325 326 329 333 337 338 339 342 352 355 358 366 370 374 375 379 384 389 393 395 399 402 407 412 416 418 420 427 432 435 436 441 445 447 452 454 457 460 463 467 468 473 474 478 480 486 492 495 496 500 502 504 506 508 510 516 520 522 526 
168 207 209 213 227 230 233 241 245 246 247 263 266 275 278 283 292 296 298 307 309 315 318 322 325 328 330 332 337 338 339 341 344 355 357 359 370 372 378 380 383 386 393 397 399 400 403 410 414 418 421 422 429 436 437 440 442 447 449 453 455 461 462 465 470 473 477 480 483 485 489 496 499 501 503 507 509 513 517 520 522 526 527 531 
170 210 214 216 231 232 236 245 246 248 249 267 270 277 282 287 294 298 301 309 313 317 321 325 326 330 331 334 339 342 346 349 353 356 359 362 371 373 380 383 384 388 394 401 405 407 410 413 417 421 425 426 430 438 439 442 446 448 453 455 458 462 464 469 471 474 479 482 487 488 491 499 502 504 505 509 511 516 518 523 524 530 533 537 
174 213 218 220 233 236 239 246 250 251 252 271 273 280 284 288 297 299 304 313 316 319 325 329 333 336 337 338 343 347 349 351 355 357 363 366 375 376 381 386 389 390 395 405 408 409 414 415 421 422 428 429 431 439 443 446 448 450 454 458 462 465 467 472 476 479 483 486 489 492 496 501 504 507 510 513 515 520 523 524 525 533 535 540 
176 214 221 224 234 240 241 250 253 256 260 275 279 281 286 291 300 302 306 316 319 321 329 332 335 339 340 343 346 351 354 357 359 361 365 370 378 379 382 390 394 396 397 409 412 414 417 420 425 427 430 433 437 443 447 449 452 455 458 461 466 468 471 473 480 483 484 489 490 496 499 504 507 508 512 515 517 522 527 529 533 535 538 543 
179 218 225 228 238 244 248 253 255 258 261 279 282 286 287 293 304 305 307 318 321 325 331 334 336 342 346 350 354 358 362 365 368 369 372 376 381 385 386 391 398 402 405 413 417 418 420 422 428 429 434 436 441 447 450 453 456 458 459 462 470 473 475 479 482 486 487 491 492 497 500 508 509 512 516 517 518 525 528 531 536 539 540 544 
182 220 227 232 240 247 249 255 258 259 263 282 284 290 294 295 308 311 313 321 325 328 333 335 337 345 347 354 356 359 363 368 371 372 373 377 384 386 387 395 399 403 408 417 419 420 424 427 431 432 435 438 445 451 454 457 459 463 466 468 473 477 479 481 484 488 489 492 495 500 503 511 515 516 520 523 526 528 530 535 537 542 546 547 
183 222 230 234 244 250 253 256 261 263 264 286 289 291 298 301 310 314 316 323 327 331 335 337 339 346 351 356 360 361 364 369 373 375 376 378 388 389 393 399 401 404 409 421 422 423 425 428 433 437 440 441 448 455 456 458 463 464 469 471 474 480 481 483 487 490 492 494 496 503 507 512 516 520 523 526 530 532 535 538 541 546 548 550 
187 225 233 237 248 253 255 260 263 265 269 287 291 293 301 302 312 318 320 326 331 334 338 340 343 348 352 358 361 362 366 371 377 378 379 382 389 393 394 403 404 405 411 423 427 429 432 435 438 440 442 445 451 457 459 462 467 471 475 477 479 482 485 486 489 493 497 501 505 507 509 514 520 524 526 527 532 535 537 539 543 550 552 556 
188 229 235 241 250 256 258 263 267 269 273 289 295 296 303 304 315 321 323 329 335 339 342 344 347 350 355 360 362 364 369 373 378 381 383 385 392 394 398 407 408 409 413 427 428 431 434 436 442 444 448 449 455 458 463 467 471 475 477 480 481 483 488 492 496 500 503 506 509 512 516 519 521 527 528 529 533 536 538 543 544 553 556 560 
191 230 239 245 251 258 259 266 270 271 277 290 296 300 305 307 319 323 324 332 339 340 344 345 349 354 356 362 364 368 371 376 379 384 388 390 395 399 403 411 412 415 418 430 433 437 440 444 448 452 454 457 458 462 464 469 475 479 480 481 484 485 492 493 500 504 507 508 510 513 520 523 527 531 535 536 537 540 541 545 549 554 558 561 
194 234 241 249 254 259 263 269 274 275 281 291 300 301 308 310 321 326 330 333 340 342 347 350 353 358 361 365 368 371 373 380 383 385 389 394 398 402 404 413 416 418 421 432 434 440 444 446 450 455 458 460 462 463 468 470 478 483 484 487 488 492 493 495 504 508 510 514 515 518 523 526 528 534 537 539 543 547 551 552 555 557 561 564 
