3 4 8 9 13 15 19 22 24 27 31 33 34 35 38 40 42 43 47 50 51 53 54 56 60 63 66 68 69 73 74 76 79 80 84 85 87 89 92 96 99 103 107 111 115 116 119 123 124 126 129 132 136 139 140 142 146 150 154 157 159 160 161 162 165 169 170 172 175 178 181 183 187 189 190 191 193 197 
7 11 13 14 16 20 24 26 28 32 33 37 40 42 46 50 53 55 59 61 63 65 69 73 75 78 82 85 88 89 93 97 98 99 103 107 110 113 114 115 118 119 120 121 125 129 133 134 138 139 143 146 150 152 153 157 160 162 163 164 165 166 170 174 178 181 184 186 187 189 191 192 195 197 199 200 203 206 
10 13 17 20 24 25 29 31 35 38 41 42 46 50 51 52 56 60 64 68 72 75 76 79 81 85 87 91 92 93 96 99 101 102 105 108 114 117 118 121 125 129 131 132 134 138 139 142 145 147 151 153 156 160 163 166 169 172 174 175 178 180 182 186 188 192 196 197 198 200 202 206 208 211 212 213 216 220 
11 14 21 23 26 30 31 35 39 40 44 47 48 54 55 57 61 62 65 70 75 77 78 80 83 86 88 94 96 100 104 105 106 107 109 112 118 120 123 124 129 130 134 138 141 144 145 148 149 152 156 158 160 164 166 168 171 173 176 178 181 184 188 191 195 199 201 203 205 207 209 211 214 215 216 220 222 223 
12 16 24 25 27 31 34 37 40 42 47 48 49 57 59 61 62 64 66 74 77 81 84 85 89 90 91 95 100 103 106 108 112 113 114 117 122 126 129 133 137 139 141 143 144 146 149 153 154 156 159 163 167 171 174 176 179 183 186 190 193 195 196 197 201 205 208 212 214 215 218 221 223 224 228 229 230 233 
16 17 26 29 30 32 38 40 43 45 48 51 54 58 62 64 67 69 70 77 79 82 88 92 95 99 102 105 109 112 116 120 124 126 130 132 135 136 139 141 143 147 148 151 154 157 161 164 167 170 173 177 180 182 186 188 191 193 194 195 198 199 202 203 205 208 211 213 216 217 220 225 229 232 233 236 237 240 
17 20 30 33 35 38 42 45 48 51 52 56 58 60 65 66 70 71 72 79 83 85 89 94 99 103 105 106 110 114 119 123 128 129 132 133 136 137 141 142 147 150 154 156 159 163 164 168 169 174 178 181 185 186 187 191 193 196 198 200 202 206 207 211 214 216 219 222 224 228 229 233 237 238 242 243 246 249 
18 24 31 37 41 42 43 47 50 53 56 58 61 64 69 73 76 80 84 88 89 93 95 98 103 104 106 110 111 116 121 127 129 130 133 135 137 141 145 147 149 153 157 161 162 165 168 169 170 178 182 184 188 192 193 196 198 200 204 208 212 214 217 221 223 224 225 229 232 234 235 239 242 244 248 251 253 256 
19 25 34 41 44 47 49 50 54 58 62 64 66 67 72 75 79 84 85 91 93 95 96 100 105 109 111 114 116 117 123 128 131 135 139 140 144 146 147 151 153 157 161 165 166 170 172 174 175 182 186 188 191 194 198 202 204 206 209 212 214 216 218 222 225 226 227 230 235 239 242 243 244 248 249 253 257 259 
21 28 37 45 49 53 54 55 58 59 65 67 68 71 73 77 81 88 91 92 96 97 101 102 109 112 115 117 118 122 124 130 133 137 142 144 148 150 151 154 158 159 162 166 168 174 178 182 183 185 190 194 196 200 201 205 207 210 213 215 219 221 225 228 230 234 238 242 245 248 251 255 256 257 259 263 266 269 
23 29 40 46 53 54 58 60 63 66 68 71 72 74 78 81 85 91 93 96 97 98 105 108 110 114 119 123 126 130 131 135 136 140 145 148 151 155 157 161 163 166 169 171 175 177 182 184 185 186 192 198 202 206 208 210 214 217 218 221 225 226 230 233 234 236 240 245 247 250 252 257 261 263 264 268 269 273 
27 32 41 49 54 58 62 65 69 73 77 80 81 85 88 89 90 95 96 98 101 103 107 111 113 117 123 125 130 132 134 138 139 142 148 149 152 158 159 163 164 168 170 175 177 181 183 186 188 190 193 202 205 207 212 216 218 221 222 225 227 228 231 234 237 240 243 249 251 255 257 261 265 269 271 272 274 278 
31 35 45 52 55 62 64 68 72 77 79 81 83 87 91 93 97 99 103 104 106 110 112 116 117 120 124 126 133 137 139 141 144 145 150 151 153 161 163 166 170 173 177 178 179 182 185 189 193 197 198 206 209 212 216 219 222 224 228 231 234 236 238 240 242 244 245 252 256 259 261 263 269 273 274 278 280 284 
33 36 46 54 59 66 67 71 74 79 81 84 86 89 95 98 101 105 106 109 111 115 118 121 122 123 125 130 134 138 143 145 147 148 153 155 156 165 169 170 174 176 180 183 184 186 189 190 197 198 200 209 213 214 217 220 223 225 231 233 237 240 242 244 245 246 250 253 259 260 265 266 270 275 279 283 285 287 
34 39 47 55 63 67 68 74 75 80 85 86 87 92 97 102 106 107 108 111 112 118 120 123 125 129 131 134 135 142 147 149 152 154 158 161 164 166 172 174 177 180 183 186 187 191 193 197 201 205 206 212 214 216 218 222 224 227 232 234 238 241 246 248 252 256 259 263 267 271 274 275 278 282 286 290 294 297 
37 41 49 59 67 68 69 77 81 83 86 90 94 97 99 106 108 110 113 114 116 122 123 127 130 134 136 137 140 144 148 153 155 157 162 164 166 168 175 176 181 183 187 191 195 196 197 201 205 207 209 215 219 220 224 227 231 234 237 239 241 243 249 253 255 260 261 264 270 274 275 276 279 285 287 292 297 298 
38 44 53 60 71 74 78 79 82 85 88 94 97 100 101 110 114 117 119 123 127 128 129 133 137 139 143 144 147 151 154 156 159 162 165 166 167 170 179 181 184 188 190 194 198 201 205 206 209 210 212 217 220 224 225 230 235 237 238 241 245 248 251 255 259 264 265 267 272 275 279 282 283 286 288 293 298 299 
41 47 55 64 75 76 80 83 84 89 91 96 98 102 103 114 115 120 122 124 130 133 137 138 139 143 144 147 148 152 158 159 163 165 166 170 174 178 183 184 187 190 193 197 201 202 207 211 213 217 220 223 224 228 231 235 238 240 242 246 248 252 255 257 262 267 271 273 277 281 284 287 288 291 292 296 299 303 
44 50 57 65 76 78 82 84 86 91 95 98 101 105 107 115 118 121 126 127 133 137 141 142 146 148 151 154 156 157 161 164 166 167 170 172 176 179 186 189 193 194 198 202 206 210 212 215 219 221 225 227 230 232 236 240 243 247 251 252 254 255 259 260 263 271 272 275 279 282 286 288 292 293 295 298 303 304 
48 52 60 69 80 84 88 92 96 97 101 102 104 106 110 119 123 125 130 133 134 141 145 146 149 150 153 155 158 159 165 169 170 172 174 178 179 180 187 193 197 201 204 206 207 214 217 221 225 229 231 232 233 237 239 241 245 250 253 257 259 261 263 267 269 274 275 279 281 285 289 292 294 297 301 304 305 309 
50 55 64 71 82 88 92 95 97 98 104 105 108 111 115 121 126 127 134 136 138 145 149 152 155 156 160 161 164 168 171 174 176 178 180 184 186 190 194 195 199 203 205 210 214 217 218 224 227 232 233 235 238 242 243 245 246 254 257 261 265 267 270 272 273 275 279 282 285 289 290 295 297 298 305 309 313 315 
52 56 67 74 84 89 94 96 98 102 105 106 109 113 116 124 130 131 138 142 144 146 152 155 157 159 163 166 168 169 172 177 179 182 186 189 191 193 198 202 206 207 211 214 217 220 224 227 230 234 236 237 239 246 247 248 252 255 258 263 267 269 274 276 278 281 283 286 288 293 294 296 299 301 306 313 315 316 
55 60 69 76 86 93 95 98 100 105 108 109 112 115 120 125 132 134 142 145 147 150 153 157 160 164 165 169 170 173 175 180 184 188 192 193 194 197 201 204 207 211 214 218 222 226 227 230 232 235 239 241 243 248 251 255 258 260 264 266 268 272 277 279 280 283 287 290 293 294 298 300 302 304 310 314 317 318 
58 61 71 80 87 94 98 99 102 106 112 116 118 120 121 126 134 138 145 146 148 153 154 159 164 165 169 171 174 178 179 181 187 190 193 194 198 200 202 207 209 213 217 219 225 229 232 235 238 242 244 246 248 251 255 257 259 261 265 270 274 278 281 283 287 290 294 296 298 302 306 309 312 314 315 317 319 323 
59 64 74 82 91 96 102 103 106 107 114 119 123 127 130 134 138 141 147 150 152 156 158 160 166 168 170 173 178 180 183 185 189 191 197 198 200 201 205 210 211 215 220 221 226 231 234 237 239 246 250 254 255 258 260 262 264 266 270 271 276 281 284 288 289 294 295 297 299 303 310 312 316 320 323 324 326 330 
62 67 77 84 92 99 104 108 111 114 116 121 126 129 132 138 140 143 150 152 154 159 162 163 169 173 175 179 182 185 188 192 196 197 200 204 207 209 212 216 218 222 226 227 231 233 237 239 241 249 253 257 260 261 263 264 267 271 273 274 277 282 286 290 293 298 299 303 305 309 311 314 320 322 326 330 331 335 
66 69 78 88 93 102 105 110 115 116 120 124 128 132 134 139 143 144 152 156 159 160 163 166 173 176 179 181 185 188 190 194 198 199 203 206 209 213 215 218 222 226 229 232 233 234 238 242 243 252 256 259 264 267 269 272 276 279 280 284 288 290 294 297 300 304 305 309 311 312 313 316 323 325 330 331 333 337 
70 73 81 90 95 103 106 111 118 119 121 128 132 136 140 142 144 147 156 159 162 165 167 170 176 179 183 186 190 192 196 199 202 206 209 210 212 216 219 222 226 229 233 234 235 236 241 243 244 254 258 262 267 271 275 278 281 285 289 293 297 300 303 306 307 311 315 318 322 324 328 329 331 334 335 339 343 344 
74 76 85 91 96 106 108 112 119 122 123 129 136 137 144 146 148 152 158 163 166 169 173 176 178 181 187 189 191 195 200 204 206 210 212 216 218 221 222 223 228 231 235 239 241 243 247 248 251 256 259 266 269 274 276 281 283 289 292 295 300 302 306 310 314 315 319 322 323 328 331 335 339 342 344 346 347 351 
75 77 86 94 98 110 111 116 121 125 127 131 137 139 147 150 151 155 162 164 170 171 174 177 181 182 191 193 195 198 203 207 211 214 218 221 224 226 230 231 232 234 236 240 242 244 251 253 256 259 260 268 273 277 281 285 288 291 294 297 302 305 307 313 316 318 322 325 328 329 335 338 342 346 349 352 354 357 
76 78 88 96 100 113 116 118 122 126 129 132 139 140 151 153 156 159 164 167 172 175 178 180 185 189 194 195 197 202 207 210 212 217 221 225 229 231 235 237 240 244 245 247 249 252 253 255 257 262 266 269 277 278 285 287 292 293 296 299 303 308 311 314 317 321 326 328 331 333 339 340 344 349 353 355 359 363 
79 81 90 100 102 116 118 119 125 127 132 134 140 142 154 156 159 162 166 171 173 179 182 184 187 191 196 200 203 206 210 211 215 218 224 227 233 234 239 242 246 247 251 252 256 257 261 263 264 266 267 271 278 280 289 290 293 296 297 302 307 311 314 317 321 323 330 331 333 335 342 343 346 353 357 359 362 367 
81 85 93 102 103 120 124 127 129 131 133 138 143 147 156 158 163 166 167 172 176 183 186 188 192 195 198 204 208 210 211 212 219 222 226 230 235 239 243 247 248 251 252 253 258 260 264 265 269 271 272 273 281 285 292 295 296 300 302 304 309 313 318 321 325 329 334 336 338 341 343 344 350 356 358 361 363 369 
83 88 94 103 107 122 126 130 133 136 138 139 145 148 159 160 167 169 171 173 177 185 190 193 196 198 199 208 212 214 217 221 224 227 228 233 238 242 247 251 254 256 257 259 261 262 268 269 271 274 276 277 284 286 296 300 304 308 312 315 319 323 325 328 331 335 338 342 343 344 348 349 351 358 362 366 369 373 
87 90 95 107 111 126 130 133 135 139 140 143 147 150 161 162 171 174 175 178 179 186 193 194 200 204 208 210 214 215 219 222 227 230 234 236 239 243 249 252 256 257 258 262 263 266 269 272 276 279 280 282 286 288 300 302 308 309 313 317 322 324 329 330 334 339 342 346 350 352 353 355 356 361 363 368 372 374 
88 92 99 109 112 127 132 134 136 141 144 147 148 151 163 165 175 176 177 181 185 187 196 200 204 205 211 215 218 220 224 228 229 233 236 240 241 245 251 254 258 261 265 267 271 275 276 278 280 283 284 286 289 293 301 304 311 314 315 320 324 328 331 332 338 340 345 348 351 355 358 361 363 366 370 374 375 378 
92 94 103 110 114 129 134 135 139 143 146 150 152 156 165 167 178 182 185 188 191 195 200 204 206 207 212 216 220 221 225 231 234 238 241 243 247 248 254 258 262 265 267 271 274 279 281 284 288 289 291 292 295 298 304 306 312 315 316 323 328 331 335 339 342 346 347 349 352 358 362 364 368 369 373 376 379 380 
94 97 104 114 117 132 135 136 140 144 148 151 153 160 166 170 182 186 187 192 193 196 201 205 210 213 216 219 223 226 229 232 235 241 244 247 249 251 255 259 263 266 271 275 279 281 285 288 290 293 295 298 302 305 308 311 316 318 321 325 330 334 337 341 343 347 349 350 354 359 365 367 372 375 379 382 385 388 
97 98 106 118 120 133 137 140 142 146 151 155 159 161 170 172 186 188 190 194 197 198 202 208 211 217 221 223 224 228 232 233 239 243 248 249 252 255 259 262 264 267 272 278 283 287 291 295 299 303 307 309 310 314 317 320 323 326 330 332 334 337 341 344 348 350 353 357 358 362 368 372 374 377 382 386 389 391 
100 101 109 120 123 137 140 143 146 147 155 157 161 164 173 177 187 191 195 197 200 201 206 209 214 220 224 228 232 233 235 236 241 244 249 250 253 258 263 264 268 269 273 280 285 291 293 299 300 305 311 312 314 318 320 323 324 327 332 335 339 340 344 348 350 351 356 361 363 365 370 373 377 378 384 389 393 396 
104 105 112 123 126 140 141 145 149 151 158 161 163 166 177 181 191 194 198 199 204 207 208 211 217 221 227 232 236 238 242 243 246 249 250 254 256 262 264 267 269 270 275 284 289 294 296 301 304 309 313 317 321 324 325 329 332 333 334 336 342 344 347 350 352 353 358 363 367 370 374 375 378 380 388 390 394 397 
106 109 113 126 130 142 146 147 151 154 161 162 164 170 181 184 194 197 201 205 206 211 212 215 220 222 231 234 237 241 246 250 253 255 257 258 259 265 268 270 271 273 276 285 290 296 300 304 306 310 314 318 325 329 333 336 337 340 342 343 346 350 351 355 358 359 360 365 371 375 378 382 384 386 389 392 397 401 
110 114 117 129 131 145 150 154 156 159 165 166 168 174 182 185 195 199 204 208 211 213 217 220 224 226 234 235 239 243 249 251 257 261 265 268 271 275 276 278 281 284 287 288 292 300 303 305 310 313 315 321 327 330 337 338 341 342 346 347 348 353 354 358 359 362 365 369 374 379 382 386 390 394 395 398 400 404 
113 117 119 130 133 149 151 157 161 164 168 171 172 175 184 187 199 203 206 209 212 214 221 225 227 229 236 237 240 245 251 253 258 264 269 271 275 278 282 285 289 290 291 294 298 302 307 309 314 318 321 323 328 331 339 342 344 345 347 350 354 358 361 363 366 367 369 370 378 380 384 387 391 397 400 403 405 407 
114 120 124 131 134 153 157 158 165 169 171 172 173 178 186 188 201 206 207 213 217 218 223 227 230 233 238 242 244 249 253 257 262 265 273 275 277 282 285 288 293 295 296 298 299 306 310 314 316 319 322 324 331 334 340 343 348 351 354 356 357 360 362 364 370 373 374 377 382 383 387 391 394 399 403 404 407 409 
117 121 125 132 137 156 158 160 167 170 173 174 176 182 187 191 205 209 210 214 218 221 226 229 234 238 242 246 250 253 257 258 263 269 275 279 280 285 287 292 296 300 304 308 310 311 315 316 318 320 326 329 334 338 342 344 349 354 357 359 362 364 367 368 371 375 379 382 385 388 391 395 398 401 405 406 408 410 
119 123 128 135 140 160 164 167 171 175 177 179 182 184 190 194 206 212 216 218 219 225 228 230 237 242 243 249 253 256 259 261 266 271 279 282 285 287 291 295 299 304 305 312 316 318 322 326 329 332 336 340 344 347 349 352 353 357 359 363 365 366 369 371 372 376 382 385 389 391 395 398 402 405 407 408 412 413 
120 127 132 136 143 164 165 170 174 179 182 183 185 186 192 196 209 213 219 223 226 228 229 232 241 246 249 252 255 259 260 262 270 273 281 284 286 291 294 296 302 307 308 315 317 322 325 329 333 334 338 343 348 350 352 356 359 363 364 367 369 371 373 377 379 380 384 387 393 397 399 401 406 407 410 413 415 417 
122 131 135 138 144 165 168 171 177 180 183 185 186 189 194 197 210 216 223 227 228 230 233 236 245 248 253 255 257 260 264 265 271 274 282 285 290 295 297 301 305 308 310 316 319 326 329 331 334 337 341 346 350 352 356 358 361 365 367 369 370 374 378 380 384 387 389 390 395 401 405 409 412 414 415 419 423 426 
126 135 137 139 148 169 170 175 178 181 187 189 193 194 196 200 212 218 226 231 235 238 241 244 248 249 254 259 260 263 267 268 273 276 284 286 294 298 302 306 310 312 314 318 322 328 331 335 336 341 344 347 351 354 358 361 364 367 369 373 376 380 384 387 388 392 393 396 399 402 406 413 416 420 422 424 428 429 
128 138 139 143 151 173 175 177 179 182 188 192 194 197 199 204 215 219 230 234 236 239 245 247 251 255 257 260 261 267 268 269 277 279 286 289 295 302 303 307 314 315 317 321 326 329 332 337 340 343 347 350 354 355 359 363 365 371 374 377 380 384 386 389 391 394 395 400 401 404 409 416 420 422 424 426 431 435 
129 141 143 147 152 177 180 182 186 190 191 193 195 201 204 207 218 220 231 238 240 242 247 249 252 258 259 261 264 268 270 272 281 283 289 292 297 306 310 312 315 317 318 323 329 331 334 339 343 346 350 351 358 362 365 366 368 375 378 381 383 385 390 394 396 399 402 406 410 411 414 420 423 424 426 428 435 437 
133 144 146 149 153 180 181 184 187 191 193 196 199 205 207 209 219 224 235 241 243 244 251 252 254 262 264 267 269 273 276 278 285 289 293 294 299 307 314 317 320 321 324 326 331 335 339 343 346 349 354 355 360 365 366 370 374 376 380 383 387 388 392 396 399 403 405 410 412 415 419 423 425 427 431 435 436 439 
134 147 148 151 157 184 186 187 191 192 197 198 202 208 211 213 220 226 237 242 247 248 254 257 260 263 268 271 274 277 278 281 289 291 294 298 300 309 315 320 322 323 328 331 332 336 342 345 349 352 355 359 364 369 372 375 377 381 382 386 389 393 396 397 403 405 406 411 414 418 423 424 426 428 434 438 439 442 
135 150 151 155 160 186 188 192 195 199 200 203 205 209 214 215 222 230 240 244 250 253 258 259 263 267 269 275 279 280 281 284 292 296 297 300 301 312 316 324 325 326 330 332 333 337 343 347 351 356 360 364 368 371 374 379 383 387 391 392 396 397 398 399 406 409 413 416 418 420 425 426 429 431 436 441 443 445 
136 154 157 159 161 188 190 195 196 200 203 205 208 211 215 218 224 234 244 246 251 254 260 264 266 269 271 277 282 284 285 286 295 299 301 303 306 314 318 327 331 335 338 339 343 346 348 351 354 358 363 366 370 372 377 381 384 390 392 393 398 400 401 403 410 411 416 420 421 423 429 432 434 435 437 445 448 450 
140 155 160 161 162 191 192 199 203 205 209 213 215 219 223 227 230 237 248 252 253 255 262 265 269 271 272 281 286 289 292 295 299 302 305 307 311 315 321 328 335 338 342 345 348 351 353 357 359 362 365 368 371 376 380 382 387 393 397 401 402 405 408 412 413 414 419 421 423 425 433 435 438 439 440 447 449 453 
141 157 163 165 168 195 199 201 207 209 211 217 221 225 228 232 235 241 252 253 257 260 265 267 272 274 276 285 290 293 294 298 300 303 307 308 312 318 323 330 336 342 343 349 353 354 358 360 364 366 370 371 375 380 382 384 391 397 401 402 403 407 409 414 417 418 423 424 428 430 434 438 439 441 443 449 452 454 
143 160 165 169 172 196 202 206 209 213 214 219 222 228 232 233 239 243 253 255 260 261 268 272 273 275 277 286 291 296 298 302 304 305 309 313 314 322 324 332 337 343 344 351 357 358 360 361 366 368 374 375 376 381 385 389 394 400 402 405 408 409 413 418 421 422 426 430 433 435 438 441 443 446 448 451 455 457 
146 164 167 172 174 199 204 207 210 214 218 221 226 230 233 237 241 244 254 258 264 268 269 276 279 281 283 287 294 299 300 304 308 312 314 316 319 324 325 333 338 346 349 353 358 360 364 367 370 373 377 381 384 386 387 390 395 404 407 411 412 416 419 422 426 430 431 435 439 442 444 448 449 451 455 457 460 462 
150 168 169 174 178 202 208 209 211 218 222 225 229 231 236 239 245 248 258 259 268 269 273 277 280 283 287 289 297 301 305 309 311 314 317 321 323 325 329 335 339 350 354 358 361 362 366 369 371 374 380 384 385 387 389 394 399 407 408 415 416 417 422 426 427 431 433 439 443 447 448 450 454 458 460 461 463 465 
153 169 170 178 181 204 210 212 213 219 225 229 232 233 239 243 247 251 260 263 271 272 277 279 281 284 289 293 300 302 309 312 316 317 320 324 326 329 330 339 340 352 358 360 364 368 369 373 376 379 383 385 387 390 394 396 403 409 410 418 420 421 426 429 433 437 440 443 445 450 451 454 455 459 463 467 470 472 
157 171 173 182 184 206 212 213 214 222 228 233 237 238 243 245 250 254 263 267 273 276 280 282 283 288 293 297 303 306 311 315 320 324 328 329 331 334 335 341 343 354 360 364 366 369 371 374 378 380 385 386 391 393 396 400 405 411 415 422 423 424 429 433 437 439 441 446 447 452 456 457 459 462 467 470 471 475 
160 175 179 184 185 209 214 215 218 224 232 237 241 245 248 252 253 255 266 269 277 278 284 287 290 291 295 298 305 308 313 316 322 325 332 335 338 342 346 348 352 356 361 365 369 372 374 377 380 382 389 390 392 396 398 404 409 413 416 424 425 429 433 436 441 445 447 451 452 456 460 464 468 472 475 479 481 483 
162 176 181 185 186 211 215 216 220 226 234 239 244 246 250 253 257 261 268 270 278 281 288 291 292 294 297 301 308 312 315 320 325 326 336 337 341 346 348 351 354 358 364 368 372 376 379 380 382 383 392 395 398 400 402 407 411 414 419 425 427 432 436 437 445 449 452 456 460 463 465 468 471 473 478 482 485 486 
166 180 183 189 190 215 216 218 222 230 235 242 246 249 253 255 259 264 271 273 282 284 290 292 295 299 302 305 310 315 319 322 329 331 339 340 343 347 351 355 357 361 366 370 373 378 380 383 384 388 393 398 401 403 405 410 413 416 422 427 428 436 439 441 448 451 455 459 461 466 467 471 475 478 481 485 487 490 
169 181 185 190 191 216 217 221 226 231 236 246 248 250 254 257 261 267 272 274 285 286 292 294 298 302 304 309 312 316 323 325 332 334 342 345 348 350 353 359 363 364 370 371 377 379 382 387 390 394 397 401 404 407 409 411 415 420 423 430 431 437 440 443 451 454 457 463 464 468 471 473 478 480 485 488 492 495 
171 185 186 192 195 218 221 223 227 235 237 249 252 255 258 261 264 269 276 277 288 289 294 296 300 305 307 311 315 318 327 330 334 337 344 349 351 354 356 362 364 368 372 373 378 381 384 390 394 398 401 402 407 408 413 415 416 423 427 432 436 440 441 447 452 455 460 464 465 472 474 477 479 482 486 492 496 499 
173 189 192 193 196 221 224 228 229 237 241 252 256 258 261 262 266 270 279 283 291 293 297 301 303 306 310 312 318 320 331 335 337 341 345 350 353 356 360 364 366 372 376 380 381 383 386 391 396 400 402 405 411 412 416 420 421 427 429 436 438 441 442 450 453 457 461 468 471 475 478 481 484 488 491 496 498 500 
177 193 196 198 202 224 228 231 235 239 244 254 257 261 263 266 269 272 281 287 292 297 300 302 304 310 313 314 321 325 335 338 340 344 348 353 357 359 363 368 370 375 377 384 388 391 392 393 399 403 405 409 413 414 419 423 426 429 430 439 441 444 448 451 456 460 464 470 473 477 479 484 488 491 492 497 502 503 
178 195 199 202 205 225 230 232 236 242 248 256 259 263 264 269 271 275 284 289 294 298 304 308 309 312 314 316 323 329 338 342 345 347 351 357 360 362 367 370 371 378 381 387 390 395 396 400 403 405 408 412 417 420 421 424 430 434 435 440 442 445 451 455 458 462 467 473 477 480 482 487 489 492 496 501 504 507 
179 199 202 203 209 229 234 235 238 244 252 257 262 266 268 271 272 276 285 293 296 301 307 312 313 317 318 319 326 331 340 343 348 352 355 359 361 365 368 374 376 379 382 388 392 399 400 401 405 408 409 413 420 424 425 428 431 436 437 443 445 448 453 458 462 464 471 477 480 481 485 489 490 496 498 504 508 510 
181 202 204 205 212 230 237 239 241 246 253 260 263 267 270 273 276 278 287 296 297 305 310 313 316 319 320 321 330 332 343 345 349 354 359 363 366 367 372 376 377 383 385 389 393 400 402 404 406 409 411 416 421 425 428 431 432 439 442 447 450 451 455 462 464 466 474 479 482 486 490 491 495 499 500 507 509 511 
184 203 206 208 214 234 240 242 245 250 254 263 265 268 273 274 279 282 289 297 298 307 311 316 318 322 324 328 334 337 346 349 353 355 361 367 371 372 376 380 381 385 389 392 396 404 406 409 410 412 413 420 422 428 432 436 439 441 444 448 451 455 456 465 467 468 475 480 486 490 493 497 498 501 503 511 512 514 
186 204 209 210 217 238 242 243 247 251 255 266 268 272 277 280 284 287 293 298 299 310 315 317 322 325 327 329 337 339 348 350 357 360 363 370 375 376 377 383 387 391 395 397 400 406 407 412 415 419 422 426 430 431 435 438 441 445 446 449 453 459 462 468 470 471 478 481 490 493 496 498 502 505 507 514 517 520 
189 208 210 212 218 242 244 245 250 255 257 268 272 273 280 282 286 288 294 299 302 312 316 321 326 328 330 333 339 343 350 351 361 362 364 373 377 379 381 387 390 395 396 398 402 408 409 416 417 423 426 427 434 437 440 443 446 450 451 454 457 461 466 471 473 476 480 482 491 494 500 501 504 509 512 515 519 521 
191 210 214 217 220 246 247 248 254 257 259 270 276 279 284 286 288 291 296 303 306 316 317 325 330 331 332 336 341 346 351 353 364 367 368 377 378 383 384 389 393 399 403 404 406 411 414 418 422 425 430 434 435 441 442 447 448 453 456 460 464 466 470 472 477 478 483 486 495 497 502 503 506 513 515 519 522 523 
195 214 216 219 223 248 251 255 258 261 263 272 277 280 288 290 293 296 298 305 310 318 322 328 331 335 336 339 343 348 352 354 365 370 374 380 384 386 388 390 394 401 406 410 411 415 417 419 425 429 433 435 438 445 448 450 452 457 461 462 468 472 474 478 482 483 484 487 497 499 504 507 510 515 517 522 525 527 
