5 9 13 17 20 22 26 27 31 33 35 39 40 44 45 46 49 50 52 53 56 58 59 62 65 68 70 72 74 76 79 80 83 84 88 91 94 97 101 102 104 106 107 108 110 113 114 115 116 118 121 123 125 129 130 132 133 134 138 139 142 143 145 148 152 154 155 159 163 167 171 173 175 176 179 180 183 186 187 188 190 194 196 199 203 206 208 
6 11 17 21 23 27 28 30 33 34 38 42 46 48 50 52 54 56 57 58 60 64 66 70 74 75 78 79 83 86 90 91 94 96 100 102 104 106 110 114 116 117 121 123 124 127 128 132 136 139 140 142 146 150 151 155 158 161 162 165 168 171 175 178 180 184 186 188 189 191 192 196 200 201 204 206 207 210 213 214 218 219 220 222 225 229 231 
10 15 21 22 25 29 30 31 36 38 41 44 47 50 52 53 58 62 66 70 74 77 79 80 84 86 88 90 92 96 99 101 103 105 108 109 112 113 115 119 123 125 129 130 133 137 141 145 147 149 153 156 159 160 164 166 169 172 173 175 176 177 179 181 185 187 188 191 193 197 200 204 205 207 209 212 215 217 218 222 223 225 227 228 229 231 234 
14 17 24 26 27 31 34 36 38 41 45 46 48 51 53 56 60 66 69 73 76 81 84 86 89 90 94 98 101 104 105 106 110 113 116 117 121 123 127 131 132 133 134 135 137 140 143 149 153 156 160 163 164 165 169 171 172 175 179 183 187 188 192 194 197 199 203 206 209 212 215 217 219 221 222 226 229 230 231 235 236 237 241 242 246 250 253 
18 21 26 27 31 32 36 38 39 45 48 51 53 56 58 62 64 70 72 74 80 83 86 87 90 91 97 101 105 109 113 114 116 117 121 122 124 126 129 132 136 138 140 143 146 150 151 154 156 160 162 164 165 167 172 174 177 178 180 186 189 192 196 198 199 200 207 208 213 216 218 221 222 224 226 230 233 237 240 244 246 247 248 252 256 258 260 
22 26 28 31 34 35 40 43 44 49 51 54 58 62 64 67 68 73 74 75 82 87 89 92 93 94 100 104 109 110 114 118 120 121 122 126 127 128 133 136 139 140 142 146 147 153 156 158 162 166 169 171 175 178 179 180 182 186 187 190 192 196 198 199 200 204 208 209 216 218 219 224 226 229 230 233 234 240 242 247 248 250 253 254 258 262 263 
26 29 33 35 36 38 42 44 46 52 53 57 61 64 66 71 75 76 77 79 86 89 92 96 99 101 103 108 111 114 118 120 123 125 127 129 130 131 135 139 141 144 145 149 151 154 157 159 165 167 171 175 176 180 181 185 186 187 188 193 194 198 199 201 203 208 211 213 217 222 226 227 231 232 235 239 240 244 246 248 251 253 255 256 260 263 267 
30 34 37 40 44 46 48 49 52 54 56 58 64 67 70 74 78 79 80 83 88 91 93 97 100 103 106 110 113 116 121 123 126 128 129 131 135 137 138 140 142 146 147 150 152 156 158 161 168 172 173 177 178 184 185 189 193 194 198 199 202 205 207 211 214 216 220 223 227 231 235 238 242 246 248 251 254 256 257 259 263 267 271 272 273 276 277 
31 36 38 44 45 47 52 53 55 57 59 63 66 70 74 76 82 85 89 91 93 96 97 100 104 107 110 112 117 121 123 124 128 132 134 135 136 138 139 141 146 149 152 156 160 164 165 166 171 176 180 182 183 188 189 190 197 198 201 205 208 211 212 216 219 220 221 225 228 235 236 240 244 247 249 252 258 261 265 267 270 274 277 278 280 283 286 
34 37 41 48 51 53 57 58 59 61 65 69 72 74 77 78 86 88 91 92 94 98 99 103 105 111 112 113 121 125 127 129 133 137 138 141 142 143 145 148 150 154 155 159 161 168 171 172 176 180 181 186 190 193 195 196 200 201 205 208 212 216 217 218 223 225 227 229 233 236 239 244 246 249 251 256 262 264 268 272 275 279 281 283 286 287 291 
38 39 44 52 54 57 61 62 64 68 72 75 78 81 84 88 91 95 96 98 99 100 104 105 106 112 115 117 124 129 131 135 139 143 146 150 151 153 157 160 161 163 165 167 171 173 174 177 179 181 183 187 194 195 198 201 205 206 208 212 216 218 222 226 227 229 233 235 239 241 243 248 251 255 259 260 265 267 269 273 279 280 285 286 290 292 295 
42 45 47 54 58 61 62 66 70 74 76 79 80 82 87 90 92 98 99 103 105 106 109 113 117 119 120 124 128 133 134 136 141 146 148 151 153 154 161 164 168 169 170 174 178 179 182 185 189 190 193 195 199 201 205 208 209 213 217 221 223 227 229 231 234 238 241 242 245 246 249 251 252 258 263 265 266 268 270 276 283 284 289 293 296 299 301 
46 50 52 56 62 65 69 70 73 77 80 82 85 88 89 92 96 101 104 105 109 112 113 116 120 122 123 126 130 134 137 138 142 148 152 156 160 163 164 167 169 171 175 179 180 183 187 191 195 198 202 206 209 210 214 217 220 224 227 231 232 235 237 239 242 244 247 251 252 256 257 260 261 262 266 269 271 273 274 277 287 288 292 296 298 301 305 
50 53 54 57 66 70 71 74 75 79 83 85 86 90 94 96 98 102 106 109 112 114 116 120 121 124 128 130 131 138 139 142 146 151 156 159 161 167 168 172 175 179 181 184 188 191 194 196 200 202 205 209 212 216 219 223 225 227 230 235 236 237 241 243 245 247 251 253 257 259 262 266 270 273 275 278 282 283 284 286 289 291 293 300 304 308 312 
53 56 58 59 70 74 78 81 85 89 91 92 95 99 100 101 105 108 112 113 116 118 120 121 124 126 129 132 133 140 142 145 149 153 160 164 167 170 172 174 176 182 184 185 190 194 198 200 204 207 210 214 216 218 221 227 230 233 236 238 239 242 245 247 251 252 254 255 260 264 267 270 274 275 279 280 283 287 289 291 294 297 301 303 307 312 316 
57 61 63 66 71 76 80 83 89 93 96 100 101 104 108 109 113 117 120 123 126 129 131 135 139 140 143 144 148 151 155 156 159 161 162 167 170 172 176 178 179 184 188 192 193 195 201 202 206 211 215 218 220 222 225 230 233 236 239 242 246 248 252 253 257 258 262 264 266 267 270 271 276 279 283 286 290 293 294 296 299 300 305 307 310 314 318 
58 62 67 70 72 80 83 84 91 94 100 101 103 108 110 111 115 118 122 127 128 131 132 137 141 143 144 147 152 153 157 161 164 167 171 173 174 175 177 179 180 186 191 194 196 197 203 205 208 213 218 221 222 225 227 233 235 238 241 246 247 252 255 257 258 260 266 268 271 272 273 277 281 284 288 292 295 296 300 304 306 308 312 314 318 319 322 
62 63 69 73 75 82 86 89 93 97 103 106 110 113 115 117 119 122 123 129 133 136 139 143 145 149 151 152 156 157 161 164 168 171 175 178 179 180 184 186 190 193 195 198 199 202 205 209 211 217 220 223 226 229 233 237 241 242 245 249 252 255 256 261 262 265 268 269 274 277 280 281 285 286 292 293 298 302 306 308 309 312 314 315 320 322 324 
65 69 71 75 78 86 90 93 95 99 106 108 114 117 118 119 123 124 128 132 134 140 141 147 150 152 155 157 159 162 163 168 171 172 179 182 183 184 188 191 195 196 197 199 202 205 206 213 215 221 222 225 230 234 235 240 244 247 249 251 253 258 262 264 268 271 275 277 278 280 282 284 287 290 294 297 301 305 307 312 316 319 322 325 328 329 331 
66 71 73 79 81 89 94 95 98 103 110 113 118 119 123 127 128 131 133 137 138 142 143 148 154 158 162 166 168 172 176 177 178 180 182 186 187 191 193 195 199 201 204 208 209 210 213 216 220 222 223 228 233 235 238 242 247 249 252 255 257 259 263 265 269 273 277 278 280 281 285 286 288 292 296 298 305 308 309 314 317 323 325 329 330 331 333 
67 72 74 82 83 93 95 97 100 107 114 118 119 122 124 130 134 136 139 143 147 148 151 154 158 161 166 170 172 175 177 179 180 184 185 188 192 193 197 199 200 205 209 210 212 216 220 221 222 226 230 231 236 239 243 246 250 251 253 256 260 264 265 268 271 275 280 284 288 290 293 295 296 297 298 300 307 311 312 315 319 327 331 335 339 340 344 
70 73 76 84 87 94 96 98 101 108 115 119 120 124 125 133 137 138 141 146 149 153 154 157 159 162 170 174 177 178 181 182 185 187 191 194 196 199 200 204 205 207 211 213 217 218 224 225 228 231 232 236 237 242 246 247 252 255 259 260 263 267 270 272 273 279 284 288 291 293 294 299 302 304 305 306 310 314 316 320 322 329 332 337 340 341 346 
73 74 80 87 89 96 97 100 104 112 116 123 127 129 131 135 138 141 145 149 152 157 158 160 164 166 172 175 180 183 184 188 190 193 197 199 200 201 204 208 209 212 213 214 220 221 227 229 230 234 238 239 241 243 249 253 254 256 263 267 271 273 275 278 280 284 287 292 294 298 300 304 308 310 312 314 315 317 318 324 327 332 336 340 344 346 348 
74 75 81 88 93 98 102 106 107 116 118 127 129 131 132 136 141 145 148 152 153 158 160 162 167 170 176 179 181 185 186 192 194 196 198 201 205 208 209 210 213 214 216 220 224 226 230 234 237 241 245 248 252 254 257 260 264 265 266 268 273 274 277 281 284 286 289 295 297 300 301 307 312 313 315 319 320 321 323 328 332 336 339 343 348 352 353 
77 78 83 91 95 100 104 109 110 118 120 131 133 137 138 141 144 146 152 153 157 162 166 167 171 172 180 184 187 191 195 199 200 202 206 210 214 218 220 221 224 227 229 230 232 233 237 241 244 245 247 251 253 257 259 262 267 269 273 274 278 279 283 286 290 294 295 298 301 302 305 310 314 317 321 322 324 326 328 329 335 340 342 346 351 356 360 
79 81 85 93 97 104 107 110 114 120 123 133 137 141 144 145 146 147 153 154 160 163 169 170 174 177 181 185 191 192 197 202 205 209 211 214 216 222 225 229 230 231 235 236 239 241 245 248 252 256 260 262 263 264 267 268 270 271 276 280 284 287 289 290 294 295 296 302 304 305 309 313 318 319 325 327 330 333 336 338 339 343 344 347 352 358 362 
82 83 87 94 99 107 108 114 117 124 125 137 138 143 148 150 151 153 155 156 164 165 171 173 178 180 185 186 194 197 200 203 209 213 217 220 223 226 230 233 234 238 241 245 249 250 253 257 258 259 264 268 270 272 274 275 279 280 281 285 289 291 294 296 299 303 305 306 309 312 316 318 319 320 328 331 334 335 339 341 345 348 349 352 356 362 365 
84 86 89 95 100 110 114 115 121 126 129 140 143 145 149 152 153 155 157 158 167 171 172 177 181 184 189 191 198 199 202 206 212 216 221 225 228 229 231 236 237 240 243 248 253 257 259 260 264 266 267 272 274 278 279 282 286 289 293 296 299 302 303 305 306 310 312 313 316 320 323 325 327 328 331 332 336 338 342 343 347 349 352 356 360 365 367 
85 90 94 98 104 114 116 117 122 130 133 141 147 149 150 156 158 162 164 166 170 172 174 181 185 188 190 193 201 202 206 207 213 218 222 229 231 232 233 238 239 243 244 249 257 259 261 265 269 271 273 274 275 281 285 286 287 291 295 299 300 304 306 310 314 316 320 323 327 331 333 335 336 340 342 345 346 350 353 357 358 359 361 365 366 369 371 
88 94 97 101 106 115 117 118 123 131 137 145 151 153 156 160 162 164 167 169 173 177 181 182 189 190 191 197 203 206 209 211 216 219 225 230 235 238 239 240 244 248 251 255 260 261 263 267 273 276 277 280 284 287 291 294 295 296 300 304 308 312 314 316 317 319 322 324 331 332 335 337 338 342 346 349 353 357 360 362 363 364 368 372 374 376 380 
89 98 99 104 108 119 122 126 130 133 139 148 155 157 161 164 165 169 171 175 177 178 183 186 193 194 195 199 205 209 211 214 217 223 229 232 236 239 240 243 246 251 253 256 263 264 265 271 275 280 283 284 288 290 294 297 301 302 304 306 310 316 320 324 327 330 332 334 338 342 344 347 350 351 355 359 363 365 369 371 375 377 378 380 382 384 388 
90 99 101 106 112 122 123 130 133 135 141 149 159 162 165 167 171 175 176 180 181 183 184 190 195 196 199 200 207 211 213 218 222 224 233 237 239 241 244 247 251 252 255 257 266 267 271 273 278 284 288 292 295 297 298 300 302 304 308 310 312 317 324 326 330 332 335 336 342 343 347 349 351 354 356 360 367 369 370 372 376 378 381 382 383 387 390 
92 103 106 107 113 126 128 131 134 139 145 150 161 165 169 172 176 179 180 182 185 186 189 191 199 200 201 202 210 213 216 221 225 229 236 241 243 245 247 249 253 256 258 261 268 269 275 279 283 286 292 294 297 298 301 305 308 309 310 312 313 318 325 329 332 336 339 342 346 347 351 352 355 357 359 364 369 372 373 375 380 384 388 391 392 395 398 
96 106 109 110 116 129 131 133 138 142 149 154 162 166 172 174 177 182 186 190 193 197 200 201 204 207 208 211 215 218 219 223 229 231 237 242 244 249 253 256 260 264 267 269 270 273 276 280 287 290 296 300 302 305 309 312 314 317 320 322 325 326 329 333 337 340 341 346 349 352 355 359 362 365 369 372 376 378 379 383 385 387 392 394 395 396 401 
100 107 112 116 120 131 132 136 139 143 150 156 165 167 175 176 181 183 187 192 194 200 201 202 207 211 214 216 220 223 224 225 231 232 238 245 246 251 255 259 263 266 268 271 275 279 282 284 290 292 299 303 304 308 312 313 316 321 323 325 327 328 332 337 341 343 344 350 354 358 359 362 363 368 370 374 380 382 386 387 391 393 395 399 402 406 409 
104 108 114 118 124 133 136 137 140 147 151 157 167 169 176 180 183 186 188 194 196 202 205 208 209 214 215 218 223 224 225 226 235 238 242 249 251 253 256 263 266 268 270 274 278 283 285 286 291 294 303 307 311 314 317 318 321 322 327 331 335 339 340 342 343 346 348 354 358 362 365 366 368 371 375 379 382 383 389 393 395 399 401 404 406 410 411 
105 111 116 120 128 134 138 140 144 150 152 158 168 171 177 181 184 190 194 196 199 205 209 211 214 216 219 221 226 227 231 235 236 241 243 252 253 257 261 265 270 274 277 278 282 285 289 293 295 299 304 309 313 316 318 322 326 330 333 336 340 341 344 347 348 350 353 356 361 363 368 371 372 376 380 384 387 388 390 394 399 402 403 408 410 411 412 
107 115 120 124 130 137 142 144 147 154 157 162 170 174 178 183 187 193 197 199 202 209 213 216 220 223 224 226 230 233 234 238 242 245 248 255 259 262 264 267 272 278 280 283 287 290 292 294 298 301 305 312 316 317 322 323 327 333 334 337 341 343 348 351 352 356 358 360 362 364 369 373 375 377 381 387 391 393 396 398 401 406 410 411 415 418 420 
110 119 123 127 133 141 144 146 148 156 159 164 174 176 181 187 190 195 199 202 203 213 215 220 224 227 230 232 236 240 244 248 252 256 259 260 263 265 266 269 274 280 284 285 288 294 295 297 302 303 307 313 318 320 324 328 330 334 338 340 344 347 351 353 355 359 361 365 367 368 373 374 376 379 385 388 394 396 400 403 404 409 411 414 416 422 423 
112 121 127 131 134 144 145 148 149 160 162 166 177 180 184 189 191 198 202 205 208 217 218 222 226 231 234 235 237 244 246 249 253 257 261 262 267 269 271 274 278 281 286 289 291 298 302 306 310 311 314 317 321 323 325 330 334 337 339 341 346 350 354 358 360 364 368 369 372 374 377 381 382 383 386 389 396 399 402 405 409 411 414 415 417 425 428 
116 123 131 133 137 148 150 154 155 163 166 168 178 182 187 193 194 199 206 208 209 221 223 224 230 232 237 241 242 248 250 253 255 259 262 263 271 272 273 278 282 284 287 292 296 302 305 309 313 316 320 324 326 330 331 333 336 339 342 344 348 352 357 362 363 367 372 373 374 376 378 382 385 388 391 395 397 402 405 409 411 412 415 419 422 428 429 
119 124 132 136 139 150 151 158 159 165 169 173 179 183 189 195 197 202 207 212 216 222 225 228 233 235 241 243 245 249 252 257 258 263 267 268 274 275 277 279 283 288 289 295 299 304 306 313 317 321 323 328 331 334 335 337 340 342 343 346 350 354 358 366 367 369 373 374 377 380 384 388 391 392 393 398 400 404 409 411 413 417 421 423 424 430 432 
120 127 136 139 140 152 156 160 163 169 170 175 183 185 190 198 201 206 208 216 220 226 230 232 236 237 244 248 249 252 253 258 261 265 268 271 276 278 279 281 287 290 292 296 303 305 308 316 318 324 325 332 333 338 342 344 347 348 351 355 359 360 361 368 370 373 376 379 382 386 387 391 395 397 400 403 405 409 411 413 415 420 422 425 427 433 435 
124 131 140 141 143 153 158 164 165 172 174 177 187 190 193 199 203 208 212 219 224 228 232 235 237 241 247 251 252 254 258 261 265 266 271 275 278 280 283 285 289 294 295 297 306 307 309 317 322 326 329 333 334 341 344 346 351 354 357 361 362 364 367 371 374 377 381 382 386 389 393 394 397 400 404 408 409 411 414 417 418 422 425 426 431 434 439 
128 132 144 146 148 154 161 168 172 173 175 178 191 192 196 202 204 209 216 222 228 230 236 240 241 242 251 255 258 262 265 266 269 272 275 278 281 282 287 291 294 295 296 298 308 309 310 321 325 330 331 337 340 345 346 350 353 357 358 364 367 371 374 376 380 382 384 388 392 396 398 402 403 406 410 411 412 413 417 421 422 426 429 430 433 437 442 
129 135 146 147 152 157 164 169 175 179 183 185 192 196 197 203 207 212 219 223 230 233 238 243 246 250 252 258 260 265 266 268 272 273 276 281 282 286 290 292 295 296 300 302 309 310 312 323 327 334 338 342 345 348 350 354 356 361 365 368 370 374 378 380 384 385 386 389 396 398 399 404 405 410 413 415 416 418 420 424 425 427 431 435 438 441 446 
130 137 150 152 156 159 165 171 176 181 186 187 195 198 199 206 211 215 221 225 231 234 241 246 248 252 253 259 264 267 270 272 274 275 280 282 285 288 294 297 301 303 307 311 312 315 316 326 330 336 339 346 347 352 355 359 360 365 369 372 373 378 379 382 386 387 389 393 397 399 402 407 410 412 417 421 424 428 432 434 437 441 444 447 451 454 455 
131 139 152 154 158 163 168 175 179 184 187 188 196 202 205 210 213 217 225 226 233 238 244 250 253 257 259 262 267 270 272 275 278 282 283 286 287 290 297 298 303 304 309 314 318 319 321 328 332 338 341 349 351 356 357 363 367 369 372 376 379 381 385 387 390 392 394 396 401 405 407 411 413 414 421 423 425 430 436 440 441 445 446 448 453 458 461 
134 143 154 155 159 164 172 179 180 185 189 193 197 203 206 214 216 220 229 230 236 242 248 251 254 258 262 266 270 272 275 278 282 286 287 289 292 294 301 305 308 310 312 317 320 323 327 331 335 340 345 350 355 357 360 366 368 371 376 378 381 384 388 390 392 393 396 397 402 408 412 413 414 417 424 426 430 432 437 441 443 446 447 452 457 459 462 
135 145 157 161 164 166 175 180 184 188 192 194 198 206 207 217 218 222 231 233 237 245 251 255 256 262 263 269 274 275 279 282 284 289 290 293 295 298 303 309 311 315 319 321 322 327 328 332 339 344 347 352 357 360 361 369 373 377 380 381 383 386 390 394 396 399 400 403 407 412 416 417 420 421 426 428 432 436 440 442 444 448 449 454 459 461 464 
139 146 159 162 168 170 177 181 186 189 193 198 202 208 209 220 224 226 234 238 241 249 254 258 261 266 268 273 275 279 280 284 287 293 296 300 303 305 307 311 313 318 323 326 327 328 332 334 341 347 350 353 361 362 366 372 377 378 382 386 387 390 391 398 400 403 407 410 412 416 419 420 424 428 431 433 435 440 444 445 449 450 453 455 460 463 468 
143 150 160 164 170 173 179 183 189 192 197 200 204 212 214 222 228 229 238 239 244 251 255 260 265 268 271 277 278 283 285 289 293 294 300 303 306 308 311 314 316 322 327 331 332 334 336 337 342 348 351 356 363 367 370 373 379 382 385 388 390 391 395 402 405 407 410 411 413 419 422 423 428 430 433 434 437 441 448 452 453 455 456 460 463 467 470 
145 154 164 166 173 177 180 187 191 195 199 203 207 214 218 224 230 234 240 244 246 255 256 261 266 269 275 281 282 286 290 294 295 297 303 305 308 312 314 318 321 324 330 334 338 339 342 345 349 352 354 358 364 369 374 378 383 387 388 389 393 394 397 405 406 410 412 413 416 422 423 425 429 432 435 437 439 443 450 456 460 461 465 467 471 475 478 
147 156 168 171 176 180 182 188 192 199 202 207 208 216 219 225 234 237 244 245 248 257 258 265 267 270 277 283 286 289 293 297 300 303 306 307 309 315 318 322 325 326 334 335 341 345 347 349 350 354 358 361 366 372 376 382 387 388 389 392 395 399 402 406 407 412 415 417 420 424 425 427 430 433 436 439 440 446 454 458 461 463 466 471 474 477 479 
149 157 169 173 180 184 188 192 195 201 203 208 212 220 224 227 235 238 248 249 250 259 260 269 273 274 278 285 290 293 295 299 301 304 310 313 317 320 322 324 329 332 337 338 344 349 350 352 355 356 361 363 368 373 378 386 391 393 397 401 402 405 409 413 414 416 419 421 423 427 428 430 434 438 441 444 446 448 458 459 462 464 470 472 477 478 480 
152 159 172 176 182 188 190 193 197 205 206 209 215 221 225 231 236 242 251 253 257 262 264 271 274 276 281 286 294 295 297 303 307 311 315 319 321 325 326 328 330 333 341 342 347 353 355 357 359 360 362 364 372 375 381 390 394 397 401 405 406 407 411 415 419 423 427 430 431 434 435 437 439 440 445 448 450 453 461 462 465 466 473 477 481 482 486 
154 161 174 180 185 190 193 196 199 208 211 213 219 222 228 232 240 244 253 257 259 266 267 275 279 282 286 289 296 298 299 306 308 313 316 322 323 326 329 333 335 337 344 345 350 355 357 358 363 365 366 368 373 377 384 394 395 399 403 406 409 412 416 418 420 425 428 431 433 438 442 445 446 447 451 454 458 459 464 468 472 475 476 480 484 487 490 
158 165 178 182 188 194 197 199 203 212 214 216 220 224 229 235 241 245 255 261 264 269 272 276 283 284 289 293 297 300 302 307 309 315 319 325 328 332 336 339 340 342 345 349 354 359 361 362 364 366 370 373 374 379 387 395 397 400 407 409 413 416 420 424 428 429 431 435 439 442 445 448 451 455 459 460 464 467 469 473 474 478 480 483 488 489 493 
162 167 181 183 192 195 200 201 207 214 215 219 221 226 230 237 245 246 258 263 268 270 276 278 285 288 293 297 300 303 304 308 313 319 320 327 330 336 339 340 343 344 346 352 356 361 363 367 370 371 374 375 379 383 391 398 402 406 410 411 415 417 421 425 432 435 438 439 441 445 447 452 455 457 460 461 466 468 473 474 475 481 485 486 490 492 496 
164 168 183 187 196 200 202 203 209 217 221 224 227 231 234 239 249 251 262 265 269 271 279 282 286 289 294 299 302 307 308 312 315 321 322 330 332 338 341 345 348 351 353 354 357 364 368 369 372 374 375 378 383 387 393 401 404 409 412 413 417 418 424 429 433 436 440 444 445 449 453 456 457 460 464 468 469 471 475 478 481 483 488 490 493 496 499 
166 170 186 189 197 203 204 205 210 220 225 227 231 234 238 241 252 254 263 267 273 277 281 284 287 293 295 300 304 308 309 313 317 324 328 334 337 341 345 347 352 353 354 358 361 366 369 370 374 376 379 381 386 388 395 403 406 412 413 415 421 422 425 432 434 438 443 448 449 453 457 458 459 461 468 469 471 474 477 482 484 486 490 494 496 499 502 
168 173 190 193 201 206 209 213 217 221 228 230 233 237 242 244 256 260 264 268 277 280 283 285 289 296 297 302 306 310 313 317 319 327 330 336 339 344 346 349 353 357 358 359 362 368 371 375 376 379 381 383 387 389 399 404 410 416 418 421 425 426 430 436 437 441 446 452 456 459 463 465 469 472 473 474 476 479 482 485 487 489 492 498 502 506 508 
169 174 191 194 203 210 211 214 221 223 232 234 238 241 243 247 260 262 265 269 280 283 285 286 292 298 301 304 310 312 317 320 324 330 334 338 343 347 348 353 356 359 361 362 363 371 373 378 382 384 385 389 390 391 401 405 411 419 423 426 427 428 434 438 439 444 449 454 458 461 464 469 472 475 478 482 483 486 489 493 496 497 498 499 503 508 512 
171 175 194 197 204 212 215 216 222 226 234 235 241 245 247 249 263 264 267 270 282 284 288 289 294 300 304 305 314 317 320 321 327 333 338 340 345 351 352 354 359 360 365 369 372 373 377 379 386 388 391 394 395 399 404 409 414 421 425 429 430 431 438 442 444 446 451 456 460 464 465 473 474 478 479 484 486 490 491 495 499 500 504 506 508 512 515 
174 177 195 200 206 215 216 219 224 228 235 239 242 249 252 253 266 269 271 275 285 288 291 293 295 301 308 312 316 319 322 323 328 337 341 343 346 353 354 357 363 367 371 372 375 379 382 385 389 390 392 398 402 403 406 411 416 424 427 430 433 437 442 443 445 450 455 457 463 465 469 476 480 481 483 485 487 494 495 496 503 504 507 511 514 516 520 
177 179 197 202 209 218 221 225 228 231 239 243 245 252 254 257 267 271 273 278 289 290 292 296 297 302 310 315 320 321 323 326 330 341 342 344 350 356 359 363 365 369 375 379 383 387 390 394 398 401 405 406 410 414 417 419 423 428 429 432 437 438 446 448 452 455 458 460 464 466 472 479 484 485 486 489 492 496 500 504 505 506 511 513 515 518 521 
179 180 198 206 210 219 223 229 232 234 240 246 248 254 257 261 269 275 278 281 291 294 295 299 301 305 311 316 321 322 325 329 333 345 346 349 354 358 361 366 367 370 379 383 386 388 393 395 401 403 408 409 412 416 419 423 427 431 432 436 439 440 450 454 456 457 462 464 466 468 474 482 485 486 487 493 494 498 502 507 511 512 516 518 520 523 526 
180 181 201 210 211 223 226 232 235 236 241 248 251 258 262 266 270 276 281 283 293 295 296 303 307 311 314 320 323 325 326 332 335 347 351 355 357 361 365 370 374 377 380 387 390 394 395 398 405 406 409 412 415 419 420 425 428 435 437 441 445 447 453 458 462 466 470 473 477 479 483 486 487 491 494 497 500 503 505 508 514 515 517 521 523 526 528 
183 184 203 211 212 224 227 233 239 243 247 252 256 262 263 270 272 280 282 284 295 297 298 307 310 312 316 321 327 331 333 334 339 348 354 358 360 365 368 373 378 381 385 388 391 395 396 400 408 412 414 418 422 425 429 431 432 438 439 445 449 450 455 459 464 467 473 474 481 483 484 489 492 495 497 499 503 506 509 512 518 521 522 524 526 527 529 
185 189 207 213 217 227 228 235 240 245 249 256 260 263 266 271 275 284 285 289 298 299 303 311 315 316 318 322 328 333 337 339 340 352 355 361 365 369 370 376 380 382 386 391 394 399 402 403 411 414 415 421 426 429 433 434 435 440 441 449 450 454 457 463 468 471 474 478 485 486 488 493 494 497 499 503 504 510 511 514 521 525 527 528 532 535 537 
189 191 211 214 218 231 234 237 242 248 252 260 262 264 267 275 278 285 289 291 299 303 305 315 316 320 321 325 330 336 338 343 346 356 360 364 368 370 371 378 382 384 387 392 397 401 404 405 413 417 419 423 429 431 436 440 444 446 450 451 453 456 460 465 471 473 475 481 487 488 492 494 497 499 503 507 508 512 514 517 525 526 531 533 537 540 541 
193 196 212 218 221 235 236 241 243 252 254 261 265 268 271 279 282 289 291 292 302 304 306 317 318 322 324 327 332 338 339 345 348 360 362 366 371 372 373 380 384 388 390 394 400 404 405 408 415 420 421 426 431 435 439 443 446 447 453 457 461 464 465 469 474 478 482 484 491 495 496 497 499 500 505 508 509 513 518 521 527 529 535 539 541 545 547 
194 198 215 220 224 239 240 245 249 256 259 265 269 270 274 281 283 292 293 295 305 308 312 320 323 324 326 328 336 341 343 348 349 361 364 368 372 373 376 384 385 389 392 398 402 407 408 412 417 422 426 428 432 436 443 445 447 448 457 459 463 467 471 473 477 480 483 485 495 496 500 502 503 507 508 510 514 518 522 526 528 530 538 543 546 549 552 
198 201 219 224 227 243 245 247 252 258 260 266 272 274 276 284 287 294 296 299 308 312 315 324 327 330 332 336 339 344 348 349 353 363 367 370 375 378 382 388 390 392 393 400 403 408 409 413 418 423 427 429 433 439 447 450 452 454 460 463 465 471 475 476 481 484 485 489 498 501 505 506 507 509 513 516 517 520 524 530 531 533 542 547 551 553 555 
202 204 220 227 228 246 247 251 254 262 263 269 273 278 279 288 290 295 300 304 310 316 318 325 328 333 336 338 341 346 350 352 355 365 371 373 376 380 384 391 393 395 398 401 405 410 413 415 419 424 429 432 437 442 450 451 455 458 463 466 468 474 478 481 483 487 490 492 500 503 507 510 511 515 517 521 523 524 526 534 536 539 544 550 555 558 560 
206 210 223 229 232 247 248 253 258 265 266 273 277 281 284 291 292 298 304 308 312 318 320 327 329 335 339 343 345 349 351 353 356 368 373 375 378 381 388 395 397 398 400 402 406 414 416 417 422 428 433 434 441 444 451 452 456 462 464 468 471 475 480 482 484 491 493 494 502 505 509 512 513 518 520 524 527 529 530 538 541 545 547 553 557 561 562 
210 213 224 231 236 251 252 256 259 267 268 274 281 285 286 293 294 302 305 310 316 322 326 330 333 338 342 347 348 353 356 359 362 370 375 379 381 383 389 396 401 403 405 408 409 416 420 423 427 430 436 437 443 448 455 459 463 467 471 475 477 478 482 483 486 492 494 495 504 506 512 515 517 522 526 530 532 535 538 542 546 548 550 556 561 563 564 
213 215 226 233 240 255 257 261 263 270 272 275 282 288 290 297 300 306 310 314 319 325 329 333 337 342 346 350 351 355 360 361 364 371 379 380 384 385 393 397 404 408 412 414 416 420 421 425 430 434 440 444 448 451 459 463 467 470 475 479 480 481 486 487 491 494 498 502 507 511 515 517 518 523 527 533 534 537 542 545 550 553 557 560 563 565 567 
214 217 229 235 244 257 261 262 265 274 277 278 284 289 293 298 304 307 314 318 322 328 333 336 339 343 349 353 354 357 362 363 365 373 382 386 390 393 395 401 406 410 414 417 419 422 423 427 431 438 441 448 451 452 462 464 469 471 478 483 487 490 493 494 497 499 502 506 511 513 517 519 523 526 529 537 538 539 545 547 553 555 561 562 565 567 569 
218 219 232 237 246 261 265 269 273 278 279 283 288 293 296 300 307 310 318 321 324 332 335 338 342 344 352 357 359 362 365 368 369 377 383 390 391 394 397 403 409 412 416 419 420 426 429 432 435 439 444 450 452 456 464 467 472 474 481 487 491 495 499 501 504 508 510 513 517 518 520 524 526 529 531 538 540 544 549 552 555 559 562 563 567 569 570 
221 222 235 239 249 262 267 272 275 279 281 287 292 295 298 301 308 311 322 323 327 334 336 339 346 348 354 359 362 365 368 372 374 378 385 393 397 399 400 405 411 416 417 422 425 427 432 433 437 440 445 451 453 459 467 470 474 476 483 488 492 496 500 502 506 511 514 517 518 519 523 525 529 531 534 539 541 548 553 554 556 561 566 570 572 573 577 
224 226 238 242 252 266 270 273 276 282 284 290 293 297 302 304 311 315 324 327 331 336 337 341 350 351 358 362 365 368 370 376 379 381 386 396 398 402 404 409 415 420 421 426 430 434 436 440 443 446 448 455 457 461 468 472 476 479 485 491 495 499 501 505 509 515 518 520 524 526 527 530 533 536 537 540 544 551 556 558 559 564 568 571 576 577 579 
227 228 242 243 255 270 272 277 281 286 288 291 297 298 304 306 314 316 325 331 332 340 343 344 354 356 361 364 368 370 373 378 381 384 389 397 401 405 406 411 419 421 423 428 434 438 440 444 445 448 449 459 460 465 471 473 479 483 487 494 498 501 504 508 513 517 520 524 527 528 532 534 538 541 542 544 548 553 558 561 562 567 571 572 580 582 585 
231 235 246 247 256 273 274 281 284 290 292 294 298 302 308 312 316 318 326 333 334 343 346 348 357 359 364 366 370 373 375 382 384 385 392 401 404 406 407 412 422 424 426 432 438 440 442 445 448 451 453 460 462 467 474 477 483 485 491 496 500 502 506 510 517 519 524 526 530 533 536 539 541 543 545 547 551 555 562 565 569 573 577 581 582 585 589 
234 239 250 252 257 276 278 282 287 292 296 297 300 306 309 313 319 323 330 337 340 344 348 352 361 362 367 370 371 376 380 384 387 391 396 404 406 409 410 413 426 430 434 438 439 444 446 447 450 452 457 464 465 471 477 478 487 491 492 499 501 503 507 514 519 523 526 529 531 536 539 541 544 548 551 552 553 556 564 568 573 577 578 583 587 591 594 
235 242 251 253 259 280 282 286 290 296 300 304 306 308 311 315 321 326 332 340 344 345 350 356 362 363 370 371 375 377 383 388 392 395 400 407 410 411 412 415 427 434 438 439 441 446 447 448 452 453 460 468 471 473 479 483 489 494 497 502 504 505 509 515 520 527 529 532 536 537 542 543 547 551 554 556 559 561 567 569 575 580 584 585 589 592 595 
237 244 254 256 263 282 286 288 293 297 302 305 309 311 314 318 322 327 334 344 347 348 353 358 366 369 371 372 376 381 386 391 396 398 404 408 411 413 415 419 430 435 441 442 445 447 450 454 458 461 462 470 475 476 480 485 492 498 499 505 506 509 513 517 524 531 533 537 538 541 543 545 548 552 558 559 563 565 570 572 577 581 588 592 594 598 599 
