4 8 9 11 13 17 19 20 22 23 26 30 31 34 36 38 42 44 47 49 50 52 56 60 63 67 71 73 76 80 82 85 86 89 92 93 96 100 101 103 107 108 110 112 114 117 119 121 124 128 131 135 136 140 143 145 146 147 149 151 155 156 159 160 162 163 166 169 171 174 178 179 180 183 185 189 192 193 196 198 200 201 204 208 210 213 216 217 218 221 223 224 228 229 231 232 233 235 238 242 246 247 249 252 255 257 260 261 265 267 271 273 274 276 278 281 282 
5 10 13 16 19 21 23 25 28 32 33 34 37 39 42 46 48 51 52 54 58 62 65 69 72 76 77 78 79 82 83 89 93 96 97 101 104 107 108 112 114 118 120 122 125 126 127 129 131 133 134 137 139 143 145 149 152 154 155 157 159 160 164 165 167 170 171 173 175 179 182 185 189 190 191 193 194 197 200 204 207 211 212 216 217 220 224 226 228 229 233 237 241 244 247 251 254 258 259 261 265 268 272 276 278 279 282 285 288 290 294 295 298 301 305 309 311 
8 13 16 17 21 22 24 28 31 36 37 40 42 43 44 48 50 55 58 62 66 70 72 75 76 80 83 86 88 91 92 95 98 99 100 102 107 110 111 113 118 121 122 123 126 129 131 133 135 136 140 143 146 148 151 153 156 157 161 165 167 169 173 174 177 180 184 185 188 192 196 200 202 204 207 210 214 215 218 221 224 227 231 233 236 237 241 244 248 249 253 257 258 261 263 266 270 273 274 277 281 283 284 285 286 288 292 296 297 298 300 303 306 308 311 314 315 
12 17 21 25 29 31 35 38 42 45 49 51 53 54 55 56 57 59 60 66 67 72 76 77 78 83 87 91 93 97 98 101 102 103 104 106 110 112 113 116 121 123 127 129 132 134 135 138 141 145 147 150 152 154 157 159 162 166 168 170 173 176 178 179 180 181 187 190 193 197 200 201 205 207 211 212 217 220 221 222 225 229 232 236 237 240 242 245 252 256 259 262 264 267 270 273 277 278 280 282 283 286 288 292 293 296 300 301 303 305 306 307 310 312 313 315 319 
13 21 24 26 30 33 36 41 45 49 51 54 57 60 64 67 69 72 76 79 83 85 88 90 93 97 98 101 105 108 110 113 114 118 121 124 127 131 134 137 139 141 142 146 148 152 156 157 158 162 163 165 166 168 170 172 174 176 178 181 184 185 186 190 193 195 197 199 202 203 206 209 211 214 218 220 222 223 226 228 231 234 236 240 241 245 248 250 254 260 261 265 266 271 273 274 278 279 282 283 284 288 291 293 297 299 303 306 308 310 311 312 313 317 319 321 322 
15 24 28 30 34 35 38 45 49 51 54 55 60 64 68 71 73 75 79 83 86 87 89 91 94 101 103 106 107 111 115 118 122 125 127 128 131 134 135 138 143 147 148 152 155 159 163 165 169 170 172 176 179 181 184 188 192 194 197 199 203 205 206 207 209 211 213 216 220 223 227 229 231 233 235 238 241 245 247 249 252 254 256 258 260 262 263 267 271 275 277 278 281 284 285 288 292 296 298 301 304 308 309 311 313 316 320 324 326 329 333 337 340 341 343 346 349 
19 25 30 33 38 42 46 48 50 53 56 57 64 65 70 75 79 80 81 84 87 91 92 95 99 103 106 107 111 113 116 120 123 129 130 131 133 137 138 141 146 148 152 155 157 161 165 168 173 175 176 179 183 185 186 192 193 197 198 201 205 206 210 214 218 221 224 225 227 229 231 233 236 237 240 244 247 250 251 254 257 260 261 263 267 271 274 277 279 282 285 288 292 293 297 300 303 304 307 310 313 315 317 318 322 325 326 329 333 334 338 339 342 346 348 351 355 
20 28 32 37 41 44 49 52 53 56 60 61 67 70 73 76 82 85 89 92 94 96 100 103 106 107 111 112 116 118 121 122 125 133 135 139 140 141 144 145 150 152 154 157 159 165 166 170 174 176 177 182 187 190 193 197 199 201 202 204 207 209 213 216 220 224 228 229 230 231 232 237 238 239 242 247 249 253 257 260 263 264 265 269 273 275 277 279 282 283 289 292 296 298 299 303 307 311 314 317 320 323 327 329 331 333 336 340 342 345 348 349 353 357 359 362 364 
23 32 34 41 45 49 53 55 59 60 62 66 69 74 77 81 83 87 92 94 98 101 102 105 107 110 115 117 118 122 123 124 126 135 139 141 145 149 152 154 158 160 161 163 165 167 170 173 176 177 181 183 189 194 196 200 204 208 209 212 213 214 218 222 224 227 230 233 236 240 244 246 250 254 255 259 260 261 263 267 271 273 275 276 279 283 286 289 293 297 298 300 303 304 306 307 311 314 316 319 321 326 330 331 332 337 340 341 345 348 350 352 356 361 363 367 371 
25 35 36 44 48 51 56 59 60 64 68 71 73 77 81 84 85 91 94 95 101 105 108 109 111 112 116 119 123 125 128 130 131 136 142 146 148 150 156 158 160 164 167 171 175 177 179 180 182 185 187 188 190 196 199 202 205 209 211 214 216 220 222 225 227 231 235 237 239 244 246 247 254 257 259 260 261 262 267 269 272 274 277 280 281 285 290 293 295 300 301 302 307 310 312 316 318 319 320 323 327 330 332 333 337 339 343 344 348 349 352 353 359 364 367 370 374 
28 38 40 47 49 54 59 63 66 67 69 74 76 78 82 87 91 93 96 98 103 108 111 113 117 118 120 123 125 127 130 132 133 137 143 149 152 156 158 162 164 167 168 172 179 182 185 186 188 189 191 195 197 198 202 204 207 212 215 216 220 221 226 228 229 235 236 239 241 245 247 250 258 260 264 268 269 272 275 278 280 283 285 286 290 292 295 299 300 302 303 304 308 313 315 318 321 323 325 326 331 335 336 340 343 345 347 351 354 356 360 364 366 369 372 374 376 
30 42 44 49 52 57 62 67 71 74 75 78 81 83 84 88 95 98 101 104 106 112 115 116 121 122 123 125 129 130 134 135 139 141 144 151 153 158 159 166 170 174 175 178 181 183 186 187 192 196 197 199 203 204 207 208 211 215 217 221 222 223 229 232 234 238 240 241 244 249 252 253 260 263 265 270 272 273 278 281 283 286 290 292 296 298 299 300 303 304 305 307 309 315 319 321 325 329 331 334 338 342 344 347 349 350 351 352 355 359 363 367 371 372 374 375 380 
33 44 47 52 55 60 66 69 74 76 78 79 84 86 87 92 98 100 102 105 109 114 116 118 123 127 131 134 137 140 143 146 147 151 152 156 158 160 163 167 172 176 179 182 185 189 193 197 199 203 206 210 213 214 215 217 221 224 226 228 231 232 235 239 242 244 246 247 251 254 255 257 262 264 269 274 276 278 282 283 285 287 293 297 299 302 306 307 311 314 318 319 322 323 325 327 330 332 336 339 340 345 346 349 351 355 357 358 359 363 364 371 372 375 378 380 381 
34 47 51 54 56 62 69 73 78 79 83 85 86 90 92 94 102 105 109 111 115 119 121 123 125 131 134 138 142 146 149 151 155 157 159 160 164 165 169 170 175 179 180 186 190 191 195 200 202 204 207 214 217 218 219 222 224 228 229 230 232 234 237 241 246 248 252 253 256 259 262 266 270 273 275 278 279 282 285 287 288 290 294 298 303 307 310 312 316 319 320 322 326 328 330 334 338 340 343 346 347 348 349 351 353 357 359 363 365 368 372 374 378 382 385 386 387 
36 51 53 55 60 63 72 77 79 82 84 87 90 91 95 99 104 106 113 114 119 120 125 126 127 134 136 140 144 150 154 155 156 160 161 164 167 171 174 178 182 184 186 188 193 196 198 201 205 209 213 216 221 224 225 226 227 230 231 235 237 238 241 242 249 250 254 258 259 263 267 269 274 276 277 280 281 285 286 289 292 293 298 300 306 310 312 316 319 320 323 327 330 333 335 338 339 341 347 350 351 355 357 358 362 363 365 369 373 377 379 382 385 386 387 390 392 
40 53 54 57 64 66 73 81 83 87 90 91 93 97 101 104 108 112 114 115 123 127 128 131 134 136 139 144 147 154 156 157 158 161 163 168 171 173 177 182 186 189 190 192 195 199 203 205 209 213 214 217 223 227 231 234 236 238 241 242 245 249 250 251 253 256 259 261 263 267 271 273 276 280 282 283 284 286 287 293 296 299 300 301 308 311 316 320 323 324 325 329 333 334 338 341 345 347 351 354 357 361 364 367 369 370 374 378 381 383 385 386 389 392 395 398 399 
41 57 61 62 66 70 76 85 86 89 92 94 97 99 105 109 111 113 117 120 127 128 129 135 138 142 145 146 151 156 159 160 161 163 165 172 173 176 179 186 187 190 191 196 197 200 205 207 212 217 220 221 224 230 232 235 238 241 245 248 251 255 258 259 261 262 265 267 269 271 275 278 280 281 284 286 289 290 291 295 299 303 304 308 309 313 317 321 327 330 331 332 334 337 342 345 349 353 356 359 362 363 366 369 371 373 376 382 386 388 389 391 395 399 401 402 404 
43 58 65 66 70 71 78 89 90 93 96 100 104 105 107 110 115 117 119 124 128 132 135 139 140 145 149 152 154 159 160 161 164 167 170 175 178 180 181 187 189 192 193 199 201 202 209 213 217 218 224 227 230 234 235 236 241 245 247 251 254 258 259 260 263 264 266 271 274 276 278 279 283 286 287 290 294 295 299 303 305 308 310 311 315 318 320 324 328 333 335 338 339 343 345 347 352 356 357 362 365 368 371 374 378 379 382 385 390 394 398 399 403 407 411 415 417 
44 62 68 71 72 76 82 91 94 96 97 103 105 108 112 113 119 123 124 128 131 133 136 143 144 148 152 155 159 162 164 166 169 173 177 181 183 185 189 193 194 196 200 202 204 206 212 214 221 225 227 230 231 235 236 240 242 249 253 257 260 261 265 268 271 273 276 280 284 286 290 293 294 297 299 300 302 304 308 309 313 315 318 321 324 326 329 330 332 334 337 341 343 347 349 353 354 359 360 365 367 370 374 378 382 385 386 387 391 396 399 403 406 410 412 416 421 
47 63 71 73 77 78 86 95 98 102 106 108 110 112 113 114 122 124 126 131 132 134 139 144 147 149 156 159 162 165 168 169 172 175 181 183 184 188 190 196 200 202 204 207 211 213 216 219 223 227 228 232 235 238 240 244 248 251 256 258 264 265 268 272 275 276 278 284 287 290 291 297 299 300 304 306 307 310 313 315 317 319 320 322 327 331 333 334 337 339 340 343 345 351 352 356 360 362 365 366 369 374 376 379 384 386 390 391 395 400 401 404 408 414 415 417 425 
49 67 72 76 81 83 87 96 99 105 109 111 114 117 119 121 126 130 134 135 136 137 143 145 150 151 158 161 164 166 172 175 178 181 184 187 189 192 194 197 201 206 207 209 212 215 217 220 227 228 230 233 236 242 243 248 250 254 259 262 265 266 271 274 279 280 281 285 288 294 297 298 303 307 308 309 312 314 318 322 323 325 328 330 333 336 340 342 346 347 351 353 356 359 362 363 365 369 373 374 375 377 381 382 387 389 392 393 398 403 405 408 410 418 420 423 429 
52 70 74 78 82 84 90 100 101 108 110 115 116 120 121 123 130 133 138 142 144 148 151 153 157 158 162 166 167 169 175 176 179 183 185 191 193 194 197 199 203 209 212 214 218 220 222 225 231 233 234 235 239 243 245 249 251 258 260 264 266 269 273 276 281 284 286 290 293 296 299 302 307 308 312 313 317 321 323 324 327 330 333 337 338 339 341 344 350 353 354 358 360 361 365 367 368 372 375 376 380 381 384 387 388 392 394 396 401 406 408 410 414 420 424 425 433 
54 71 78 81 84 85 93 104 108 110 114 119 123 125 129 132 136 137 142 145 147 151 154 156 159 160 163 169 171 175 178 181 183 187 188 195 199 203 206 210 211 214 216 219 222 225 229 231 233 235 236 240 242 245 249 250 255 261 265 269 273 276 277 278 282 285 288 294 296 300 303 306 309 310 316 317 320 323 327 328 329 334 338 339 343 345 347 351 353 357 358 360 361 364 367 371 374 375 379 380 382 384 388 391 394 396 399 402 405 409 412 414 415 422 427 428 437 
55 72 80 85 88 90 96 107 109 112 116 121 124 128 131 133 137 140 145 146 148 152 155 158 162 165 169 172 176 179 183 186 190 194 198 200 204 207 209 213 215 218 220 224 227 229 230 233 234 236 240 244 248 251 255 259 260 265 268 271 275 279 282 284 286 290 293 295 298 301 306 308 310 311 320 322 323 325 328 332 334 337 342 344 347 351 355 357 358 361 364 365 366 369 372 374 377 381 384 387 388 389 393 394 397 400 401 405 407 410 414 417 418 423 429 433 441 
58 73 84 89 92 93 98 110 112 115 118 124 128 132 135 137 140 141 149 153 157 160 163 164 168 170 172 176 178 182 185 190 194 197 199 203 205 211 213 216 219 222 223 228 232 234 237 240 243 245 249 252 255 258 260 261 263 266 270 275 278 283 286 288 291 293 296 300 304 306 309 310 311 312 323 325 328 329 333 334 336 341 344 348 352 355 359 362 366 367 371 373 377 381 385 388 392 393 394 397 401 402 404 407 409 412 416 418 419 420 424 426 429 431 433 437 444 
61 74 87 92 94 97 100 113 116 118 122 127 132 134 137 139 142 143 150 155 161 163 167 171 175 179 183 185 189 190 193 197 201 203 207 208 210 215 218 221 223 224 225 229 233 236 239 243 245 248 250 255 256 260 262 263 267 269 274 278 279 287 290 294 297 301 303 305 308 312 315 317 319 322 325 326 331 333 335 337 340 342 347 352 353 357 361 363 369 371 373 376 381 382 389 390 393 396 397 399 403 405 407 408 411 415 420 422 426 428 429 433 434 437 439 442 446 
63 76 90 96 98 100 102 117 118 119 125 131 134 135 138 142 144 146 153 156 165 169 172 175 178 182 187 191 192 194 196 198 205 207 211 212 213 218 221 225 227 228 230 232 236 239 240 244 249 251 252 258 260 261 263 267 270 274 278 281 284 290 293 297 299 305 307 310 314 317 320 324 327 329 331 332 336 338 339 343 344 345 350 355 359 363 365 367 373 377 380 384 385 388 392 396 398 400 404 408 410 413 416 418 422 425 426 430 434 435 439 440 443 444 447 448 451 
67 80 91 97 102 104 106 121 125 128 129 134 137 140 144 147 148 150 157 160 169 170 176 180 182 184 190 195 197 201 202 203 208 210 215 217 219 221 222 228 232 234 237 241 244 247 248 250 252 254 258 259 263 265 268 269 273 275 281 283 287 291 297 299 303 306 311 312 317 321 322 328 331 332 334 338 340 344 346 350 354 357 359 362 366 370 372 375 379 383 384 388 392 396 397 399 401 404 406 411 413 417 420 424 425 428 430 431 438 440 444 447 448 449 451 455 456 
69 81 92 98 106 109 111 122 128 130 132 137 138 143 145 149 150 152 159 161 170 172 177 181 183 185 194 196 200 204 206 210 214 217 218 219 221 223 224 230 235 238 242 243 246 248 250 253 256 258 259 263 265 267 269 273 274 279 282 284 289 292 298 303 306 308 315 319 323 324 325 329 333 337 341 344 346 349 353 357 361 365 369 372 374 376 378 382 383 385 389 390 393 398 402 406 407 409 412 416 420 423 425 428 432 434 438 439 443 445 449 451 452 455 456 460 462 
73 85 95 101 108 112 113 125 131 135 137 140 143 147 148 152 155 156 163 164 174 176 181 184 187 190 195 198 201 205 208 211 216 220 222 226 230 234 236 239 243 246 250 251 255 259 260 263 265 268 271 275 277 280 283 285 286 290 292 294 298 302 304 306 310 313 318 323 326 329 331 333 337 339 345 346 348 352 354 359 363 366 373 374 377 380 383 387 390 394 398 401 404 408 411 412 413 414 415 420 422 424 429 431 435 439 442 444 448 450 454 455 457 458 461 462 465 
75 87 97 103 111 116 117 126 135 139 142 146 147 149 150 155 156 157 166 167 178 180 183 188 191 195 198 200 205 207 211 212 219 223 224 229 233 236 240 244 247 249 251 254 258 261 263 267 271 272 273 276 281 283 287 290 294 295 299 301 305 307 311 313 315 318 319 327 328 332 334 338 339 341 347 350 352 355 358 363 365 370 375 377 381 384 388 391 392 395 401 402 406 412 415 418 420 423 424 428 431 432 433 434 437 441 445 447 452 455 457 461 463 467 471 474 475 
79 89 99 107 113 117 120 130 137 142 143 148 150 152 153 158 161 163 168 171 182 184 186 189 192 198 201 202 206 208 215 219 221 227 231 235 238 240 244 245 248 250 252 258 259 263 265 270 273 274 275 277 282 286 289 292 297 301 304 306 308 309 314 316 319 321 324 330 333 335 338 341 342 346 350 352 354 356 359 364 369 371 376 379 382 388 391 393 396 400 403 405 407 414 418 419 423 427 430 431 435 436 440 443 447 451 452 453 455 458 460 464 467 468 475 478 479 
83 93 100 108 114 119 121 134 139 146 150 154 158 160 164 167 171 174 178 182 186 188 192 195 198 199 204 206 210 214 219 222 225 229 233 237 239 243 247 251 252 253 255 261 264 265 269 274 277 278 280 284 287 290 294 298 299 305 306 308 309 310 317 320 323 326 329 332 336 337 340 343 344 350 353 356 357 360 361 366 370 375 378 383 387 391 392 394 400 403 405 408 410 416 420 424 425 431 432 434 438 439 443 445 448 453 457 460 464 467 468 470 471 473 477 479 482 
87 95 102 112 117 120 124 138 143 148 153 156 160 161 165 170 175 178 179 183 188 190 193 196 201 202 205 210 211 216 221 226 227 233 235 239 241 244 248 252 254 257 260 265 266 269 272 277 279 281 285 288 289 293 296 300 304 306 307 310 311 314 319 324 327 331 332 335 340 344 345 349 351 354 355 358 361 364 365 367 371 377 379 385 390 394 396 398 404 405 407 409 413 419 421 426 428 432 436 440 444 448 451 454 455 456 459 463 465 469 472 473 477 480 484 488 490 
91 99 103 114 118 121 126 142 144 151 157 160 163 165 166 174 179 183 186 190 193 197 199 202 205 207 211 215 219 221 222 227 228 235 238 240 244 245 251 254 256 258 263 269 271 272 273 280 284 287 291 294 297 299 301 303 306 309 310 313 315 318 321 327 330 332 334 339 344 347 349 352 355 358 360 364 367 369 372 374 375 380 381 387 394 395 399 401 406 410 412 413 414 420 422 427 431 436 437 444 445 451 455 457 459 460 464 468 472 476 477 479 480 482 488 491 493 
95 102 106 115 119 123 129 146 147 154 158 164 165 168 171 175 181 185 190 191 196 201 205 209 212 215 218 221 223 225 228 231 235 237 241 245 246 250 252 257 258 262 265 272 273 276 277 282 286 289 292 295 300 301 303 304 308 310 312 315 316 321 324 328 334 337 341 343 345 350 353 357 360 363 364 366 371 374 378 380 384 385 386 389 396 400 401 403 409 412 414 417 419 422 426 429 435 438 439 446 449 454 459 462 465 469 472 473 475 477 480 482 484 485 492 496 497 
96 105 108 117 123 125 130 149 151 157 161 165 169 173 174 179 183 189 192 195 200 202 208 213 217 219 223 227 230 233 234 235 237 240 245 247 249 251 254 261 262 263 266 273 274 279 280 285 290 293 297 300 304 307 310 312 315 318 319 323 325 329 332 333 336 340 343 346 347 351 356 360 361 367 369 373 374 378 382 386 388 392 393 395 399 401 404 405 411 413 415 418 421 423 429 431 436 439 442 450 452 457 463 466 467 470 474 476 478 482 485 487 488 489 493 498 501 
97 109 110 121 126 127 131 152 155 161 165 166 171 177 181 183 184 191 194 199 203 205 211 217 218 221 227 229 231 236 238 239 243 244 248 252 253 254 257 262 264 265 269 275 278 281 285 289 293 295 298 304 307 308 314 318 320 324 326 328 331 332 335 338 339 342 347 348 350 352 358 364 368 370 373 377 379 382 385 389 390 394 396 399 400 405 408 412 415 416 418 419 424 427 430 433 440 444 445 454 455 461 466 469 472 474 477 480 484 486 487 491 494 498 502 504 508 
99 113 115 125 130 131 133 155 158 163 169 170 175 179 183 186 188 193 195 200 206 210 213 219 221 223 228 232 235 237 239 243 244 245 249 256 259 263 266 267 271 274 275 279 283 284 287 291 296 300 304 308 309 313 315 320 322 328 332 333 337 339 340 344 347 348 350 354 357 359 361 365 369 373 377 380 383 386 389 391 393 395 399 403 404 408 410 415 418 421 423 425 429 430 432 434 442 446 447 458 462 466 470 474 475 479 483 486 489 492 494 496 497 502 506 507 509 
102 117 120 129 132 136 138 157 159 165 173 175 176 181 186 189 191 194 196 204 208 213 215 221 222 227 231 233 239 241 243 244 246 250 254 259 260 267 269 272 276 277 280 282 285 288 292 296 298 303 307 309 313 314 318 323 325 332 334 336 338 343 345 347 350 352 353 357 361 363 366 367 373 374 379 383 384 387 393 394 396 398 401 406 408 411 414 416 419 424 427 430 432 434 436 437 445 447 451 460 464 469 474 475 476 481 486 487 490 495 498 500 504 505 509 510 511 
104 121 125 133 135 137 142 160 163 167 174 176 178 182 187 190 193 197 200 205 210 214 216 222 224 230 235 239 243 247 251 253 255 257 259 260 263 269 272 275 277 280 284 285 286 291 293 298 299 304 311 314 316 320 324 328 329 336 338 341 344 346 347 349 354 356 357 358 364 367 368 372 377 381 382 384 385 388 396 400 402 405 409 410 414 416 420 423 426 427 429 434 438 442 445 449 451 454 458 462 465 471 476 480 481 483 487 491 492 497 499 503 507 511 515 518 522 
108 125 129 135 139 143 147 161 165 168 177 178 179 186 190 191 196 200 201 206 213 215 219 226 228 233 239 242 245 249 253 256 260 264 265 266 267 271 276 278 282 283 287 288 292 293 295 300 304 307 315 317 318 321 328 331 332 337 342 344 346 348 352 354 356 359 360 364 367 368 371 374 381 382 384 386 388 389 397 404 406 409 413 414 415 418 424 428 430 433 435 436 439 445 447 453 454 456 460 464 468 472 480 484 486 487 488 494 496 501 505 508 511 514 518 520 525 
110 129 133 138 141 146 151 162 166 169 179 183 187 189 194 195 198 203 206 210 216 220 223 230 231 237 242 243 248 251 254 258 264 265 268 269 270 275 277 282 285 288 291 292 293 294 299 304 306 311 317 319 321 325 329 333 336 341 344 345 347 351 353 357 358 361 362 365 369 372 376 378 385 388 391 392 396 397 401 408 412 416 419 423 427 429 431 435 438 441 445 446 448 451 453 456 457 461 465 466 469 473 483 488 491 492 496 500 504 505 508 509 515 519 521 522 529 
114 132 134 140 143 149 152 164 168 172 183 187 190 194 197 199 202 206 207 212 219 224 226 233 234 240 246 250 251 253 256 262 265 268 269 273 274 277 280 286 288 289 294 297 298 301 302 305 308 314 320 324 326 330 333 337 339 345 347 350 352 356 357 361 363 365 366 367 372 373 377 381 388 391 395 398 401 404 408 411 413 420 422 424 431 435 439 440 443 446 448 451 454 457 460 461 465 468 470 471 475 476 487 491 493 496 500 502 507 508 511 513 518 522 526 530 532 
117 136 137 143 146 153 154 167 172 175 184 190 193 195 198 201 204 209 213 216 221 226 228 234 236 243 247 254 258 260 262 265 269 272 273 275 277 279 283 289 291 294 298 300 303 305 308 309 312 316 324 328 331 333 335 338 340 349 350 354 356 359 363 367 368 371 372 376 378 379 382 385 392 394 397 399 404 406 410 415 418 424 425 427 435 439 440 443 447 451 452 455 457 458 464 468 472 475 479 482 486 487 488 495 499 501 504 508 511 513 517 520 523 526 528 534 536 
118 138 141 144 150 155 158 169 175 179 187 191 194 197 199 203 206 210 214 219 224 227 231 237 238 247 251 257 261 265 268 271 272 273 277 281 284 286 289 293 296 298 299 303 305 306 309 313 316 319 327 332 335 337 339 343 345 352 356 360 363 364 365 370 372 374 375 378 381 385 389 392 394 396 401 403 408 412 414 418 420 427 428 429 437 441 443 445 448 453 455 456 458 461 466 472 473 476 480 486 488 491 493 496 500 505 507 512 516 518 522 524 525 528 532 535 539 
121 142 144 148 153 157 159 170 177 181 188 193 198 199 201 207 210 213 217 220 225 230 234 241 244 251 254 259 262 269 270 273 277 279 281 285 286 289 293 296 300 303 305 308 310 314 316 320 322 323 329 335 339 342 345 348 352 356 357 362 366 367 368 371 376 380 381 385 388 389 393 397 401 405 407 411 413 415 417 420 424 430 431 433 441 442 447 450 453 455 458 461 465 466 467 475 478 481 483 487 491 493 497 500 503 507 510 515 519 523 524 526 529 533 535 538 540 
124 143 146 149 155 161 164 174 178 185 191 197 200 201 203 208 213 217 220 223 226 234 236 245 249 253 255 260 265 272 273 275 280 283 286 287 290 294 297 298 301 306 309 311 313 316 319 322 324 326 330 336 342 346 350 353 355 357 361 366 368 371 372 374 380 381 382 388 391 395 399 401 405 409 412 414 416 417 420 424 428 433 436 437 445 448 449 453 455 459 461 462 468 469 470 476 480 484 486 490 492 497 500 504 507 510 513 519 520 527 531 535 539 541 542 544 545 
127 146 148 152 158 162 168 178 180 186 195 198 202 203 205 209 216 219 224 228 232 237 241 246 251 255 256 264 267 273 277 279 284 288 291 295 296 300 304 308 310 312 316 320 323 324 328 329 331 334 337 338 344 349 353 354 357 359 363 370 372 376 380 383 385 388 390 394 396 400 404 408 410 414 417 420 424 428 430 433 437 440 444 448 451 452 456 458 461 462 466 469 470 472 473 478 484 487 491 493 494 498 503 506 508 512 516 521 524 528 534 536 542 543 546 549 551 
128 150 154 156 161 166 171 180 183 190 197 200 203 206 207 210 220 223 228 229 235 238 242 248 252 257 261 268 271 275 279 282 286 290 295 297 301 303 308 311 314 316 317 321 324 326 331 334 337 338 340 342 348 350 354 355 358 360 364 374 376 380 381 384 387 391 392 395 398 402 405 409 411 418 420 423 427 429 432 434 440 443 448 450 455 456 459 461 462 464 468 471 474 477 480 484 487 489 494 498 502 505 506 510 512 516 519 524 526 532 535 539 544 548 549 552 555 
130 152 158 161 164 168 175 182 186 192 198 203 204 208 212 215 223 227 231 233 238 240 246 251 256 260 263 271 275 277 283 286 288 291 297 300 304 305 310 315 316 318 320 324 326 330 333 338 339 340 343 346 350 351 356 359 361 362 368 375 377 381 384 387 389 394 395 397 401 403 406 412 415 421 422 426 431 432 436 437 441 447 452 456 460 462 463 467 470 474 476 477 478 480 483 485 489 491 498 502 504 508 509 513 515 517 523 525 528 533 537 541 546 549 553 556 558 
131 154 160 162 165 169 179 186 189 194 201 204 207 211 215 218 224 229 234 238 242 245 248 252 259 264 267 273 279 280 286 289 291 292 298 301 305 309 312 318 320 323 324 327 331 335 339 342 344 348 350 352 353 355 359 362 366 368 372 379 382 383 386 389 393 396 400 402 406 407 409 415 419 425 426 427 432 435 437 440 442 449 454 459 462 466 469 471 473 478 480 483 485 487 488 492 495 499 503 504 508 511 513 516 519 522 524 529 532 535 539 544 549 550 557 561 565 
133 156 164 165 168 172 183 189 190 195 202 206 208 212 218 219 225 233 238 242 244 248 252 255 262 266 269 277 280 281 287 291 293 295 300 303 307 310 316 322 326 327 329 332 336 337 343 346 349 350 354 355 357 360 361 364 370 374 376 380 383 386 390 391 395 397 401 406 409 410 411 417 422 428 429 432 434 436 439 444 448 451 455 461 466 470 474 476 477 480 484 488 489 492 493 495 497 501 507 511 514 517 518 521 523 524 526 532 535 536 542 548 552 554 560 562 567 
134 159 168 169 171 174 187 191 193 199 205 207 209 215 221 222 226 236 239 245 246 250 255 259 264 269 272 281 285 286 290 292 294 297 302 306 311 313 320 324 328 331 333 335 338 341 344 347 350 351 355 356 359 361 365 368 372 378 379 383 384 387 392 395 398 400 403 407 411 413 415 419 426 432 433 434 436 439 442 446 450 452 458 464 470 472 476 478 480 481 487 490 493 494 496 497 498 504 510 515 517 520 524 527 530 532 536 537 541 545 547 552 556 557 562 566 570 
137 161 172 173 174 175 191 195 198 202 206 209 210 216 222 224 228 239 242 249 253 255 258 260 267 272 273 282 286 287 294 298 300 304 305 308 313 315 322 326 331 333 334 336 342 344 347 351 355 359 360 361 362 364 366 370 373 381 384 386 389 390 393 398 399 403 404 411 413 414 418 423 427 434 438 440 441 445 448 449 453 455 462 466 472 475 479 482 485 486 491 495 499 503 505 508 509 513 514 518 521 525 528 532 534 538 541 543 544 546 550 554 559 562 564 570 573 
141 164 176 180 181 182 192 198 202 206 208 213 215 218 226 228 232 243 244 251 256 259 263 266 271 274 277 286 290 294 295 301 304 305 308 312 316 317 324 327 332 335 339 342 343 346 348 355 359 360 361 363 366 368 370 373 374 385 389 393 396 398 401 403 406 408 411 415 418 422 426 427 429 436 442 445 446 447 451 454 455 459 463 468 474 477 483 487 490 491 494 499 500 505 507 512 514 516 517 522 524 529 533 536 539 542 543 547 550 553 555 556 563 564 567 571 575 
144 167 180 184 185 186 193 201 204 208 212 216 219 223 230 232 236 246 250 255 257 262 267 268 275 277 279 290 294 296 299 304 306 310 312 316 319 321 325 329 336 340 341 343 345 347 350 359 362 365 367 368 371 374 378 381 384 386 390 397 399 400 402 404 410 412 416 418 422 426 427 430 434 440 445 449 451 455 459 460 463 464 467 471 475 479 487 491 492 494 496 501 503 507 508 516 518 522 525 529 533 536 537 539 542 544 546 551 553 554 559 561 564 565 570 575 576 
147 170 184 186 190 193 196 203 206 209 216 217 220 224 233 234 238 247 251 259 262 266 271 272 277 280 283 294 296 298 300 308 312 313 317 320 322 324 327 331 338 344 348 351 355 358 359 361 363 368 371 373 376 380 383 386 388 392 396 399 402 406 408 412 414 418 419 420 426 430 434 436 437 442 447 452 453 457 463 465 466 467 471 472 476 483 489 494 496 500 502 504 506 511 513 517 519 526 528 531 535 540 544 548 549 551 552 555 559 562 565 568 571 574 575 578 581 
149 174 188 192 195 196 199 205 210 213 220 222 226 228 236 237 242 249 252 260 264 267 275 276 280 284 285 298 300 303 307 311 314 317 320 321 324 327 329 333 342 347 351 355 359 360 364 367 371 374 375 379 381 383 384 388 392 393 399 401 406 407 411 413 415 422 426 428 432 434 436 438 440 444 450 456 458 461 465 466 467 468 473 475 480 484 492 497 499 502 503 506 507 515 518 520 521 529 532 533 538 541 548 552 553 557 560 561 564 565 567 571 574 575 577 582 586 
152 177 189 196 198 199 200 208 213 217 223 227 229 231 239 240 243 253 255 263 266 271 279 281 284 288 292 302 306 309 312 314 317 320 322 326 328 329 333 334 346 348 354 357 360 362 368 372 375 377 378 382 383 384 388 389 394 396 402 406 410 411 415 418 422 425 430 432 436 438 441 443 444 446 451 460 462 466 470 473 476 478 480 484 487 491 493 500 502 503 505 510 511 517 520 523 527 531 536 539 543 544 551 555 556 560 561 563 565 566 569 574 577 579 580 584 588 
153 180 190 199 203 206 210 213 217 220 227 231 234 236 242 244 247 257 261 267 269 274 282 284 285 290 293 304 307 313 317 318 322 325 328 330 332 334 336 338 349 353 357 360 361 365 372 374 379 383 385 386 389 393 395 398 402 404 408 409 413 415 416 419 423 427 434 435 437 442 446 448 452 456 458 464 468 471 474 477 481 483 485 488 490 492 496 503 505 507 511 514 518 519 522 526 528 532 540 543 545 549 555 559 561 564 566 568 571 572 574 575 578 580 584 585 589 
155 181 194 201 206 209 212 214 221 222 229 232 236 237 245 249 251 259 264 271 272 276 285 286 289 294 295 308 309 314 321 324 326 329 333 336 338 339 340 344 353 355 358 364 365 367 374 376 380 387 391 395 398 401 403 407 411 412 413 415 418 420 421 422 426 428 437 440 443 445 448 450 456 460 464 467 471 474 477 478 483 484 487 492 496 498 502 504 506 508 514 517 522 525 528 529 531 536 542 547 548 551 559 561 564 566 568 569 572 573 578 579 581 584 585 588 591 
156 183 196 205 207 210 215 218 225 229 233 236 237 238 249 252 254 261 267 274 278 282 288 291 295 297 300 309 310 316 324 325 328 332 336 338 341 344 348 351 354 357 360 367 368 370 375 377 384 389 393 397 401 402 405 408 414 416 420 421 425 428 430 432 436 440 442 446 450 454 458 462 465 466 469 470 474 476 478 481 487 488 491 494 500 504 506 507 508 511 518 520 524 526 529 532 533 537 543 549 553 557 563 566 569 572 574 575 576 579 580 583 584 587 589 591 595 
159 186 200 209 211 213 216 220 227 232 237 239 243 247 251 254 256 263 269 275 281 286 292 295 297 299 302 311 313 317 325 327 331 335 338 339 343 347 349 352 355 361 365 369 373 377 381 385 386 390 396 400 402 406 409 410 416 418 422 423 426 431 433 436 437 444 448 452 454 455 461 464 469 471 475 478 482 484 485 486 489 493 495 497 502 505 509 510 513 517 519 524 528 529 533 534 538 539 546 550 557 559 564 570 574 576 580 581 584 585 589 593 596 597 598 600 601 
163 189 201 212 214 217 219 221 228 235 241 243 245 251 253 257 261 267 270 278 282 289 296 298 299 302 304 315 317 318 327 330 333 337 342 343 345 350 351 356 358 362 368 373 375 378 382 387 389 392 397 402 404 409 411 415 417 420 426 429 431 432 436 439 440 448 452 455 459 460 464 465 473 475 476 480 486 490 492 494 496 498 501 503 504 509 510 512 517 521 523 525 530 532 537 538 540 543 548 553 561 564 565 572 577 581 583 586 588 592 596 600 601 605 606 610 613 
166 193 203 214 217 219 220 224 229 238 242 245 247 255 259 261 265 270 272 282 285 290 298 301 302 303 305 319 323 324 329 334 336 338 344 347 351 352 353 360 362 365 372 374 378 382 383 388 391 396 398 403 408 412 415 418 422 423 427 433 437 438 439 443 447 449 453 456 462 463 465 469 474 477 481 483 487 493 497 500 502 504 506 508 511 515 517 518 522 526 527 531 535 536 540 543 544 547 551 555 564 566 569 574 578 585 586 590 594 595 600 604 608 611 615 619 620 
170 194 207 216 218 223 225 227 233 240 243 246 249 256 261 264 267 273 276 283 287 291 300 303 304 305 307 320 327 331 335 339 341 343 346 348 353 355 358 363 367 370 376 377 382 386 389 391 392 397 402 404 412 413 419 420 423 427 429 435 439 440 442 447 449 453 454 458 465 466 468 473 475 481 482 486 488 496 501 505 509 513 514 517 520 522 523 525 526 528 531 534 538 541 542 545 546 551 552 557 568 572 575 577 580 588 591 593 596 597 603 605 609 614 617 621 625 
171 195 209 219 223 227 230 233 235 244 247 248 250 257 262 266 268 274 280 284 290 295 304 307 310 313 314 321 330 334 339 342 344 347 351 352 354 356 359 364 369 374 378 381 384 388 393 396 399 402 403 407 416 419 422 425 428 431 435 437 441 445 449 452 456 459 463 466 470 471 472 476 477 483 486 490 493 499 503 509 510 516 520 522 523 524 525 527 530 531 534 535 540 545 547 551 554 556 558 561 571 573 577 579 582 592 595 599 600 604 606 610 611 617 620 622 626 
174 198 213 222 225 230 232 235 236 246 251 254 257 258 263 268 272 276 283 288 291 298 305 308 312 314 315 323 334 337 342 343 346 351 354 355 356 357 363 365 370 375 381 385 386 392 397 398 403 406 410 412 420 421 426 427 432 436 439 443 445 447 453 457 460 461 464 470 472 473 474 480 484 488 492 494 496 502 504 510 514 518 522 526 529 533 537 540 543 546 549 550 551 552 554 558 562 565 568 569 573 574 580 581 584 595 598 603 604 607 609 613 616 621 623 624 627 
175 201 214 223 227 232 234 236 240 248 255 256 258 260 267 270 276 278 285 292 296 302 307 312 313 315 316 325 338 341 345 347 351 355 356 357 359 361 366 368 372 376 384 386 388 393 398 402 407 411 415 419 421 425 427 429 433 438 443 446 448 449 456 458 461 465 467 474 478 480 482 483 487 491 495 499 502 506 507 514 518 520 523 527 532 536 538 543 546 550 551 555 559 560 564 568 571 575 579 581 585 586 588 591 593 598 599 606 610 612 613 616 617 623 626 630 631 
179 202 216 225 231 235 236 238 243 250 258 260 261 262 271 273 279 283 286 293 298 305 311 313 316 319 320 326 342 344 349 352 356 359 363 365 367 369 370 374 376 378 386 388 389 394 402 406 409 413 418 423 424 428 431 433 435 441 444 448 451 453 458 460 462 467 468 476 482 485 489 492 496 497 500 503 505 510 512 516 520 524 525 528 534 537 539 545 550 552 555 556 562 563 568 572 575 576 581 582 586 587 589 593 596 601 602 608 611 615 616 617 621 625 630 634 636 
182 205 217 229 234 239 241 244 245 251 262 266 270 274 275 277 281 284 289 296 299 307 312 315 318 320 324 330 345 349 350 353 358 360 366 370 371 373 376 380 383 387 389 392 395 399 405 408 412 415 420 426 428 432 433 435 439 445 447 450 455 458 459 461 463 471 475 479 485 488 491 495 500 501 505 508 511 512 513 520 521 525 529 530 536 541 545 546 554 558 560 563 565 568 572 574 579 582 585 588 590 592 593 596 598 603 605 611 613 619 623 627 628 630 632 635 637 
184 206 219 231 237 242 246 249 252 256 263 268 273 275 278 279 284 285 290 299 302 310 315 316 322 325 328 333 346 352 356 357 359 364 370 373 376 377 381 385 388 392 393 395 399 401 409 413 415 416 421 427 430 433 436 440 443 449 450 453 456 462 464 465 468 475 478 483 488 489 492 498 504 506 509 511 514 515 517 524 528 529 532 534 538 542 547 549 555 560 561 565 566 571 575 579 580 586 588 589 592 595 599 601 605 607 611 613 617 620 624 631 632 635 639 641 644 
186 208 222 235 240 246 247 252 253 258 264 270 277 279 283 284 285 286 292 300 305 312 319 322 325 327 331 335 350 353 358 359 362 365 373 375 379 382 386 390 393 395 398 399 400 402 413 415 418 419 422 428 432 437 438 441 447 453 457 461 463 464 467 469 472 477 480 486 492 493 494 499 506 509 512 516 519 522 524 526 530 534 536 539 541 544 549 551 559 563 566 567 568 573 578 580 582 588 592 595 599 601 603 607 610 611 612 617 619 623 625 632 635 636 640 643 646 
190 209 226 238 244 250 251 256 258 260 267 271 278 281 286 290 293 295 299 302 309 313 323 325 327 330 332 339 351 355 359 363 367 368 377 381 383 385 388 394 395 399 403 407 409 411 417 418 419 420 426 429 433 438 439 443 451 454 460 463 466 468 471 475 479 481 483 487 494 497 499 501 509 510 513 520 522 523 525 530 532 537 541 542 543 547 550 553 563 564 568 570 571 577 580 581 584 592 595 598 603 607 611 612 614 615 617 621 625 629 631 636 640 643 646 647 648 
194 213 229 239 248 251 253 257 259 263 269 275 282 284 287 294 298 300 302 303 311 317 327 328 331 335 338 341 354 357 361 367 369 373 378 382 384 386 392 395 397 402 404 410 412 415 419 422 426 429 433 436 440 444 445 449 455 457 463 466 470 471 473 476 481 484 486 489 496 501 504 507 511 514 517 521 526 529 533 536 537 541 545 547 551 552 555 559 567 568 571 575 579 582 584 586 588 595 596 602 606 608 613 614 616 618 619 623 628 631 635 639 644 646 647 651 655 
196 214 233 242 250 252 254 260 262 266 270 278 283 288 292 297 300 304 306 309 314 319 328 329 335 338 341 342 357 361 362 369 372 377 380 384 386 389 393 396 398 404 407 412 413 417 422 426 430 434 438 439 443 446 449 450 458 460 465 468 471 475 477 478 485 488 489 491 497 505 508 512 514 517 520 524 527 530 534 538 542 543 548 552 554 558 560 562 571 575 576 577 583 587 590 592 593 599 603 606 607 612 616 619 623 624 628 631 633 634 638 643 648 652 653 656 660 
198 215 235 246 252 253 256 261 263 268 273 282 285 290 293 298 301 308 310 312 316 321 329 331 337 342 345 348 359 363 367 372 373 380 383 385 387 391 397 399 402 406 408 415 417 418 423 427 431 436 439 441 445 447 453 454 460 461 466 472 473 476 478 479 488 490 494 497 500 506 511 516 518 519 523 527 528 532 538 540 545 549 550 553 557 559 564 566 572 579 582 585 587 588 591 593 595 600 604 607 609 614 617 620 624 626 630 635 638 642 643 645 649 655 656 657 662 
201 218 237 249 255 258 260 264 268 270 276 284 288 294 298 301 303 311 312 314 317 325 333 334 340 345 346 352 363 364 369 376 380 382 387 388 392 394 401 405 407 411 414 416 419 423 424 429 432 438 441 442 449 453 457 458 463 465 469 473 477 481 484 488 491 492 498 502 506 508 515 518 519 521 525 528 532 536 541 543 548 552 554 557 560 564 566 567 574 583 586 590 592 596 597 601 605 606 610 614 616 619 623 627 628 630 631 637 640 643 644 649 651 657 658 659 664 
204 221 241 251 259 261 264 265 270 273 279 285 292 298 299 303 304 312 313 315 319 326 336 337 342 349 353 356 364 365 370 379 383 386 389 392 395 397 405 407 410 414 417 418 422 424 426 432 436 441 442 443 450 455 460 463 467 470 471 477 478 483 486 491 493 495 500 503 510 514 517 519 523 524 527 530 535 539 544 548 552 555 559 561 565 568 572 576 578 585 589 591 593 600 601 602 609 612 615 617 619 622 626 630 631 634 635 640 642 647 648 650 653 661 665 669 670 
206 223 244 252 262 263 265 269 271 277 283 288 294 302 303 306 310 315 319 321 325 329 339 340 343 351 354 359 368 372 375 382 384 388 391 393 398 401 408 411 415 419 421 422 424 427 430 435 437 443 447 451 454 457 461 464 468 473 477 479 482 487 491 493 494 496 502 504 512 515 521 524 528 531 533 535 536 541 547 552 554 557 561 562 568 570 575 578 580 588 592 596 599 604 605 609 612 616 620 622 626 630 633 637 640 644 645 648 650 654 658 659 661 664 666 672 675 
208 225 247 256 266 269 270 272 274 280 286 289 296 306 310 313 317 321 325 328 332 334 342 343 347 353 358 360 371 376 378 383 388 389 394 398 402 404 410 414 417 421 425 428 432 436 439 442 443 445 450 453 457 460 462 468 470 477 481 482 484 488 495 497 498 500 504 506 513 516 522 525 532 534 536 540 541 543 550 556 558 561 564 568 571 575 576 580 584 589 595 597 602 607 608 613 616 619 624 628 629 633 635 639 641 648 649 651 652 657 660 662 664 667 669 673 678 
210 226 251 258 269 272 276 278 281 283 290 294 299 310 312 317 319 324 327 332 333 335 343 347 348 357 359 362 373 380 381 385 391 395 397 401 403 405 413 416 421 425 428 431 433 440 441 444 448 449 452 456 461 463 465 470 473 479 482 486 489 491 496 499 500 504 505 508 515 517 524 529 533 538 542 543 546 549 552 557 562 565 566 572 573 578 582 586 589 593 598 602 604 610 611 614 618 622 625 629 632 637 640 644 645 649 653 657 661 663 667 670 673 674 675 676 681 
211 227 253 260 271 273 277 280 284 287 292 298 300 311 314 320 321 326 328 336 338 341 347 350 351 360 361 366 374 384 386 389 393 398 401 403 405 406 415 417 424 429 432 433 435 444 447 448 449 453 454 459 465 469 473 476 477 480 486 487 490 494 499 501 503 508 512 516 519 523 526 530 537 539 545 549 550 554 558 562 564 569 570 574 577 582 585 590 593 596 602 603 607 612 616 617 621 626 630 633 637 640 641 645 647 651 655 660 662 665 671 672 675 679 683 687 689 
214 228 255 264 274 278 282 286 288 289 294 300 302 315 316 321 322 329 332 339 341 345 349 352 356 364 368 372 377 388 389 390 397 402 405 407 410 413 417 421 426 430 435 439 440 447 448 450 453 456 457 463 468 473 476 479 482 484 489 491 493 495 500 503 507 510 516 520 522 525 530 533 540 543 548 551 554 558 562 563 566 570 573 576 578 586 590 591 594 599 604 608 612 615 617 618 623 630 633 635 638 644 648 650 653 655 658 664 665 666 675 677 678 680 687 689 693 
217 231 256 266 275 281 286 289 290 292 297 303 306 317 319 323 325 332 335 342 343 346 353 355 359 368 371 375 378 390 393 394 398 405 406 410 411 416 420 425 430 431 437 442 445 450 452 454 455 458 462 465 469 477 479 481 486 490 491 493 497 501 503 505 510 513 518 522 525 527 532 535 542 545 549 554 556 561 564 567 568 572 576 580 583 590 593 597 601 604 605 611 615 617 618 621 627 632 637 639 643 647 652 656 660 664 668 671 673 675 676 678 680 681 688 690 696 
221 235 257 268 277 285 288 291 292 294 301 306 310 321 325 327 331 335 337 345 349 350 356 358 362 371 373 379 380 391 397 398 401 407 411 413 415 420 423 427 432 436 440 445 446 451 453 458 460 463 467 469 473 478 483 484 487 491 493 496 499 505 508 511 513 516 520 524 529 532 536 539 545 548 553 555 557 564 567 569 571 575 580 584 587 591 594 598 603 606 607 614 618 621 625 628 630 633 641 644 648 651 656 659 664 665 671 673 676 678 679 680 683 685 689 692 697 
222 238 259 269 278 288 291 294 297 301 303 310 311 323 326 329 334 338 339 347 352 353 359 362 365 375 378 382 386 392 398 402 404 410 414 418 419 424 428 431 433 440 443 447 449 453 454 459 462 467 468 470 475 480 486 490 491 492 497 499 502 508 509 513 515 518 521 528 533 534 540 543 546 549 554 558 559 568 572 573 576 577 584 585 590 593 598 600 607 611 614 617 622 624 627 632 636 640 642 647 652 654 659 662 665 667 674 675 678 679 682 684 685 687 692 694 701 
225 239 262 273 281 289 292 298 301 302 307 313 317 325 329 333 336 339 343 350 355 357 361 365 366 377 380 384 387 395 400 406 409 413 416 419 422 425 431 435 438 441 446 450 452 456 459 461 464 470 471 472 477 484 488 494 497 500 502 503 505 509 510 514 517 522 526 529 536 540 543 544 550 551 556 559 560 571 573 575 578 580 588 589 594 596 600 602 611 614 617 618 624 626 629 634 637 643 645 649 655 659 660 666 669 672 676 678 681 682 686 687 689 693 697 699 704 
228 242 264 277 285 291 293 300 302 303 309 315 320 326 331 335 339 342 345 354 357 359 362 369 373 381 384 388 392 398 403 409 411 416 417 421 423 428 435 437 440 442 449 453 457 459 460 465 468 473 474 477 478 488 489 498 500 502 506 509 512 516 517 520 523 524 530 534 538 544 545 546 553 556 558 561 565 572 576 579 583 586 592 595 598 599 601 605 615 619 620 621 625 627 633 637 639 646 649 652 659 662 665 670 674 677 680 684 687 688 689 690 692 695 701 704 705 
231 246 265 281 287 293 295 302 303 306 310 318 321 330 334 337 340 346 349 357 358 360 363 371 377 383 386 391 393 399 404 413 414 417 420 422 425 432 438 439 443 445 450 455 461 465 467 471 474 475 479 480 484 492 495 502 503 506 507 511 516 519 523 525 526 530 534 538 539 548 551 554 558 562 566 569 573 574 577 581 587 588 594 598 602 604 606 608 616 620 621 624 626 628 636 640 642 649 650 653 662 665 666 672 678 680 682 685 688 690 692 693 696 700 702 708 709 
234 249 267 282 289 297 300 303 305 308 312 320 325 334 337 338 344 348 350 361 364 367 371 375 379 385 390 394 398 403 408 414 415 420 423 424 429 436 439 443 446 449 454 456 463 469 471 473 475 476 480 483 487 493 498 505 507 509 510 515 517 520 527 530 532 533 537 540 541 551 552 556 561 565 567 573 575 578 581 582 590 592 597 601 604 606 610 613 620 621 624 625 630 633 638 644 648 652 654 656 666 670 673 677 680 683 685 686 689 692 696 699 703 707 709 710 712 
236 251 270 284 290 300 301 305 309 312 314 321 328 337 341 345 346 352 354 364 367 368 372 378 380 387 392 398 401 405 409 416 420 421 424 425 432 439 443 447 449 453 457 458 464 471 475 476 477 480 483 485 489 494 501 507 508 510 512 519 522 525 528 532 535 538 541 545 548 553 556 557 563 566 569 576 577 582 586 589 592 596 600 605 608 609 614 616 623 626 628 631 635 639 640 647 650 653 657 658 670 674 677 679 682 686 688 691 693 695 697 703 707 709 711 712 715 
237 252 272 287 293 304 308 310 314 316 317 324 332 340 345 348 352 354 358 366 370 372 373 381 384 391 393 400 404 406 411 418 423 425 428 430 436 440 445 451 453 456 459 460 465 475 478 480 482 483 485 488 491 497 505 509 512 515 519 522 523 527 531 536 539 542 543 547 549 555 560 561 564 570 571 580 582 586 587 590 596 598 601 608 609 613 616 617 625 627 630 632 637 641 642 648 653 656 658 660 673 678 682 686 687 689 692 694 697 701 705 707 708 712 716 717 719 
240 256 274 290 294 307 309 311 316 318 319 328 336 342 348 349 356 357 361 370 371 374 378 384 386 392 396 401 408 412 415 421 425 428 432 434 439 444 449 452 454 458 460 464 469 477 482 486 489 493 497 500 501 503 507 512 515 516 523 526 527 529 533 537 543 545 549 553 556 560 563 567 568 571 573 582 584 589 593 594 599 601 605 610 611 616 617 618 627 629 633 636 640 645 648 651 655 658 660 663 677 681 683 690 692 695 696 700 704 707 709 711 715 719 721 722 724 
244 259 278 292 297 311 315 319 320 322 325 331 339 346 352 353 360 362 364 371 374 377 379 387 391 393 398 404 409 414 416 425 429 432 435 437 441 447 450 455 456 459 461 466 473 478 485 487 491 497 499 503 506 508 511 514 519 521 527 530 532 533 537 538 544 547 552 554 560 564 567 569 571 573 574 585 588 591 597 599 602 605 608 613 617 621 622 625 630 634 638 640 644 647 652 653 657 659 663 664 680 682 684 692 696 698 700 704 706 711 714 717 721 723 724 728 729 
247 262 281 296 298 313 317 321 324 326 327 332 343 350 354 357 364 365 367 373 375 381 383 390 395 397 400 406 413 418 421 427 432 436 439 440 445 448 452 456 457 463 464 469 476 479 488 490 492 500 501 506 510 511 514 516 520 523 531 535 536 538 542 545 549 551 554 558 561 567 569 572 573 576 580 587 591 593 601 602 604 607 610 615 618 625 626 629 632 636 642 643 647 648 654 658 661 663 667 671 684 688 691 695 700 701 702 705 708 715 718 720 723 726 730 731 735 
250 266 285 298 301 317 320 325 329 330 331 335 346 351 356 360 366 368 372 375 378 384 385 393 396 400 401 407 416 420 425 430 434 439 441 442 446 452 455 457 458 466 468 473 480 481 490 492 496 503 505 510 513 514 517 521 524 525 535 537 540 541 543 549 550 555 557 559 562 569 570 576 578 580 582 588 592 595 602 604 605 609 613 618 619 628 629 632 633 640 643 647 650 654 656 661 665 666 669 672 688 691 695 699 704 707 710 711 713 716 722 725 729 732 735 739 742 
254 270 288 299 305 320 321 327 330 331 334 337 347 352 359 364 369 373 374 376 382 385 389 397 399 404 406 408 419 424 426 431 436 441 443 444 448 453 457 459 461 467 470 477 481 484 491 494 497 504 507 514 515 518 522 523 527 530 537 540 542 545 546 553 557 558 560 564 567 571 573 577 582 585 589 593 596 600 605 606 608 612 615 621 624 632 634 636 638 643 644 651 652 656 660 665 668 672 674 676 690 695 697 701 708 711 713 717 720 724 725 726 730 733 736 742 745 
256 272 291 301 309 321 322 328 331 334 336 339 351 355 363 366 370 377 381 385 386 389 392 401 404 406 409 413 420 426 429 435 438 442 445 448 450 454 458 462 464 471 473 478 485 489 494 496 500 508 512 516 519 523 527 529 530 532 538 541 544 546 548 557 561 562 565 568 569 573 574 580 583 587 591 596 598 601 608 610 612 613 618 623 628 634 637 640 641 644 648 653 654 657 664 669 671 673 675 678 692 698 701 705 712 713 716 718 722 725 728 729 734 736 740 743 746 
257 275 294 305 310 323 324 329 335 337 339 343 353 359 365 369 374 379 382 388 389 392 395 402 408 410 412 416 423 427 432 436 442 446 449 450 451 457 462 466 468 474 477 480 486 490 497 498 502 510 513 518 521 524 530 531 532 536 541 545 549 552 555 558 565 567 568 571 572 574 577 581 584 588 594 600 601 603 610 613 616 620 623 626 629 638 641 642 643 646 651 657 659 663 667 673 675 677 680 682 695 702 704 706 714 718 719 723 727 729 733 735 738 740 743 747 750 
258 277 297 309 314 324 327 333 336 341 345 348 357 360 366 372 378 380 386 392 396 399 402 403 409 412 415 417 424 428 436 437 443 448 451 455 458 461 464 470 472 477 481 485 487 494 501 502 503 514 518 521 525 529 531 532 533 540 544 547 553 556 560 562 566 570 572 575 578 580 581 583 587 589 598 602 604 607 611 617 619 623 627 631 634 641 642 646 647 648 653 658 661 667 670 676 680 683 685 688 699 705 707 709 716 720 723 724 728 730 736 737 740 743 747 748 753 
262 278 298 311 317 326 331 334 338 345 348 352 358 364 370 374 382 385 387 394 399 402 404 407 411 415 416 421 428 432 437 438 444 449 453 459 463 464 466 473 475 481 482 489 491 498 505 506 507 518 519 523 526 533 537 539 540 544 547 548 555 557 563 565 568 572 576 578 580 583 587 589 593 596 601 605 607 608 614 620 624 627 629 634 636 642 645 650 652 653 657 662 663 669 674 680 681 686 689 691 701 706 709 711 720 724 728 729 730 732 737 738 741 745 748 751 756 
266 279 302 314 318 330 334 335 340 346 352 354 360 367 374 376 385 386 389 398 402 406 410 413 414 419 423 424 431 435 438 442 448 450 456 461 465 469 470 477 478 485 486 491 494 499 509 512 515 521 522 525 527 537 541 545 546 549 550 552 558 562 566 568 570 573 577 579 582 586 588 593 596 598 602 606 611 614 616 623 626 631 635 637 638 646 647 652 656 660 662 665 666 670 676 682 686 689 691 695 705 708 710 714 722 725 731 733 734 737 741 744 748 752 754 755 757 
268 283 305 317 321 334 338 339 343 349 355 357 363 369 375 379 389 392 394 399 405 408 413 414 418 423 425 429 432 439 440 445 452 454 457 464 466 470 473 479 483 486 487 494 495 500 512 515 516 525 527 529 531 541 544 548 552 555 558 561 563 565 567 569 571 574 578 580 583 589 590 596 599 601 604 610 615 618 620 627 630 632 638 640 641 648 650 655 657 661 665 666 667 672 678 684 690 694 696 700 709 711 713 715 725 727 732 737 739 740 744 748 751 753 755 758 760 
271 287 309 318 323 336 341 342 345 353 357 359 366 372 379 382 393 396 400 404 408 410 415 417 421 426 427 432 433 442 446 448 456 460 464 467 470 472 476 481 486 488 490 496 498 501 516 517 518 529 533 536 539 542 548 552 553 556 562 565 567 570 572 575 579 583 585 588 592 596 599 602 603 604 608 611 616 621 624 631 633 636 639 643 646 649 651 657 660 663 667 671 672 673 682 685 691 698 699 704 713 715 719 722 728 731 733 739 742 745 749 750 753 757 761 762 763 
274 288 310 322 327 339 345 347 349 356 360 363 370 375 380 384 396 397 401 406 409 414 419 422 425 427 428 435 439 444 450 452 458 463 467 471 474 475 479 483 488 492 496 497 501 504 519 522 524 533 537 539 540 543 549 554 557 560 563 567 568 571 574 577 582 587 589 592 593 598 603 606 610 614 617 621 623 624 625 633 636 640 643 645 649 653 657 660 664 665 671 675 676 677 683 687 692 700 701 705 716 719 720 724 729 732 734 741 744 747 750 752 757 759 763 764 767 
278 290 314 325 331 340 347 348 350 358 364 367 372 379 381 385 399 403 405 410 412 418 421 423 427 429 433 436 443 446 451 453 460 464 470 474 477 478 480 485 492 495 497 499 502 506 521 524 528 536 539 540 541 545 551 556 559 564 567 569 572 574 578 581 585 588 593 596 600 601 606 607 612 618 621 622 626 628 632 635 637 643 645 647 652 654 660 662 667 669 673 679 683 686 688 691 693 704 705 707 719 723 724 728 731 733 738 745 746 751 752 754 758 760 766 768 770 
279 294 317 326 333 342 348 349 353 360 368 369 376 382 383 386 400 404 408 412 415 422 424 425 430 434 435 437 445 448 452 456 463 465 472 478 479 481 482 489 494 498 499 501 504 507 522 527 529 539 542 544 548 549 553 557 561 567 568 571 573 575 582 586 587 592 596 598 602 604 609 610 614 620 624 626 628 632 636 640 643 646 647 650 656 660 662 663 670 674 678 680 687 689 692 693 694 706 709 713 723 726 727 732 735 738 740 748 749 754 756 757 759 763 767 771 774 
283 296 321 328 337 344 352 356 359 362 369 373 379 385 388 391 401 406 410 413 417 424 428 430 433 436 438 442 447 452 454 459 466 469 474 479 483 484 486 491 498 499 503 505 508 512 526 529 533 540 544 547 551 554 558 562 564 568 569 575 576 580 583 587 591 595 598 599 604 605 613 614 617 621 626 628 629 635 640 642 646 648 652 654 658 664 668 672 675 676 680 684 691 695 697 699 701 707 713 717 727 730 732 733 737 740 742 752 756 760 761 764 767 771 772 776 777 
286 300 322 331 340 347 356 358 360 366 373 374 380 386 392 396 405 407 412 415 420 426 429 434 436 438 439 444 449 453 458 461 470 474 475 481 486 489 492 496 499 501 507 508 509 516 530 533 535 543 547 550 553 555 560 565 568 571 575 576 580 582 584 588 594 599 601 603 608 609 616 619 623 626 627 632 634 637 643 646 650 651 654 657 659 665 672 673 677 679 683 685 694 696 699 702 706 710 715 718 730 733 734 737 741 743 745 753 757 763 765 767 768 773 774 778 779 
289 302 325 332 343 349 358 361 362 369 375 377 382 389 395 400 409 412 414 416 421 429 432 437 441 443 445 449 452 455 459 465 471 477 481 483 487 492 494 499 501 502 511 513 516 518 532 537 539 546 549 552 556 558 561 566 572 573 577 579 584 588 591 595 597 600 605 609 612 613 620 622 625 629 633 634 635 639 647 650 651 655 658 660 663 669 675 677 679 681 684 689 695 699 700 706 707 713 719 720 731 736 737 740 745 747 750 756 760 764 767 768 771 776 777 782 783 
290 304 327 335 345 351 359 363 367 372 379 380 383 391 398 403 411 413 415 420 423 432 435 441 444 447 450 453 456 457 460 468 474 478 482 485 490 495 498 503 505 507 515 517 519 521 536 540 543 548 553 557 560 562 565 570 576 579 581 582 586 591 594 598 599 601 608 613 615 617 623 625 626 631 637 641 645 648 651 654 655 657 662 665 667 673 679 681 684 688 691 692 696 700 703 707 710 715 723 727 734 738 739 742 748 749 753 760 761 765 769 773 775 778 780 784 785 
291 307 328 336 348 355 360 367 371 374 380 381 385 392 399 404 412 416 417 423 424 435 439 442 446 448 451 454 458 459 461 472 476 481 486 489 494 497 501 504 506 509 518 520 523 525 539 541 544 550 556 561 564 568 572 575 577 582 586 589 592 594 596 600 601 603 611 617 618 621 626 628 632 634 639 643 646 650 655 656 658 661 664 668 669 677 683 687 690 691 695 698 699 701 704 710 712 717 727 730 737 740 743 745 752 755 758 763 765 769 773 776 780 781 785 787 790 
294 311 332 340 349 356 361 368 373 378 383 385 388 396 400 405 415 419 423 424 428 436 442 445 449 453 455 458 461 465 468 476 477 483 489 490 495 501 502 507 511 513 519 524 528 530 542 544 547 554 558 563 568 572 574 578 579 584 590 593 594 598 602 605 606 608 612 618 620 624 628 631 634 635 641 645 649 654 656 659 660 665 666 669 671 680 685 689 693 696 700 704 705 706 710 711 713 721 731 733 738 744 745 749 753 757 760 764 767 772 777 778 784 788 792 796 799 
297 312 333 344 353 359 364 369 375 382 385 388 391 398 403 407 416 420 425 426 430 438 445 446 450 454 458 460 465 469 472 480 483 486 493 497 501 505 506 511 512 517 523 526 530 533 545 549 552 556 560 564 572 573 577 579 583 586 593 595 597 601 604 607 608 609 616 619 624 627 629 635 639 643 646 649 650 657 658 663 665 666 668 673 677 682 688 691 697 701 703 705 706 707 711 712 716 724 733 734 742 748 750 752 754 759 762 765 770 773 778 782 788 792 795 798 801 
298 315 334 348 355 360 367 370 378 386 390 394 396 400 407 410 417 424 428 431 434 442 447 450 454 458 462 466 467 471 475 484 488 490 496 501 502 509 512 516 518 521 526 530 533 535 549 551 553 559 563 568 574 576 580 584 587 590 596 600 602 604 608 611 614 616 619 621 626 631 632 638 643 647 649 652 656 661 663 665 667 671 674 676 681 683 692 696 699 704 707 711 715 717 719 723 726 728 734 738 743 749 753 757 759 763 767 770 773 775 782 783 792 793 799 801 803 
