2 4 5 9 12 15 16 17 20 24 25 26 30 31 35 39 42 43 44 45 48 52 55 56 58 61 65 67 69 72 74 77 78 82 83 87 89 93 94 98 100 103 105 109 113 114 118 121 124 128 129 133 137 140 144 145 146 150 154 156 158 162 163 165 169 171 173 175 178 179 181 185 187 191 195 199 200 202 203 205 207 
5 8 10 11 15 18 19 23 26 27 30 31 34 36 40 44 46 47 48 49 53 54 58 60 63 65 66 68 70 75 77 78 79 83 84 89 90 95 98 100 101 106 108 113 116 117 119 122 125 131 135 139 140 144 145 149 151 154 155 160 163 166 169 171 175 178 179 180 184 186 187 189 193 194 199 202 203 205 207 210 211 
6 9 13 16 18 19 20 27 30 33 34 35 39 41 43 45 48 50 54 57 58 60 61 65 67 70 71 73 74 79 83 84 88 90 93 97 99 100 102 103 107 109 110 116 119 123 126 127 130 134 137 140 143 148 150 151 153 155 159 161 166 168 173 174 177 179 181 185 188 189 193 196 197 198 200 206 208 211 215 217 219 
7 10 15 18 22 23 26 31 32 34 35 38 42 45 49 52 54 58 59 63 64 67 69 73 74 78 80 82 83 84 85 89 93 97 98 99 103 106 108 110 114 116 119 121 122 125 129 132 134 138 142 143 147 151 153 157 160 163 164 165 168 171 175 179 181 185 187 191 193 195 198 199 202 203 205 210 211 212 218 222 226 
10 11 19 23 27 31 35 36 37 40 43 44 47 49 50 53 56 62 65 66 67 70 73 76 80 82 84 85 88 91 92 95 97 101 102 104 106 109 113 114 116 117 123 126 130 133 135 137 138 139 145 147 150 154 158 161 165 168 169 173 176 178 179 180 183 187 191 195 198 199 202 205 208 210 211 214 217 219 222 224 227 
14 15 21 26 31 34 39 43 44 47 50 52 54 56 57 61 65 69 70 72 74 77 80 83 85 88 90 93 95 98 99 100 101 102 105 107 111 115 119 120 124 127 131 134 135 136 138 141 143 145 146 149 154 155 162 165 168 171 175 179 183 186 188 191 194 195 199 201 203 205 206 208 211 213 217 219 223 225 228 232 234 
15 19 24 30 35 37 43 45 49 52 54 58 60 62 64 67 68 72 74 75 79 82 83 84 87 91 95 96 99 102 106 107 110 111 112 113 117 119 123 127 131 135 136 138 142 145 147 148 151 152 153 157 158 159 164 166 169 173 178 182 186 187 192 194 195 197 203 206 210 211 214 217 220 221 223 226 228 229 232 233 235 
17 23 27 34 39 42 45 49 50 53 57 60 61 66 67 68 71 76 78 80 82 85 86 87 91 93 98 102 105 109 110 113 115 117 121 124 127 129 131 135 136 138 142 144 145 146 151 155 159 161 162 165 166 168 171 173 176 177 181 186 187 189 196 197 201 203 206 208 211 213 217 220 223 226 227 228 231 234 237 241 245 
21 26 29 36 42 43 48 50 51 55 59 62 64 70 71 74 78 82 84 87 91 94 95 99 101 104 107 108 111 112 113 117 118 122 124 128 129 132 136 139 141 145 148 151 152 153 154 156 163 165 168 172 175 178 180 181 182 184 185 190 192 195 198 202 205 206 209 213 215 219 220 222 224 228 230 231 232 238 242 246 249 
24 29 32 40 46 50 52 53 55 58 60 66 67 73 76 79 80 86 88 91 95 98 102 105 108 111 115 118 121 124 127 129 130 131 133 136 137 139 140 143 144 146 151 155 159 162 163 167 169 173 176 177 181 183 184 187 191 193 196 198 202 203 204 206 208 211 215 217 219 223 224 227 229 231 232 236 238 239 245 249 251 
25 31 34 41 49 53 54 58 62 65 67 70 72 77 80 84 88 91 93 97 99 103 106 109 113 114 116 119 123 128 131 132 133 135 136 139 141 145 149 151 152 153 154 156 163 165 168 171 172 175 180 184 186 190 194 196 198 199 203 205 209 210 212 214 218 219 223 227 231 232 233 237 240 242 244 247 249 250 254 257 259 
29 35 39 45 53 56 57 61 63 66 71 75 78 81 85 89 90 93 97 99 102 106 109 110 115 119 120 121 127 130 133 134 136 138 142 143 146 150 152 153 156 159 160 164 166 169 170 173 177 181 183 188 192 194 195 199 202 205 207 208 213 216 218 219 221 223 225 229 234 238 240 242 245 248 249 252 256 260 263 264 265 
33 39 40 49 55 60 63 65 68 69 73 76 81 82 89 92 93 97 101 103 106 107 110 111 118 122 126 127 128 134 138 139 143 147 148 152 153 156 159 161 162 163 166 170 171 175 177 180 181 183 184 191 195 198 199 202 203 206 208 211 216 217 220 221 224 225 229 231 235 239 244 247 248 250 253 257 259 261 264 268 271 
35 41 42 52 59 63 65 66 69 72 75 79 82 86 92 96 100 103 105 109 113 114 115 119 120 126 127 130 134 135 141 143 146 151 155 157 158 160 163 165 168 171 172 174 175 178 179 183 187 191 194 196 200 204 208 209 212 213 214 215 218 220 223 225 228 229 231 235 237 241 246 249 253 256 259 260 262 263 268 271 274 
38 44 46 53 62 66 67 70 71 74 79 83 84 88 93 100 101 107 109 110 116 117 121 122 123 128 132 136 137 138 145 147 149 153 156 159 161 164 166 167 170 175 178 179 183 184 186 187 188 194 196 197 202 207 210 211 214 215 216 218 220 223 225 226 230 233 236 237 238 244 250 253 254 260 262 263 265 266 272 274 277 
39 45 48 56 65 67 70 72 73 75 81 86 88 89 96 101 105 111 114 115 118 122 123 126 129 130 133 138 141 144 146 148 153 157 160 162 166 170 173 175 177 178 181 182 185 186 188 190 192 198 201 203 204 209 213 214 216 218 222 226 229 233 234 237 239 240 243 245 246 250 253 257 258 262 263 266 268 272 274 276 279 
43 46 49 58 69 73 77 78 80 83 84 89 92 94 100 102 106 114 118 121 125 129 130 133 135 136 140 141 142 147 150 154 158 161 162 166 168 171 175 176 179 181 185 187 191 194 197 199 202 205 209 211 215 217 219 220 224 226 229 231 232 237 240 241 243 244 245 247 251 255 258 262 266 268 272 274 275 278 280 284 288 
46 47 51 62 71 76 79 82 85 89 93 96 98 101 102 103 107 118 119 125 126 132 134 137 140 141 145 147 149 153 156 158 162 163 164 168 171 173 177 180 184 187 190 191 192 196 200 202 204 209 213 217 219 220 222 225 226 228 233 236 237 238 242 243 245 246 249 250 252 257 260 264 267 270 275 279 281 283 284 286 289 
50 51 55 65 72 77 83 84 89 90 96 98 102 106 110 111 115 120 121 127 130 135 138 141 142 144 149 153 156 158 161 162 164 168 171 174 175 178 179 181 186 190 191 194 196 197 204 208 211 214 217 220 221 225 228 230 231 235 239 241 244 245 247 251 253 256 259 260 263 265 267 271 273 275 278 283 284 288 291 294 296 
54 58 60 66 73 79 87 89 93 96 98 100 105 107 114 117 121 125 127 131 135 138 140 142 145 148 150 155 160 161 165 167 169 172 174 177 181 182 185 186 188 192 194 196 200 202 208 212 213 218 221 223 224 227 231 235 239 241 244 245 246 248 250 254 258 262 265 267 270 274 276 277 279 283 285 286 289 290 293 298 301 
56 62 65 70 74 81 89 90 97 98 99 103 106 110 117 121 122 127 129 132 137 139 143 144 146 152 155 157 162 166 169 172 175 177 178 179 183 186 190 191 194 197 198 202 205 209 211 216 219 221 222 224 226 231 233 239 241 244 246 249 251 254 256 258 259 266 270 271 274 278 281 283 286 290 291 292 295 299 300 301 303 
57 64 67 72 78 83 92 93 98 101 102 105 110 112 118 122 124 130 131 136 141 142 146 148 151 153 156 159 165 167 172 174 177 178 182 186 188 189 194 197 198 200 201 203 208 212 215 220 221 222 224 225 228 234 236 240 242 245 247 250 252 256 259 263 266 268 273 277 279 282 283 285 290 294 297 299 300 303 306 308 309 
58 67 71 75 80 84 96 97 99 103 105 106 112 116 119 124 128 134 136 137 145 149 150 152 154 156 158 160 169 172 174 178 182 183 186 188 190 194 198 201 205 207 208 212 215 219 220 224 226 229 232 236 237 239 241 243 246 248 250 252 254 259 263 267 270 272 277 279 282 283 287 288 293 298 302 303 304 305 307 311 314 
61 68 73 78 83 88 98 100 102 105 108 112 116 119 123 127 130 136 140 143 148 150 151 155 157 158 162 166 173 175 176 179 184 185 187 190 191 196 199 203 209 210 211 214 217 220 221 227 230 231 233 237 239 242 246 250 254 258 260 262 263 264 268 269 273 277 278 281 283 287 289 291 296 299 304 307 311 312 314 318 320 
62 72 75 80 86 90 99 104 106 109 113 116 118 123 127 128 133 140 144 147 149 152 153 157 158 160 163 170 174 177 178 182 185 187 189 191 193 199 201 207 213 214 218 221 225 227 230 234 238 240 241 244 247 251 255 258 260 262 263 264 266 270 273 274 276 279 282 283 285 290 291 292 300 302 306 309 315 317 320 323 325 
66 74 78 83 89 94 100 106 108 111 116 120 122 125 129 131 137 144 145 149 152 156 160 161 165 169 173 175 179 183 187 188 189 192 196 197 200 202 203 211 217 220 224 228 230 232 235 238 240 242 245 249 252 256 260 264 265 268 269 272 275 279 283 286 289 293 297 299 300 303 304 306 310 311 313 316 317 319 321 324 327 
70 77 79 85 93 97 104 110 111 115 117 122 125 127 133 135 139 145 148 153 156 157 161 165 167 170 176 180 182 185 189 193 197 199 203 207 211 212 215 218 220 224 226 230 231 235 237 240 242 245 249 252 253 258 261 266 269 273 275 278 280 282 287 290 293 295 301 302 305 306 310 312 313 316 320 322 326 328 330 333 337 
71 78 82 89 94 100 106 113 117 118 122 126 129 133 137 140 142 149 153 157 161 165 168 172 176 177 178 183 187 188 190 195 199 201 205 209 215 218 222 226 229 232 235 238 239 242 244 247 251 255 257 260 264 268 270 273 275 277 278 281 284 288 292 293 297 300 303 305 306 308 312 314 315 320 324 326 330 334 338 342 346 
75 81 84 90 95 104 109 117 118 120 126 127 132 137 138 142 144 153 157 161 163 166 172 175 179 181 183 187 191 192 194 196 201 202 206 213 216 220 223 228 230 233 236 241 242 245 248 251 253 257 261 264 266 271 275 277 280 281 285 286 290 292 295 296 298 301 307 310 314 317 318 320 322 323 327 328 331 338 339 346 350 
76 85 87 93 98 107 110 119 123 124 130 133 135 140 143 146 149 154 159 165 169 171 173 176 182 186 189 192 195 197 201 205 207 210 213 214 219 221 227 230 232 234 237 244 246 247 250 255 257 261 265 266 268 272 279 282 283 285 288 292 295 297 300 304 307 309 313 316 318 322 324 325 328 331 333 337 338 342 345 350 352 
78 87 88 95 99 111 114 121 126 129 134 135 136 141 147 148 153 155 163 169 171 172 176 180 184 190 192 194 196 200 204 208 209 212 215 219 222 226 229 232 234 237 239 248 250 253 256 258 262 264 268 272 274 277 283 285 288 289 291 294 296 300 303 308 311 313 317 320 324 328 331 333 335 337 339 341 342 343 349 353 354 
81 91 92 97 100 113 117 125 130 131 138 141 142 145 148 151 154 157 167 170 175 178 181 183 185 193 195 199 203 204 205 211 212 213 219 223 224 229 230 233 238 239 243 251 253 256 259 263 266 269 271 275 276 281 284 288 290 291 295 296 297 301 306 312 316 318 321 325 328 331 332 336 337 341 342 344 348 351 354 357 358 
83 92 94 101 103 117 119 126 133 134 139 144 148 149 150 154 155 161 168 172 178 179 185 188 190 195 198 201 206 207 209 215 216 219 221 226 229 231 233 236 239 243 245 255 259 263 265 269 270 273 277 279 281 283 287 291 292 296 299 302 303 307 311 313 320 322 324 329 330 335 338 340 342 343 345 346 350 354 357 360 363 
84 93 95 102 105 118 120 130 136 140 143 145 149 151 155 156 158 165 169 174 180 184 186 190 192 198 200 204 208 212 213 219 221 224 226 228 232 235 238 240 241 244 246 258 261 266 269 271 272 276 281 282 283 286 289 295 299 303 305 307 311 314 318 320 322 325 328 333 334 337 340 342 346 348 352 355 357 359 361 365 368 
85 96 99 104 107 121 122 134 138 144 148 149 153 154 158 162 165 168 173 176 181 187 189 193 194 200 202 205 211 213 216 221 225 228 232 234 238 240 241 244 248 250 252 262 263 270 272 276 277 279 285 287 289 291 293 297 300 304 306 308 314 315 321 323 324 329 331 335 337 341 342 344 350 351 354 356 360 361 362 368 371 
89 100 103 105 111 123 124 138 141 148 151 154 157 160 163 164 166 172 174 180 182 191 195 198 201 204 208 209 212 217 220 222 228 229 235 237 240 243 244 247 251 255 256 264 267 273 274 277 281 283 286 290 292 294 297 298 302 308 312 314 315 318 325 327 328 332 333 339 341 345 349 351 355 357 361 364 365 369 372 376 377 
90 101 104 109 112 126 129 140 142 150 152 157 159 163 167 170 172 174 176 181 186 194 196 199 204 205 212 215 219 220 221 223 229 231 236 240 244 246 248 251 254 257 260 268 271 274 275 279 283 287 290 291 293 296 298 302 304 312 315 316 317 322 327 330 334 338 339 343 345 349 352 356 358 360 362 366 369 370 373 379 383 
91 102 106 110 115 130 133 142 145 151 154 158 160 165 169 174 178 180 183 185 190 196 197 202 205 207 216 220 222 223 227 230 234 235 238 241 245 249 251 253 257 259 263 270 273 277 281 282 286 290 292 294 298 299 302 306 308 316 317 321 325 326 330 332 335 342 344 347 350 352 353 360 364 365 367 369 370 374 378 380 386 
93 105 109 112 116 134 138 146 147 155 157 159 161 166 171 176 181 182 185 189 194 198 201 205 208 209 217 222 226 230 234 236 237 238 239 244 247 253 255 258 260 263 264 273 274 279 285 287 289 293 296 299 301 304 305 309 312 319 323 327 330 333 334 338 340 343 345 349 351 356 357 362 367 370 373 375 376 380 383 386 389 
95 108 111 115 120 136 141 148 151 158 159 160 162 170 174 177 183 185 189 192 197 199 205 206 211 212 221 226 230 231 238 240 244 245 246 248 251 255 259 261 262 266 269 275 276 281 286 288 291 297 299 302 303 307 310 311 314 320 327 328 334 336 339 340 344 346 348 353 356 360 361 365 368 371 376 379 382 383 384 387 390 
99 109 114 117 121 137 143 151 154 160 162 163 164 171 175 180 184 189 193 197 200 203 207 208 214 215 224 228 233 235 241 243 248 252 254 258 262 265 267 269 273 276 277 279 280 282 287 290 292 299 301 305 308 310 313 316 318 322 329 332 336 340 341 344 347 351 353 354 358 363 367 371 373 374 380 383 385 388 391 395 397 
101 110 115 120 122 141 147 152 156 161 166 169 170 172 176 183 188 192 194 199 201 207 209 211 217 221 227 230 234 237 242 247 252 255 259 261 266 270 271 275 277 279 280 281 282 285 289 294 296 300 304 309 310 311 316 320 324 327 332 333 337 344 347 350 351 355 359 361 362 367 368 373 376 380 384 387 388 392 393 398 400 
103 111 119 121 124 144 149 154 160 165 167 170 174 175 179 186 190 194 196 200 204 209 213 214 221 223 231 233 237 239 246 248 255 259 263 267 270 271 274 279 281 282 286 289 292 296 300 301 304 307 310 313 314 315 319 322 326 328 333 334 341 347 350 353 356 360 361 365 367 370 373 374 379 382 387 390 391 396 400 403 405 
107 114 121 125 128 146 150 156 163 169 170 173 178 181 182 188 192 196 198 204 206 212 215 217 225 226 235 239 242 245 250 254 258 261 264 268 271 273 278 282 284 286 290 294 296 299 304 307 311 313 314 316 320 321 324 326 327 331 334 337 342 351 354 358 359 361 363 366 371 373 374 377 380 386 389 393 397 398 403 404 406 
109 117 125 129 133 147 151 160 166 170 172 177 180 183 187 190 195 198 200 208 210 216 220 224 226 228 239 241 244 248 251 257 259 264 267 269 273 276 279 285 287 291 292 298 299 303 305 308 313 315 316 319 323 326 329 333 336 337 340 341 346 352 355 362 366 370 374 376 379 381 382 385 388 390 391 394 399 402 407 411 412 
113 118 128 132 134 149 155 163 170 174 176 181 184 186 188 191 197 202 206 212 213 218 221 225 227 231 241 242 247 252 255 258 263 265 268 271 275 280 282 286 291 293 295 302 303 304 306 312 314 317 320 324 326 330 333 334 337 338 341 344 350 356 360 364 367 373 375 379 383 385 388 391 392 395 396 398 402 405 409 415 417 
115 122 131 135 139 151 158 166 171 175 178 185 188 189 191 194 200 205 208 216 217 220 222 229 230 233 244 248 252 256 257 260 265 266 272 276 278 281 285 290 295 299 301 306 307 308 312 316 318 320 323 327 328 331 337 338 339 343 346 349 352 357 364 365 368 377 380 384 385 388 390 394 396 399 400 404 407 408 411 418 421 
116 123 133 138 143 153 161 169 175 177 181 186 189 192 194 198 201 209 212 218 222 224 228 232 235 236 247 250 254 258 259 264 269 272 274 277 280 283 289 291 298 303 306 310 311 312 316 320 321 322 327 330 331 333 338 341 343 344 348 350 355 360 368 371 374 381 383 385 386 389 394 397 400 404 408 410 411 415 417 422 426 
118 124 137 139 146 157 162 173 176 181 185 188 192 196 198 202 204 210 213 222 223 225 231 235 239 242 251 253 255 262 263 266 270 275 278 279 284 286 290 294 299 307 311 314 317 320 321 325 327 329 331 335 338 341 344 347 348 349 350 351 357 363 370 373 377 383 384 389 392 396 399 400 403 408 410 413 415 418 419 423 430 
119 127 141 142 150 158 166 175 180 185 187 191 195 198 201 204 207 211 214 225 227 231 234 239 242 246 252 255 259 266 270 271 274 279 282 284 287 290 291 297 300 311 315 316 321 323 327 330 332 335 336 340 342 345 348 351 354 356 358 362 366 367 374 377 380 384 388 393 394 397 401 403 404 411 412 414 416 421 425 426 434 
123 131 145 146 152 161 167 176 182 187 191 192 196 200 205 209 213 214 218 229 231 234 236 242 244 248 256 257 262 268 272 275 276 281 285 287 288 292 296 300 303 315 316 320 324 327 328 334 338 339 343 344 348 351 353 355 357 361 365 369 372 376 377 380 382 386 389 395 399 403 404 405 406 414 417 419 422 426 427 429 437 
125 135 146 147 155 164 171 177 184 189 194 196 200 201 206 212 214 217 220 232 235 237 238 246 248 250 259 261 266 271 273 276 279 284 288 290 293 296 299 304 307 316 320 322 328 332 334 338 341 344 346 347 349 352 356 358 359 363 368 370 375 377 378 381 384 388 391 398 400 406 408 411 412 417 419 423 425 427 430 434 441 
128 138 149 150 157 166 173 178 186 193 195 200 202 205 210 215 216 218 221 234 236 240 244 247 252 254 261 263 269 274 276 277 280 285 290 292 294 297 300 305 308 317 324 325 329 333 335 341 345 347 348 351 352 353 360 363 367 368 369 374 377 378 379 382 385 392 393 402 403 409 412 416 417 418 421 425 429 430 433 436 443 
130 140 153 157 159 169 176 181 187 197 199 201 206 208 212 218 220 223 225 236 237 243 247 248 256 258 262 265 272 276 277 280 284 287 294 296 299 300 301 307 312 318 326 330 332 336 339 343 349 350 354 355 356 359 364 367 371 372 375 376 381 383 385 389 392 394 396 404 406 413 416 420 421 423 426 427 433 435 436 438 444 
134 141 155 158 160 170 179 183 188 198 200 202 208 212 213 222 225 228 231 240 243 246 251 255 257 261 263 268 276 280 284 285 288 292 295 299 300 304 307 310 314 319 330 331 336 338 342 347 350 352 355 359 361 364 365 370 374 375 378 380 384 387 389 390 394 398 401 405 407 414 418 423 424 428 431 435 438 442 443 446 448 
136 145 158 161 163 172 181 184 189 201 205 208 211 216 220 225 229 233 236 241 247 248 254 256 261 262 264 271 279 282 285 288 292 293 299 301 304 307 311 313 316 320 334 336 340 343 346 349 351 356 360 363 364 368 369 373 376 380 383 386 387 388 393 397 401 405 406 408 412 415 421 426 428 431 435 438 439 443 446 447 450 
137 146 160 164 167 174 182 186 190 202 209 210 213 220 223 227 232 234 239 242 249 251 255 258 262 265 267 274 283 284 288 291 296 297 303 306 308 311 314 315 317 324 336 340 343 346 347 351 353 360 362 364 367 371 373 376 380 382 387 388 391 393 396 401 404 407 411 414 416 420 422 429 432 436 439 441 442 444 447 448 451 
140 147 162 166 171 177 184 187 191 204 211 213 214 222 227 230 236 238 240 243 253 254 256 261 263 269 271 277 287 288 290 295 300 303 307 311 314 317 318 321 323 325 339 344 348 351 354 357 360 363 364 366 369 372 375 379 382 383 388 389 393 394 400 402 407 409 413 417 418 422 423 433 436 440 443 447 451 453 457 458 460 
144 151 164 170 175 180 185 190 194 206 212 214 218 224 230 232 237 239 243 244 255 256 259 263 264 272 276 281 291 292 295 299 303 306 311 315 317 318 320 324 327 331 342 345 351 354 356 360 364 366 367 368 371 375 378 381 386 389 392 395 398 399 403 406 409 413 417 420 422 423 427 437 438 442 446 449 454 457 460 461 462 
146 153 168 173 178 181 187 192 198 207 213 218 220 228 233 235 240 242 244 245 259 260 264 267 268 276 279 285 295 299 302 306 309 313 317 321 324 327 329 332 335 337 346 347 354 355 359 361 367 371 375 379 382 385 389 391 394 395 397 399 403 405 407 409 412 414 418 423 425 427 429 440 441 443 448 450 458 461 463 464 468 
149 157 171 177 180 183 188 194 201 210 216 222 226 232 235 237 241 245 248 250 260 264 266 269 273 280 282 289 298 301 305 310 312 316 320 323 327 329 330 335 336 340 348 349 358 361 364 368 371 372 377 382 386 390 391 395 396 400 404 406 407 409 413 416 418 420 423 426 429 431 435 441 445 447 451 454 459 462 465 468 471 
150 160 172 181 185 186 192 198 203 214 218 225 228 235 239 240 242 249 251 252 263 266 268 272 274 284 287 292 300 304 306 313 315 320 321 326 329 332 336 339 343 345 351 354 359 365 367 371 373 376 381 386 387 394 395 396 398 403 405 408 410 411 414 418 422 424 427 429 430 435 436 444 446 451 453 457 460 465 468 472 474 
153 163 173 184 186 187 194 200 207 218 222 228 230 236 243 246 250 254 255 256 266 267 271 274 277 286 290 293 301 306 310 314 318 321 322 327 333 335 339 341 347 350 353 358 361 366 369 375 376 377 382 387 388 395 397 398 402 404 408 410 414 415 419 423 425 428 430 434 436 440 442 446 449 452 455 459 461 469 472 473 478 
155 164 174 187 190 194 195 204 209 219 223 229 233 237 247 248 254 257 260 263 269 273 276 280 283 290 294 295 302 307 314 317 322 323 326 329 335 337 343 346 348 352 354 362 364 369 370 378 381 385 386 390 392 398 401 402 404 408 412 416 417 419 422 426 430 433 435 438 439 441 446 447 452 456 459 462 463 472 476 478 482 
159 168 176 190 194 195 196 205 211 220 225 231 235 239 248 249 256 258 264 266 273 277 281 284 288 293 297 301 303 309 316 321 326 327 329 333 336 339 344 350 353 356 360 364 366 372 373 379 385 386 387 393 395 402 403 407 411 414 418 421 423 424 427 429 432 437 439 440 441 445 448 451 454 460 461 463 466 476 479 480 484 
163 170 178 193 197 200 204 206 214 221 228 234 238 243 252 255 258 261 265 267 276 280 283 288 292 297 301 304 306 310 320 324 328 331 333 336 340 342 348 354 356 359 362 368 371 374 375 381 387 389 392 397 398 404 405 408 415 417 420 422 425 428 432 436 438 442 443 446 450 451 452 456 457 464 466 468 469 479 481 483 487 
164 173 182 196 200 203 208 212 218 223 231 236 242 246 256 258 259 265 267 269 277 282 287 289 294 298 302 308 311 312 324 326 330 335 338 341 342 343 352 355 357 360 366 369 374 378 381 383 391 395 396 401 404 408 412 415 417 419 422 423 428 431 433 437 439 445 447 449 453 457 458 459 460 467 469 472 475 482 486 487 490 
166 176 184 199 202 205 211 216 219 224 234 239 245 247 258 261 265 267 269 273 280 283 291 295 299 301 303 312 315 319 327 330 334 336 340 342 344 348 356 359 361 364 367 371 378 382 385 387 392 397 401 405 409 410 415 417 421 424 426 430 433 434 437 439 443 448 452 453 457 458 462 466 470 474 476 480 481 486 488 489 491 
168 180 186 200 204 209 213 218 222 226 236 241 246 251 259 262 267 268 270 277 283 287 295 299 300 303 306 314 318 322 330 331 336 340 343 345 349 353 357 360 364 365 368 375 382 383 386 390 395 398 402 406 413 416 419 421 425 429 431 434 436 437 441 445 448 449 455 458 462 464 465 467 471 475 478 482 484 487 490 494 495 
170 183 190 202 208 212 217 221 224 227 237 245 247 253 261 264 271 274 278 281 285 289 299 303 307 308 310 315 320 323 331 334 337 342 344 348 353 354 360 363 367 370 373 377 384 388 391 395 396 402 404 407 415 417 420 424 429 431 434 435 439 443 447 448 449 453 457 459 463 467 471 475 478 481 482 484 485 489 491 496 498 
172 187 193 204 211 213 218 222 227 229 240 247 248 255 265 266 272 275 282 285 288 292 303 307 310 314 315 317 324 328 334 335 338 344 348 351 355 357 363 365 368 374 376 381 386 389 394 399 400 403 406 408 416 418 424 426 431 434 438 442 443 446 451 453 457 460 461 464 468 471 472 479 480 482 485 489 493 496 500 503 504 
173 191 195 208 215 217 220 224 231 233 242 248 250 259 267 270 274 276 286 290 292 293 304 308 312 317 318 321 328 331 336 338 339 345 351 353 359 362 366 368 369 377 379 385 388 392 395 401 404 408 410 414 418 421 426 429 432 436 440 445 449 450 452 455 461 464 466 467 469 474 477 480 482 484 486 490 496 500 503 507 508 
175 194 196 212 216 218 222 225 232 237 246 249 251 260 269 274 276 280 287 291 293 296 306 312 316 320 323 325 329 334 340 343 344 347 353 357 360 363 367 369 373 381 382 386 389 394 396 403 406 411 414 417 420 424 430 433 436 438 443 449 452 453 457 458 463 465 469 473 477 478 482 485 487 491 495 498 501 503 504 509 511 
178 196 197 214 217 220 223 228 235 238 248 253 257 263 271 276 277 284 290 295 299 303 307 316 318 322 327 330 331 336 343 346 347 349 354 359 364 366 368 371 377 382 386 389 393 395 399 407 409 413 415 420 422 426 432 435 440 443 445 452 456 458 461 465 467 470 474 477 479 480 483 486 490 492 497 501 502 504 505 512 516 
180 197 198 216 218 223 224 230 239 241 251 254 259 267 274 277 278 285 293 299 302 304 311 317 320 326 328 331 333 338 345 349 353 355 359 361 365 368 372 373 381 383 389 393 395 396 401 411 412 415 418 422 424 429 435 437 441 445 447 456 460 463 467 469 473 476 480 481 482 485 489 492 493 494 498 504 508 511 512 513 517 
182 201 203 220 222 224 227 234 243 245 254 255 261 271 276 281 283 286 296 300 303 305 313 318 324 327 331 333 337 341 346 350 356 360 362 363 367 371 375 379 384 386 392 396 399 402 403 414 417 419 421 424 428 432 439 440 442 449 451 459 464 468 471 472 475 478 483 487 490 493 497 498 502 506 508 510 514 518 520 522 526 
184 205 208 224 225 228 229 236 244 246 255 256 262 274 277 285 287 291 300 301 304 306 316 322 327 331 335 339 340 345 350 354 359 361 364 366 371 372 379 382 386 388 396 399 400 403 404 418 422 425 428 431 435 436 441 444 448 450 454 463 465 472 474 478 482 486 489 490 491 495 498 499 506 510 511 513 518 521 522 525 529 
187 207 211 227 230 233 235 237 245 249 259 261 265 277 281 286 290 295 304 306 310 311 319 324 328 334 336 342 343 346 352 356 362 365 366 368 373 377 380 385 389 392 400 404 405 407 408 419 426 428 431 432 437 441 445 448 452 453 458 464 469 473 475 482 486 489 493 494 495 496 502 505 507 513 516 519 522 524 528 531 533 
190 210 213 231 233 234 237 241 247 250 261 264 266 281 285 289 292 298 306 310 313 315 323 325 329 336 337 345 348 350 353 360 366 368 372 376 377 378 382 388 390 393 402 406 409 410 414 422 428 430 433 437 438 443 449 451 454 455 459 468 470 475 476 486 487 493 496 499 503 507 511 513 516 520 521 523 527 529 533 537 539 
192 213 217 235 237 238 241 243 250 252 263 268 272 283 289 293 297 302 308 313 316 320 325 328 332 338 341 349 350 352 355 364 369 370 376 377 378 379 385 389 394 397 406 407 411 412 418 425 431 432 437 438 442 447 452 456 460 461 464 470 474 478 481 488 489 496 499 503 506 508 514 518 520 521 522 524 531 534 537 539 543 
193 217 220 239 241 244 247 249 253 254 264 272 274 286 290 294 298 305 312 314 320 324 327 329 336 340 344 353 357 361 365 367 370 371 378 379 383 387 389 391 396 400 409 410 412 414 422 427 435 436 440 443 447 450 454 457 461 464 465 472 475 482 486 491 493 500 503 504 510 511 518 519 522 524 528 530 532 536 541 544 548 
