3 6 10 11 15 16 17 21 25 29 33 36 39 43 45 49 51 54 55 58 60 62 64 68 69 70 72 75 76 80 82 85 86 90 94 96 99 103 107 111 115 118 119 120 124 128 129 131 133 136 137 138 139 140 143 145 147 150 152 154 155 157 159 163 165 167 170 171 172 173 176 179 180 182 184 186 187 188 192 193 196 197 199 203 204 208 211 212 216 220 224 226 227 231 233 236 238 242 245 249 252 253 254 258 259 263 264 268 269 272 276 279 283 285 287 288 292 293 297 298 300 302 304 307 311 312 315 317 321 324 327 329 332 
6 7 13 15 16 18 20 23 26 31 34 37 40 47 50 53 57 60 62 65 68 70 73 76 78 82 83 86 89 90 91 95 99 103 106 109 113 116 118 122 123 127 129 133 136 137 139 140 141 143 145 149 152 155 158 159 161 164 166 170 172 175 177 179 180 184 187 190 192 193 195 198 199 200 201 203 207 208 211 212 213 215 218 220 221 225 226 229 233 237 240 243 244 246 249 250 252 256 258 260 263 267 268 270 271 274 277 281 284 287 288 290 294 298 301 305 308 310 311 313 317 321 323 326 330 334 335 336 337 339 343 346 350 
10 14 16 17 21 23 25 28 30 35 39 40 43 48 53 54 61 63 66 68 72 73 77 79 80 85 88 92 94 97 98 101 104 107 111 113 116 120 121 123 125 130 132 137 141 142 144 145 148 149 151 153 154 158 161 162 163 166 168 174 176 177 178 182 186 190 193 196 200 202 205 207 209 213 217 221 225 228 229 230 231 233 237 240 241 245 249 253 256 258 262 263 265 266 267 271 274 278 281 283 286 288 289 290 294 295 296 299 303 306 310 311 315 319 320 324 326 327 329 330 331 335 338 339 343 344 346 348 351 354 358 359 360 
14 17 20 22 26 27 28 32 35 39 42 44 45 51 55 58 65 69 72 74 77 78 82 85 89 93 94 98 100 103 104 108 110 114 115 119 120 122 123 126 129 132 136 139 145 146 150 153 156 158 160 163 166 168 169 170 172 175 178 179 183 185 187 189 192 195 199 200 203 205 206 208 211 215 221 225 229 233 234 235 236 239 241 243 246 250 253 256 260 261 266 269 272 276 280 281 285 287 288 291 294 298 299 300 303 307 310 311 314 317 319 320 322 323 324 328 330 334 337 341 344 346 348 349 351 352 353 357 361 364 366 368 369 
18 20 21 24 29 31 34 37 40 42 43 45 48 55 58 61 66 72 73 78 80 83 86 87 92 94 98 101 102 107 110 111 112 118 119 123 126 130 131 133 137 141 142 144 147 151 152 157 158 159 164 168 171 173 177 178 181 182 183 185 189 191 194 198 199 201 202 206 208 210 213 216 220 222 224 228 230 237 240 241 243 246 248 249 250 253 254 260 262 265 268 271 275 278 283 285 289 290 292 293 295 300 303 305 309 310 314 315 319 322 324 325 328 329 333 337 338 342 346 348 350 354 356 358 362 364 367 370 372 376 379 380 382 
20 23 27 31 32 36 39 41 42 44 48 49 53 56 61 65 68 73 74 80 84 85 89 92 96 100 102 104 105 109 114 116 117 122 123 125 127 133 136 138 139 144 145 148 151 152 155 160 161 162 167 171 173 174 178 179 183 184 186 190 194 197 200 201 203 206 210 213 214 215 217 220 224 226 229 232 233 241 245 248 251 255 258 262 264 267 270 272 274 276 278 282 286 288 291 295 297 301 304 308 311 315 317 320 324 326 327 331 333 335 338 340 344 347 350 354 356 359 362 365 366 369 371 372 374 378 382 383 385 386 389 391 393 
23 26 29 35 38 42 43 44 48 52 53 56 57 60 62 69 71 75 79 83 87 90 94 97 101 105 109 111 115 117 119 121 124 127 130 131 135 136 137 140 144 146 147 151 154 158 162 163 166 170 174 177 180 183 186 188 192 194 195 198 201 202 205 206 210 214 215 219 221 224 226 229 233 235 238 240 243 245 247 251 252 257 262 263 265 268 271 273 276 279 282 284 288 289 293 299 303 304 307 309 315 316 319 323 327 330 333 335 337 340 344 345 347 348 351 356 358 363 364 366 370 373 376 379 383 384 387 389 393 397 400 403 406 
25 29 33 36 39 46 48 49 50 53 56 58 62 66 69 70 73 77 81 87 90 91 96 101 104 109 112 116 117 120 124 125 126 128 132 133 138 139 140 143 146 149 151 155 157 159 166 167 168 172 176 179 184 185 189 191 196 197 201 204 206 210 213 216 220 224 228 229 231 235 238 239 240 244 247 251 254 256 257 261 263 265 268 270 271 275 279 283 286 287 288 290 291 295 296 301 304 308 312 313 316 320 321 326 328 332 334 336 341 342 347 348 350 352 356 357 362 367 368 370 371 374 380 383 387 388 389 393 397 401 405 408 411 
27 31 37 40 41 47 51 54 56 60 62 63 66 67 70 71 77 78 84 88 91 94 97 105 106 112 113 119 123 125 126 130 131 135 138 140 142 145 148 149 151 155 157 159 161 162 169 170 172 176 179 180 187 189 193 194 197 200 205 206 207 214 217 218 222 227 232 233 237 239 241 245 249 253 256 259 262 265 269 271 275 276 277 279 283 284 287 291 295 298 299 300 302 304 308 309 313 315 318 320 324 328 332 333 335 338 340 343 347 351 352 353 354 357 359 363 365 371 373 376 377 379 381 387 390 391 395 398 402 404 407 409 414 
30 32 41 45 49 52 55 58 61 65 68 71 75 78 80 81 84 85 87 92 95 99 101 107 110 116 119 123 125 128 129 131 133 136 142 144 147 149 152 155 157 161 163 167 171 174 176 178 182 184 188 189 190 193 197 200 203 204 209 211 214 218 219 223 225 230 234 238 240 244 247 251 252 255 257 263 265 268 270 274 279 281 282 286 290 292 296 299 303 306 307 308 309 312 313 315 319 323 327 330 333 335 338 340 342 343 345 349 350 354 356 360 362 366 367 371 372 373 374 378 381 383 387 389 394 398 402 403 407 410 411 413 417 
33 37 43 46 53 57 61 64 65 67 70 73 77 80 82 86 88 90 91 93 98 102 106 109 113 119 123 127 131 135 137 140 144 148 150 152 156 157 159 162 164 167 168 169 173 175 180 184 185 186 191 193 194 197 201 204 205 209 213 216 220 223 226 227 230 231 237 239 244 248 251 254 255 258 262 266 267 269 274 276 282 285 287 291 293 297 298 303 306 309 311 313 314 315 318 321 324 325 329 331 336 338 339 341 343 346 347 352 356 357 360 362 363 369 370 372 374 378 379 381 382 385 389 391 396 399 403 404 411 412 413 414 419 
36 39 47 49 56 58 62 67 71 73 75 79 82 83 84 87 91 94 96 99 100 103 108 110 115 121 127 131 132 136 140 143 145 152 155 157 160 161 162 164 167 171 175 179 180 182 186 190 194 198 200 204 206 209 210 211 215 219 222 225 228 230 234 237 241 243 247 248 249 250 255 256 258 259 263 268 271 273 277 280 286 290 293 294 297 298 302 304 307 313 316 320 324 328 332 334 338 340 341 345 346 350 352 353 354 358 360 364 368 372 376 378 382 386 388 389 390 394 398 399 402 405 409 410 414 418 421 425 429 430 433 437 439 
38 42 49 50 59 61 66 68 75 78 82 85 88 89 93 95 99 101 102 104 107 108 109 112 119 123 129 134 136 137 141 145 146 154 156 160 164 167 169 172 174 177 181 183 186 187 190 194 197 202 206 209 213 215 219 223 224 228 230 234 236 239 242 243 244 247 249 250 254 257 261 262 264 268 271 275 277 281 283 286 290 291 296 297 299 302 306 308 312 316 317 324 327 330 333 335 339 344 347 351 352 355 359 363 364 367 368 369 373 374 380 383 387 389 391 395 396 400 403 406 408 412 414 415 418 420 422 428 432 436 437 439 443 
42 44 50 51 61 62 69 73 79 82 85 86 89 92 97 99 102 105 107 110 112 115 117 118 121 125 131 138 140 143 145 146 147 158 160 162 166 170 171 174 177 181 184 188 190 194 198 199 202 206 210 211 215 216 221 226 228 231 234 235 237 241 244 245 249 251 254 258 261 262 264 265 266 269 275 278 282 284 287 288 293 295 300 304 306 308 312 313 314 318 319 326 329 331 334 338 343 345 350 352 356 359 361 364 366 368 372 376 377 379 381 386 389 393 396 398 402 404 407 410 411 416 417 419 422 424 427 432 434 438 440 444 448 
45 48 53 57 63 67 71 77 80 86 89 91 94 97 98 102 103 106 110 112 113 116 121 122 126 128 134 142 146 148 150 153 155 162 164 167 169 171 175 176 179 182 188 189 192 196 201 203 205 207 211 215 216 217 225 228 231 233 238 242 246 248 251 254 258 260 263 266 268 271 273 274 275 278 280 284 287 290 291 295 296 300 304 307 308 311 314 315 319 321 324 327 330 332 336 342 344 348 353 357 360 364 366 367 369 372 375 378 380 381 385 390 394 396 397 400 406 410 411 413 414 420 423 425 427 431 433 437 438 441 443 445 450 
46 52 54 59 66 70 72 80 84 88 92 95 98 102 103 106 108 110 114 117 119 122 123 124 130 133 135 145 149 150 151 157 158 166 169 171 172 175 177 180 181 184 192 194 198 201 202 205 207 208 214 217 221 224 228 229 235 237 240 243 249 253 255 258 261 265 267 270 274 278 281 283 287 289 291 293 294 298 300 301 304 306 310 313 314 316 319 320 323 325 327 329 334 336 337 346 350 353 354 359 363 366 368 370 371 374 379 383 387 390 393 394 395 397 398 403 408 411 415 416 417 422 426 430 431 434 437 438 439 444 447 448 452 
47 55 58 63 67 74 76 81 87 90 95 99 103 104 108 110 114 118 122 126 130 131 133 135 136 137 138 148 151 152 156 160 162 167 170 172 176 178 181 183 187 191 195 199 200 203 206 210 214 218 219 220 223 226 230 231 236 241 245 248 253 254 258 262 266 267 270 271 277 281 282 287 291 292 296 297 300 302 305 309 311 314 317 318 319 322 325 327 330 332 334 338 342 345 348 350 353 355 357 360 364 370 371 375 376 379 382 385 388 392 394 397 399 403 405 409 410 414 417 419 422 426 429 434 436 438 439 440 443 446 450 453 457 
50 58 59 65 71 76 80 83 90 94 96 103 104 106 109 113 118 121 125 130 133 137 139 143 146 147 150 152 156 157 161 164 168 170 172 175 180 182 183 187 188 194 198 200 203 206 207 214 218 222 225 228 232 235 238 240 244 246 248 252 255 257 262 266 269 270 274 275 280 285 288 292 295 296 300 301 305 306 309 312 316 317 318 321 325 327 331 332 335 339 340 342 346 347 350 351 357 358 361 362 368 373 375 379 380 382 385 389 390 395 397 400 403 404 407 411 413 415 421 424 425 427 430 437 438 439 440 441 446 447 451 454 458 
52 62 66 70 72 77 82 85 92 96 100 105 109 110 111 114 122 123 129 132 137 140 141 146 149 153 157 159 160 163 166 168 169 174 176 178 183 185 186 190 191 195 200 202 205 209 210 217 222 224 226 229 233 236 241 243 248 251 255 256 259 261 265 270 272 273 275 278 281 289 293 296 297 299 304 307 310 313 316 320 324 327 328 330 333 335 338 340 344 346 348 350 353 357 358 359 363 365 366 369 370 377 380 384 385 386 388 392 394 396 399 401 405 407 408 413 416 418 423 426 428 432 436 441 443 446 449 452 453 455 458 462 463 
55 65 67 71 76 80 85 88 96 100 101 109 113 117 118 119 123 124 133 137 140 144 147 148 153 155 159 162 163 167 168 170 173 175 180 181 187 188 190 191 193 198 203 205 206 212 214 218 223 226 227 230 237 240 244 245 249 254 257 260 262 266 270 274 278 280 283 287 288 291 294 300 303 307 310 313 314 316 319 324 325 331 332 335 337 338 339 342 346 348 351 353 357 358 360 362 365 368 370 372 374 380 383 387 390 392 395 399 403 407 409 411 415 419 422 423 426 429 432 436 439 442 446 450 452 456 460 462 466 467 470 473 474 
59 68 72 76 80 84 86 89 97 103 106 113 115 120 122 126 128 129 135 138 142 146 150 151 155 156 160 164 165 169 171 174 176 180 184 186 188 189 192 196 197 199 206 210 212 214 217 221 226 229 232 235 239 244 246 248 250 257 259 263 264 270 272 278 279 284 286 289 293 297 299 303 305 310 312 314 317 320 322 328 330 333 334 336 338 339 340 345 349 352 356 359 363 367 371 374 376 377 379 383 384 385 388 392 394 398 402 403 404 408 412 414 418 423 426 428 430 433 436 438 440 443 447 453 455 458 461 463 469 471 473 474 476 
63 69 75 80 84 88 89 93 98 106 109 114 118 122 126 129 131 135 137 141 144 149 154 158 161 163 166 167 169 173 176 178 179 184 186 188 192 196 197 201 205 206 210 211 213 216 221 222 229 233 234 237 241 246 249 252 254 259 262 266 270 271 276 282 286 287 290 292 294 299 301 306 308 311 316 320 323 326 328 332 334 337 339 343 346 349 352 354 358 359 361 365 369 371 374 376 380 381 384 387 388 392 394 395 399 403 404 408 412 416 418 419 422 425 430 434 437 440 443 445 446 449 452 456 459 462 465 469 471 472 476 478 480 
66 70 77 81 86 91 95 97 100 108 112 116 122 126 127 131 135 138 139 144 147 151 155 161 162 167 169 171 174 176 177 181 183 185 189 192 193 197 199 202 207 209 213 217 218 220 223 227 230 235 236 241 243 248 250 256 259 263 266 267 273 277 281 284 287 288 293 297 300 302 304 309 313 315 318 324 326 327 330 333 335 339 341 345 348 352 356 359 362 366 367 368 370 375 377 379 381 384 388 390 394 396 397 398 403 406 410 414 417 418 422 426 429 433 436 440 442 444 448 449 453 456 458 460 461 464 467 470 473 476 477 479 481 
69 71 78 84 87 93 96 99 104 112 115 118 125 130 131 135 138 140 141 146 150 154 158 162 163 168 172 175 178 181 184 185 187 190 193 197 199 202 205 206 210 213 216 218 222 225 227 231 233 238 241 243 247 249 251 259 263 264 270 272 277 281 283 286 290 292 294 301 304 306 310 312 315 316 322 327 331 333 334 336 338 340 344 348 350 356 359 361 366 367 371 373 374 377 378 383 386 390 392 393 396 398 402 406 407 409 414 418 422 426 427 430 432 437 439 442 446 450 452 455 459 460 462 463 465 468 470 473 475 478 480 484 487 
72 74 80 85 91 95 97 102 106 113 119 122 128 133 136 139 143 145 149 150 151 155 159 166 170 171 176 178 179 184 185 188 191 195 198 202 203 206 210 211 212 216 220 222 225 229 231 234 235 240 245 246 250 251 255 261 267 269 273 276 279 285 287 288 291 294 296 303 307 310 313 314 318 319 324 331 332 336 337 339 340 343 348 351 353 358 360 364 367 371 374 376 377 379 383 385 387 392 396 399 402 405 406 408 412 413 416 419 424 427 431 432 436 441 442 445 448 454 457 460 464 465 468 470 474 477 478 479 482 486 487 488 489 
73 77 82 88 92 98 102 105 108 114 121 125 130 135 140 143 147 148 150 153 154 158 161 167 172 174 179 181 183 188 191 193 196 197 201 203 204 208 214 218 220 224 225 226 230 231 235 238 241 243 249 251 252 254 257 262 271 273 277 279 283 288 289 291 292 298 300 306 309 313 314 316 319 322 326 332 334 337 338 342 345 349 353 357 361 363 365 367 369 375 378 379 382 383 386 389 393 396 398 400 406 410 413 417 418 422 423 426 428 430 434 437 441 444 448 450 451 458 460 462 467 468 472 473 477 481 484 487 491 492 496 500 502 
76 80 85 89 95 100 104 109 112 115 124 128 133 137 141 147 149 153 156 159 162 163 166 170 176 177 181 183 186 191 194 195 199 200 202 204 208 211 217 220 222 225 226 227 234 238 242 245 249 251 254 258 259 262 265 266 272 274 280 281 284 292 293 297 301 305 307 308 312 316 318 320 322 324 329 336 339 341 343 346 350 352 354 358 362 366 370 374 377 379 381 385 387 389 391 392 396 398 401 405 410 412 417 420 424 427 428 431 435 436 438 440 443 448 449 453 456 461 463 464 468 469 475 476 479 482 488 490 494 498 499 501 504 
80 82 89 91 96 104 107 112 115 116 126 129 136 140 144 151 153 156 157 162 164 166 170 174 178 181 182 186 188 192 196 197 203 205 208 211 214 216 219 223 226 228 230 231 235 241 243 247 250 252 257 259 260 263 269 271 276 277 281 283 285 294 298 300 302 308 309 311 316 317 319 323 324 328 330 337 343 345 348 352 356 357 361 364 368 372 376 378 381 383 384 386 390 392 396 400 404 406 407 409 413 416 421 424 426 431 435 439 442 445 448 452 454 458 459 462 465 467 469 470 473 474 478 479 480 484 489 492 496 499 500 505 507 
82 84 92 93 98 106 110 116 117 121 129 133 138 142 146 154 158 161 165 168 169 170 173 178 179 184 188 192 193 197 198 202 205 207 211 214 217 218 220 226 229 233 234 235 237 243 245 250 253 255 258 261 265 268 272 276 279 280 284 286 290 297 301 304 307 311 312 315 320 324 328 330 332 335 337 339 346 347 350 354 359 361 363 365 370 373 377 382 384 387 390 391 393 394 398 403 405 407 410 413 415 419 422 426 430 435 439 442 444 448 449 453 458 462 463 466 468 472 476 479 480 481 482 485 489 492 496 499 500 502 505 507 509 
86 88 96 100 101 110 113 118 122 125 130 134 140 143 148 158 160 163 168 171 175 177 181 185 189 192 196 197 199 203 205 207 209 212 213 217 219 223 224 227 230 236 240 241 242 245 246 251 255 256 261 263 267 269 275 277 283 284 287 291 293 298 304 305 311 315 318 321 323 327 329 332 334 339 343 346 348 352 355 356 360 365 369 373 376 379 382 383 386 390 391 394 395 396 400 405 406 411 415 416 418 421 424 430 433 439 440 445 449 453 454 456 459 466 467 471 472 474 479 481 483 484 485 488 491 495 499 502 505 508 512 514 515 
88 89 99 104 105 111 115 119 124 126 131 135 143 146 149 159 164 166 169 175 179 180 182 187 192 195 200 202 204 205 208 212 215 219 220 221 222 227 231 232 234 238 241 245 247 251 254 258 260 263 265 268 269 272 277 281 287 291 294 298 299 303 305 306 315 317 321 324 327 331 334 336 339 340 345 350 354 357 358 359 364 366 370 377 381 385 386 389 390 392 394 395 396 397 403 407 410 413 418 419 420 425 427 433 435 442 446 447 453 455 458 462 465 469 473 475 478 481 484 488 492 496 497 500 501 503 507 508 511 515 518 522 524 
91 94 101 108 110 113 119 123 127 129 135 138 147 151 152 163 165 167 171 177 182 185 189 190 193 198 202 206 210 214 218 221 224 228 229 231 233 235 238 239 241 243 245 248 250 254 258 262 266 268 272 274 276 279 283 286 288 293 296 302 306 308 312 315 317 320 324 325 330 332 335 340 344 348 351 354 357 359 361 364 368 370 374 378 382 389 392 395 397 399 403 406 409 413 414 418 421 424 427 431 432 433 434 437 440 444 447 451 457 459 461 465 468 472 474 476 479 482 485 492 496 500 504 505 506 510 512 513 515 519 523 527 531 
95 99 103 109 113 117 121 126 129 131 139 140 148 153 155 164 169 171 173 181 185 187 190 191 195 201 205 209 212 217 219 222 226 230 231 233 236 238 239 243 244 247 249 252 256 260 264 268 270 274 276 279 280 281 285 289 291 297 301 303 308 309 314 316 318 324 325 328 334 336 339 341 348 349 353 355 359 360 362 365 369 374 377 380 383 393 394 399 403 405 407 410 413 417 419 421 424 426 429 434 438 441 442 443 444 448 451 452 461 464 466 469 472 473 475 478 483 487 490 494 497 504 507 508 509 512 514 518 519 521 525 531 533 
99 102 105 112 114 118 124 130 132 135 140 142 152 154 159 168 172 174 178 183 186 188 192 196 200 204 206 213 214 220 223 227 228 234 238 242 246 249 250 254 258 261 263 264 266 268 269 270 273 276 277 281 282 283 288 290 293 299 305 306 309 310 318 322 325 329 331 333 337 340 341 344 352 356 360 362 365 367 368 370 371 376 381 384 385 395 398 403 407 408 409 413 415 419 421 422 426 427 432 435 440 445 447 451 454 458 462 464 465 466 469 471 476 479 483 487 489 491 493 495 498 507 510 513 516 519 522 526 530 533 537 539 542 
102 105 108 115 117 121 127 134 137 138 142 145 154 158 161 171 174 177 182 186 189 192 196 199 202 205 207 216 220 222 227 229 233 235 240 246 250 252 253 256 259 264 267 268 271 273 275 276 277 279 280 284 288 291 294 295 298 302 309 311 312 313 321 325 326 331 334 335 340 343 345 346 355 359 361 363 368 369 373 374 376 379 384 386 390 396 402 407 408 409 411 414 419 423 426 428 432 433 435 438 442 448 449 454 457 462 464 467 471 474 476 477 480 483 486 490 494 498 500 504 508 511 515 518 522 526 528 529 531 536 540 543 546 
105 106 112 118 121 124 131 137 141 144 146 147 156 162 166 172 177 180 186 188 193 195 199 203 204 209 212 219 221 226 231 233 235 237 243 250 252 256 257 260 264 266 268 269 274 278 280 281 283 287 289 292 294 297 299 301 302 303 310 315 318 319 322 326 330 332 336 337 344 345 349 351 356 363 367 371 374 378 380 381 383 386 387 390 391 400 404 411 412 415 419 420 422 426 427 429 433 434 438 440 444 449 453 455 461 464 465 470 472 476 480 481 484 485 490 492 496 501 504 506 511 512 517 521 526 530 532 535 539 541 545 549 551 
106 107 116 122 123 126 134 140 144 145 147 150 158 163 170 176 179 183 190 194 198 200 202 206 208 211 214 223 225 228 235 237 240 241 247 253 254 259 263 265 269 270 273 276 278 282 283 284 287 291 295 296 297 298 300 303 304 308 311 316 322 325 328 330 331 334 337 339 348 350 354 358 362 364 369 372 376 379 383 387 390 392 395 399 401 402 408 414 416 417 422 424 427 431 432 436 438 439 441 444 446 451 454 457 463 466 467 471 474 480 481 483 488 489 493 497 501 504 506 509 512 515 519 522 529 534 535 537 543 547 551 552 555 
108 110 120 126 127 129 135 142 148 150 152 153 161 164 173 177 183 187 194 198 202 203 205 210 212 214 217 225 226 229 238 242 244 246 248 254 258 261 265 268 273 277 280 282 283 285 287 291 292 293 299 303 307 310 314 317 320 321 323 327 331 333 334 338 339 340 344 347 350 351 355 361 363 368 370 373 378 381 385 388 392 394 397 402 403 406 410 417 418 420 425 428 430 434 435 439 441 443 445 449 453 457 459 460 465 467 470 473 476 482 485 486 489 490 494 498 504 506 509 512 516 519 522 524 531 535 539 543 547 548 554 556 558 
111 114 124 128 132 133 138 144 150 152 156 158 164 165 176 178 186 188 197 201 203 204 207 212 214 217 221 228 232 233 240 245 249 251 253 258 262 264 266 272 276 278 282 283 284 288 291 292 293 294 301 307 310 314 315 319 322 325 329 332 333 334 335 341 343 347 350 351 354 355 356 363 364 371 372 375 380 383 389 393 394 395 398 406 408 411 413 420 424 427 428 430 432 435 438 442 446 450 454 455 458 460 464 468 471 475 477 481 483 485 488 492 494 495 496 502 507 509 511 515 520 522 526 530 534 538 540 544 548 549 556 558 559 
112 117 126 131 133 134 140 147 154 155 160 161 168 172 177 180 190 193 201 202 207 209 213 214 218 219 224 232 235 237 241 249 250 253 254 262 264 265 268 276 277 281 286 290 291 292 294 295 299 303 304 308 313 318 322 325 326 330 331 335 336 339 341 345 348 349 352 355 358 360 361 367 368 373 374 377 384 386 390 397 399 402 405 410 413 416 418 424 427 430 431 432 433 437 442 443 447 452 456 458 461 465 468 470 474 479 480 485 486 489 491 494 497 501 505 508 510 511 513 517 522 525 527 532 535 542 546 547 549 553 558 561 565 
113 120 127 133 136 138 142 150 155 157 161 163 171 175 179 182 194 197 205 207 211 215 219 223 224 225 229 233 238 239 242 253 255 256 260 265 269 273 276 279 282 284 287 293 295 298 299 302 303 304 305 310 316 322 326 327 331 332 335 337 339 341 345 346 351 353 356 357 362 365 369 373 375 378 380 381 385 387 393 399 400 406 407 412 415 419 423 427 431 434 436 438 441 444 448 451 453 455 458 462 466 470 471 474 477 480 482 489 492 493 494 497 500 504 509 512 516 517 520 524 525 526 529 535 538 543 548 549 550 554 559 564 567 
115 123 129 136 139 142 146 152 157 161 165 168 172 178 182 186 195 200 209 212 213 218 221 227 231 234 235 239 241 245 247 257 259 263 266 267 271 276 277 280 286 289 291 294 299 302 303 304 308 311 314 318 321 324 329 330 335 337 338 339 342 345 346 347 352 356 360 363 366 367 372 377 378 382 385 389 393 397 401 405 407 408 411 413 416 421 425 429 435 437 438 441 444 447 450 454 456 459 460 464 467 473 474 478 480 481 483 490 494 496 499 502 505 506 510 514 518 522 525 528 530 533 536 537 540 546 550 554 557 558 563 566 570 
119 127 130 140 142 144 148 154 160 165 166 171 176 182 183 190 198 201 213 214 215 220 222 229 233 237 238 243 247 248 249 260 263 265 270 274 276 278 280 281 288 291 294 297 301 306 308 309 312 313 315 320 322 328 332 333 338 341 345 349 350 354 358 360 361 365 367 369 372 375 379 381 382 385 388 392 395 400 403 409 412 416 419 422 426 427 431 432 437 441 444 447 448 451 454 458 461 463 464 468 470 477 481 485 486 489 492 494 495 499 502 505 507 511 512 516 520 524 529 533 536 538 542 544 548 550 552 555 561 563 565 567 571 
123 131 135 142 143 148 152 156 164 168 172 174 178 185 187 193 199 205 217 220 221 225 227 233 235 241 243 244 250 253 255 261 266 268 271 277 281 284 285 287 290 294 295 301 305 308 310 314 317 320 322 326 328 331 336 338 341 342 347 350 351 356 360 364 368 369 370 373 376 377 380 385 386 388 389 394 399 404 408 410 414 418 422 425 428 432 434 435 440 443 446 449 452 453 458 461 465 467 469 470 471 479 482 489 492 495 497 501 503 505 507 511 514 517 520 524 527 528 533 536 539 541 543 547 550 554 557 558 565 566 568 572 574 
127 135 138 143 145 152 155 160 166 172 174 175 182 188 190 194 202 208 221 223 225 227 228 235 238 244 247 248 251 255 259 264 268 270 273 281 284 288 291 292 296 297 301 302 309 311 313 316 318 321 324 327 329 334 338 339 345 347 350 353 356 358 363 365 370 374 378 380 382 386 388 389 391 393 397 400 404 408 411 413 415 419 426 427 429 434 435 437 443 447 451 455 459 462 463 466 468 470 474 476 480 482 483 493 497 498 502 506 507 511 512 516 520 524 526 527 528 532 536 540 541 542 544 548 552 557 561 562 567 571 575 577 581 
128 139 143 144 146 153 157 163 168 176 177 181 184 189 192 196 204 210 225 226 229 232 234 238 240 246 250 251 253 257 263 268 270 274 277 282 285 291 294 297 300 304 305 309 311 314 317 320 322 325 326 331 334 337 342 345 346 350 353 357 359 361 364 366 373 376 379 384 387 389 393 396 398 401 402 404 408 411 412 417 419 420 427 431 434 436 437 440 447 449 455 457 460 463 466 469 472 476 479 480 484 486 489 496 499 502 504 510 514 517 521 522 523 527 531 535 536 540 543 546 550 552 556 560 564 565 567 569 571 572 576 579 585 
129 140 146 147 150 157 161 167 169 177 180 182 187 193 196 198 207 214 226 228 233 235 237 239 244 248 254 256 259 261 264 269 273 277 280 284 287 293 296 301 304 308 310 313 316 320 324 327 329 332 333 334 337 341 346 350 351 354 358 360 362 365 366 369 375 377 383 387 388 393 396 398 402 404 408 410 411 413 417 418 420 423 430 434 438 440 443 447 450 452 456 458 462 464 468 472 475 477 480 483 485 487 491 497 501 503 508 513 518 519 525 527 531 534 537 538 541 543 544 549 553 554 559 562 566 568 569 573 574 578 580 583 588 
131 141 150 153 154 158 164 169 171 179 182 184 191 196 199 201 209 218 230 231 234 237 241 244 246 249 257 258 260 263 268 271 275 281 284 286 289 296 298 303 308 310 314 315 320 321 328 332 334 335 338 339 343 344 349 354 357 358 362 366 369 373 374 376 377 380 384 391 394 397 398 399 404 406 412 415 417 419 421 422 426 429 433 437 442 445 449 452 453 455 458 459 466 468 472 476 477 478 484 486 487 491 494 501 505 506 509 515 522 523 528 532 533 537 539 543 547 550 551 554 558 562 563 565 567 570 571 576 577 582 586 588 591 
134 145 153 155 159 163 168 171 175 182 186 188 194 198 201 204 210 219 231 232 237 241 245 246 250 251 261 263 266 269 271 274 277 282 287 291 294 299 300 306 311 313 315 319 324 325 329 333 338 341 345 347 348 349 350 358 360 361 363 369 371 376 378 382 383 385 386 393 395 401 405 408 410 414 415 417 420 423 427 431 435 437 438 442 443 448 450 456 457 461 465 468 472 476 480 481 483 486 488 492 496 497 500 504 507 511 515 519 526 530 533 534 537 538 540 545 549 554 557 559 563 566 570 571 572 574 578 581 585 589 592 594 596 
136 148 155 157 162 165 171 173 176 184 189 191 195 200 202 208 214 222 232 234 239 244 247 250 252 254 263 267 268 270 274 277 281 285 288 292 298 302 305 309 312 314 317 321 328 332 334 336 340 344 346 348 352 354 358 361 364 368 372 374 377 381 385 388 392 394 398 400 404 406 409 412 414 418 421 425 426 427 428 435 437 439 441 443 444 449 451 457 461 463 469 470 475 478 481 483 485 489 492 493 500 502 505 506 508 515 518 521 528 533 536 539 541 542 546 548 552 555 559 560 565 570 571 575 579 582 585 586 588 593 594 595 598 
138 150 158 160 166 167 173 176 180 188 190 193 199 203 207 210 218 225 236 239 243 247 250 253 256 259 267 269 272 276 280 282 283 287 291 294 300 306 310 311 316 317 321 322 329 335 336 337 342 345 348 352 355 358 360 364 368 369 376 378 381 382 386 389 395 397 401 404 405 408 413 417 421 425 428 432 434 437 440 441 445 448 452 454 458 459 460 461 464 468 472 475 476 480 485 487 491 494 495 498 502 506 509 513 514 516 519 523 531 535 540 541 542 544 548 552 553 559 563 566 569 572 574 578 582 583 588 591 595 598 602 606 608 
141 151 159 164 168 170 175 177 183 189 191 197 201 204 211 212 222 227 240 242 247 249 254 257 258 263 271 273 274 278 282 284 285 288 295 296 304 308 314 316 318 322 325 327 330 338 341 345 346 350 352 353 357 359 364 367 372 375 377 379 385 389 391 392 398 399 403 406 407 409 414 421 424 427 430 433 437 440 444 447 448 451 455 457 462 463 466 468 471 474 475 479 483 485 488 489 493 496 497 500 503 508 513 514 517 521 525 526 532 537 541 542 544 548 551 553 554 560 565 567 572 575 578 581 584 587 590 592 599 600 604 610 613 
145 152 163 166 169 174 179 180 185 191 193 201 205 208 212 213 225 229 242 246 251 253 256 259 260 267 272 275 279 282 285 286 287 290 298 301 308 309 318 319 322 325 326 330 332 340 344 346 347 352 355 359 360 362 365 371 373 376 379 383 389 391 392 395 401 402 405 409 410 412 417 425 427 430 431 435 438 443 445 449 451 453 456 461 466 468 472 473 475 477 478 482 486 489 490 492 495 500 504 508 511 513 515 519 521 523 528 529 534 540 542 545 549 552 553 557 560 562 566 570 575 578 580 583 587 589 592 594 600 602 606 613 615 
148 155 165 169 172 177 183 184 186 193 195 205 208 210 214 218 226 231 245 247 252 255 259 261 263 271 273 279 282 284 287 290 292 293 302 306 311 312 320 322 325 328 330 334 336 342 347 348 352 353 359 362 366 369 371 374 377 380 384 386 392 395 397 398 402 405 407 410 414 415 418 427 431 434 438 442 446 447 451 455 458 460 464 465 469 472 473 476 479 482 484 487 489 490 492 494 497 504 505 511 514 516 520 522 524 525 532 534 535 544 548 551 554 557 560 564 566 569 572 575 579 580 584 586 588 590 595 598 602 605 610 616 618 
152 157 168 172 173 178 185 187 189 194 199 207 210 213 216 219 230 235 249 251 256 257 262 263 267 273 277 282 283 288 291 293 294 298 306 307 315 317 322 325 327 331 334 337 341 345 350 353 354 358 362 365 367 370 373 378 379 383 388 390 395 399 403 407 409 411 413 417 421 424 427 430 433 437 442 446 447 449 452 459 461 465 468 470 472 474 477 481 485 487 488 490 494 498 499 502 505 507 511 514 516 519 522 524 525 526 535 538 542 546 549 552 557 559 564 567 568 571 575 578 581 583 585 587 589 594 596 602 605 606 614 619 620 
153 161 171 176 180 182 188 192 194 198 200 209 214 216 217 221 231 237 252 256 259 263 267 268 270 277 279 284 287 289 294 297 301 302 307 309 316 320 324 327 331 335 339 342 345 348 352 355 357 361 364 368 371 374 375 381 383 387 392 395 397 400 405 408 413 414 415 419 425 428 429 432 435 438 446 449 452 455 457 460 463 466 471 472 476 479 482 486 487 490 493 496 500 501 504 505 509 512 514 517 518 520 523 528 530 534 539 543 544 547 551 553 559 560 566 569 570 574 577 579 585 587 588 590 592 598 601 603 607 610 616 620 623 
154 163 174 180 183 184 192 196 200 201 204 212 215 218 222 225 232 238 255 257 260 266 268 271 275 278 280 287 289 291 298 301 303 304 309 313 320 321 326 330 332 339 342 344 347 350 355 358 362 365 369 370 375 378 380 383 384 389 395 399 402 404 407 412 415 418 420 424 429 432 435 436 440 443 450 451 454 458 459 464 466 467 474 477 480 481 485 490 492 494 495 498 502 505 507 510 512 514 515 519 520 522 527 532 535 539 543 545 547 548 554 557 563 566 570 571 572 578 580 582 589 591 593 597 598 601 604 608 612 615 618 621 626 
158 165 176 184 186 187 196 199 203 204 208 214 218 220 224 227 233 240 258 262 265 270 271 272 279 283 285 291 295 299 303 305 309 310 311 317 322 323 327 331 333 341 346 347 351 353 357 359 366 368 371 374 379 383 385 389 393 395 396 401 405 406 410 413 419 421 423 426 432 435 437 439 443 444 452 453 455 459 463 468 469 473 477 480 484 488 489 493 495 499 500 504 505 507 510 513 515 517 521 523 527 531 535 539 542 545 546 548 551 554 558 560 564 570 572 573 575 580 584 588 590 595 597 599 600 602 607 610 613 617 619 624 627 
161 168 178 185 188 190 197 202 204 205 209 218 219 224 227 231 237 242 262 264 267 271 272 275 282 287 291 295 299 300 304 308 312 313 316 320 323 327 328 333 335 345 350 352 354 357 361 365 368 370 374 378 380 385 386 391 396 400 401 403 406 409 412 414 423 424 425 429 434 439 442 443 446 450 455 458 462 463 464 469 471 476 481 482 486 490 491 496 497 501 505 509 513 514 517 519 523 527 528 529 530 532 539 543 546 549 553 556 559 563 567 569 572 573 577 578 579 581 587 589 592 598 602 603 606 608 611 614 617 619 620 625 631 
163 171 179 188 191 193 201 206 209 210 211 220 222 228 231 233 238 245 263 266 269 275 279 283 286 291 293 296 302 304 308 311 313 317 321 324 327 330 334 335 336 348 351 355 359 361 362 368 370 371 376 380 381 386 388 393 398 403 404 406 410 414 415 418 425 429 430 434 435 443 446 447 450 451 457 462 463 465 468 471 475 480 484 488 491 494 498 499 501 504 508 513 516 518 520 523 526 530 533 535 536 539 540 546 550 552 556 560 561 565 570 571 573 576 580 582 586 587 591 594 597 602 606 608 611 614 618 620 623 625 627 629 634 
165 174 181 189 193 197 204 208 212 216 217 222 226 231 232 237 239 248 265 268 270 279 282 286 288 292 296 297 306 307 310 313 316 319 323 326 331 335 337 338 342 350 352 357 363 364 366 371 374 378 380 384 386 389 392 395 400 404 405 407 412 416 418 421 426 430 434 436 438 447 449 451 453 457 460 465 468 469 471 474 476 483 487 491 493 497 501 504 508 510 512 515 518 520 523 527 530 533 537 538 539 541 545 548 552 553 560 564 567 570 574 577 579 582 583 584 587 591 594 598 599 606 607 611 612 615 622 626 628 632 634 637 638 
167 177 183 192 195 201 207 209 216 219 222 226 228 233 234 239 242 250 266 272 274 282 286 288 289 293 297 299 309 310 314 318 321 322 326 330 334 339 341 344 346 354 356 358 366 368 371 375 378 382 384 386 387 391 394 399 404 407 408 411 413 418 422 425 428 433 437 440 444 450 452 455 458 459 462 469 472 475 477 480 481 484 490 494 495 499 502 505 509 514 517 520 521 525 528 532 535 536 540 542 545 548 549 552 553 556 561 567 568 573 578 581 584 586 589 591 593 596 597 600 602 607 610 612 615 616 624 628 630 634 638 640 642 
168 179 186 194 197 204 208 210 219 221 226 229 230 235 238 243 246 251 268 274 277 283 288 289 290 296 301 304 310 313 315 322 325 328 329 333 338 342 344 345 350 357 359 362 370 372 374 378 379 385 386 390 392 395 396 403 406 408 411 414 416 421 424 427 429 435 439 444 448 453 457 461 464 467 469 471 474 476 478 481 485 486 491 496 498 501 503 508 510 515 520 524 527 529 530 533 536 538 544 547 548 551 554 558 560 561 562 571 573 575 579 584 586 589 591 593 594 599 602 603 604 611 613 617 618 621 626 629 633 636 642 644 647 
170 183 190 195 198 206 210 211 223 224 229 232 234 238 242 247 248 254 272 278 282 287 289 293 297 299 304 307 313 314 317 324 328 332 334 338 341 344 346 348 352 358 360 363 372 376 380 384 387 390 394 396 399 400 401 407 410 412 416 418 419 423 425 429 432 436 443 447 449 457 461 464 467 470 472 474 477 478 482 486 490 492 496 499 503 507 510 512 515 516 522 527 529 531 534 537 541 543 546 548 551 552 558 562 566 568 571 573 576 579 581 587 589 593 595 597 598 603 605 607 611 614 618 621 624 627 628 631 634 640 645 646 650 
172 186 193 199 200 207 214 215 226 229 230 235 239 241 245 250 251 255 276 281 283 289 290 295 301 304 306 311 317 321 322 326 332 336 337 340 345 349 350 351 355 362 365 368 375 378 384 385 390 392 397 401 404 406 409 413 416 418 419 421 424 427 429 433 437 440 446 450 453 459 462 465 470 474 477 479 481 482 486 487 494 497 498 501 506 510 514 515 519 521 525 531 533 536 540 541 544 546 549 552 555 556 560 565 568 570 572 575 577 580 583 591 595 597 600 601 605 606 609 612 615 618 619 623 625 630 633 637 639 644 647 650 651 
176 190 195 202 204 209 215 216 229 233 235 236 242 246 248 252 255 257 278 282 287 290 291 298 302 308 312 316 320 322 323 329 333 339 340 344 347 351 355 357 358 365 366 372 377 380 385 387 391 393 399 404 406 410 414 416 418 419 423 424 428 431 432 435 439 443 450 453 456 460 465 467 471 476 481 483 486 487 491 493 497 501 505 508 511 512 516 517 523 527 529 533 534 540 543 547 551 555 557 560 562 565 566 568 572 574 576 577 580 582 587 593 597 600 601 604 606 609 610 615 619 623 624 628 630 632 635 638 642 645 651 654 656 
178 193 198 205 208 211 216 219 233 234 236 237 243 248 250 253 259 263 279 283 291 292 294 299 304 309 314 320 324 325 329 333 337 341 344 345 349 352 356 359 360 369 370 375 381 383 387 391 392 394 401 407 411 415 419 421 425 427 430 432 435 439 440 442 444 448 451 455 459 462 468 472 475 480 484 487 491 493 497 498 501 502 507 511 512 515 520 521 525 529 532 535 538 543 545 550 555 558 562 566 567 568 569 570 575 576 580 583 584 587 589 596 599 604 605 607 610 611 613 618 622 625 627 632 635 636 637 639 643 648 655 657 658 
179 196 201 208 212 213 218 223 237 238 241 245 247 249 252 257 261 267 282 284 292 294 295 300 308 313 316 321 325 326 330 336 339 345 348 352 353 354 358 361 365 370 371 377 385 387 388 393 397 401 403 409 415 419 421 422 428 431 435 437 440 444 446 448 451 454 455 456 461 463 471 476 477 483 486 488 495 499 500 501 504 506 510 512 513 518 524 525 529 530 534 539 540 547 548 551 556 561 564 568 570 572 576 580 583 586 589 591 592 594 596 599 601 606 608 609 614 616 618 622 626 627 628 633 636 638 640 643 644 651 658 660 661 
181 198 205 211 214 218 220 224 240 244 245 247 249 250 254 261 263 271 286 288 293 295 298 302 312 316 319 323 327 331 333 337 342 347 352 356 358 360 364 367 369 374 376 381 389 392 394 397 399 405 406 413 417 423 426 430 433 437 439 442 444 447 448 451 452 455 459 460 465 467 474 480 484 485 489 491 496 500 501 504 506 510 511 514 516 520 525 529 532 535 539 541 542 549 552 554 559 565 566 572 574 576 580 584 585 588 592 595 597 599 603 606 609 611 613 617 620 621 624 627 630 634 638 642 645 646 649 653 655 657 660 662 665 
184 201 207 214 216 219 222 226 244 247 248 252 255 259 261 263 267 273 289 292 297 300 303 306 314 319 320 326 328 333 335 338 345 349 354 360 364 368 372 374 376 377 380 382 390 393 397 398 403 408 410 415 420 426 430 432 437 438 440 446 448 450 451 455 459 460 464 466 467 470 475 482 486 490 493 494 497 501 502 505 509 511 513 518 520 521 528 533 537 539 542 545 548 553 557 558 561 569 572 574 575 580 583 586 587 591 593 596 601 605 606 607 610 613 616 620 621 623 628 631 633 635 642 646 650 654 655 659 661 664 667 671 673 
187 203 211 218 221 225 227 229 246 248 250 255 259 261 264 265 268 276 292 293 299 302 304 310 317 323 325 330 333 335 337 339 346 350 355 364 368 371 375 376 379 381 385 389 394 395 401 403 407 409 411 417 421 429 431 433 441 445 449 451 455 456 458 460 462 465 469 471 474 476 477 484 490 493 497 499 502 504 506 509 510 514 515 522 524 527 530 537 541 543 545 548 549 556 559 561 565 572 575 578 582 584 587 589 590 592 596 599 605 606 608 609 612 614 618 623 626 628 629 632 636 638 646 648 651 655 657 660 664 667 671 673 676 
191 206 215 220 222 229 233 236 249 252 255 258 262 263 265 266 271 278 296 297 302 303 305 312 320 326 329 333 336 338 340 341 349 354 359 367 369 373 378 382 384 387 388 390 398 401 404 408 409 411 412 421 425 432 435 439 444 446 453 455 457 459 461 465 469 471 475 479 483 486 489 492 496 497 501 505 509 510 514 517 518 519 521 523 525 528 533 539 545 546 547 552 554 559 560 565 566 576 577 582 586 587 588 592 594 595 597 602 607 611 612 614 617 618 622 626 629 632 636 639 640 642 647 651 653 656 661 664 667 669 673 675 678 
194 210 218 222 226 231 237 239 253 255 256 261 266 267 268 272 273 281 297 299 304 307 309 313 323 329 333 334 337 339 343 344 352 355 363 370 372 374 382 383 386 389 390 394 401 403 406 412 416 420 421 423 426 435 439 440 446 449 455 456 459 460 462 469 471 473 479 481 486 490 491 496 498 502 503 509 513 517 521 524 526 530 532 533 536 537 539 540 546 549 550 555 556 561 564 568 572 580 582 586 587 591 594 595 596 598 599 604 610 613 615 619 623 625 628 631 634 635 637 642 644 648 650 654 656 660 662 666 668 672 674 677 681 
197 211 220 225 229 234 238 241 255 258 259 262 267 271 273 277 281 284 300 301 308 310 314 316 327 332 335 338 341 343 345 346 354 358 367 374 375 379 384 388 391 394 396 400 404 407 410 414 419 422 426 429 432 438 441 443 450 454 458 460 461 464 468 471 475 479 483 485 489 492 496 497 499 503 505 510 515 519 523 528 532 534 535 538 541 542 545 546 547 552 555 558 560 565 567 569 576 582 583 589 591 592 597 598 602 603 607 610 614 615 618 623 625 628 629 634 636 637 641 643 648 651 652 656 657 662 663 667 671 676 680 681 685 
198 214 221 226 230 237 242 245 257 262 265 269 271 275 279 280 284 288 301 302 310 312 315 318 328 335 337 339 342 347 350 353 356 360 370 378 381 385 386 392 394 395 400 401 406 408 414 418 422 423 427 432 435 442 446 450 452 456 461 462 466 468 470 475 476 480 484 489 493 496 498 500 503 507 509 512 516 520 525 531 533 537 541 543 544 547 550 553 555 556 558 560 561 567 569 570 578 585 588 590 595 596 598 602 604 608 610 614 616 617 620 626 628 630 633 635 640 641 645 647 652 656 658 660 664 667 668 669 674 677 681 684 687 
199 215 222 227 231 240 246 247 258 263 268 271 273 276 282 285 286 291 304 305 314 318 320 323 329 337 338 341 343 350 354 356 358 361 373 380 383 386 388 395 398 402 406 410 414 415 418 421 423 427 428 435 436 446 448 451 455 459 464 465 470 474 476 480 482 485 489 490 494 500 503 505 507 508 511 513 519 523 529 534 535 541 544 545 548 552 553 557 559 563 567 570 571 575 578 579 583 586 592 594 597 599 600 606 607 612 616 619 622 625 629 632 633 634 637 639 644 646 650 651 656 658 660 661 667 669 671 674 676 680 683 685 689 
200 216 224 228 233 243 249 250 259 267 271 275 276 277 286 287 290 293 305 306 316 321 324 327 331 338 339 342 345 353 356 357 361 362 377 383 385 390 394 399 401 403 408 413 417 418 419 425 426 430 431 436 437 447 452 453 456 461 466 470 474 476 479 481 484 487 493 496 500 502 504 506 508 512 515 516 523 525 532 536 538 544 546 548 552 553 557 559 562 564 568 573 576 579 581 584 588 589 596 599 600 602 605 607 611 616 620 621 625 627 632 634 635 636 640 643 647 648 654 655 658 659 664 666 670 672 674 677 679 683 687 690 691 
202 217 228 231 234 247 250 252 263 271 275 279 282 284 288 291 292 294 306 308 320 325 328 332 333 339 343 347 350 357 360 361 364 366 378 387 391 392 397 402 403 404 410 417 421 423 424 429 432 436 440 442 445 450 456 459 462 463 469 473 475 480 483 486 487 491 496 499 504 508 511 514 518 519 520 523 526 527 536 539 541 548 552 555 558 562 563 566 570 572 576 579 581 582 584 588 591 595 600 603 606 610 613 617 618 621 624 626 630 631 636 640 642 643 644 647 651 655 657 658 661 665 666 670 674 676 677 679 683 686 691 694 695 
206 218 231 232 238 251 252 253 266 272 279 283 284 288 290 293 297 298 307 309 321 328 329 333 334 343 347 351 354 361 365 366 368 369 380 389 392 395 401 403 406 409 411 421 425 429 432 435 439 443 446 447 449 454 460 461 464 465 470 476 480 483 484 489 493 495 500 504 507 509 514 518 519 521 525 527 529 530 539 543 546 550 555 557 561 563 565 570 572 576 577 583 585 589 590 592 595 597 601 606 608 614 616 619 620 624 625 629 634 637 641 643 645 647 650 651 653 658 660 661 664 667 669 671 678 680 684 688 690 694 695 696 697 
208 222 235 239 240 252 256 259 268 275 280 284 286 291 294 297 300 301 309 310 323 329 333 336 337 344 349 354 355 364 366 369 370 371 383 393 397 399 402 404 410 413 414 422 428 430 434 437 440 446 447 449 451 457 461 464 465 469 472 479 482 485 488 492 495 498 501 506 511 515 519 520 522 523 528 529 531 532 540 547 548 554 558 560 562 567 569 574 575 580 584 587 589 593 594 596 597 601 602 610 611 618 619 623 626 627 631 635 638 640 645 648 650 651 654 655 658 659 661 662 667 669 673 674 682 686 688 690 692 697 701 704 705 
212 223 239 240 243 253 260 261 271 277 282 285 290 294 298 300 302 306 312 313 327 333 337 340 344 347 352 356 360 367 371 372 375 379 384 394 400 403 406 408 414 415 417 425 431 434 438 442 443 447 451 452 455 461 463 465 469 471 474 483 484 487 491 495 499 503 506 509 513 518 522 526 530 533 536 538 539 542 544 551 554 558 561 564 568 569 572 578 581 584 586 589 592 596 597 599 601 605 606 613 614 621 624 628 631 634 638 640 644 647 649 653 655 656 657 658 661 663 667 671 674 676 678 679 683 689 690 692 693 699 704 705 706 
214 225 240 244 245 254 261 263 274 278 285 287 291 297 301 303 304 310 315 319 328 335 339 343 345 350 354 357 362 369 375 378 380 384 385 398 404 405 409 413 416 420 421 427 434 438 441 443 445 448 454 455 458 462 467 468 473 476 477 485 487 490 495 497 503 507 508 513 516 519 525 527 533 535 540 543 545 549 553 555 557 560 563 568 569 570 575 581 582 586 589 591 595 600 603 607 609 612 613 617 620 623 627 629 634 636 639 644 648 651 653 657 658 660 661 664 665 666 671 673 677 681 685 689 693 696 699 702 703 705 706 707 711 
217 228 241 246 248 256 265 267 278 279 288 292 294 298 304 308 312 314 316 321 332 337 343 346 350 351 355 361 364 371 377 381 382 385 387 400 407 410 411 416 419 424 425 428 437 440 443 447 451 452 458 460 461 465 469 472 476 479 481 489 491 492 496 498 506 508 509 515 517 520 527 528 537 538 544 546 550 551 556 560 563 566 568 571 573 577 580 582 586 590 593 596 597 602 605 611 614 616 617 619 623 624 628 632 637 638 643 647 652 654 656 658 662 666 667 671 674 675 679 682 683 685 689 691 695 700 701 704 708 710 714 716 719 
219 231 244 247 249 260 266 270 282 286 292 293 296 299 305 312 314 316 319 324 334 340 347 351 352 356 360 365 366 375 379 382 383 389 392 404 408 414 415 420 424 427 428 430 439 443 446 449 453 457 460 461 463 468 471 475 480 484 487 491 493 496 499 503 508 510 513 516 519 521 529 531 541 542 545 548 552 556 558 562 565 570 572 574 576 580 582 585 587 592 594 597 600 606 607 613 616 617 619 621 625 628 632 634 641 642 645 649 654 658 662 663 667 668 670 673 675 679 680 684 687 689 693 694 697 702 703 708 710 713 718 722 725 
220 234 248 252 255 261 268 273 284 289 294 298 301 303 306 315 317 319 323 325 335 343 350 354 355 357 362 366 370 379 382 386 387 392 393 405 410 415 418 423 428 432 435 439 442 445 448 450 455 460 463 466 468 470 474 476 484 488 490 495 498 501 503 506 510 513 515 518 522 525 531 533 544 546 549 551 555 558 561 565 567 572 575 578 582 586 590 593 595 597 599 600 601 607 609 616 619 622 626 629 630 631 635 637 643 647 648 652 655 659 664 667 670 674 677 681 682 684 685 686 690 694 698 702 706 710 713 714 718 721 725 727 730 
221 235 250 254 257 263 270 277 288 293 295 300 305 308 310 316 319 322 327 330 336 346 351 355 358 359 364 370 374 383 387 391 395 396 400 406 413 418 420 425 429 436 439 440 446 448 450 453 457 462 467 471 472 475 478 481 486 490 491 498 500 504 508 511 515 519 520 523 525 527 532 537 547 548 552 555 558 560 565 567 570 576 577 580 585 590 593 597 599 601 605 608 612 616 619 622 625 627 631 635 636 638 639 641 645 648 651 656 659 663 666 671 673 678 681 682 686 689 690 694 698 701 702 703 709 712 715 719 723 727 728 730 732 
224 236 251 257 259 267 273 278 291 297 298 302 308 310 312 320 321 324 331 335 338 347 354 359 360 361 367 374 376 384 388 393 398 400 402 407 416 422 424 429 433 437 441 442 447 449 451 457 459 466 468 472 474 476 480 482 488 492 493 501 505 509 512 513 517 522 526 527 530 532 535 541 551 552 555 556 562 565 568 572 575 578 581 584 589 592 594 599 602 605 608 612 615 618 622 625 627 631 632 639 642 644 647 648 650 653 654 660 663 667 668 673 675 681 683 687 690 694 698 700 702 704 705 706 710 715 718 721 727 730 733 734 736 
228 240 254 259 262 268 274 282 293 300 303 306 312 315 319 323 326 330 333 339 343 349 358 360 361 364 370 376 380 388 390 396 402 406 407 411 418 426 427 432 434 438 444 445 448 450 453 458 460 467 470 476 477 478 481 484 489 495 497 505 509 513 517 519 523 527 530 532 535 539 543 544 555 558 560 563 565 566 569 574 579 583 587 589 592 593 597 600 603 607 610 613 616 621 626 630 632 635 636 643 647 649 650 654 656 659 663 664 667 671 675 679 681 682 685 691 692 696 702 706 707 708 710 712 715 719 721 724 731 732 735 738 742 
232 241 258 261 266 271 275 284 296 304 305 310 314 319 320 325 329 331 335 340 344 353 359 363 367 368 374 378 382 391 395 399 406 409 411 412 421 430 432 434 435 439 446 449 452 455 456 459 462 469 472 480 482 483 485 489 490 497 498 506 512 516 521 525 527 531 532 536 538 543 546 549 557 559 564 568 571 575 578 582 584 586 590 593 596 600 604 607 611 615 617 621 622 624 627 633 634 637 641 645 648 653 656 658 661 665 666 667 669 674 676 683 686 690 694 696 700 703 705 710 713 716 719 723 726 730 734 738 741 745 746 750 754 
235 245 260 264 270 273 277 285 298 305 306 313 315 321 322 326 333 336 338 341 347 355 360 365 369 371 376 381 386 392 396 401 408 413 416 417 423 433 437 441 443 445 449 452 455 456 457 461 464 472 474 482 483 485 487 492 496 500 501 510 515 520 522 529 532 534 535 537 542 545 549 551 561 563 568 571 573 577 581 586 588 590 591 596 600 603 608 612 616 619 621 625 629 631 635 637 639 643 646 648 649 656 657 659 662 669 671 675 676 677 678 686 688 693 698 699 701 706 707 713 714 719 723 727 730 733 735 739 743 746 750 752 755 
237 248 263 266 271 277 281 288 302 307 310 316 318 323 324 330 334 337 339 343 350 356 363 367 373 374 378 382 388 395 400 404 409 414 418 421 426 435 439 443 447 448 453 455 458 461 463 466 470 476 479 485 486 489 490 495 500 503 507 514 516 522 525 531 534 536 540 543 546 547 550 555 562 564 570 574 575 580 582 589 593 597 598 602 606 608 612 613 620 624 625 626 633 634 639 641 644 647 650 654 656 659 661 665 669 673 676 678 682 684 688 689 691 697 699 703 704 709 711 717 721 722 725 729 733 735 739 743 745 749 751 755 757 
239 250 266 270 272 281 284 292 303 310 313 320 321 324 327 334 335 338 340 346 352 358 367 370 375 378 382 386 392 397 401 405 411 417 421 424 430 438 443 447 449 450 454 458 461 462 464 470 474 478 482 489 492 495 497 498 502 504 508 518 521 523 529 532 535 538 544 547 549 552 554 559 565 569 572 578 580 584 588 591 595 598 601 604 607 610 616 618 622 625 629 632 634 637 641 643 647 651 654 656 657 662 664 669 672 677 679 681 684 685 692 695 697 700 703 706 708 712 714 721 724 728 730 732 737 740 741 744 747 751 752 757 761 
241 251 268 274 277 282 285 295 307 312 317 323 324 325 329 338 342 346 348 349 355 360 371 375 377 382 383 390 393 401 404 408 415 421 424 427 433 439 444 451 452 455 458 461 464 468 471 475 478 479 486 493 496 500 503 507 508 509 510 520 524 526 530 533 537 541 548 552 555 559 562 563 567 572 574 581 584 588 591 593 598 601 603 608 612 613 618 622 626 628 633 636 640 643 645 648 651 652 658 660 663 666 667 672 674 680 682 686 687 689 696 698 701 702 707 708 711 715 716 724 726 731 734 736 738 741 742 745 750 754 756 761 762 
243 255 270 278 281 284 288 298 308 314 319 327 330 331 334 340 344 347 349 350 356 361 373 379 382 386 387 394 396 404 406 410 419 423 425 431 434 442 448 453 454 458 459 462 465 470 474 479 483 487 490 495 500 503 504 509 512 513 514 524 525 529 533 536 538 543 551 555 556 560 566 570 574 575 577 585 587 592 594 596 600 604 606 611 615 617 620 625 629 631 635 639 642 644 647 652 656 658 660 662 667 670 673 675 676 684 685 688 689 691 698 702 706 708 709 711 715 716 717 725 727 735 736 737 740 742 745 749 752 758 760 765 766 
244 256 273 279 282 288 292 302 309 317 320 330 332 336 340 341 347 349 350 353 358 364 376 383 386 390 394 396 399 405 409 411 420 426 428 434 436 445 451 455 459 463 467 469 472 473 476 482 485 490 491 497 502 505 507 512 513 517 520 528 531 532 535 539 541 545 553 556 558 563 567 571 577 578 580 588 590 595 597 600 601 608 611 612 616 619 621 627 632 636 638 642 645 646 649 656 657 659 661 665 668 672 674 679 682 685 689 693 696 697 699 705 710 711 713 716 718 721 722 729 732 739 742 746 750 752 753 755 759 761 763 767 768 
246 260 276 280 286 291 295 304 312 320 322 334 336 338 344 348 351 353 356 359 363 366 377 386 388 393 397 400 402 407 412 414 424 430 434 438 439 449 453 457 461 464 469 471 473 474 480 486 488 494 495 500 506 510 513 514 515 518 523 530 533 534 536 540 543 549 557 559 562 564 570 572 579 581 584 591 595 597 599 603 606 612 614 616 619 621 624 630 635 639 641 643 647 648 653 658 660 663 665 666 671 674 675 681 685 689 692 696 698 701 702 707 713 717 720 722 724 725 726 733 734 743 747 748 752 753 755 757 763 766 768 771 772 
250 263 277 281 289 293 298 306 313 324 328 337 341 342 345 350 353 357 360 363 366 368 380 388 390 395 401 404 407 410 416 417 425 431 437 440 444 452 455 461 464 467 473 475 478 480 482 490 492 497 498 503 509 512 517 519 520 524 528 534 536 539 543 546 548 551 558 563 565 569 574 578 582 583 586 594 596 600 602 607 611 616 618 621 625 626 628 631 638 640 645 647 648 651 654 661 664 666 669 671 672 675 676 682 689 693 694 698 699 704 707 711 714 720 723 725 726 729 733 736 737 746 749 752 756 760 764 768 770 771 774 775 776 
253 265 279 283 292 297 299 310 315 326 329 340 345 349 351 352 357 360 364 367 368 370 381 390 391 396 403 406 409 414 418 419 428 434 438 441 447 456 458 463 467 469 474 478 479 483 486 491 495 498 502 504 510 514 520 521 525 527 529 536 539 540 547 549 552 554 559 566 570 573 575 580 583 587 590 595 600 603 604 611 613 620 622 626 629 630 632 633 642 645 646 651 654 657 660 664 667 668 672 673 676 679 682 686 690 696 698 701 705 706 710 715 719 724 726 727 731 734 735 739 742 748 750 755 758 763 768 770 774 776 779 781 782 
256 267 282 286 295 300 303 313 317 330 334 342 347 350 355 358 362 366 368 372 375 376 382 392 396 399 404 410 414 418 419 423 430 438 442 446 451 460 462 467 470 474 477 480 483 486 489 492 498 501 504 505 514 516 524 526 528 532 533 539 543 546 548 552 554 556 563 568 573 577 579 581 586 591 594 599 603 607 610 615 617 622 623 627 631 634 637 640 645 649 650 655 659 661 664 666 670 672 676 679 682 686 689 693 697 701 703 705 709 710 711 717 721 726 727 731 732 735 738 743 744 750 751 758 760 765 769 772 775 780 781 782 783 
260 268 284 287 299 304 305 315 320 334 336 346 350 352 357 360 363 367 369 376 379 381 383 394 400 401 408 414 418 419 421 424 434 441 446 447 455 461 463 468 473 475 481 485 488 491 493 496 501 503 506 510 516 517 527 529 533 537 540 544 548 551 555 557 560 561 566 571 576 578 582 583 588 592 595 603 606 610 612 617 620 626 627 629 633 636 638 643 646 650 652 658 662 663 667 668 672 674 678 683 687 691 695 697 699 702 707 708 712 714 718 720 725 729 732 734 737 739 743 746 750 754 757 759 763 767 770 773 776 784 788 791 794 
264 272 287 291 303 306 308 318 324 338 339 348 354 358 359 364 365 371 373 379 380 385 386 395 403 407 410 418 419 422 426 429 437 442 450 452 459 464 465 472 474 477 483 488 492 496 497 500 504 508 509 511 519 521 529 532 535 540 544 548 550 555 558 562 564 565 567 573 577 579 585 587 589 594 599 606 607 614 617 618 622 630 632 636 638 642 644 645 649 653 655 662 664 668 671 675 677 679 680 686 690 695 699 703 704 707 709 712 716 717 719 723 729 732 733 735 741 745 748 750 751 758 762 764 768 770 774 776 780 786 790 795 797 
268 273 291 292 304 308 310 322 327 339 342 352 355 361 362 365 368 372 377 381 382 389 391 397 406 408 413 419 423 425 430 431 441 443 453 454 462 466 469 473 477 480 487 490 493 497 498 502 505 509 513 515 520 522 531 534 536 543 546 551 554 556 559 563 567 568 569 576 578 581 587 590 594 598 603 610 613 617 620 623 625 632 636 638 639 644 648 649 653 657 661 666 667 671 674 678 679 680 683 687 694 697 701 707 709 712 716 717 720 721 723 726 732 736 737 740 742 748 749 752 754 759 766 767 769 771 777 780 781 790 793 797 801 
272 274 292 294 305 310 314 326 329 341 344 355 356 364 365 367 370 374 381 385 387 393 396 401 410 411 414 423 427 429 432 433 444 447 456 457 464 470 471 475 481 482 488 492 494 500 501 504 507 510 514 519 524 525 532 536 537 544 549 555 556 558 560 566 568 569 573 577 579 583 588 593 595 602 604 611 614 618 621 627 629 635 640 641 645 649 650 651 655 659 664 670 674 678 681 684 685 688 691 695 698 702 706 711 715 719 720 724 727 728 732 735 739 742 746 748 750 754 757 759 761 762 770 773 777 780 782 783 787 791 795 800 805 
273 278 293 296 307 311 316 330 332 342 345 359 362 368 371 372 376 380 382 389 390 397 401 405 412 415 418 426 428 433 434 438 447 450 460 463 466 472 473 479 483 487 491 494 495 501 502 506 508 514 516 520 528 529 535 539 542 548 551 559 563 565 566 568 570 574 575 579 583 585 589 596 599 604 605 615 616 620 622 630 631 639 644 645 647 651 654 657 659 663 668 672 678 682 685 688 691 693 697 700 701 706 707 715 719 721 722 727 730 733 737 739 742 746 747 752 754 755 760 762 764 767 771 776 778 781 783 786 788 792 797 801 808 
274 279 297 300 311 314 319 331 333 345 346 361 363 370 375 377 380 384 386 390 392 400 405 406 415 419 423 427 430 435 436 442 450 452 463 467 471 474 476 483 487 488 494 496 497 503 505 509 511 515 519 523 531 533 537 540 545 551 555 562 565 567 571 573 576 579 581 584 588 591 595 597 601 608 611 616 618 624 627 632 634 640 648 652 653 656 660 663 665 669 671 674 680 686 688 690 692 696 698 703 704 707 710 718 723 724 725 731 734 735 738 743 744 748 751 755 756 760 762 763 765 769 774 779 781 783 784 787 791 795 801 802 811 
277 283 300 303 315 317 322 333 335 347 348 362 367 374 376 379 382 385 388 392 395 403 409 413 416 420 424 429 434 438 442 444 454 455 465 468 473 475 479 484 489 493 498 502 506 509 513 516 519 521 523 527 532 534 541 543 547 552 556 563 566 570 572 577 581 585 589 591 592 596 597 600 603 611 614 617 622 625 631 633 638 642 650 654 656 660 662 666 667 671 672 678 681 687 692 696 699 700 704 706 709 712 713 721 724 725 729 734 735 738 742 745 749 751 755 758 761 765 768 771 772 774 775 781 782 786 787 790 794 797 804 808 813 
281 284 304 308 319 322 325 334 336 350 354 365 370 378 380 383 385 387 390 395 398 407 412 415 420 422 427 430 438 439 446 449 456 459 468 472 474 478 482 486 490 495 500 505 510 512 517 518 521 523 527 530 533 538 542 547 550 553 560 567 568 573 576 581 584 589 593 596 597 600 603 606 607 614 615 621 626 630 635 638 641 643 651 656 660 663 664 667 671 675 676 680 684 691 694 697 702 704 705 708 711 716 717 725 727 730 733 738 742 744 748 751 753 756 757 759 762 768 769 772 773 777 779 782 784 789 791 792 796 800 807 812 815 
282 288 308 312 322 323 326 335 339 354 355 366 371 382 383 386 389 393 394 399 403 410 413 418 422 425 428 432 442 446 449 452 458 462 472 473 477 479 484 488 493 498 501 509 511 514 519 522 523 524 529 531 535 542 543 551 553 557 562 568 572 575 577 585 588 590 596 599 602 606 609 612 614 618 619 625 630 631 639 641 645 649 655 657 662 665 669 673 677 679 682 686 690 694 696 700 704 707 711 712 714 720 723 726 729 734 738 741 745 746 752 755 758 761 764 767 771 772 776 779 780 782 783 784 787 790 792 795 798 803 808 815 816 
285 292 312 314 325 326 328 338 342 357 361 367 375 385 387 388 391 397 401 404 406 414 415 420 426 429 433 435 444 447 453 456 462 463 474 478 479 483 485 491 496 501 504 511 514 517 520 525 527 529 533 535 538 546 549 554 558 561 563 572 574 579 583 587 592 594 600 603 606 607 612 613 617 620 624 628 631 632 642 646 647 652 656 659 665 666 672 674 681 682 683 687 692 697 701 702 705 709 712 713 716 721 727 728 731 738 739 743 746 748 754 757 762 766 769 772 776 778 782 785 786 787 788 790 793 795 798 799 800 806 810 818 819 
289 296 316 318 328 331 334 341 345 360 365 368 379 388 392 396 397 399 402 406 409 417 420 421 430 432 437 441 447 451 456 459 465 468 477 479 480 486 488 493 497 505 506 512 515 518 524 526 528 533 537 540 542 549 552 556 561 565 566 575 578 583 585 589 593 598 602 604 610 611 614 618 622 623 627 630 632 633 645 649 650 655 658 662 668 669 673 675 683 684 685 690 695 698 702 705 708 713 715 718 720 725 728 732 736 740 744 745 748 750 755 760 764 769 772 774 779 781 785 788 791 792 795 797 800 802 805 806 809 812 814 821 822 
291 298 318 321 330 335 337 345 348 361 366 372 381 391 395 399 400 402 403 408 410 419 421 425 431 436 438 443 450 453 459 460 468 471 478 480 481 490 493 496 499 508 510 515 519 521 527 529 532 534 541 542 543 550 555 560 564 567 570 576 581 585 587 591 596 599 605 606 611 613 616 622 625 627 630 634 636 637 648 651 654 658 662 664 670 672 676 677 687 691 693 695 696 699 703 708 711 714 716 721 722 728 730 733 737 743 747 749 751 755 758 764 765 773 776 779 782 785 788 792 794 796 797 798 802 804 807 810 813 814 817 823 824 
293 301 322 326 331 338 341 349 351 362 369 374 383 395 396 400 404 406 409 411 415 422 426 429 433 437 441 444 454 457 460 461 471 475 480 484 486 492 494 499 500 511 513 519 521 524 531 532 535 539 545 547 549 551 556 562 566 570 573 580 583 589 591 594 599 602 606 608 613 615 619 625 627 629 632 636 637 639 651 653 656 660 663 668 673 674 680 683 689 695 696 698 701 702 704 710 713 717 718 722 723 731 732 736 740 744 749 751 752 756 760 767 769 777 780 781 785 786 791 795 799 802 804 805 808 809 810 814 816 817 821 827 831 
295 304 326 329 335 342 345 350 354 365 371 375 387 399 401 402 407 408 410 414 416 426 430 432 437 440 442 448 455 461 465 469 472 477 481 485 490 493 495 502 505 514 515 521 523 526 534 538 539 543 546 551 555 556 558 565 568 571 575 584 585 591 593 595 600 606 607 610 617 619 620 626 630 633 634 637 640 642 655 659 662 664 668 671 677 678 684 687 692 698 699 701 704 705 709 712 717 718 719 723 724 732 733 737 744 748 750 754 757 758 763 769 770 780 784 788 791 794 797 799 802 806 809 813 815 819 822 823 824 825 826 829 833 
296 307 330 332 338 346 350 351 357 369 374 376 388 400 402 404 411 414 418 419 423 429 434 437 439 442 446 452 456 465 466 473 475 480 482 486 492 497 500 506 510 515 516 525 529 531 537 541 544 547 548 554 558 562 565 566 571 574 579 587 589 595 598 600 602 608 609 613 618 620 621 628 632 634 637 640 643 645 657 660 666 669 670 674 678 682 688 689 693 702 703 707 709 710 713 716 719 722 725 729 733 734 738 741 746 751 755 759 760 764 767 773 777 781 785 789 795 796 798 803 804 807 811 817 819 822 826 827 831 833 835 836 838 
299 309 334 338 339 350 352 356 361 372 376 377 390 402 405 406 414 416 419 422 425 433 438 442 444 447 448 456 458 466 468 474 479 482 483 489 493 501 502 508 514 517 521 527 533 534 538 542 546 551 555 556 562 564 568 570 575 578 583 590 594 596 602 605 606 612 613 617 622 624 626 630 634 637 639 644 645 648 658 664 667 672 675 679 683 684 689 691 697 704 707 711 715 719 723 727 728 729 732 733 734 737 739 743 747 753 759 762 764 765 769 774 780 784 787 792 797 801 805 806 810 814 816 821 822 824 828 830 833 837 839 840 843 
301 312 338 342 345 351 356 359 364 374 378 382 393 406 410 414 418 422 426 427 430 435 440 443 448 451 455 458 459 469 471 477 483 485 488 490 496 503 504 511 516 520 523 528 534 537 540 545 548 555 559 562 566 569 572 576 577 581 584 594 595 600 605 608 612 616 620 621 624 627 629 633 638 639 642 645 646 652 660 668 672 675 678 682 686 688 693 696 700 708 709 714 719 723 726 731 733 735 739 740 742 746 747 751 752 755 761 764 768 771 775 776 784 785 790 794 798 804 807 808 813 818 822 825 829 833 837 841 844 845 848 850 852 
304 313 341 343 349 355 358 361 367 376 379 386 397 409 414 418 422 426 429 433 434 436 441 447 451 453 459 463 466 470 472 481 486 490 493 497 501 505 508 514 517 522 525 532 538 542 545 549 553 558 562 564 568 571 573 579 583 585 589 598 599 601 608 610 616 618 623 625 627 628 632 635 641 643 646 648 652 653 662 672 675 679 683 686 688 689 696 698 704 712 714 717 720 726 730 732 735 739 743 746 750 752 753 755 757 760 765 767 772 773 779 781 787 790 792 797 800 806 808 812 814 822 825 828 833 835 840 843 846 849 852 855 857 
308 315 342 345 351 357 362 366 371 379 381 390 401 411 416 419 424 430 431 434 438 442 444 451 455 457 460 466 468 471 474 484 490 491 497 499 505 509 513 517 521 526 527 534 542 544 549 550 556 562 565 568 570 573 574 583 584 586 591 600 601 603 610 614 617 620 625 628 631 635 638 642 643 646 647 652 655 659 663 676 680 682 687 688 689 693 700 702 706 714 717 718 724 727 733 735 738 740 744 749 754 756 759 762 765 767 769 770 773 774 781 783 789 791 794 799 804 809 810 814 818 826 827 832 836 837 843 844 847 853 854 857 860 
310 319 346 349 352 360 363 369 373 382 383 393 405 412 420 423 428 433 437 440 444 448 450 454 459 461 464 468 471 474 478 487 492 493 498 501 509 510 515 521 522 530 534 537 546 549 550 551 560 566 570 571 572 575 579 584 585 587 595 601 603 606 612 617 621 623 629 632 633 638 640 645 648 650 654 656 657 661 666 679 682 683 688 689 693 697 704 705 707 718 722 724 725 729 737 738 740 743 745 750 755 759 763 765 766 769 770 773 777 778 784 788 793 795 796 801 805 812 813 818 821 828 831 836 839 842 846 847 851 857 860 861 864 
311 321 347 350 355 364 365 373 375 386 388 397 408 416 422 425 432 435 439 443 445 452 455 456 460 465 467 471 474 476 479 488 496 497 502 506 511 512 517 522 524 532 536 541 547 553 554 555 564 570 571 575 579 580 582 585 587 590 597 605 608 609 613 619 624 628 632 636 638 640 642 647 649 651 655 658 660 664 668 681 683 684 692 695 698 700 708 710 712 721 725 728 729 731 741 744 746 749 750 751 756 763 767 769 772 775 778 781 785 786 789 793 794 797 801 804 807 815 817 820 825 829 834 840 843 845 849 853 854 858 861 864 867 
313 322 350 351 358 366 367 375 379 390 391 401 409 418 424 428 434 439 441 444 449 456 458 459 464 467 471 473 476 480 484 492 497 498 505 508 514 516 519 526 530 534 537 543 548 556 557 558 566 571 573 577 581 583 584 588 591 595 598 609 611 614 616 620 625 632 633 638 642 643 644 650 651 655 656 659 661 666 669 683 685 687 695 698 701 704 712 713 715 723 728 732 735 736 743 747 751 752 756 757 758 765 771 774 778 779 782 785 789 792 794 798 799 801 804 805 810 817 821 823 826 830 835 843 845 847 851 854 855 859 864 866 869 
316 324 351 353 359 368 369 377 381 393 394 405 410 422 428 429 438 440 442 448 450 459 460 461 468 470 472 474 477 483 488 494 499 500 509 513 516 519 521 528 532 535 539 547 552 559 560 564 567 572 574 579 583 585 588 590 593 599 600 611 612 618 621 622 627 633 635 642 644 645 648 654 656 660 662 664 668 669 672 685 689 692 697 701 702 708 714 716 718 725 731 735 736 739 744 749 754 757 760 762 766 770 773 777 779 783 784 788 791 793 795 800 804 805 809 810 812 821 822 824 827 832 838 847 850 851 854 856 857 862 867 871 873 
320 327 353 355 361 370 371 378 385 397 401 407 414 424 430 433 439 444 446 450 454 462 463 466 471 472 473 477 478 485 491 496 500 501 511 517 519 522 525 529 534 536 543 548 555 560 561 565 571 575 578 581 586 587 591 594 596 602 603 612 616 619 625 627 629 636 638 646 648 652 655 659 660 661 664 668 671 673 677 687 691 693 701 702 705 710 717 721 724 728 735 738 739 740 745 753 757 758 764 766 768 771 776 781 782 787 789 792 796 798 802 805 809 813 817 818 819 823 824 826 828 836 841 851 855 857 861 865 867 869 872 873 875 
323 331 354 356 364 371 372 381 389 400 405 409 417 426 434 437 443 448 449 454 457 464 466 467 472 473 475 479 481 488 494 499 504 505 515 521 522 524 529 532 537 539 546 550 558 564 566 568 574 577 579 582 590 591 593 598 602 605 609 615 617 620 626 631 632 640 642 650 651 656 658 661 663 665 669 673 675 679 683 688 692 694 703 706 710 714 718 723 727 731 738 739 741 745 747 754 758 760 768 772 774 778 780 785 787 791 795 796 800 802 806 809 810 816 821 822 823 827 830 832 833 837 843 854 859 861 863 868 871 872 873 876 878 
325 335 358 359 368 373 374 383 391 404 409 410 418 430 436 438 446 449 453 456 458 466 468 472 474 475 477 482 485 489 497 500 506 510 518 522 525 529 530 533 540 544 549 552 559 567 569 572 577 578 580 586 591 593 597 601 604 606 611 618 621 624 629 632 634 641 646 651 654 660 663 665 667 671 675 678 680 683 684 689 696 700 704 709 713 715 719 725 728 733 742 745 748 749 750 758 759 763 772 774 776 779 783 787 791 792 796 798 804 805 809 811 812 818 823 827 831 833 837 838 842 846 848 857 861 863 865 869 875 877 878 881 884 
327 336 359 362 369 375 378 385 395 408 411 414 421 434 440 444 450 451 454 458 459 468 470 474 478 482 483 486 488 492 498 504 510 511 520 525 527 530 531 534 541 546 551 553 560 571 573 577 581 585 587 588 595 596 599 605 607 608 613 622 625 627 632 635 639 642 650 652 655 661 664 667 671 673 677 680 683 686 688 692 698 702 706 711 715 716 723 727 732 737 746 748 750 753 754 759 761 765 773 775 778 783 787 789 792 794 799 801 805 809 810 815 819 823 824 831 835 837 838 842 845 850 851 860 865 866 869 873 879 880 881 883 887 
331 339 362 364 370 376 382 387 399 411 414 417 424 438 444 448 454 457 461 465 467 469 474 477 481 486 489 491 492 495 500 508 511 512 524 526 531 535 538 540 543 547 555 559 564 573 577 579 585 588 590 593 599 603 607 611 612 613 616 624 627 631 633 638 643 644 654 655 658 662 667 670 674 675 680 683 685 690 691 694 702 704 707 712 716 717 726 730 735 741 749 752 755 758 761 762 763 768 777 779 781 784 791 794 798 801 803 806 807 813 816 817 821 824 825 834 837 839 843 847 848 854 857 863 869 870 873 876 881 884 885 887 889 
334 343 366 370 371 377 384 388 400 414 418 419 426 442 448 451 457 459 463 467 468 473 477 479 484 487 492 496 497 498 503 512 516 518 528 531 535 539 542 546 548 552 556 561 567 575 579 582 589 593 595 596 603 607 609 615 618 622 624 625 628 634 635 642 645 648 658 661 664 665 671 675 678 682 685 686 690 691 694 696 703 705 708 716 720 723 730 733 736 744 750 754 758 760 763 767 771 772 781 783 787 788 795 796 799 803 807 808 811 816 818 822 826 827 829 838 840 843 847 851 853 856 860 866 872 873 877 878 883 887 888 890 893 
337 346 370 373 374 379 388 389 403 418 419 423 430 444 449 455 459 461 467 470 472 474 479 482 486 489 494 500 504 505 509 516 517 521 529 532 536 543 544 549 551 554 558 565 570 576 583 587 593 596 600 601 604 609 611 619 623 627 630 634 637 641 643 647 649 650 662 666 669 671 672 679 683 685 686 690 693 696 697 701 707 709 712 720 721 724 733 736 740 747 752 757 761 763 765 771 772 775 782 786 788 792 798 801 803 805 809 810 815 820 822 825 827 829 832 840 844 848 850 853 857 861 862 868 876 877 881 885 888 889 890 891 894 
339 349 374 375 377 380 390 392 407 419 423 426 433 445 450 458 461 462 469 472 474 477 480 483 490 492 497 501 506 509 511 520 521 524 532 533 537 545 546 552 553 556 559 568 574 579 585 588 597 598 603 607 611 612 616 621 626 629 634 638 641 643 644 649 652 653 663 668 671 675 678 681 687 690 692 695 697 699 700 703 708 712 716 724 728 730 735 739 742 749 756 760 764 768 772 776 777 780 786 789 793 794 800 804 806 808 813 816 819 822 825 828 830 831 835 842 845 851 855 859 863 866 870 871 878 881 885 886 890 894 897 901 902 
341 350 375 378 381 385 392 396 408 423 425 427 437 448 453 462 466 470 474 475 476 480 481 486 491 496 498 504 510 513 515 522 525 526 536 538 542 549 553 555 557 561 564 572 577 583 588 590 600 601 605 609 612 614 618 622 630 632 635 639 644 647 648 652 656 658 665 671 675 679 680 685 691 694 695 697 700 701 704 707 709 715 718 725 730 733 736 741 746 751 758 761 767 771 773 777 779 783 787 793 797 799 801 805 810 814 816 820 821 826 828 831 833 837 838 843 846 853 856 863 867 868 874 878 881 884 886 887 894 898 902 905 909 
343 351 378 379 383 386 394 399 410 425 427 430 441 450 457 463 470 474 477 478 481 484 486 487 492 500 501 507 514 517 521 525 529 531 540 541 545 552 555 559 563 566 570 573 578 587 592 593 602 604 608 610 616 618 621 624 633 636 637 641 646 651 653 656 659 661 667 672 678 682 686 688 693 696 700 704 708 712 715 717 718 722 723 729 734 738 741 745 747 753 761 765 771 774 777 779 783 784 791 796 798 801 802 809 812 817 819 822 823 829 833 834 835 839 840 847 850 854 858 866 869 871 875 880 885 886 889 891 897 901 906 910 912 
346 354 382 383 384 387 395 400 412 429 431 434 443 451 460 465 473 476 478 481 483 486 490 492 494 502 506 511 517 518 523 529 530 533 544 548 552 556 559 562 565 568 573 574 580 591 593 595 604 606 609 613 619 621 622 628 635 637 639 644 649 653 657 661 663 665 671 673 681 684 688 689 697 698 704 706 710 715 719 720 721 724 726 733 737 742 743 746 749 757 762 768 773 775 780 784 785 786 792 798 802 803 805 813 816 818 821 824 827 833 836 840 843 845 848 851 853 856 860 868 872 876 879 882 888 891 893 896 901 903 907 911 915 
