4 5 9 13 17 20 23 24 26 27 31 35 39 41 42 43 45 49 51 54 57 60 63 64 66 68 72 75 77 78 82 85 89 90 94 95 98 99 101 103 105 107 111 114 117 120 124 125 128 129 131 135 139 143 147 151 154 156 160 161 163 164 166 170 171 175 179 182 185 189 192 194 196 197 201 205 206 207 211 214 216 219 223 227 230 233 234 235 236 240 242 244 248 249 253 255 259 263 265 268 270 274 276 279 281 284 287 290 292 294 297 299 301 304 307 311 314 317 320 324 
8 10 11 14 18 24 25 29 32 36 37 40 44 48 51 52 56 59 60 62 64 65 68 69 72 76 80 83 86 90 94 97 99 102 106 110 113 116 118 120 122 126 127 128 130 134 136 140 142 146 147 150 151 154 156 160 164 167 168 169 173 176 178 179 183 186 190 192 194 198 202 206 208 210 214 216 219 221 225 228 229 231 232 235 238 239 243 244 248 249 251 252 253 257 260 263 265 268 269 272 273 278 281 282 285 288 291 294 296 297 299 300 304 306 310 314 318 322 324 327 
11 13 17 18 22 27 29 33 36 40 41 43 46 52 55 57 58 60 62 63 65 68 71 73 76 78 84 85 90 93 96 98 103 105 108 111 116 120 124 127 131 133 136 139 142 145 148 150 154 157 158 160 161 162 165 168 170 174 178 179 181 185 187 191 194 195 199 202 204 206 210 212 215 219 222 223 226 228 229 232 234 236 240 244 247 251 252 253 254 257 261 265 266 268 271 274 276 280 283 284 285 288 291 294 295 296 298 299 301 302 304 305 307 309 313 317 321 325 329 332 
12 17 18 19 23 29 32 36 37 44 46 47 50 53 58 59 62 63 64 67 68 69 74 75 77 79 85 86 92 95 97 99 104 106 112 115 118 124 125 130 135 138 142 146 149 152 154 155 156 158 161 165 168 169 173 174 177 178 181 183 185 188 189 192 195 196 202 203 207 208 211 215 217 223 227 228 230 231 232 233 237 240 242 245 251 255 259 261 263 265 266 269 273 277 281 284 285 288 292 294 298 300 302 305 307 311 314 317 318 319 323 325 328 331 334 336 340 342 345 347 
13 18 22 23 27 30 35 40 41 46 50 53 54 55 60 64 65 69 70 72 75 77 79 82 86 88 92 95 99 100 104 108 111 115 119 121 123 126 129 131 139 141 145 147 151 153 158 160 162 165 167 171 173 176 178 180 181 184 187 190 194 197 200 201 205 207 208 209 211 214 218 220 221 226 228 231 233 235 239 243 247 248 249 251 253 257 261 264 266 267 271 272 276 279 282 285 287 289 293 298 301 304 305 309 311 314 317 320 324 327 328 329 332 333 336 338 343 346 349 351 
16 21 26 28 30 33 38 41 42 50 54 57 61 63 64 66 69 71 74 75 78 81 85 87 89 90 96 99 103 105 109 113 117 120 124 128 131 134 135 138 142 145 148 150 153 157 159 162 164 168 169 173 177 179 183 185 188 192 196 197 199 201 205 206 207 208 210 212 214 216 221 223 226 230 233 234 238 240 243 245 249 251 252 255 258 260 262 268 270 272 274 277 280 283 286 287 289 290 297 299 303 306 308 313 317 319 321 325 329 330 332 334 338 340 342 345 347 349 352 355 
19 22 30 34 38 41 44 47 51 54 57 60 62 66 67 68 72 74 76 77 82 85 87 90 94 97 99 103 104 108 112 114 121 124 125 132 136 137 138 142 146 149 153 155 158 159 161 166 167 169 173 177 181 184 187 190 193 195 198 200 204 208 212 215 217 221 225 229 230 234 238 241 245 249 252 256 258 261 264 266 270 274 278 281 282 283 285 288 292 293 295 298 299 303 305 307 311 313 315 316 319 321 325 328 332 334 335 338 339 341 342 345 347 350 352 356 359 362 364 367 
21 26 34 36 42 46 49 50 54 58 60 63 67 69 73 76 77 79 80 82 86 90 93 94 97 101 104 107 108 109 114 117 123 126 128 135 140 142 145 147 151 153 154 157 160 164 165 167 171 172 174 181 183 186 190 191 194 197 202 203 207 209 214 216 219 222 229 230 234 236 242 243 248 253 255 257 260 262 265 269 271 278 280 283 284 288 292 294 297 298 300 302 303 306 307 310 315 316 320 322 325 327 330 332 335 338 339 340 341 345 347 348 351 354 356 359 360 366 370 373 
23 30 37 38 45 49 50 52 57 60 61 65 71 72 77 81 82 84 88 92 93 94 96 97 99 105 109 112 116 117 120 124 128 129 130 139 142 144 149 152 153 157 159 163 166 167 171 175 177 180 181 185 186 188 192 194 197 199 206 209 213 217 218 219 222 223 231 235 239 243 244 247 249 257 260 264 265 266 267 272 273 281 285 289 290 292 295 298 302 305 307 310 314 316 319 323 324 327 331 335 336 337 339 342 343 346 350 351 355 359 363 366 368 370 374 377 378 380 382 385 
24 34 38 39 46 51 55 56 61 65 68 70 73 74 79 84 85 89 93 96 97 98 102 106 110 113 115 117 118 121 124 127 131 134 136 142 146 148 152 153 154 158 160 165 169 171 172 178 179 182 186 189 192 194 196 199 203 204 208 213 215 219 220 224 228 231 233 238 240 247 249 253 257 261 262 267 269 271 275 277 279 285 289 290 292 295 298 300 306 308 311 313 317 320 321 327 328 331 334 338 342 343 346 349 353 354 355 358 361 362 364 369 370 371 375 378 382 386 388 391 
27 37 41 42 50 55 59 60 62 68 72 75 78 82 84 88 92 93 94 97 101 102 103 107 111 114 116 118 122 124 127 129 134 137 138 144 147 152 155 156 160 164 165 168 172 174 176 182 186 188 191 193 194 196 199 203 206 209 211 216 217 223 224 226 232 236 238 242 246 248 250 255 260 262 264 268 271 272 276 280 284 286 293 295 296 300 302 303 309 313 316 320 322 323 327 328 330 334 337 342 346 348 349 350 355 359 361 364 365 368 370 374 378 379 381 382 383 387 391 393 
31 38 43 47 54 56 60 63 64 72 76 77 82 84 86 89 94 95 99 103 106 110 111 112 115 116 119 120 125 126 129 132 135 140 141 148 149 153 156 158 161 167 169 170 175 177 181 184 187 192 195 196 200 204 207 208 210 211 212 217 219 226 230 232 236 240 243 247 251 253 257 260 262 265 267 270 275 277 281 282 287 289 297 300 304 308 309 313 314 318 321 323 327 328 331 333 335 339 343 345 347 349 351 355 356 362 364 367 370 373 374 375 379 380 384 386 389 392 393 394 
34 42 47 50 57 60 61 66 67 76 80 83 84 87 91 93 98 99 101 105 108 114 117 119 120 124 127 131 135 137 139 143 144 147 150 154 157 158 160 162 166 168 170 172 176 178 183 187 190 193 199 203 206 208 212 214 217 221 222 224 226 229 231 233 238 243 244 248 252 257 260 262 265 266 269 272 279 281 284 287 291 292 299 303 306 311 313 317 320 323 326 328 330 331 332 335 338 342 344 348 349 353 354 358 361 365 369 373 374 376 379 383 386 389 390 393 395 399 401 402 
38 43 51 55 58 61 65 67 68 78 82 86 87 88 93 95 99 103 104 107 112 115 120 123 126 128 131 133 136 140 143 144 148 150 154 155 161 165 166 170 172 175 178 181 183 184 188 191 194 196 200 207 211 215 218 219 221 225 228 232 234 238 241 243 244 246 248 250 255 259 264 266 268 271 273 277 280 282 287 291 295 296 303 306 309 314 315 321 325 329 332 336 340 341 342 343 347 349 350 354 355 356 359 363 366 369 373 376 380 383 385 389 391 392 396 400 404 406 407 410 
42 47 53 59 60 64 66 68 70 79 85 87 91 92 94 98 103 104 106 108 115 116 122 125 127 129 132 135 138 144 146 150 152 154 158 159 164 169 173 177 181 185 186 187 189 193 196 199 200 201 204 210 214 216 220 222 223 228 230 233 238 239 245 249 253 256 257 258 262 265 269 270 274 278 282 284 288 292 293 297 301 305 307 310 312 316 318 325 329 333 334 340 343 344 348 349 353 356 357 358 362 366 369 370 374 375 379 383 384 388 389 392 394 396 397 403 405 410 412 416 
43 48 56 63 67 71 72 76 78 83 88 89 92 94 97 99 107 109 111 113 118 122 126 127 130 132 136 138 140 146 147 151 154 157 160 164 165 172 176 181 185 187 189 190 191 194 198 203 204 207 209 211 218 219 224 228 230 232 234 235 242 244 246 252 257 258 260 263 265 268 270 273 277 280 283 286 290 293 297 300 302 309 311 313 317 318 321 326 333 336 338 344 346 347 350 352 355 359 361 364 368 372 373 375 378 380 382 387 391 393 396 397 398 400 402 404 407 412 413 419 
46 52 60 67 69 73 75 80 82 84 90 93 95 98 99 100 108 111 114 116 120 126 130 132 136 137 138 139 144 150 151 152 158 162 166 168 172 174 178 183 186 190 192 194 197 200 202 204 205 210 211 212 220 221 225 229 233 236 238 242 245 247 250 256 261 262 266 267 269 270 272 274 278 281 284 288 293 297 301 302 303 310 314 316 318 320 322 327 337 340 341 346 347 348 354 356 360 364 368 370 373 375 376 377 381 385 389 390 392 396 400 402 404 405 407 411 412 415 417 420 
48 54 63 71 72 77 80 84 85 87 94 96 100 104 105 109 110 113 117 118 124 130 132 134 139 143 144 145 147 154 155 156 161 165 167 172 174 176 182 187 189 192 193 196 201 203 205 206 207 213 217 218 224 225 227 230 234 238 239 244 247 250 251 260 264 266 270 271 272 274 275 279 282 283 286 291 296 298 304 305 307 312 315 318 322 324 328 330 338 343 345 348 351 354 356 357 362 368 372 376 379 382 383 386 390 391 392 393 394 399 402 405 406 410 413 415 417 421 422 423 
52 57 65 72 76 78 82 85 87 88 96 99 103 105 106 113 114 116 118 120 127 131 135 137 140 147 151 155 159 160 161 164 165 166 170 175 179 183 184 191 193 194 197 201 202 207 210 211 212 215 220 223 228 229 233 237 241 245 248 249 251 254 255 262 268 269 271 274 278 281 285 288 289 290 294 297 299 303 305 309 311 313 317 321 323 325 330 332 340 345 346 352 355 357 360 363 367 369 376 379 383 387 390 393 397 398 401 402 403 404 407 409 413 416 419 421 425 426 428 431 
54 58 67 74 79 83 85 88 91 92 97 103 104 107 111 116 118 122 124 128 130 133 136 139 141 149 152 159 163 165 169 170 173 176 178 179 182 185 189 195 198 201 205 209 212 214 216 220 224 228 231 235 236 239 242 245 248 249 251 254 258 262 263 265 269 273 275 277 279 282 286 291 292 293 298 302 304 308 311 314 318 320 321 324 326 330 331 335 341 349 352 356 359 363 367 369 373 376 377 380 384 391 395 397 398 400 403 405 406 408 410 414 415 418 423 424 427 431 433 437 
55 59 70 75 83 85 88 90 93 94 100 105 108 112 113 120 123 127 129 130 132 136 137 141 144 153 157 160 167 170 172 175 178 180 181 185 187 190 193 197 201 204 207 210 215 218 220 221 226 232 235 236 238 240 243 247 250 252 256 260 264 267 271 273 277 279 283 285 286 290 293 296 300 301 304 307 308 311 313 315 322 325 327 330 331 334 336 337 344 351 354 358 360 364 371 375 377 378 380 384 385 393 396 399 402 405 406 409 412 414 415 419 423 424 425 429 433 435 437 441 
59 61 74 78 87 89 93 97 101 103 104 107 112 114 116 123 127 131 134 135 138 142 146 150 153 157 158 162 171 173 176 180 183 187 189 190 193 194 196 200 204 208 210 213 217 219 224 225 227 233 238 242 243 245 248 249 254 256 257 264 268 269 273 276 278 281 285 287 289 293 295 300 303 304 307 311 313 314 317 319 326 329 330 334 338 342 345 348 352 356 359 363 365 368 374 378 379 382 385 388 389 396 397 402 403 407 408 412 413 416 420 421 426 428 430 433 435 436 441 442 
61 65 78 81 91 94 98 99 105 108 109 110 114 117 120 126 131 135 137 138 142 143 150 154 156 159 163 165 175 178 182 185 188 191 193 196 197 201 203 205 209 212 213 215 218 220 228 230 234 236 241 244 246 247 251 254 258 260 261 265 271 273 276 279 280 283 286 288 293 296 298 302 304 308 310 315 317 319 323 327 331 335 339 341 345 349 350 351 355 357 361 367 371 372 375 381 382 386 387 390 393 400 403 407 409 412 415 419 423 427 430 434 436 438 439 440 444 448 452 453 
65 66 79 84 95 96 100 104 107 111 115 118 120 121 125 127 133 139 143 145 148 151 153 155 157 160 164 166 177 180 184 187 190 192 195 198 200 204 207 209 210 216 219 221 223 225 231 234 237 241 242 247 249 250 252 258 259 262 263 267 272 276 279 282 284 288 290 291 297 299 301 305 308 312 316 320 323 327 330 333 335 338 342 343 347 352 354 357 360 364 365 370 372 375 376 384 385 387 391 393 396 401 407 409 410 415 419 422 424 430 434 437 438 440 444 445 449 451 456 458 
66 67 80 88 99 103 107 109 111 112 118 122 124 125 129 133 134 142 146 148 152 153 157 160 163 166 167 168 180 184 187 189 193 196 200 201 203 208 210 213 214 218 223 225 227 230 233 238 240 242 245 249 252 254 256 259 262 266 267 271 276 279 280 283 288 292 294 296 298 303 306 308 311 316 319 322 327 331 334 338 340 344 346 347 348 353 357 361 363 367 368 373 375 377 378 386 390 393 395 397 399 404 409 413 416 420 424 425 427 431 437 439 442 444 445 449 452 453 460 464 
68 72 82 89 100 105 110 113 114 118 119 126 130 131 135 137 138 144 150 153 155 159 161 164 165 170 174 175 184 187 191 194 195 197 203 204 207 211 212 214 217 222 226 230 234 238 241 245 246 249 252 254 255 259 262 264 267 268 272 276 277 282 284 285 291 295 298 302 304 306 309 313 314 317 323 325 328 334 337 340 342 347 349 352 355 359 363 365 369 373 376 379 382 383 385 388 392 396 398 402 406 407 410 417 420 424 428 429 432 434 441 442 443 445 446 453 456 460 462 467 
71 75 84 93 102 106 113 115 118 122 126 130 133 134 138 140 142 148 154 158 159 160 163 168 169 171 176 180 187 191 193 197 199 203 206 209 210 213 216 219 221 223 230 233 236 239 245 249 252 254 255 257 259 262 264 267 269 272 273 277 280 285 287 290 294 298 301 305 306 310 311 314 316 320 325 326 331 336 341 345 347 349 351 356 360 361 365 368 371 377 379 381 385 389 392 396 400 401 403 406 409 411 414 420 421 426 431 432 436 437 443 446 450 453 457 458 462 465 467 469 
73 77 86 96 106 108 116 118 120 124 130 132 136 139 140 143 146 151 157 159 161 164 167 172 173 174 179 183 189 194 197 201 202 207 210 211 215 217 221 222 223 225 232 237 240 244 246 251 253 256 260 262 265 269 271 274 277 280 281 284 285 287 291 294 298 300 304 308 309 312 313 316 320 322 326 329 335 337 343 346 349 351 353 360 362 365 366 370 372 379 381 385 389 393 394 399 401 402 405 407 410 412 418 423 425 428 434 438 439 441 444 447 454 455 460 461 465 468 471 472 
74 81 88 98 108 111 119 121 125 127 132 136 140 144 146 150 154 157 159 162 165 168 172 173 176 178 183 184 193 195 201 202 205 208 212 216 220 223 226 228 231 233 237 241 244 247 248 252 257 261 264 268 272 276 280 283 287 291 294 295 297 301 304 307 308 309 312 314 318 319 322 325 328 332 335 339 341 342 346 350 353 357 361 365 366 369 373 376 379 383 386 390 393 397 400 401 402 404 407 411 415 418 422 427 429 431 436 440 444 445 446 448 455 457 463 464 468 472 475 476 
77 85 90 99 110 115 120 123 126 128 135 137 141 145 149 153 158 161 165 166 168 171 174 178 182 186 188 190 195 199 205 209 212 214 218 221 224 227 228 230 232 236 240 245 246 248 250 254 260 265 267 272 275 280 284 286 288 293 297 298 302 303 308 312 315 319 322 325 328 331 335 337 340 343 347 349 353 356 358 360 362 364 365 366 367 373 374 379 381 384 387 393 394 398 401 405 407 409 410 413 416 419 424 430 431 434 439 444 446 449 452 454 457 460 464 468 471 473 477 478 
78 87 94 101 114 119 124 128 129 130 139 140 142 146 151 157 161 164 167 170 173 176 177 181 185 190 193 195 197 201 208 211 216 219 223 224 225 228 231 234 238 239 244 248 250 252 256 257 264 269 270 276 278 281 287 288 292 296 298 301 304 307 309 313 316 320 325 326 330 334 339 340 342 346 350 354 358 361 363 366 368 370 373 375 379 380 383 385 386 389 392 395 397 401 402 409 412 415 416 420 421 425 426 431 435 436 442 447 451 455 456 457 461 462 466 472 475 479 482 486 
81 89 95 103 118 122 125 130 132 136 140 144 145 149 153 159 165 169 171 172 176 179 180 184 186 191 197 201 204 206 210 212 219 221 227 229 232 236 239 242 245 247 250 252 255 257 259 261 268 272 274 280 284 287 291 295 297 298 299 305 309 313 317 320 324 325 329 332 336 340 342 345 347 351 353 358 360 365 368 371 372 373 375 377 383 384 385 387 388 390 396 399 402 406 410 414 417 421 425 428 432 434 436 438 442 445 447 451 455 456 457 461 463 467 471 474 479 480 486 490 
84 93 97 105 122 124 126 134 135 139 144 147 148 153 155 162 168 173 174 178 180 182 184 186 190 194 198 202 207 211 213 214 222 226 230 232 233 239 240 243 247 249 251 255 257 260 261 263 270 275 276 284 288 289 294 297 301 305 309 310 312 316 318 323 328 332 335 337 341 342 345 346 349 352 357 360 362 369 371 373 375 378 381 384 388 390 391 394 395 397 399 400 405 410 411 417 418 425 427 430 435 438 439 441 446 449 452 454 457 458 462 466 467 468 473 476 483 485 488 494 
88 96 99 109 126 130 134 138 139 141 147 151 155 157 160 164 171 177 179 181 183 185 188 190 194 197 199 204 211 213 217 219 225 230 234 235 237 241 243 247 249 253 257 259 261 264 268 271 275 276 277 287 291 295 296 299 304 306 310 311 315 319 320 326 330 333 337 341 342 346 348 352 356 359 363 367 371 375 376 377 381 382 386 390 394 397 399 401 404 407 408 412 414 416 419 421 422 429 430 433 437 439 440 443 450 452 453 457 459 462 464 470 473 476 479 482 487 489 493 496 
91 100 102 111 130 131 138 142 145 146 149 153 159 163 167 171 173 178 180 182 184 186 192 193 197 198 203 205 215 216 220 224 228 233 235 236 241 245 247 250 251 256 260 263 265 269 273 274 279 280 283 288 293 296 298 300 305 309 311 313 316 322 324 328 333 335 341 345 346 350 352 354 359 360 366 369 375 378 382 386 387 391 395 397 401 402 405 407 411 412 416 418 421 425 427 431 432 435 437 438 441 443 444 447 452 454 458 461 463 464 465 471 475 477 481 483 488 492 494 500 
94 102 103 112 131 133 139 144 148 149 153 157 161 167 169 173 175 182 186 188 192 194 195 197 200 202 204 208 217 220 224 227 229 237 238 242 245 248 249 254 256 259 262 266 267 271 275 279 282 284 286 290 295 297 301 305 308 313 314 315 319 325 329 330 336 338 342 348 350 353 355 357 363 367 371 372 378 381 385 388 390 394 398 401 402 404 408 411 413 416 419 421 423 427 429 434 435 439 442 443 447 449 450 452 455 457 461 464 467 470 473 474 478 479 482 486 490 493 496 504 
95 106 109 116 135 139 142 148 149 151 157 159 165 171 175 178 182 185 188 189 194 198 199 202 203 207 210 213 219 221 225 228 233 239 242 243 249 250 252 257 259 262 265 267 269 274 278 281 285 288 289 291 296 299 302 306 311 314 315 319 321 326 333 337 341 345 348 351 352 356 359 360 365 369 373 374 379 385 388 389 394 395 401 404 407 409 412 413 416 418 423 424 426 428 431 437 438 441 444 445 448 452 454 457 458 460 463 466 471 474 476 478 482 483 486 487 494 495 497 505 
99 110 114 120 138 143 146 149 153 157 158 161 168 173 179 181 183 188 192 194 197 201 205 209 213 214 218 220 222 226 227 229 234 240 246 247 251 253 255 258 262 264 267 270 272 277 279 284 288 289 292 293 298 303 306 307 312 317 321 323 324 328 335 338 344 346 349 352 354 360 361 364 369 373 376 377 380 389 393 396 397 399 402 408 411 414 418 420 422 425 428 429 433 434 435 440 442 443 445 448 449 453 456 461 463 467 468 471 472 475 477 482 484 488 491 492 498 501 504 509 
101 114 115 123 142 144 147 150 155 159 162 165 171 174 180 183 187 192 193 198 199 202 207 210 214 216 222 226 228 231 234 235 237 242 250 252 256 258 259 262 265 267 271 274 278 281 285 287 289 290 295 299 301 306 308 310 313 318 322 325 329 330 336 342 347 350 354 357 359 362 366 367 370 377 379 382 386 392 397 400 402 405 409 413 414 418 419 422 426 427 432 435 436 440 442 443 446 449 453 454 456 458 460 465 469 470 473 477 481 484 485 489 491 495 496 499 501 503 505 510 
102 115 118 124 144 146 149 153 159 163 167 169 173 176 181 184 188 193 196 199 201 203 208 214 216 220 226 227 229 234 236 238 240 244 254 255 260 263 264 266 267 270 273 278 280 282 287 289 292 293 296 300 302 310 314 315 317 322 323 329 330 334 339 345 350 351 356 358 362 366 369 373 376 379 380 385 388 393 400 402 405 406 410 414 417 421 425 426 428 432 435 438 442 446 447 450 451 454 456 458 460 461 465 467 473 474 475 478 484 487 488 492 494 498 500 502 503 506 508 511 
104 118 122 125 146 147 152 155 161 166 171 175 176 179 185 187 191 196 199 202 203 204 211 216 218 222 228 232 235 239 242 246 248 251 257 258 262 266 269 272 273 275 276 282 283 285 288 290 295 298 301 304 307 312 318 319 320 323 324 331 332 338 341 347 351 352 358 362 366 367 373 374 380 382 385 388 392 396 401 406 410 411 412 415 419 422 427 428 430 434 437 441 444 447 449 451 453 456 459 463 467 469 470 472 475 477 481 484 488 490 491 494 498 500 504 508 509 510 511 514 
105 122 126 130 148 150 154 156 164 168 173 177 178 183 187 191 192 200 204 207 209 212 213 219 220 223 231 233 237 242 243 250 252 255 258 260 265 269 272 275 279 280 283 287 288 290 292 295 296 300 304 308 312 316 322 323 324 325 326 335 339 343 347 348 352 356 361 364 370 373 376 378 384 386 387 391 394 397 402 408 414 415 418 420 421 426 430 432 435 438 439 443 448 451 455 459 463 467 469 473 475 477 481 482 485 486 490 491 495 497 500 501 505 508 509 510 511 512 514 515 
109 124 130 131 152 154 157 159 165 172 175 180 181 186 190 194 198 201 207 209 212 214 216 221 223 224 233 236 240 246 250 253 255 259 263 266 268 272 274 278 281 283 284 290 293 295 296 297 298 301 307 311 316 320 326 328 330 333 336 340 343 345 350 353 355 357 365 367 372 376 378 381 386 388 392 396 398 402 405 410 418 422 423 425 426 427 432 436 440 444 445 446 449 453 457 463 465 470 474 478 481 483 487 490 493 497 500 501 505 506 507 511 512 516 518 522 524 525 528 531 
112 127 133 135 153 157 158 162 167 175 178 182 186 190 191 197 202 203 211 212 216 220 222 224 226 228 237 241 242 249 251 257 258 263 265 269 272 274 278 280 285 287 289 294 296 299 301 304 305 309 313 317 319 324 330 332 333 334 337 341 344 348 352 356 358 361 369 372 375 379 380 385 390 391 394 399 402 404 406 414 419 423 426 429 433 434 437 439 441 445 449 450 453 456 458 466 467 472 475 479 485 489 490 492 496 498 504 506 509 511 514 517 518 522 523 524 528 532 536 540 
115 131 136 139 157 161 162 164 168 176 181 183 189 194 195 200 206 208 215 217 220 223 227 231 234 238 242 244 245 251 254 259 262 264 267 273 274 277 281 285 288 292 295 298 299 303 305 308 311 313 314 318 321 327 333 337 340 343 346 349 352 356 359 361 364 366 373 374 379 382 385 386 393 397 399 400 405 409 413 415 421 424 430 432 435 437 439 440 445 446 451 452 456 460 461 468 469 474 478 481 489 492 494 496 500 502 506 507 510 512 515 518 521 523 525 526 531 536 537 543 
116 135 139 143 161 163 166 167 170 180 182 186 193 195 197 201 208 210 219 220 224 226 231 232 236 240 243 248 249 253 258 263 264 266 268 277 279 281 283 287 290 293 298 299 302 306 307 312 315 317 320 321 324 329 334 338 343 346 348 353 355 357 363 366 367 368 375 379 381 386 390 394 395 400 403 405 408 413 416 419 425 428 431 435 438 442 445 449 451 452 456 457 461 462 463 470 471 478 479 485 490 495 496 498 502 503 508 511 512 516 518 519 523 525 526 529 535 537 541 544 
119 136 143 146 164 166 170 174 177 183 186 189 196 200 203 206 209 214 220 224 228 229 233 237 239 242 245 252 256 258 262 266 267 268 270 278 281 283 287 290 292 294 300 301 303 309 310 313 319 322 326 328 331 332 337 340 346 349 350 356 359 361 366 369 373 377 379 381 382 388 394 395 396 403 406 407 411 417 420 423 429 431 433 438 442 445 449 452 454 455 459 462 466 467 469 474 476 480 484 487 491 497 499 502 503 506 512 514 516 518 520 523 524 527 528 531 539 540 545 547 
123 139 147 150 168 172 175 178 180 185 187 193 197 203 205 210 212 215 224 225 231 235 239 241 244 247 251 253 259 262 263 269 270 273 277 279 282 285 289 294 298 302 305 309 312 316 319 320 321 325 330 332 334 338 340 342 350 351 355 357 363 366 369 370 374 378 383 387 389 392 395 398 400 405 409 413 414 421 423 425 431 433 437 442 443 447 451 455 456 460 464 466 470 471 472 478 481 483 486 490 494 499 500 503 505 508 516 520 524 526 527 528 531 533 534 537 543 547 551 552 
127 142 149 154 171 173 177 180 184 188 189 194 198 207 209 213 214 217 228 230 235 237 240 244 245 249 255 258 263 265 269 270 274 276 281 285 287 290 291 298 300 305 308 313 315 317 321 323 327 330 333 334 337 342 346 349 352 354 358 360 364 369 371 375 377 382 386 388 393 396 400 402 406 409 412 417 420 422 424 427 435 438 439 445 448 451 454 456 457 461 467 470 472 476 480 483 486 488 492 496 497 501 503 507 508 512 518 523 528 532 533 536 539 540 544 547 550 552 555 557 
128 144 152 157 173 176 179 181 188 191 194 195 200 210 213 216 217 218 231 234 237 241 244 248 252 255 259 263 264 266 273 277 281 283 284 288 290 292 293 300 303 309 310 316 319 320 324 327 329 334 336 340 341 346 350 352 353 355 360 363 366 371 372 379 382 385 389 392 394 400 404 405 410 411 415 419 422 424 425 430 436 440 444 449 453 455 457 458 459 463 469 474 476 480 483 484 490 493 496 497 501 505 507 511 513 516 519 525 532 534 535 538 541 543 548 551 554 556 557 561 
132 147 155 160 177 179 183 185 191 195 196 197 204 214 215 217 221 225 233 235 241 243 245 252 253 259 260 266 269 270 276 279 284 287 289 290 293 297 300 302 304 313 316 319 320 324 328 330 334 336 340 342 343 350 352 353 356 358 362 366 367 373 374 381 384 387 390 395 397 404 407 408 411 412 419 421 426 427 430 433 437 443 448 452 457 459 461 464 466 470 474 476 477 481 484 488 494 496 498 499 502 509 513 516 520 523 524 528 536 539 543 546 549 550 554 558 559 562 565 569 
134 148 158 163 178 182 184 186 193 197 201 205 207 216 219 221 225 229 234 239 242 247 250 256 257 260 261 269 270 273 277 283 285 290 291 294 295 300 301 304 305 317 321 323 325 328 331 334 335 339 341 343 345 352 354 357 361 363 364 369 370 375 377 383 388 390 393 396 398 408 411 414 416 417 422 425 429 430 431 436 440 446 451 453 461 462 466 467 469 473 476 478 480 482 485 490 495 497 502 506 510 512 517 518 523 524 528 530 540 544 546 547 551 555 556 562 563 565 567 570 
136 149 159 164 182 183 187 191 195 199 205 206 209 219 223 226 230 231 236 243 246 248 251 259 260 264 268 272 275 276 280 285 286 293 296 298 301 303 304 306 307 318 323 327 331 333 335 339 340 342 343 346 350 356 357 360 362 366 367 373 374 379 380 384 392 396 400 401 404 412 414 417 420 422 425 429 433 436 439 442 446 449 452 456 465 467 471 474 477 478 479 482 484 485 489 494 498 499 504 509 513 515 519 521 527 530 533 535 544 548 549 553 555 556 558 564 567 568 571 573 
138 150 162 168 184 187 191 194 198 200 207 210 213 221 225 230 233 236 239 244 249 250 255 263 264 267 272 275 276 277 281 288 289 294 297 300 303 305 306 307 308 322 324 329 335 336 340 344 345 349 350 354 358 360 364 367 369 371 374 377 379 380 384 387 396 400 403 407 408 413 416 420 424 425 427 432 434 440 442 444 447 453 456 460 467 470 474 476 481 485 487 489 493 495 499 503 506 509 511 514 515 519 522 523 530 532 535 539 547 550 552 554 558 559 560 567 571 574 577 578 
142 154 163 171 185 188 193 196 199 203 209 211 217 224 229 233 236 239 242 246 252 253 256 265 268 272 273 277 281 282 285 289 290 296 299 301 307 311 313 317 321 324 325 333 339 340 342 348 349 352 356 358 359 363 368 371 372 375 378 380 381 384 385 388 399 404 405 408 410 417 421 422 427 428 431 435 437 441 446 450 452 456 458 464 468 471 478 479 484 486 489 491 494 497 501 506 508 513 516 518 522 526 529 532 536 537 540 541 548 551 556 559 561 564 565 570 572 576 580 583 
146 156 166 175 186 189 197 201 204 205 211 214 218 228 232 234 240 243 246 249 256 258 259 269 271 273 276 279 283 287 290 292 293 298 301 305 309 313 317 318 325 327 331 336 341 345 347 350 354 358 359 360 361 366 370 374 378 381 382 383 386 390 392 394 402 408 411 414 418 419 422 426 429 430 434 438 439 445 448 454 458 461 462 465 471 475 480 481 485 489 492 494 496 501 503 510 513 515 517 522 524 528 531 534 537 538 544 546 549 553 557 563 565 568 572 574 576 580 583 584 
150 159 168 176 187 192 198 202 206 207 215 216 219 230 233 235 242 246 250 253 260 263 267 273 276 279 282 283 285 288 293 296 299 303 304 306 310 315 320 323 327 330 332 340 343 347 348 354 358 359 360 363 366 368 373 375 382 386 387 389 391 395 396 399 404 410 413 416 419 423 426 430 432 433 436 439 443 447 451 456 460 462 466 468 475 479 484 486 489 492 496 497 500 503 506 512 516 517 518 523 527 532 533 536 539 542 548 551 552 555 559 564 566 572 576 579 582 583 584 587 
154 163 169 178 189 194 200 206 208 212 216 219 221 232 236 239 245 247 251 257 262 264 268 274 278 282 285 286 290 293 296 298 301 305 307 310 311 316 323 325 330 334 335 342 344 348 350 356 360 364 365 366 369 370 377 380 386 390 394 396 399 403 407 410 411 413 416 418 422 427 429 433 436 439 440 442 445 449 453 460 461 463 468 469 479 483 487 491 492 495 500 501 505 507 511 514 517 518 521 526 529 534 538 541 542 544 549 555 557 559 563 566 568 574 578 583 584 588 589 590 
155 164 173 182 193 197 203 209 211 214 217 221 224 233 238 242 248 249 255 261 263 266 269 276 279 286 287 290 292 297 301 303 306 308 309 313 314 317 324 326 331 337 341 346 347 351 354 358 361 366 370 372 373 374 381 383 390 394 397 398 403 404 410 414 416 418 421 423 426 429 432 434 437 440 442 446 450 452 455 464 468 472 474 478 480 485 491 495 498 501 504 505 508 511 515 517 521 522 523 529 533 538 539 544 548 550 554 557 558 560 565 570 571 578 580 587 588 591 593 595 
157 168 174 184 196 201 205 212 214 216 219 224 227 237 242 243 251 255 258 262 266 267 273 280 282 287 289 292 293 300 302 305 307 310 312 314 317 319 325 327 332 340 344 347 349 354 357 362 365 370 374 375 376 379 383 384 392 396 398 399 405 407 414 415 418 420 424 428 432 435 439 443 446 450 451 454 457 459 461 466 472 475 476 479 484 487 495 498 502 504 507 510 513 514 519 520 524 525 529 531 534 539 542 545 550 553 555 560 561 562 566 573 576 580 583 588 589 592 597 600 
160 169 178 185 198 204 207 214 218 219 222 226 231 241 245 248 254 257 261 266 268 269 276 281 283 291 294 298 300 302 303 307 310 311 316 320 323 326 330 332 333 344 347 350 352 356 359 364 368 372 376 378 382 383 387 391 395 400 403 406 408 410 415 417 420 422 425 431 434 438 442 444 450 451 454 458 459 460 462 468 474 477 479 483 486 489 496 500 505 507 510 513 515 518 521 525 527 531 533 535 539 543 544 546 552 554 558 563 564 568 572 576 577 584 587 591 595 597 599 603 
164 170 180 186 199 208 209 215 222 226 227 230 234 244 249 250 258 259 262 269 270 273 278 282 287 294 295 301 304 307 309 311 312 313 319 323 324 329 333 336 339 346 350 353 357 361 362 366 370 375 378 381 385 388 390 394 398 402 405 409 412 416 417 418 423 427 431 433 435 441 444 448 453 457 458 460 461 464 465 471 475 481 484 488 491 492 498 502 508 511 514 517 520 524 525 527 528 532 535 536 541 547 551 553 556 559 560 564 566 572 574 578 582 586 588 594 597 599 602 604 
168 172 181 187 203 209 211 217 224 230 231 234 236 246 250 252 261 263 267 273 274 278 279 285 291 296 298 303 305 308 312 313 314 315 321 326 330 331 336 337 340 347 352 354 358 363 364 367 372 378 379 384 387 392 395 398 400 406 409 412 414 417 420 421 426 428 433 436 437 445 446 450 456 459 463 466 469 471 475 479 481 485 488 491 495 499 503 505 512 516 520 523 525 527 529 531 533 534 536 540 542 550 553 556 558 562 564 565 569 573 578 580 586 587 592 597 598 603 605 607 
170 173 182 188 206 210 215 220 226 231 232 237 241 247 254 257 265 267 270 275 276 282 286 288 294 300 301 305 307 311 315 317 320 322 326 327 333 335 338 339 341 351 353 358 361 364 367 369 375 379 381 387 390 396 397 399 403 408 413 417 420 421 424 427 431 433 437 440 441 448 450 451 459 461 464 467 470 474 476 483 486 489 490 494 496 500 506 510 514 520 522 527 529 533 535 536 538 542 546 548 549 553 555 560 564 567 568 571 575 579 580 584 587 590 595 599 600 607 609 612 
174 176 186 190 209 214 217 224 230 233 235 238 242 250 258 259 266 269 271 276 278 283 289 292 298 304 305 308 309 314 318 321 324 326 330 334 338 339 343 345 348 352 355 360 362 366 370 374 379 380 385 388 391 397 399 400 405 411 417 420 422 423 425 430 432 434 441 445 449 452 454 456 461 462 466 468 472 476 477 487 490 492 494 497 498 502 508 512 517 522 526 528 530 534 537 538 542 546 550 553 557 558 559 562 568 571 572 574 579 583 586 590 591 595 597 600 604 608 613 614 
178 181 188 193 212 215 218 228 234 236 238 241 243 252 261 264 270 272 274 278 282 287 291 296 301 307 310 314 318 321 323 325 327 330 332 338 339 341 346 350 353 356 358 364 366 369 373 375 380 381 386 389 393 399 402 403 408 412 420 422 423 425 428 433 434 437 444 448 451 453 456 457 463 466 470 472 473 477 480 488 492 495 497 501 505 506 511 515 519 525 527 531 535 536 540 541 546 549 554 558 559 561 565 567 572 573 575 577 581 587 591 594 595 598 601 605 609 610 615 618 
182 183 190 196 214 219 222 232 238 239 240 245 246 254 265 266 272 274 275 280 285 290 294 297 303 311 315 319 320 325 329 331 332 333 334 340 341 342 348 351 357 360 364 365 370 372 375 379 382 384 389 390 395 400 405 408 411 416 424 428 431 435 438 439 443 447 448 450 453 454 459 461 466 470 471 475 476 478 481 490 496 499 502 506 508 511 513 519 521 529 530 534 536 537 541 542 549 551 555 559 563 567 568 572 574 577 579 582 586 588 592 596 598 599 603 609 610 614 618 619 
185 187 194 197 218 223 226 234 239 242 245 247 250 258 268 271 275 279 281 285 289 293 295 301 304 312 319 320 324 326 330 333 335 337 341 343 347 350 351 352 359 361 367 368 374 376 378 381 383 388 391 394 398 402 409 413 414 420 425 431 433 436 440 444 445 450 454 456 458 462 466 467 469 474 476 479 483 486 490 493 498 502 505 508 512 515 517 523 524 532 536 538 541 542 545 547 550 555 558 560 565 571 573 574 577 580 582 585 590 591 594 597 599 602 607 610 613 615 619 621 
186 191 196 200 222 227 231 238 243 246 250 252 254 261 272 275 278 280 284 289 293 297 301 303 305 313 321 324 328 332 335 337 338 342 346 348 349 352 353 357 363 367 370 371 377 380 383 387 391 393 396 397 399 403 413 417 421 425 429 433 436 440 442 446 448 453 457 459 463 465 468 469 473 478 481 483 487 490 491 494 499 506 508 511 513 518 521 524 526 533 538 542 546 549 550 553 554 556 561 563 568 575 578 582 583 586 587 590 593 597 598 599 602 603 610 611 615 619 621 622 
189 193 199 202 224 228 232 242 246 247 253 256 259 264 275 278 279 281 288 292 296 298 303 304 307 314 323 325 329 334 337 339 343 347 349 352 355 357 360 362 367 371 374 375 381 383 384 389 392 396 397 398 402 405 415 418 425 428 431 434 440 444 446 448 452 457 461 464 468 469 473 474 476 481 484 485 491 492 496 500 503 509 510 514 518 522 523 525 528 535 539 545 549 552 553 557 560 561 562 564 572 579 581 583 587 588 591 594 595 598 600 602 603 606 614 616 619 622 626 627 
193 197 201 204 226 229 236 245 248 250 256 257 261 268 279 282 284 287 292 293 300 304 307 311 315 318 327 329 333 336 339 342 346 350 354 356 359 363 365 366 370 373 375 377 382 386 389 393 395 400 402 406 410 411 416 419 427 430 432 436 442 448 449 450 456 461 465 468 469 472 477 481 483 487 491 494 496 498 500 501 504 513 517 518 519 524 525 526 529 537 543 548 550 554 555 558 561 565 568 569 576 583 585 586 588 589 595 599 600 602 606 608 609 613 615 618 620 625 627 630 
194 198 202 207 227 232 238 247 249 253 260 263 265 272 283 286 288 289 294 295 304 308 311 312 317 320 328 331 335 340 341 345 349 352 356 359 360 364 368 372 374 375 378 380 385 388 390 396 400 404 408 409 414 415 417 421 428 432 435 440 444 452 455 458 462 465 467 472 476 480 483 486 487 490 495 497 499 503 504 508 509 516 519 522 525 529 531 534 537 538 547 550 554 558 559 561 565 568 572 573 580 584 587 591 594 596 599 601 602 606 610 614 618 622 624 627 628 631 633 637 
197 201 204 210 231 236 240 251 255 256 263 265 269 274 285 290 292 293 297 301 308 312 315 316 321 323 332 336 340 342 343 348 351 355 357 363 365 367 372 375 379 380 383 386 387 390 394 399 403 407 409 412 417 418 419 423 429 436 439 444 448 455 456 460 463 467 468 473 477 482 484 487 491 492 499 501 505 506 507 512 514 519 522 526 528 532 534 536 539 540 549 554 555 559 561 564 567 571 574 575 581 587 588 594 597 599 600 603 607 610 613 617 619 623 627 629 633 634 636 639 
201 202 207 213 233 238 243 252 256 259 267 271 275 276 289 294 296 300 303 305 310 316 318 321 325 326 336 340 343 344 345 350 354 357 358 365 367 371 374 379 383 386 390 391 395 396 398 403 406 409 411 415 419 423 424 428 432 437 443 448 449 458 460 464 467 468 471 474 481 484 486 488 492 493 501 503 506 507 509 513 516 520 525 530 532 534 538 540 542 546 553 556 557 563 565 569 571 573 577 578 585 588 590 596 600 603 607 609 610 611 615 621 623 624 629 633 634 637 641 644 
202 206 209 214 237 239 244 254 259 262 271 273 276 278 291 297 301 302 305 306 313 319 323 325 329 331 337 341 345 349 351 352 358 361 365 369 371 372 378 382 386 389 393 396 400 402 403 406 410 411 413 417 422 427 428 430 434 440 446 451 452 459 463 465 471 472 473 478 482 488 490 492 493 497 504 508 509 510 513 517 519 521 529 533 534 537 540 543 544 547 556 560 562 565 566 573 574 577 579 581 586 590 591 597 602 606 610 613 615 617 620 622 624 628 631 634 637 640 645 647 
204 210 212 215 240 241 246 258 261 266 274 276 279 281 295 300 303 304 308 311 315 322 324 327 333 337 339 345 348 352 353 357 360 363 369 371 372 375 381 383 388 391 395 399 403 407 411 414 416 419 422 426 427 429 433 435 438 441 450 454 455 461 464 466 473 475 477 481 485 491 494 498 499 501 508 511 515 519 522 526 528 532 535 536 540 542 544 545 547 549 558 564 567 570 572 577 579 581 585 588 589 593 597 600 603 609 612 614 617 621 625 629 632 636 638 642 645 649 651 653 
206 212 214 216 242 243 248 261 265 270 277 280 282 283 297 304 308 309 311 314 318 326 327 329 336 341 345 348 351 353 355 358 363 367 372 376 380 382 384 387 391 392 396 401 404 411 414 418 421 425 428 430 432 434 438 439 440 444 454 457 458 463 467 470 474 477 480 485 488 494 496 500 503 504 510 512 516 522 524 530 534 538 540 543 545 546 550 553 557 558 560 568 571 574 577 578 582 583 587 590 593 594 601 604 607 613 616 618 621 625 628 633 634 640 642 644 649 650 653 655 
207 215 219 220 246 249 251 263 267 274 279 282 283 286 300 305 312 315 317 319 322 327 329 330 339 344 347 349 354 355 357 362 364 370 373 378 384 386 387 388 392 393 397 404 406 412 416 420 425 426 431 433 435 438 442 444 446 447 455 461 464 465 469 471 476 478 481 486 489 495 499 504 508 512 514 518 520 525 528 533 537 539 543 546 547 550 553 554 558 560 562 571 574 578 581 584 586 588 589 594 595 599 602 608 612 616 617 621 623 628 630 634 635 641 645 646 651 652 654 659 
210 219 223 224 250 253 254 267 271 277 283 284 288 289 302 306 314 319 320 323 326 329 331 334 343 348 349 350 355 357 361 365 367 372 374 382 385 387 388 391 396 397 398 408 410 413 419 422 426 427 434 435 439 440 444 445 447 448 458 464 468 472 474 477 479 480 483 489 491 499 502 505 512 513 518 522 526 528 531 535 540 542 544 549 553 554 555 557 560 564 568 572 575 580 582 588 589 592 594 595 599 602 606 609 614 618 620 623 626 631 633 635 638 643 649 650 653 654 656 661 
211 221 225 226 251 256 257 269 273 278 284 286 292 296 304 310 318 323 325 329 331 335 337 338 344 350 351 353 359 360 364 367 368 374 378 385 387 391 392 395 397 398 401 410 413 416 423 425 427 431 437 439 443 445 449 450 451 453 462 465 472 473 476 481 484 485 487 491 492 501 506 508 514 515 522 524 528 529 533 537 542 546 548 550 554 557 559 560 561 565 569 576 580 582 586 592 593 597 600 601 605 606 610 613 617 620 624 625 630 634 636 638 640 645 653 655 659 662 664 665 
213 224 229 230 253 257 259 273 275 282 286 290 295 300 308 311 322 325 328 332 334 336 339 343 348 353 356 358 360 364 368 372 373 375 381 387 391 393 394 397 398 402 403 413 417 419 424 427 429 435 438 442 446 447 452 455 456 458 465 467 473 474 480 484 488 489 492 494 496 504 509 510 515 516 524 526 532 535 537 538 543 548 552 554 558 559 561 565 567 569 572 577 582 583 590 596 598 599 602 603 606 610 614 617 618 622 628 630 631 635 639 641 642 648 654 657 662 665 668 671 
216 225 231 234 254 259 263 274 276 284 290 294 296 301 309 313 325 327 330 333 338 342 346 347 352 354 358 359 363 368 372 376 380 382 386 389 395 399 401 403 406 408 412 417 420 424 427 428 431 438 440 444 450 452 455 456 459 463 468 472 475 476 484 485 492 495 497 499 500 506 513 516 518 520 527 531 533 538 542 545 547 551 556 559 562 565 566 569 573 577 579 581 586 590 592 597 599 600 603 607 608 611 615 619 621 625 632 634 638 642 643 645 649 651 658 661 663 668 670 673 
219 227 232 235 257 263 266 277 279 286 293 298 300 305 311 314 326 330 332 336 339 343 350 351 354 358 361 362 366 370 373 380 383 384 388 391 397 402 404 406 410 412 413 419 422 428 429 430 434 441 444 448 451 454 459 460 463 467 471 474 478 482 486 488 495 498 500 504 505 509 516 520 522 526 529 535 536 539 544 548 549 553 559 563 567 570 572 573 576 580 583 584 588 593 594 598 600 604 605 610 611 614 619 621 625 628 636 638 639 643 644 649 652 653 661 662 667 672 674 677 
222 231 235 239 258 265 267 278 283 290 297 302 304 308 313 315 329 332 333 340 343 344 351 355 358 360 365 368 372 374 375 383 385 386 392 394 400 405 407 411 414 418 419 423 426 431 432 435 438 445 446 449 452 458 463 465 466 468 473 478 482 485 490 494 498 501 504 508 511 513 520 521 524 530 534 536 537 542 545 552 555 558 561 565 568 574 576 579 580 583 586 590 594 596 597 599 604 606 608 612 616 620 623 626 630 632 637 640 642 645 646 653 656 657 663 666 670 674 677 679 
226 232 237 242 262 269 271 281 287 294 300 303 308 310 314 317 332 335 336 344 345 349 352 357 360 361 366 369 374 376 380 384 387 388 394 395 402 406 408 412 416 420 421 426 429 434 436 439 440 449 450 451 454 460 467 469 470 472 475 479 485 488 491 498 502 504 505 511 514 517 523 525 527 531 538 540 544 545 548 554 557 560 565 569 573 578 581 584 587 591 595 599 601 605 606 609 611 612 616 619 623 625 627 628 632 634 638 642 643 648 652 655 659 660 667 671 674 678 682 684 
228 233 238 246 263 270 272 284 288 297 301 306 311 315 318 322 336 338 340 347 350 353 356 358 364 366 370 372 375 379 382 386 390 392 396 400 404 410 412 415 420 424 425 429 431 437 438 441 445 450 453 454 457 464 470 472 474 476 478 482 487 489 494 500 503 508 510 513 516 521 524 528 531 534 539 542 545 547 550 557 558 564 567 571 574 582 585 588 591 592 598 600 604 607 609 612 613 615 619 623 625 626 628 630 636 637 641 646 647 650 656 657 662 666 670 675 679 683 687 689 
231 236 242 249 265 272 273 286 290 300 302 309 312 317 320 326 338 341 345 349 351 355 359 360 367 371 373 376 379 381 385 387 394 396 400 402 408 411 416 419 423 426 427 433 434 438 442 444 449 453 455 458 460 467 474 477 478 481 485 487 490 491 498 502 507 512 516 518 522 526 529 531 535 537 543 546 549 553 557 559 560 568 570 574 577 586 589 593 596 597 601 603 608 610 614 617 619 620 624 627 629 631 634 636 639 642 644 648 649 651 659 663 665 668 672 677 680 687 688 693 
232 237 245 250 269 273 275 290 293 301 306 312 316 320 323 329 342 344 348 352 353 359 360 363 371 373 374 379 380 382 388 392 398 402 404 407 412 416 417 421 424 428 432 436 440 441 445 447 452 454 458 462 465 470 478 479 482 485 486 489 492 493 502 504 509 513 520 524 526 527 531 533 539 543 545 548 551 554 560 563 567 569 573 577 578 587 593 596 599 603 605 607 609 613 615 618 623 625 627 631 635 638 639 643 647 649 651 654 657 658 662 667 670 672 674 680 682 688 691 695 
235 238 249 252 270 277 278 291 297 305 308 315 320 324 326 333 343 345 351 354 356 362 364 368 373 374 375 382 384 385 391 395 402 405 408 411 415 417 420 425 429 430 434 438 443 444 447 451 454 458 461 465 468 473 482 484 486 488 489 492 495 499 506 507 511 516 521 527 529 532 536 537 542 546 550 553 556 558 561 567 568 571 577 578 582 590 595 597 601 604 607 609 612 614 616 619 625 629 630 632 636 642 646 650 651 653 655 657 660 661 666 671 675 678 682 683 684 691 694 699 
236 242 252 256 271 278 282 295 300 306 312 319 322 325 327 337 344 349 352 358 361 364 365 369 375 378 379 384 386 388 394 397 403 406 411 415 416 418 421 429 430 433 438 439 446 450 452 454 457 461 462 466 472 474 485 486 488 491 492 496 500 503 510 513 514 520 523 529 531 534 537 538 543 550 554 556 558 559 564 571 572 574 580 583 585 593 599 602 603 606 608 610 616 619 622 625 626 631 634 636 640 645 647 652 656 657 659 660 661 662 670 675 679 682 685 687 690 693 698 702 
237 244 256 257 275 282 284 299 304 310 314 320 324 326 331 340 345 351 353 361 363 365 367 371 376 380 382 388 389 393 396 401 405 408 412 419 423 426 430 432 434 437 442 443 449 454 456 460 463 464 467 471 475 479 487 488 492 495 497 498 503 504 511 515 517 524 527 530 534 535 539 543 547 554 557 558 562 565 569 575 578 582 585 588 589 596 601 606 608 612 614 616 617 620 626 627 629 632 637 639 641 648 651 653 657 661 664 665 668 669 673 678 682 686 687 688 693 695 700 703 
241 246 258 262 279 283 287 302 307 313 317 323 327 329 332 342 347 354 357 364 365 367 368 372 380 382 383 391 392 397 399 403 409 411 416 420 424 430 431 435 438 440 444 447 450 457 459 464 466 467 469 475 477 480 488 489 495 499 501 502 505 506 512 518 522 526 528 534 536 537 542 545 548 556 561 563 567 568 572 578 582 583 588 590 594 599 603 609 610 614 616 617 621 623 627 629 631 636 641 645 649 653 657 659 663 667 671 675 679 681 683 684 687 689 690 691 697 701 704 706 
243 250 259 264 281 286 290 303 309 315 321 327 331 332 336 344 350 358 361 365 366 368 371 374 384 385 386 392 394 400 401 407 410 413 419 424 428 431 432 438 440 442 447 449 452 460 463 466 470 474 476 479 480 481 490 493 499 503 507 510 514 516 518 519 523 527 530 538 541 545 547 551 552 558 565 567 569 573 575 582 584 586 589 592 598 600 607 613 617 621 623 624 626 628 632 634 638 642 646 649 651 655 661 663 666 668 673 677 682 684 685 686 688 693 694 697 701 703 705 710 
245 251 260 267 282 288 293 307 313 319 325 328 334 337 339 345 353 360 362 366 369 370 374 378 388 389 391 395 399 403 407 408 414 417 421 426 430 432 436 440 441 444 450 453 455 461 465 467 473 475 478 483 485 486 493 496 502 507 509 512 517 520 523 525 528 530 532 541 544 548 550 553 557 560 566 569 572 574 578 585 586 587 593 595 600 602 608 616 621 624 628 630 634 637 641 642 645 647 648 651 653 658 665 669 672 673 676 678 684 688 689 690 691 694 697 699 705 706 708 714 
249 252 261 270 284 292 297 311 314 323 329 332 338 339 342 346 356 364 365 368 372 375 377 380 391 393 395 399 401 407 408 410 418 421 424 427 434 438 440 443 445 447 453 455 457 463 466 468 477 481 485 488 492 496 497 501 504 511 512 516 519 522 526 527 530 531 535 543 548 551 552 557 558 561 568 572 576 578 579 589 591 593 594 597 601 605 612 617 624 626 632 635 636 640 643 644 647 650 651 653 654 662 667 672 675 678 679 683 687 691 695 697 700 703 706 709 712 714 715 718 
253 255 263 273 285 296 299 312 317 325 330 333 340 341 345 348 358 366 370 374 377 381 385 389 395 399 400 401 404 409 413 415 420 425 428 432 435 440 441 444 448 450 455 459 461 464 470 472 478 484 488 489 495 498 501 505 508 513 514 518 521 525 527 529 533 536 540 544 552 555 557 558 559 562 572 574 580 583 584 591 594 596 600 601 602 608 614 621 625 628 635 639 640 643 644 645 650 651 652 657 660 665 668 674 676 681 682 684 691 692 697 700 703 704 707 712 714 715 718 719 
255 259 266 277 289 299 302 316 320 326 334 335 344 347 351 353 362 369 374 377 380 382 388 393 397 400 401 403 406 410 416 417 421 429 431 436 439 443 444 445 449 452 459 462 465 469 474 475 482 485 491 493 498 501 505 506 512 514 518 521 524 527 529 531 537 541 544 545 555 556 558 560 561 565 576 580 584 588 590 593 598 599 602 605 608 610 618 623 628 630 636 642 645 648 650 651 654 658 660 662 663 668 671 676 679 684 688 692 696 697 700 704 706 709 713 717 719 721 724 728 
256 261 269 278 293 300 306 320 324 329 336 339 346 348 353 354 366 370 375 380 384 387 391 395 401 403 406 408 409 414 418 420 422 431 435 437 441 446 449 452 454 458 460 464 469 472 478 480 483 488 492 497 502 504 508 509 515 516 519 523 527 529 530 534 541 543 548 549 556 559 563 564 565 566 579 581 586 589 592 596 599 600 605 606 610 611 619 626 630 632 639 646 648 652 656 659 663 664 667 670 671 674 676 677 682 686 692 695 698 699 704 706 707 710 714 720 723 725 726 732 
260 265 270 281 295 302 307 321 325 331 337 341 348 349 356 360 367 374 376 381 387 391 394 397 404 406 410 414 418 419 423 426 429 432 437 440 443 449 450 454 455 461 463 468 471 474 479 481 485 490 494 499 504 507 512 513 517 518 520 525 528 530 532 538 543 544 550 553 559 561 564 566 569 570 581 585 589 591 593 598 601 602 606 609 612 614 621 630 633 634 643 650 651 654 657 660 664 668 671 674 676 679 683 687 690 693 697 701 704 707 711 714 716 718 720 723 726 728 730 736 
263 267 271 282 297 304 310 323 328 334 338 343 351 354 359 362 370 377 380 382 391 395 396 401 405 407 414 416 419 423 426 430 434 435 440 441 447 453 454 455 457 465 467 469 472 478 482 483 488 491 495 501 506 508 514 517 518 521 524 527 530 532 535 541 546 547 552 555 561 562 568 569 570 572 583 586 592 595 596 600 605 609 611 615 616 618 625 634 637 641 646 651 652 655 661 662 668 671 675 678 682 685 689 691 695 697 698 702 708 710 713 717 720 724 725 728 731 735 738 742 
267 269 273 283 300 307 311 324 329 337 342 347 354 357 360 364 374 381 385 388 395 396 398 402 409 411 416 417 420 425 428 431 436 437 444 446 449 456 460 461 464 466 470 474 475 480 486 490 494 497 498 503 509 511 515 520 521 523 526 530 531 533 537 545 550 553 554 557 562 565 570 574 575 577 585 590 593 599 601 605 606 610 614 616 618 619 626 637 640 643 649 655 658 660 664 668 670 674 679 680 683 688 692 695 698 702 705 709 713 715 719 723 725 729 733 736 739 741 744 748 
271 274 277 287 301 309 313 325 331 341 343 348 356 358 361 367 375 385 388 390 399 401 404 406 413 416 419 423 425 429 433 435 439 441 446 450 451 460 462 463 466 468 471 476 480 483 489 494 496 501 502 505 511 515 519 522 525 527 528 533 535 539 542 546 553 555 559 560 563 567 574 576 577 579 588 591 596 602 605 609 611 615 618 621 622 625 630 641 645 649 650 657 662 665 666 672 676 679 683 687 688 692 694 699 703 704 707 713 714 716 720 726 729 731 736 737 741 743 745 749 
275 279 281 291 304 312 316 328 335 345 349 353 358 361 365 370 376 389 393 397 402 405 406 408 415 418 422 427 428 430 434 438 442 445 447 451 453 463 464 468 472 473 477 479 484 486 492 496 497 503 506 507 513 519 520 524 526 529 531 534 539 540 546 550 557 559 560 563 565 571 577 578 582 584 589 594 597 605 607 612 613 617 621 624 627 631 634 644 649 651 655 660 666 669 672 674 678 680 687 688 689 693 697 701 704 708 710 714 715 720 723 727 730 734 738 740 745 749 750 753 
277 280 283 293 308 315 318 332 339 346 350 357 362 365 366 374 379 393 394 400 403 406 407 410 417 422 426 430 432 435 437 441 444 447 449 455 456 465 469 471 473 477 480 483 488 489 494 497 501 506 509 510 517 523 526 527 529 533 535 539 540 543 550 554 560 562 566 568 569 574 581 584 588 589 590 597 601 606 608 613 615 619 622 625 628 634 637 647 650 652 659 664 670 672 676 678 680 682 691 694 695 698 701 703 708 709 713 718 719 724 726 729 731 737 739 743 747 752 754 755 
278 284 287 295 312 318 322 335 340 349 352 359 363 369 370 376 382 395 398 404 405 407 409 412 421 424 428 434 436 438 441 444 447 449 452 459 463 467 473 476 479 483 486 490 491 492 495 500 505 507 512 513 520 524 528 531 533 534 538 540 542 547 552 558 562 564 570 573 574 577 583 585 590 591 593 598 603 608 610 615 619 620 624 629 632 636 639 651 652 653 661 666 674 676 678 681 684 685 692 695 699 702 706 709 710 714 717 721 724 727 729 732 735 741 742 746 748 754 756 758 
280 286 290 298 315 320 325 339 343 350 354 363 365 371 372 377 383 397 399 408 409 412 413 415 423 426 429 437 438 439 444 446 450 454 458 460 465 468 476 479 480 487 490 492 496 499 501 502 507 509 513 514 522 527 529 532 536 537 539 542 544 549 555 559 565 566 571 574 577 581 587 590 594 596 597 601 606 610 611 619 623 626 627 632 635 638 640 655 658 659 663 670 675 678 679 684 686 687 695 698 701 706 708 712 714 718 721 724 728 729 731 733 739 742 745 747 752 755 759 761 
284 288 293 301 318 321 327 342 347 353 358 367 369 373 374 380 387 400 404 410 413 414 416 420 424 430 433 439 442 444 448 450 453 457 459 462 466 469 478 483 484 491 494 498 499 501 505 509 510 513 514 518 523 531 534 537 541 545 547 550 551 554 556 560 568 569 574 576 578 585 591 594 596 598 602 603 609 612 615 623 625 630 633 637 639 640 642 658 661 665 669 672 676 680 684 686 688 692 698 702 705 707 711 716 719 723 726 728 730 734 738 741 745 749 751 754 758 760 764 766 
288 292 296 305 319 325 328 346 350 354 359 371 375 376 378 384 388 403 407 411 417 419 420 423 425 432 434 440 445 446 451 453 455 460 461 464 469 472 479 484 488 492 495 502 506 509 512 515 519 523 525 526 530 535 538 541 544 546 549 554 557 559 560 564 572 575 577 581 582 587 595 596 599 600 605 607 610 614 617 624 627 634 638 639 642 646 650 659 665 668 671 675 680 684 685 689 690 696 701 704 706 711 713 717 721 726 730 734 737 741 745 747 748 752 754 757 760 762 766 769 
292 295 297 306 321 329 331 350 353 356 361 375 376 378 379 387 389 407 410 415 418 421 424 427 429 435 436 443 446 450 454 455 457 462 464 467 473 474 481 488 492 496 497 504 508 511 516 517 520 527 529 530 534 536 540 544 548 551 553 555 558 563 566 569 574 578 581 583 585 591 596 597 603 604 606 609 612 616 618 626 631 635 640 643 646 648 654 660 667 670 674 679 683 686 688 693 694 699 703 707 710 713 715 721 722 730 734 738 740 745 746 750 754 758 760 761 764 765 767 773 
296 300 304 310 324 331 335 351 357 360 363 376 377 381 384 390 394 411 413 417 420 423 427 430 432 437 439 446 449 452 456 459 461 464 467 470 475 479 482 490 495 498 500 505 509 513 518 520 523 531 534 537 538 541 544 547 549 555 558 560 562 567 571 574 578 581 585 586 590 593 599 601 607 610 612 616 617 620 623 630 634 637 643 644 649 652 657 664 670 674 678 680 686 687 689 696 700 702 706 711 713 717 719 722 726 734 735 741 744 746 747 753 758 760 763 766 767 768 771 777 
298 304 308 311 328 335 338 354 358 362 365 378 381 385 388 391 397 413 417 419 423 427 429 433 437 439 443 447 451 454 457 462 465 466 471 472 477 483 485 494 496 499 501 509 513 517 521 524 528 533 537 540 541 544 546 548 552 559 562 566 567 569 572 575 581 585 587 590 591 595 601 603 609 613 617 619 623 627 630 633 637 641 647 651 652 656 659 668 674 678 681 683 688 691 692 699 703 704 710 715 716 719 720 723 727 736 739 742 745 747 751 754 761 764 767 768 769 772 773 781 
300 308 310 312 329 336 342 357 361 366 369 382 383 389 393 396 398 414 418 420 426 429 432 437 440 442 446 448 455 459 460 466 469 473 474 476 478 487 490 495 498 503 504 511 516 519 525 526 530 536 539 542 544 547 551 552 554 560 563 569 571 573 576 579 585 586 591 592 596 598 604 606 612 617 618 622 627 628 633 636 641 644 650 654 656 660 661 672 678 681 685 687 689 693 694 703 707 710 711 717 718 722 725 729 732 737 741 744 748 751 753 757 764 765 768 769 773 775 776 783 
304 312 313 316 330 340 344 358 362 369 371 383 385 391 397 401 403 418 421 424 428 432 436 438 444 447 450 452 457 460 463 469 473 474 478 482 484 488 492 499 502 507 509 514 519 522 527 529 532 537 541 545 546 548 554 556 560 563 566 571 575 576 578 581 587 590 593 594 600 602 608 612 615 621 623 626 628 632 634 637 645 647 651 655 659 662 664 674 681 683 686 688 690 694 698 704 708 712 716 721 724 727 730 733 735 740 742 745 749 752 756 759 768 770 771 772 775 777 778 784 
305 316 319 323 334 342 346 361 366 373 374 384 387 394 398 402 407 420 425 427 430 433 439 442 446 448 454 455 459 461 466 472 476 479 482 485 488 489 495 502 503 510 514 516 523 524 531 532 534 538 542 546 550 554 558 560 564 566 569 573 576 579 583 587 589 593 594 595 603 604 612 613 618 622 624 628 629 634 635 640 649 653 655 659 663 667 669 675 682 685 687 690 693 696 700 708 709 714 717 725 727 730 732 737 740 744 746 749 751 754 757 761 770 774 778 780 782 783 785 789 
306 319 321 326 336 343 350 364 370 376 377 387 388 398 400 404 411 423 429 431 434 435 442 444 450 451 457 459 461 464 468 473 480 484 487 490 493 496 499 505 509 512 515 520 527 530 535 538 540 541 546 550 552 557 559 563 567 570 572 575 578 582 587 591 593 594 595 596 605 607 613 615 620 623 626 631 632 638 641 644 653 657 661 664 665 670 673 677 684 689 690 691 695 699 701 711 713 717 719 728 730 732 733 738 744 745 747 752 756 757 758 763 773 778 779 783 785 786 788 790 
307 320 325 329 339 344 353 368 372 379 380 388 392 400 404 408 414 425 433 436 440 443 445 448 454 455 458 462 465 469 470 474 483 485 491 495 496 497 501 509 511 513 519 524 528 531 536 542 543 546 550 553 555 559 562 567 571 573 577 578 581 585 589 592 594 595 596 598 608 611 616 620 622 625 629 635 636 641 643 645 656 660 662 666 669 673 674 680 688 691 693 695 698 701 703 714 716 721 722 730 731 735 737 742 745 746 750 755 757 759 762 766 774 781 785 789 790 791 793 795 
309 324 327 331 340 348 356 370 373 381 385 392 393 402 406 410 416 426 435 437 442 444 447 451 457 458 462 466 469 472 474 476 484 487 494 499 501 503 506 510 514 515 521 525 530 533 540 545 548 550 551 556 559 563 565 570 574 577 579 583 585 589 593 594 597 598 601 604 610 614 618 621 625 629 631 637 638 642 647 651 660 661 666 668 670 676 678 682 690 692 694 696 700 702 707 715 720 724 725 732 736 737 738 744 746 748 754 756 760 763 765 768 775 784 788 790 791 793 797 798 
310 328 330 334 342 351 357 374 377 384 387 394 395 405 407 411 417 430 436 438 444 448 451 455 458 459 463 467 473 475 478 482 488 490 495 503 507 510 512 514 516 517 524 527 534 537 544 546 551 555 557 561 564 567 570 571 578 581 583 584 587 591 596 597 598 600 605 608 612 615 620 624 627 633 637 639 643 647 651 652 663 666 668 672 674 680 684 687 691 694 695 699 703 707 709 717 723 728 731 736 740 742 744 746 750 753 756 760 763 766 767 769 778 787 789 791 795 796 801 803 
312 332 333 336 343 355 360 377 380 387 391 398 401 409 411 414 418 432 440 443 445 449 452 458 460 464 466 470 475 476 482 483 489 493 498 506 510 511 513 518 521 523 526 528 537 541 546 550 555 558 559 564 568 569 572 574 580 585 587 588 592 594 597 601 603 605 607 610 614 619 624 626 628 637 638 642 644 649 653 657 665 670 672 674 676 683 685 690 692 697 701 705 709 712 713 721 727 729 734 738 744 748 750 754 755 759 762 764 768 770 771 773 781 788 790 793 799 802 806 808 
316 334 338 339 347 356 364 379 383 390 393 401 404 411 412 415 419 433 444 448 449 453 456 459 464 467 470 471 476 478 484 485 492 494 500 509 511 513 515 520 525 529 533 536 538 542 550 553 557 559 560 565 569 572 575 576 584 587 588 591 596 597 599 605 609 613 616 619 620 623 625 627 630 639 640 644 645 650 654 659 669 674 678 682 683 687 690 691 695 701 702 709 711 714 716 725 731 735 738 739 747 752 754 756 757 760 764 767 769 772 775 776 785 792 796 800 802 804 809 811 
