4 7 8 9 10 12 14 16 17 19 21 23 24 27 31 34 35 36 39 42 46 47 48 52 54 55 58 59 60 64 65 68 71 75 78 79 83 84 88 91 94 97 98 102 105 108 110 113 116 119 121 124 128 131 133 137 140 143 145 148 149 152 156 160 163 164 167 169 171 172 176 177 180 182 183 187 189 190 193 196 200 203 206 208 210 212 215 219 220 221 222 225 229 231 233 237 241 245 249 250 254 258 261 264 265 269 272 275 277 279 281 283 287 289 292 295 297 299 302 303 304 305 307 311 312 316 317 318 319 323 325 327 331 333 336 338 339 340 343 346 347 
8 10 12 15 16 17 19 23 25 27 30 34 38 41 42 44 45 46 48 52 55 57 61 63 64 65 67 70 72 76 80 82 85 88 92 96 97 99 100 102 106 108 112 116 120 121 122 125 129 133 137 140 143 146 150 152 156 160 164 165 167 170 173 174 176 178 180 182 186 188 191 194 198 202 206 208 212 214 216 217 220 224 225 226 228 229 231 232 236 238 242 243 245 247 250 254 258 262 265 266 270 274 277 278 282 286 290 291 295 297 301 304 308 312 313 316 318 320 324 327 330 332 333 335 337 340 343 345 347 348 350 353 357 358 360 362 365 369 373 376 380 
11 14 17 18 22 25 28 32 35 37 40 42 44 46 49 52 55 59 63 67 70 72 75 79 83 87 90 91 95 96 99 100 102 103 104 105 109 112 113 114 116 117 118 121 122 124 126 127 132 135 138 143 145 148 153 154 158 161 165 166 169 172 177 179 181 183 186 187 191 192 195 198 202 205 208 212 213 217 219 220 222 227 229 233 237 241 245 248 252 255 256 260 263 264 265 269 273 274 276 277 278 281 283 284 288 289 291 294 299 300 305 309 313 317 319 321 324 326 328 330 333 334 337 341 344 347 351 354 356 360 361 362 366 370 372 374 378 380 381 382 386 
13 16 20 23 25 26 29 33 36 41 45 48 49 51 52 54 57 60 67 70 73 74 79 81 84 88 92 94 98 101 102 106 107 110 114 117 118 119 123 127 130 134 135 138 139 142 146 149 153 157 161 164 165 167 169 171 175 176 177 179 180 182 184 186 187 190 192 194 197 199 200 203 204 209 212 215 217 218 220 221 226 228 231 237 240 244 247 249 256 259 260 263 265 269 273 275 278 279 283 287 290 292 293 296 297 298 300 303 307 308 309 310 315 321 323 325 329 333 337 340 344 345 348 350 354 356 359 360 363 366 367 371 375 379 381 385 389 392 394 398 401 
17 19 21 24 27 28 31 34 40 44 47 51 53 54 57 60 61 64 70 72 75 79 80 85 87 89 96 100 103 107 109 111 112 116 118 120 121 122 124 129 131 135 137 139 143 147 151 152 154 161 162 166 169 170 174 177 178 182 185 186 189 193 196 199 203 205 206 207 210 213 216 219 222 223 225 228 230 231 234 235 237 238 239 243 247 249 250 251 260 261 263 266 268 270 275 279 283 286 288 291 295 299 301 302 303 304 308 310 314 316 319 321 323 325 329 330 332 337 338 342 346 348 351 355 358 359 363 367 369 370 374 378 379 382 385 386 390 394 398 399 405 
20 23 27 29 32 35 37 39 41 48 50 54 56 57 59 63 64 67 72 76 79 83 85 86 90 92 100 103 107 110 114 115 119 122 124 126 127 128 131 132 136 137 138 142 147 149 153 156 158 165 168 170 171 173 176 180 181 184 186 188 193 194 197 202 207 209 213 217 218 220 222 225 227 228 231 234 235 237 238 242 244 248 249 251 255 259 261 263 266 270 273 274 275 276 277 282 286 289 291 292 298 302 306 308 311 315 317 319 321 325 327 330 331 333 335 336 340 343 346 347 351 355 359 363 367 371 373 374 378 381 385 387 388 391 394 397 399 400 402 406 408 
23 24 30 32 35 37 41 42 45 50 51 58 59 60 63 66 67 71 74 77 81 87 90 92 93 97 101 106 111 112 118 121 124 126 130 131 132 133 137 138 140 142 144 147 149 150 156 157 161 169 171 173 174 175 179 181 183 186 189 193 194 197 201 205 211 214 218 221 222 223 226 229 232 233 235 238 239 243 246 250 253 254 257 258 260 264 266 267 268 272 274 277 281 285 287 289 292 294 297 300 304 307 311 312 314 317 320 324 325 326 328 332 333 334 339 340 343 346 350 351 354 359 363 365 370 375 378 381 385 388 389 393 394 398 400 404 405 406 410 412 415 
27 29 34 38 39 42 46 50 51 53 57 59 60 64 66 68 72 74 76 81 85 91 92 96 99 100 102 107 115 117 122 125 126 130 134 137 138 141 145 148 150 153 154 157 159 163 164 165 169 173 175 179 180 181 184 186 188 189 193 194 198 202 206 210 212 216 222 224 226 227 228 231 235 236 237 242 243 244 250 254 256 258 262 265 267 269 271 274 278 282 286 289 293 294 295 298 301 302 303 305 307 310 314 318 322 324 325 326 330 334 336 340 342 344 347 348 350 354 356 360 362 364 368 371 372 377 381 383 389 390 392 397 398 400 404 408 412 415 416 418 422 
29 32 35 39 42 46 48 51 54 58 59 61 64 68 69 71 76 80 84 87 91 95 98 99 101 102 106 110 119 123 125 126 130 133 135 140 144 148 152 154 156 160 164 165 168 171 173 174 178 182 183 187 190 193 194 195 199 202 206 208 210 213 215 217 220 222 224 228 232 233 234 237 240 244 245 248 250 251 252 257 261 263 266 268 269 272 274 278 282 285 288 291 294 296 298 300 304 305 309 312 316 317 319 321 324 325 329 330 334 336 340 343 344 348 349 350 351 356 360 362 364 368 372 375 377 378 385 386 391 395 397 398 402 405 406 411 416 420 424 428 431 
32 36 40 44 48 51 54 57 59 60 61 62 66 69 72 73 80 81 87 91 92 98 101 105 107 111 113 115 122 125 127 131 134 138 141 145 149 153 157 159 162 163 167 170 171 172 174 177 179 183 185 191 195 199 202 205 207 208 209 213 216 218 221 225 229 232 233 234 238 241 244 248 249 252 256 257 258 259 262 264 267 268 272 276 277 281 282 283 285 286 289 293 297 299 301 304 308 310 312 315 318 320 321 325 326 327 333 336 340 341 342 347 348 351 355 359 360 363 365 369 371 374 375 379 382 384 386 389 394 398 400 401 404 408 412 415 420 423 426 431 433 
36 38 42 48 49 53 55 59 61 64 68 71 73 76 78 79 82 85 91 93 96 100 104 107 110 115 117 119 124 128 129 135 138 140 144 146 151 156 159 161 164 167 168 171 175 177 179 180 182 186 190 194 196 201 205 209 212 213 217 221 225 229 232 235 237 241 245 249 251 255 257 261 262 265 268 271 272 274 277 278 282 284 285 286 290 293 295 296 298 299 302 306 309 313 316 319 321 323 327 330 334 336 339 340 341 343 345 347 350 354 355 357 358 361 365 367 371 375 376 377 381 382 383 387 388 391 392 395 397 400 404 405 406 409 414 417 422 426 428 434 438 
39 43 44 52 54 58 60 62 63 66 71 75 78 80 81 82 83 89 93 95 99 103 108 112 113 119 123 127 130 131 133 136 142 144 145 150 152 157 163 166 170 171 173 176 180 182 185 189 193 195 196 197 199 202 207 212 213 215 221 224 227 230 233 236 240 245 247 250 253 256 258 264 265 267 272 273 276 280 281 283 285 286 290 293 294 295 299 301 305 309 312 313 315 319 322 326 328 330 334 337 338 342 346 350 354 355 356 359 363 364 367 371 372 376 380 382 384 387 390 393 395 396 400 401 403 406 409 412 413 417 419 421 423 425 427 430 434 437 440 442 444 
43 45 48 54 57 60 64 66 67 69 74 79 83 85 89 93 96 97 98 100 104 108 110 115 119 122 124 129 131 135 139 142 146 149 153 157 160 162 164 168 173 175 177 180 184 187 191 193 196 200 202 203 206 209 210 214 215 217 225 227 229 234 235 237 244 249 253 254 255 258 262 267 270 272 275 277 280 284 286 289 293 295 299 302 306 309 311 312 313 315 318 322 326 329 331 333 336 339 341 345 348 351 354 358 362 366 370 373 374 377 380 382 383 387 388 389 393 394 398 401 404 407 408 409 412 415 416 420 422 426 430 431 434 438 440 441 443 444 446 450 453 
45 47 51 58 61 64 68 72 74 75 79 82 84 88 91 96 100 103 107 109 110 112 113 118 121 125 126 133 134 139 141 143 147 152 154 161 164 165 166 170 177 179 182 183 187 188 195 196 199 202 204 208 211 215 216 219 223 225 228 232 235 237 240 243 245 250 256 257 261 265 269 272 273 276 279 283 284 285 287 291 295 298 300 305 310 312 315 319 323 324 328 332 333 337 338 342 344 348 349 352 356 360 364 365 367 369 372 374 377 378 381 385 386 391 394 396 399 402 403 405 407 409 411 415 419 421 422 425 426 427 432 434 437 441 443 444 447 450 454 457 459 
49 50 52 62 65 69 70 74 76 80 84 88 90 92 96 97 103 104 108 112 115 117 121 124 128 131 132 136 138 143 144 146 148 155 156 163 166 167 171 174 178 180 184 186 188 191 196 199 201 206 210 214 217 220 224 227 228 231 235 237 241 242 243 247 250 252 258 261 262 267 271 274 278 280 283 284 287 289 293 294 299 301 304 307 314 316 317 321 327 328 332 334 336 339 342 345 349 352 355 358 360 363 366 367 370 374 377 379 383 384 388 389 390 394 398 399 402 406 409 412 414 418 421 423 424 427 430 434 436 439 441 443 446 448 452 456 460 461 462 463 466 
53 55 59 64 69 72 75 77 79 84 85 91 92 96 100 101 107 109 111 114 117 121 125 128 130 134 137 140 141 146 150 151 154 158 159 167 170 172 173 177 179 181 188 190 191 193 198 203 205 208 214 218 219 222 225 230 233 237 238 240 243 245 249 252 255 256 260 265 268 271 274 276 279 282 287 289 290 293 294 296 301 305 309 313 316 318 321 323 330 331 336 338 339 343 345 347 351 353 356 359 361 366 368 372 375 378 382 385 389 392 393 397 399 400 401 403 406 408 410 415 417 422 425 428 432 436 438 441 442 445 448 451 453 455 458 462 463 464 467 468 471 
55 56 63 65 71 74 78 79 81 88 90 94 96 97 103 107 110 112 114 116 118 122 127 130 132 136 139 144 147 148 152 155 156 160 162 170 174 175 177 179 182 184 191 195 199 203 206 210 211 213 217 221 222 225 226 232 234 241 244 247 248 252 254 256 260 264 268 271 274 276 278 279 281 286 291 292 296 300 304 307 310 312 315 318 322 325 327 329 332 336 337 339 343 344 346 348 355 357 358 362 365 367 371 375 377 380 386 387 391 394 395 400 402 404 407 408 409 410 414 416 421 425 428 430 436 438 442 446 449 450 451 455 458 460 461 463 467 470 473 477 478 
59 61 67 68 75 79 83 85 87 90 93 96 100 103 104 111 112 114 117 121 124 127 128 132 134 139 141 145 148 150 154 157 161 162 166 172 178 180 182 186 188 190 194 199 200 206 209 212 213 215 220 225 227 231 235 236 238 242 248 251 254 257 258 260 261 268 269 273 277 279 280 284 287 291 294 298 302 306 308 309 312 313 319 322 326 330 332 336 340 344 348 349 351 353 355 356 359 362 366 369 371 374 376 377 380 382 390 393 396 397 401 404 408 412 415 419 420 424 425 427 429 433 434 435 440 444 448 452 453 457 459 460 461 465 466 468 471 475 476 481 483 
61 65 69 72 77 81 84 87 89 92 94 99 104 106 108 112 113 116 119 124 125 128 131 134 137 143 146 147 151 154 158 162 166 168 172 175 179 184 185 190 192 196 200 204 208 209 213 215 217 221 222 227 228 232 236 240 242 244 249 253 255 260 264 266 267 269 270 275 281 285 289 293 296 298 300 301 306 308 310 312 314 316 322 325 330 332 334 340 342 346 350 353 357 359 362 363 365 369 372 376 377 381 385 389 392 393 395 397 399 402 406 407 411 415 416 421 424 428 430 434 435 439 442 446 448 450 453 455 458 462 464 465 467 470 472 474 477 481 485 486 489 
62 66 71 76 78 84 88 92 96 100 102 104 108 110 113 117 121 123 126 128 131 133 137 139 141 145 150 151 155 158 161 165 168 171 174 176 181 187 189 193 195 200 202 206 212 214 215 217 220 224 228 230 232 235 239 241 245 248 251 256 260 262 267 269 270 273 275 279 285 287 293 294 300 302 303 305 309 310 313 315 317 319 325 327 332 335 337 344 345 349 352 354 360 363 364 366 369 372 373 377 379 383 389 392 396 397 399 402 405 407 409 412 413 416 420 424 425 430 432 438 441 444 447 450 453 455 459 460 461 464 468 469 471 475 478 480 484 486 487 489 492 
66 69 74 78 81 86 92 93 98 104 106 108 111 114 116 121 123 127 128 131 135 139 143 146 147 149 154 157 158 161 165 167 169 173 175 177 183 189 190 196 197 204 206 208 213 215 219 222 223 226 232 234 237 239 242 246 250 254 258 259 261 265 269 270 272 275 279 283 289 293 294 297 301 303 305 309 311 312 314 318 322 323 326 329 334 336 340 346 350 353 354 355 362 367 371 375 376 379 381 382 383 385 391 394 399 400 404 408 412 415 418 422 425 429 430 434 437 439 441 444 445 447 450 454 458 460 463 464 466 469 473 476 478 480 483 485 487 490 494 497 499 
68 71 78 82 83 89 96 99 103 107 109 112 113 117 118 125 128 131 134 138 141 144 146 148 151 152 156 161 163 164 169 171 172 176 178 182 185 190 191 200 201 206 209 211 217 219 221 225 229 230 234 235 238 241 245 248 254 258 262 264 267 270 272 275 277 278 282 286 290 295 298 300 303 304 307 313 316 318 319 323 324 328 332 333 337 340 341 348 351 354 355 357 364 371 374 378 382 385 389 390 391 392 393 398 402 404 407 412 413 418 421 423 429 430 431 436 441 443 444 447 449 451 453 458 462 466 470 472 476 479 480 483 484 487 490 492 494 498 500 502 506 
70 73 82 85 88 90 99 103 106 108 111 114 117 120 122 128 132 135 136 141 143 146 147 152 154 156 157 162 167 168 171 172 176 179 183 184 186 192 193 204 206 208 211 215 218 220 224 226 233 236 239 243 247 251 255 258 260 261 266 269 272 275 279 282 283 287 290 291 294 298 299 301 307 308 310 315 320 323 326 328 331 335 338 341 343 347 351 355 357 360 361 362 368 372 376 381 384 388 393 394 396 399 400 402 406 407 410 415 418 421 423 426 431 433 437 441 442 447 450 452 455 457 459 461 463 469 472 475 478 483 485 486 490 493 497 498 500 504 507 511 515 
72 75 85 88 91 92 102 106 109 112 116 118 119 124 127 129 135 138 142 144 147 148 150 153 155 160 163 166 170 173 175 179 182 184 187 189 190 195 198 205 207 211 214 216 219 223 227 231 237 241 242 245 251 252 259 262 266 268 270 271 275 279 283 286 290 292 294 296 300 303 305 307 311 313 315 319 322 327 329 330 332 337 340 344 347 351 355 356 360 362 366 370 372 373 379 382 386 391 396 397 399 403 405 407 410 412 414 416 419 423 424 427 434 436 441 442 446 449 452 456 460 464 465 467 470 472 473 479 480 487 490 493 497 499 500 501 502 506 510 514 516 
74 79 86 91 94 95 106 108 112 113 118 122 123 125 128 130 139 142 146 150 154 157 161 163 165 166 169 170 173 174 176 183 184 187 190 191 195 199 202 208 209 214 218 222 224 228 232 235 239 242 243 248 252 253 263 266 267 270 274 275 279 280 287 288 294 296 297 301 304 305 309 313 315 316 320 323 327 328 330 333 335 341 344 346 350 352 357 359 362 363 368 373 374 377 381 384 390 392 400 401 404 407 408 409 411 414 416 418 423 425 428 432 437 440 444 448 452 453 454 459 461 467 471 475 479 481 484 485 487 490 491 494 498 500 504 508 512 515 517 518 519 
76 83 89 95 97 100 110 114 117 121 124 128 131 132 135 139 141 144 147 154 156 158 163 164 168 170 173 176 177 181 184 186 188 190 194 197 199 201 205 209 211 216 221 226 227 230 234 236 242 243 245 252 253 255 265 270 272 275 278 282 285 286 288 291 296 299 300 305 309 311 314 316 319 323 325 327 330 331 333 335 339 343 346 349 351 355 358 361 364 367 370 377 379 382 384 385 392 393 402 404 408 410 411 414 416 417 420 423 427 428 430 436 440 441 445 451 456 457 458 460 462 470 473 479 481 485 489 491 495 498 501 505 508 511 515 517 520 522 526 530 534 
80 87 91 98 99 104 111 116 120 123 125 130 134 138 141 142 143 146 148 156 157 162 164 166 172 175 178 179 182 185 188 189 191 192 196 198 200 205 206 211 214 219 222 230 233 237 239 243 247 248 249 254 256 259 269 272 276 279 280 284 286 290 292 296 297 303 306 307 311 312 315 319 320 327 329 330 333 335 336 338 340 345 348 351 352 359 360 363 368 370 373 378 382 384 388 389 393 396 406 410 413 416 419 421 422 425 426 430 432 435 438 440 444 447 449 455 459 463 464 467 471 474 476 483 485 489 493 494 498 502 506 508 510 515 517 518 522 524 528 532 535 
82 90 95 100 101 108 113 120 121 126 130 131 136 141 142 143 146 150 152 159 163 167 168 170 173 179 182 185 189 190 192 195 196 200 204 205 207 208 211 213 217 223 224 233 234 240 243 244 250 252 254 258 261 264 272 274 280 281 283 285 289 292 294 300 301 304 310 312 314 316 317 322 324 328 333 336 337 341 343 345 347 350 351 352 354 362 365 366 370 372 374 381 386 389 393 395 398 402 409 413 416 417 420 424 427 429 433 436 440 442 445 449 451 455 456 458 461 467 468 470 472 477 479 484 488 493 494 495 502 504 507 509 514 519 523 525 529 533 535 537 541 
85 93 98 104 107 110 115 123 127 129 132 134 140 145 147 149 151 155 159 162 167 169 172 174 177 180 185 189 190 191 193 196 197 204 205 209 213 214 218 221 222 226 227 237 238 242 244 245 253 255 259 263 265 268 274 277 283 285 287 290 294 296 297 301 303 308 314 317 320 323 326 328 330 331 337 341 343 344 347 351 353 356 359 361 365 367 370 374 375 378 382 386 388 390 396 398 399 403 411 416 419 422 423 428 429 431 434 440 443 446 448 453 457 461 464 465 469 472 473 476 477 479 481 488 490 494 495 496 506 510 513 517 520 523 524 526 532 534 537 541 542 
88 96 99 108 112 116 119 124 131 133 134 135 143 149 151 152 156 158 163 164 169 172 176 179 181 184 189 193 197 200 204 205 206 209 213 215 219 223 224 225 229 231 233 241 243 246 250 252 254 259 262 267 270 274 277 280 286 288 290 294 297 299 303 306 307 312 316 318 321 326 330 334 335 338 340 344 348 352 353 357 360 361 363 366 367 371 372 377 381 382 386 390 391 393 400 403 405 408 412 417 420 426 430 432 436 438 441 443 445 449 453 457 461 465 468 471 472 474 476 478 482 483 485 489 494 497 500 504 510 513 517 521 522 527 529 532 536 539 541 544 545 
91 100 104 111 113 119 122 126 132 137 141 144 147 151 154 157 159 162 164 167 170 175 179 182 186 189 190 197 200 203 206 210 212 214 218 220 222 226 228 230 233 236 237 243 244 250 254 256 260 262 263 269 273 276 280 284 289 291 295 298 299 303 306 310 313 317 318 320 322 329 331 336 339 342 345 347 350 356 357 358 364 367 371 373 375 378 380 384 387 389 392 395 396 399 403 404 406 411 416 419 423 429 432 434 437 439 443 447 450 452 457 461 462 468 469 473 475 476 477 480 486 489 490 494 497 500 503 505 511 515 518 525 528 530 533 534 537 542 546 549 553 
94 103 106 113 114 121 126 129 133 138 145 146 151 154 155 159 160 166 168 171 172 178 181 184 189 190 194 201 203 206 209 211 213 217 221 222 224 227 231 232 234 240 242 244 245 254 257 261 265 266 269 272 277 280 281 288 290 292 296 299 301 304 310 313 317 318 322 326 330 332 335 339 342 346 347 350 354 360 364 366 367 370 372 377 378 382 384 386 391 395 397 401 402 405 406 410 411 412 419 423 425 431 434 435 440 443 446 450 454 456 459 462 463 469 472 474 476 479 482 486 488 491 495 496 498 502 507 511 515 517 519 526 531 532 536 539 543 545 548 553 556 
96 104 110 117 118 123 129 131 134 141 146 150 152 155 158 163 167 168 171 174 175 181 184 188 190 191 197 204 208 212 214 216 219 221 224 227 230 233 234 235 239 244 247 248 251 257 258 262 268 270 271 274 281 284 285 289 291 295 300 301 305 306 311 315 320 323 326 328 331 335 337 343 347 348 352 354 357 362 368 369 372 375 378 382 384 386 389 392 395 398 402 405 406 410 414 415 418 420 422 427 431 433 436 437 443 445 449 452 455 459 462 463 466 471 475 478 481 482 486 488 490 494 496 500 501 505 509 514 519 522 523 528 534 537 541 544 545 549 551 556 559 
99 108 113 119 122 125 130 133 135 144 149 151 154 156 159 164 170 173 176 178 181 182 186 192 193 197 199 205 212 216 219 221 224 227 228 231 232 236 240 243 247 248 249 253 256 261 265 269 271 274 276 278 282 288 291 295 297 300 302 305 309 313 316 318 321 325 328 330 335 337 338 344 349 350 354 356 358 364 371 373 375 376 382 385 387 389 393 396 397 402 405 408 411 412 417 420 424 426 430 434 437 438 441 445 447 449 451 454 458 461 466 468 471 474 479 481 482 485 487 490 493 495 500 501 502 506 511 516 520 526 529 532 535 539 543 545 546 552 553 557 560 
102 110 114 123 127 129 133 134 138 147 152 155 157 158 163 165 174 177 181 184 187 188 189 194 195 201 203 207 215 220 223 226 228 231 235 238 242 244 246 250 254 255 259 260 262 264 267 272 275 278 280 283 286 292 295 299 300 302 303 308 311 315 318 320 324 326 330 332 338 340 341 345 352 353 357 358 360 366 374 377 381 382 386 387 389 390 394 398 402 404 408 412 415 416 421 423 426 429 433 437 441 443 445 446 450 453 456 460 464 468 471 475 477 480 484 485 489 492 494 498 500 502 506 510 514 516 520 521 522 527 531 533 536 543 546 547 551 556 560 562 563 
105 113 115 126 129 130 136 138 141 150 155 156 160 164 166 168 178 182 183 188 189 190 193 195 196 202 205 209 216 222 224 228 232 236 239 243 244 248 251 253 255 259 260 263 265 268 269 274 277 280 281 285 287 295 299 300 301 303 307 312 314 317 320 322 326 330 333 335 341 344 348 351 353 354 360 363 367 371 377 381 384 388 390 392 396 400 401 405 407 409 410 415 416 419 425 427 430 433 437 438 445 449 452 455 459 461 464 467 471 472 475 477 478 484 486 487 492 493 496 499 503 507 508 514 517 518 522 525 526 529 533 536 537 546 547 548 555 558 563 566 568 
107 115 116 130 133 135 137 142 143 152 156 158 161 168 171 175 180 185 187 190 191 195 196 197 200 203 207 212 219 226 228 229 233 237 243 245 249 252 253 257 261 263 267 268 271 274 275 276 278 281 283 289 291 298 303 307 310 312 314 315 316 321 324 326 327 331 334 337 345 349 351 355 359 361 365 367 368 373 380 383 385 389 392 396 398 402 404 408 409 410 412 416 419 420 427 430 433 435 440 441 448 451 455 458 460 464 468 472 474 475 478 480 484 485 488 491 493 495 498 501 507 510 514 518 519 523 524 527 531 535 538 539 540 550 553 554 558 559 564 568 572 
111 117 121 131 134 137 141 146 147 154 157 159 165 172 174 178 182 187 190 193 194 198 200 201 202 204 210 215 223 228 229 233 235 238 247 250 253 254 258 261 263 267 270 274 277 278 279 281 282 283 286 291 295 301 307 309 313 314 317 320 322 326 330 331 335 336 338 340 348 352 355 357 363 366 369 371 375 377 382 385 389 390 396 398 402 406 410 413 415 419 422 424 425 426 428 434 436 438 444 447 449 453 459 462 464 468 469 476 478 479 480 484 487 488 491 495 497 501 503 507 511 514 517 520 523 526 529 533 537 540 542 544 546 552 557 561 564 566 569 571 575 
112 118 125 133 138 142 143 150 151 158 159 163 168 173 178 180 183 189 191 195 198 200 202 204 208 210 213 216 224 230 232 236 238 239 249 254 257 258 259 264 265 270 272 276 279 283 284 288 292 295 298 302 305 308 311 312 316 318 322 325 329 333 334 336 338 342 346 348 351 354 356 361 366 369 370 372 376 381 383 386 393 394 398 400 406 409 411 414 418 422 426 430 433 434 435 439 442 443 448 452 455 459 462 464 465 471 474 480 483 486 488 490 494 498 501 505 507 511 514 518 519 521 522 523 524 527 530 536 538 541 546 547 550 553 561 564 568 570 574 576 578 
116 120 127 135 139 145 148 152 155 159 161 166 172 176 180 182 184 191 193 196 202 206 208 211 215 216 217 221 228 233 237 238 239 243 251 257 261 263 267 269 270 272 273 278 281 284 287 289 296 300 304 307 308 312 315 317 318 321 324 328 330 335 339 341 345 346 349 351 354 355 358 363 370 371 375 376 379 384 385 388 395 396 400 402 409 412 414 417 422 426 430 433 435 438 441 444 446 450 453 457 461 464 468 470 474 476 478 482 485 490 492 495 498 499 503 508 512 516 518 519 521 522 524 527 531 533 535 537 542 544 547 551 553 556 565 568 571 573 578 581 584 
117 121 128 136 143 149 152 154 157 161 164 168 174 177 181 183 188 192 196 198 205 208 212 215 219 223 224 226 231 234 238 242 244 247 254 258 265 267 269 271 274 277 278 279 285 288 290 294 298 301 306 310 314 316 319 320 324 327 328 329 332 338 341 345 348 351 353 355 359 360 362 367 374 378 381 382 386 390 392 393 397 401 403 407 413 417 419 423 427 431 433 436 439 442 446 447 449 454 458 462 465 469 473 476 478 481 483 484 489 494 498 502 505 509 513 516 520 522 526 527 528 532 536 537 538 539 541 545 548 552 556 559 560 562 568 570 572 576 581 583 586 
120 124 129 139 146 153 155 159 160 164 167 169 175 178 185 187 189 194 198 202 208 212 214 217 220 225 229 232 234 238 242 245 246 250 255 259 266 270 273 276 277 278 279 282 287 291 295 296 299 303 309 313 316 319 322 326 330 333 334 338 342 343 345 349 353 355 358 360 361 362 366 371 375 382 386 387 389 391 393 394 399 402 407 411 417 419 421 426 430 432 435 438 443 446 447 450 454 456 460 465 466 472 476 477 481 485 488 492 493 496 501 505 509 513 517 519 521 525 529 533 535 538 542 544 546 549 552 556 560 563 565 568 571 573 577 578 579 580 582 585 590 
124 128 132 141 148 157 160 164 165 166 169 170 178 180 189 193 196 199 201 204 210 213 218 219 222 229 230 234 238 242 243 247 248 253 256 262 270 274 275 278 279 281 285 287 289 295 298 300 302 306 310 315 318 323 326 327 334 335 338 340 344 348 349 352 357 358 359 361 365 366 367 372 377 385 390 392 395 398 401 404 406 409 412 414 420 423 424 427 433 436 440 444 447 451 454 457 461 465 467 468 471 475 477 479 485 486 490 494 496 498 502 507 511 517 518 523 525 528 532 534 537 539 543 546 548 550 556 558 564 565 566 570 572 575 578 582 585 588 590 594 596 
126 129 135 142 152 158 164 167 170 174 175 177 180 183 192 195 200 204 206 208 212 215 220 224 228 233 234 236 241 246 247 250 251 254 260 264 273 277 280 282 286 287 288 292 295 299 301 304 306 307 311 316 321 327 329 331 336 339 343 345 349 352 355 356 361 363 364 366 368 370 374 376 380 386 393 395 397 402 406 410 411 414 417 421 423 425 428 430 434 437 442 446 450 454 457 461 463 467 470 473 475 479 481 482 486 489 492 498 502 505 507 510 514 520 524 528 529 530 533 538 539 540 546 550 552 555 557 562 568 570 571 573 577 581 582 586 587 589 593 597 598 
128 130 139 146 153 161 165 170 173 175 178 181 184 186 193 197 201 207 208 210 215 217 221 227 230 234 236 239 242 247 249 254 256 258 264 268 275 281 282 283 287 290 294 295 296 303 306 308 312 316 319 323 324 330 331 335 337 340 345 348 353 354 357 359 365 369 370 374 375 377 378 381 385 390 395 399 400 403 408 413 415 417 418 424 428 432 436 437 440 442 444 450 451 455 458 462 467 471 472 475 478 483 487 491 495 497 498 500 504 509 510 513 516 521 527 532 536 539 543 545 547 551 554 557 558 561 562 564 572 574 578 582 586 587 590 594 596 597 598 602 603 
132 136 143 147 157 162 167 172 176 180 184 186 189 192 196 198 203 211 212 216 220 222 226 228 231 236 238 242 246 248 251 256 257 262 265 271 279 285 286 289 292 294 297 300 302 304 309 313 314 317 323 325 329 332 335 339 340 342 346 349 357 360 363 365 369 372 375 376 379 383 386 388 392 396 398 401 403 404 409 415 416 419 422 425 430 435 439 442 446 448 451 452 453 456 461 463 471 473 474 476 479 484 490 494 497 498 501 503 507 513 515 518 521 524 529 536 538 543 546 547 551 555 556 559 563 565 569 571 576 580 584 587 588 589 594 598 600 602 605 606 609 
136 138 147 151 160 165 169 175 179 181 185 188 191 194 197 199 206 215 217 219 223 224 230 233 236 238 242 246 248 252 254 258 261 264 266 274 283 286 289 291 296 300 301 303 306 310 313 314 315 321 326 328 331 336 338 343 344 346 350 352 358 362 366 367 373 377 378 380 383 387 391 394 395 398 401 404 405 409 412 416 419 420 423 426 434 439 443 446 447 452 455 457 459 462 466 467 474 477 479 482 486 488 494 498 500 503 505 506 510 516 519 522 524 525 532 539 541 544 549 553 556 558 559 562 565 569 570 575 577 582 588 591 595 597 601 602 606 608 611 615 617 
138 141 148 152 164 168 172 179 183 184 186 191 192 195 200 201 210 216 218 223 227 230 234 237 238 241 245 248 249 253 256 262 263 267 268 276 284 289 290 293 297 303 306 310 313 317 319 321 323 326 329 330 334 338 340 346 348 351 352 353 359 366 370 374 377 378 382 385 389 390 393 396 397 399 405 408 411 413 414 417 421 422 424 428 437 441 445 449 450 453 457 460 463 464 468 470 476 480 483 486 489 490 496 499 504 506 507 509 514 518 521 523 527 531 536 543 547 549 550 556 557 560 561 563 566 570 573 578 580 586 591 595 596 598 603 604 607 609 615 616 621 
140 145 152 155 168 172 174 182 186 190 191 193 196 199 203 204 211 219 222 227 231 232 236 240 242 245 248 250 254 257 261 266 267 269 271 277 286 290 293 296 298 304 310 314 315 320 324 325 326 330 331 332 335 342 344 349 352 353 356 358 360 367 372 377 380 382 383 388 390 392 396 397 401 405 408 411 413 416 419 421 423 427 428 430 441 445 447 452 454 458 461 465 468 472 474 478 482 486 487 491 494 497 500 501 505 509 512 513 516 521 524 527 531 533 540 544 550 553 556 559 561 565 567 569 573 575 577 580 582 588 594 597 600 603 605 609 610 614 618 620 624 
143 149 156 159 169 175 176 185 188 191 192 197 201 204 207 210 214 221 225 230 232 236 238 242 243 248 252 254 256 261 263 270 272 274 277 278 288 293 294 299 303 306 313 318 322 325 329 331 332 336 337 338 339 346 350 352 356 360 362 366 370 371 373 381 382 386 387 391 395 399 401 403 405 409 412 413 414 417 421 425 427 429 432 435 444 449 453 455 458 462 465 467 469 474 475 482 486 487 488 494 496 500 503 504 509 511 515 516 519 525 526 530 533 536 544 545 553 557 561 563 567 569 573 574 576 580 582 583 584 590 595 601 604 605 608 612 614 615 622 625 627 
147 150 159 163 170 176 179 188 192 196 199 201 202 207 209 211 216 222 229 233 235 238 240 243 246 249 254 255 259 265 268 274 277 281 285 289 292 296 297 300 306 309 317 322 326 329 330 332 336 340 342 343 346 350 354 357 358 361 363 368 372 376 377 384 386 389 391 395 399 400 404 407 410 411 413 417 421 422 423 427 430 434 436 439 448 450 457 461 465 466 469 471 472 475 478 484 490 494 495 498 500 502 504 507 510 515 519 522 524 529 531 535 538 540 546 550 557 561 562 567 568 573 574 576 579 582 583 584 585 594 596 603 605 608 611 615 617 620 624 629 633 
151 153 160 166 174 177 182 190 193 198 201 205 209 213 217 220 224 226 231 234 238 241 242 247 248 250 258 260 262 267 270 275 278 282 287 290 294 297 300 302 308 310 319 323 329 332 333 336 337 343 344 347 349 352 355 359 361 364 365 369 373 378 381 388 389 391 394 396 400 402 405 410 413 417 421 422 425 426 427 428 431 435 440 442 452 454 460 462 467 470 474 478 479 482 485 489 492 497 499 501 502 506 508 511 515 517 523 527 530 532 533 538 540 544 548 552 559 565 567 569 572 577 579 580 582 585 588 591 595 596 600 607 611 614 618 622 625 626 628 633 634 
155 159 163 167 178 180 183 194 198 202 205 208 212 214 220 223 228 232 235 236 239 244 247 248 249 254 261 265 269 273 276 280 281 283 289 293 298 300 304 306 309 314 322 327 332 336 340 344 347 351 352 354 358 362 365 366 368 370 373 375 379 382 384 392 394 398 402 404 408 409 410 411 416 419 422 424 427 430 433 435 436 440 441 443 455 456 463 466 470 474 478 482 483 485 488 491 495 499 502 503 505 509 512 514 516 518 524 531 534 538 540 543 544 547 550 555 560 567 570 572 573 578 582 584 588 591 594 598 602 605 608 609 614 618 621 626 630 631 635 638 641 
158 162 166 171 181 183 187 196 201 206 208 212 214 217 224 227 231 234 237 240 243 246 251 252 253 258 264 268 271 277 279 283 284 288 292 297 299 301 306 307 312 316 326 329 335 340 341 345 348 355 359 362 365 368 372 375 376 380 383 386 390 394 395 399 402 405 406 408 412 413 414 415 420 423 426 430 431 433 437 441 444 445 448 451 456 458 466 470 472 478 480 484 488 489 490 495 499 500 504 508 509 511 516 518 521 525 528 533 538 542 543 547 551 554 557 558 562 570 572 575 579 580 583 588 589 594 597 601 605 607 610 613 617 620 623 629 634 637 639 640 644 
159 165 168 173 184 185 188 198 205 208 209 213 218 222 227 231 232 235 240 243 244 247 255 257 261 264 267 271 272 281 284 287 288 289 293 300 304 306 307 309 314 319 328 331 336 342 345 347 352 356 362 364 366 369 373 377 381 383 385 387 392 397 401 402 404 406 407 411 416 419 420 421 424 428 431 432 436 437 441 444 445 448 450 454 458 461 467 473 475 482 484 486 491 495 498 502 505 509 511 514 517 520 521 524 525 526 530 537 540 546 547 551 554 555 561 562 565 573 577 580 584 586 588 589 590 595 600 605 609 612 613 617 621 622 626 631 636 638 643 647 650 
162 167 170 176 186 187 189 202 208 211 215 217 222 225 231 233 234 237 241 246 248 252 257 260 263 268 272 275 279 282 288 289 290 292 297 303 308 310 312 315 317 321 331 333 340 346 349 352 354 359 366 368 370 372 376 379 384 387 391 393 396 398 405 408 411 415 416 417 421 422 423 427 429 431 434 435 440 442 443 447 449 453 454 458 462 465 468 475 476 484 488 489 493 498 500 505 506 510 513 515 520 524 527 530 532 535 538 540 543 550 554 558 560 563 566 569 572 574 578 582 587 589 590 593 596 597 601 609 612 613 617 621 624 626 628 635 637 641 645 650 653 
163 168 171 177 187 191 195 205 210 213 219 223 225 227 232 237 241 242 245 249 253 254 260 261 267 270 275 278 283 284 290 292 293 296 299 307 312 315 318 319 322 325 332 335 342 350 351 354 358 360 369 370 371 375 378 383 387 389 392 397 399 402 408 410 412 416 419 423 427 429 431 433 437 441 442 445 449 451 453 454 456 459 460 463 466 469 470 479 481 487 489 490 497 499 503 506 508 511 515 518 524 525 531 532 533 539 542 545 548 552 556 560 561 566 568 570 574 577 581 586 590 593 594 595 599 602 604 613 614 615 621 623 625 630 634 637 640 642 646 653 657 
167 169 172 178 189 195 199 209 212 214 222 226 228 229 233 238 243 246 249 252 255 259 263 265 270 272 279 280 284 286 294 295 299 300 303 309 313 317 321 325 328 329 334 336 346 351 353 355 359 364 373 376 380 381 383 385 388 390 395 400 402 404 410 412 415 420 423 427 430 434 437 440 442 444 448 449 453 454 457 458 462 465 467 468 469 470 472 483 485 491 494 497 499 501 507 508 512 513 519 523 527 530 533 537 540 542 544 547 551 555 560 564 567 569 573 576 578 579 584 587 593 597 598 601 605 606 608 615 618 621 625 628 629 631 638 640 644 646 647 654 660 
168 172 175 182 191 199 200 212 214 215 226 229 230 234 235 241 245 250 252 253 259 260 265 266 274 275 282 284 285 288 296 300 304 306 308 310 316 319 322 329 333 334 335 340 348 353 354 358 360 365 375 377 384 388 392 395 399 400 401 404 407 411 413 417 420 424 426 428 432 435 441 443 444 446 452 456 458 461 464 465 468 472 473 474 477 478 480 485 486 493 495 501 505 508 510 513 515 516 521 524 530 533 534 540 543 546 549 552 554 556 564 567 569 571 576 577 579 580 585 589 597 601 604 605 609 612 613 619 621 622 626 630 632 636 640 644 645 647 651 656 662 
169 176 180 183 195 201 205 214 215 216 227 230 232 235 238 244 248 252 255 258 260 264 268 272 278 280 283 286 289 290 300 304 306 308 312 315 317 323 326 330 335 338 341 345 351 357 360 362 364 366 378 381 387 389 396 399 403 405 409 413 417 420 424 428 430 432 434 438 441 445 449 450 453 454 457 460 462 463 467 471 472 475 477 481 483 485 486 487 490 495 497 505 509 512 515 519 521 523 525 527 533 537 539 543 546 550 552 554 556 557 565 569 572 573 577 578 581 585 589 590 600 603 605 608 613 615 616 622 626 630 633 635 637 641 643 647 648 651 653 658 664 
173 178 183 186 197 205 208 218 221 224 231 235 236 239 241 245 250 256 258 259 263 268 269 273 279 283 286 288 293 297 301 305 308 309 315 319 321 327 328 331 339 343 346 349 353 358 361 364 368 370 381 383 391 394 397 400 406 408 410 417 421 425 429 431 432 434 436 439 444 449 450 451 456 458 461 463 465 468 470 473 476 479 483 485 486 487 490 492 495 496 499 509 512 513 517 520 522 526 528 532 534 541 543 545 550 551 553 558 561 564 566 573 574 578 579 581 584 589 590 594 602 607 611 612 617 621 623 625 629 632 636 639 643 645 648 651 653 656 658 661 668 
177 179 187 190 199 209 213 221 223 226 234 237 238 242 244 246 253 260 264 268 270 274 277 280 284 288 290 293 295 300 305 307 312 316 320 324 325 331 334 338 342 345 349 351 355 360 364 366 372 375 382 387 393 396 399 404 407 409 412 419 422 427 430 435 439 441 444 447 451 453 456 460 464 465 467 469 473 476 480 482 483 484 485 488 489 491 495 497 501 502 505 513 514 516 519 523 525 529 531 536 538 544 545 549 551 553 556 562 566 567 568 574 577 581 584 587 590 593 595 599 605 608 613 617 620 623 624 627 632 636 640 641 645 648 650 655 658 659 660 662 670 
178 180 189 192 200 213 217 222 224 227 238 242 245 246 250 251 255 263 268 269 272 278 281 284 286 291 294 297 301 305 306 310 315 320 322 326 329 334 335 340 344 348 350 352 359 363 366 367 374 378 386 391 394 399 403 407 408 412 416 421 426 429 431 438 441 445 448 450 454 457 458 462 467 468 471 473 474 480 483 484 487 488 490 491 492 494 499 501 505 508 509 516 520 521 525 526 527 530 534 537 541 547 548 550 552 554 557 564 570 572 576 578 581 584 587 589 593 596 599 600 608 609 617 618 622 624 628 630 633 640 641 644 649 652 655 657 661 663 664 668 672 
180 182 193 194 201 217 220 224 226 231 241 244 247 251 253 254 256 265 272 275 276 281 283 286 288 292 297 298 305 307 309 314 317 324 328 332 334 335 339 341 348 352 356 358 360 364 370 371 375 379 388 394 395 403 406 408 411 415 420 423 427 432 434 440 445 446 450 453 455 461 464 466 471 473 476 477 481 484 486 487 489 493 497 501 502 503 507 510 512 515 516 517 524 525 527 530 533 537 539 542 543 548 552 553 557 561 563 567 571 573 580 581 584 588 590 593 596 597 600 602 610 613 618 621 623 627 632 633 635 643 644 648 653 656 660 661 664 665 666 671 676 
182 186 195 197 202 220 221 225 227 234 242 245 248 254 256 259 263 268 275 277 278 284 287 291 294 296 298 300 306 309 313 316 318 325 332 335 338 340 344 346 351 354 359 363 364 366 374 377 381 383 391 397 400 404 410 413 414 418 423 426 429 435 436 444 449 450 451 457 459 464 468 470 473 474 477 479 484 486 490 491 494 498 502 504 506 509 512 514 518 521 525 526 529 531 532 536 540 542 545 546 550 551 555 557 559 565 566 570 574 578 584 585 589 593 597 600 602 606 610 611 612 615 620 625 627 629 635 637 639 646 649 650 655 660 664 668 669 670 674 678 682 
186 188 197 199 203 221 222 226 228 237 243 246 252 257 260 262 264 269 277 280 282 286 289 293 295 300 303 304 307 311 315 319 321 326 336 337 342 344 346 348 355 356 360 364 365 368 376 378 384 385 394 399 404 406 411 414 416 422 426 429 430 436 438 446 451 455 456 459 460 467 470 472 474 477 478 483 487 491 494 495 499 501 505 506 508 512 516 519 520 524 529 533 537 540 541 542 546 548 550 553 556 559 563 564 567 569 573 576 577 579 586 588 591 595 598 601 603 609 612 615 618 622 624 628 632 635 637 640 644 650 652 655 656 663 668 671 675 677 679 680 683 
187 189 200 201 207 225 226 227 232 238 244 247 255 258 263 265 269 271 280 281 283 290 293 295 299 304 308 310 314 316 318 321 323 328 337 340 345 349 352 353 357 358 361 367 368 369 377 382 386 390 398 401 406 407 415 418 421 423 427 430 434 439 441 447 455 459 463 465 466 469 472 476 478 482 483 485 489 492 497 499 502 503 508 511 515 518 520 521 522 526 530 536 541 545 548 551 552 555 557 560 563 567 569 570 574 577 578 581 585 586 589 591 595 598 602 606 608 611 615 617 621 624 625 631 636 638 642 644 646 652 654 659 662 666 672 676 679 680 683 687 691 
189 190 202 206 208 227 228 230 236 239 245 249 258 262 265 267 272 274 284 286 287 294 295 298 300 305 312 315 316 318 321 322 326 329 340 343 348 351 356 359 361 362 366 370 373 374 381 385 389 393 401 404 409 413 418 419 424 425 428 432 436 443 447 451 457 463 465 468 470 472 474 477 479 485 488 490 493 496 499 503 506 509 510 515 516 520 523 525 527 530 533 540 545 548 550 555 556 557 561 565 568 570 574 577 579 581 583 587 590 594 596 599 601 604 606 609 613 617 618 621 622 626 627 634 638 640 645 647 650 655 656 663 666 667 673 678 682 683 684 688 693 
190 191 205 210 214 231 234 238 240 242 248 252 259 266 269 271 276 277 288 290 293 295 296 299 303 307 315 319 320 323 325 328 331 334 341 346 349 354 359 361 365 368 371 372 377 381 383 386 392 396 403 407 412 416 421 425 428 432 436 438 442 447 449 454 461 465 466 469 474 476 479 483 485 487 491 493 497 498 502 507 510 513 516 517 520 523 526 530 532 535 536 542 549 553 557 560 562 565 569 570 574 576 578 581 583 584 586 588 594 597 600 604 607 610 613 615 616 619 620 623 625 629 630 635 639 641 648 649 652 657 660 664 670 673 674 682 684 687 688 690 694 
194 196 209 212 216 234 238 240 244 247 252 255 262 267 273 276 280 283 291 295 296 300 302 306 307 308 316 320 321 326 330 333 336 340 343 347 352 355 361 364 366 372 375 378 379 382 386 390 395 397 406 410 415 419 424 429 432 436 437 441 445 450 451 458 464 467 470 472 476 477 482 485 488 489 495 498 499 502 505 509 514 516 517 520 522 526 527 531 534 536 538 543 551 554 561 562 566 568 570 572 578 579 583 585 586 590 592 596 598 602 606 610 611 613 617 618 622 626 629 632 636 640 642 643 647 648 651 655 656 660 664 666 673 677 681 683 688 689 690 692 695 
196 200 212 213 217 235 242 246 250 253 257 261 264 271 275 278 283 286 295 296 297 303 304 307 311 315 317 322 326 329 334 335 339 344 348 351 353 357 362 368 372 376 377 381 385 386 388 392 396 401 409 413 416 422 425 430 433 437 441 445 449 453 454 460 468 470 472 473 477 478 485 487 490 494 496 502 505 509 511 512 517 520 521 525 526 530 531 534 536 538 542 545 553 557 564 565 569 570 574 575 579 580 585 588 590 591 595 600 601 605 609 612 614 615 621 623 626 629 633 637 639 644 646 648 651 652 654 657 660 661 668 671 677 679 684 685 691 692 694 695 696 
200 204 215 217 220 236 246 249 251 255 259 264 268 274 279 281 284 288 299 303 307 309 312 314 316 318 320 326 329 332 337 339 342 345 349 355 359 360 366 369 375 377 381 383 386 387 392 393 400 403 413 415 417 424 426 434 437 439 445 447 450 456 459 462 469 474 477 480 484 488 492 493 497 499 501 503 509 513 517 521 525 527 529 530 532 533 534 535 540 541 543 548 554 558 568 572 576 579 583 586 590 592 593 596 600 604 607 610 614 615 617 620 623 627 628 629 633 636 638 641 645 649 653 654 657 660 662 663 666 668 672 676 680 682 688 690 692 694 696 697 701 
204 208 218 222 225 238 247 250 255 256 262 265 271 278 283 286 289 290 302 305 311 312 316 320 323 324 327 330 333 335 338 341 345 349 350 359 362 366 370 373 376 378 382 385 388 392 394 398 401 407 415 419 421 426 429 438 442 445 446 451 454 458 461 465 471 477 479 482 488 491 494 495 501 503 505 509 513 516 519 523 529 532 536 538 541 545 548 551 555 558 559 563 567 568 571 576 577 583 584 587 591 595 597 598 602 607 610 614 616 617 621 623 624 631 633 635 638 640 641 643 646 653 654 656 659 662 663 667 669 670 674 680 684 685 690 694 696 700 701 704 708 
206 210 221 225 226 239 251 254 259 263 267 270 273 280 287 288 291 292 303 308 313 317 320 323 324 328 330 334 336 340 344 347 350 353 357 363 364 370 374 377 379 381 386 388 391 396 397 399 404 409 416 421 422 429 432 442 446 447 448 453 456 461 463 469 472 481 485 487 491 494 498 501 504 507 509 510 517 520 524 527 532 536 540 544 545 547 551 553 558 560 561 566 571 575 578 581 583 587 589 591 593 598 599 601 604 608 611 616 618 620 623 626 629 634 638 641 642 646 650 653 655 656 659 661 665 667 669 671 672 676 680 683 685 687 693 696 699 703 704 707 712 
208 211 225 227 228 243 252 257 262 267 270 271 275 282 289 292 293 294 307 309 317 318 323 326 329 333 334 335 339 342 346 349 353 357 359 365 368 372 376 378 380 382 390 393 397 400 401 403 406 412 418 424 425 432 434 445 450 454 456 460 462 465 467 471 475 484 486 488 495 499 500 505 509 510 512 516 520 521 527 529 534 540 544 545 547 551 552 556 559 562 566 570 575 579 583 584 588 589 592 594 596 602 603 604 608 610 615 617 622 626 629 631 633 638 642 646 649 652 655 656 657 660 661 662 668 669 673 674 677 680 683 684 687 690 697 698 701 705 709 712 715 
210 214 227 231 233 244 254 258 263 271 274 278 282 286 290 295 296 297 310 313 318 322 324 327 331 336 340 341 342 343 349 351 354 361 364 367 371 376 377 382 386 387 392 395 399 404 408 412 415 418 421 426 429 436 439 446 451 456 457 463 464 467 471 475 478 486 490 492 496 500 503 506 510 512 515 520 522 526 528 533 538 544 545 549 551 555 557 561 562 566 569 574 579 580 587 588 590 593 594 597 601 606 610 612 616 619 620 623 627 629 631 632 634 640 644 649 653 656 659 660 662 663 664 668 670 673 676 677 678 682 685 689 691 692 700 703 705 708 711 713 717 
213 218 230 233 237 247 255 260 266 275 279 283 284 287 291 299 302 303 311 317 319 323 327 329 334 337 342 345 346 348 352 354 358 364 368 370 373 378 380 386 389 392 394 396 402 408 410 413 418 421 425 427 432 439 441 447 454 458 459 464 467 469 473 476 480 488 492 496 499 504 506 510 514 517 521 524 526 527 530 534 539 545 549 553 556 560 561 564 566 567 572 576 581 584 590 591 595 599 600 602 603 610 613 617 621 623 624 626 631 634 638 641 644 648 650 652 656 659 662 666 670 672 674 676 678 681 685 686 687 691 694 695 696 697 702 705 709 712 714 716 718 
216 220 232 235 241 250 258 261 267 278 283 284 285 291 294 302 303 307 313 319 321 324 330 334 336 341 346 347 349 350 355 359 362 367 372 374 378 382 384 389 393 394 398 399 406 410 412 414 422 426 430 433 437 443 447 450 456 462 463 465 471 472 477 480 484 491 493 497 501 507 510 512 517 519 522 526 528 531 533 537 540 549 553 556 560 563 564 568 572 576 577 578 584 587 593 597 598 602 603 604 606 611 615 618 622 624 627 631 635 639 643 647 649 651 653 656 660 661 664 669 674 678 682 686 690 692 695 696 700 703 704 705 708 710 713 715 716 720 721 723 725 
217 224 235 239 242 254 260 263 268 279 284 286 289 292 296 305 307 308 316 322 325 327 331 337 338 342 347 350 353 356 358 361 364 371 375 376 381 386 387 392 396 397 402 403 408 412 415 418 425 430 434 435 441 445 448 452 459 465 468 470 473 475 480 484 487 494 495 500 505 510 514 515 521 524 526 529 533 537 538 540 543 552 555 559 564 567 568 569 576 578 579 581 586 589 596 598 602 605 607 610 611 613 619 622 626 627 628 634 639 640 647 649 652 653 654 659 663 665 666 672 676 682 685 688 692 693 697 698 702 706 708 712 716 717 718 719 720 724 727 729 733 
218 226 237 243 244 257 264 265 269 281 287 288 290 295 297 307 309 311 319 323 327 331 334 339 342 346 349 352 355 360 361 365 369 372 378 379 383 390 392 394 400 401 406 409 411 415 416 422 427 432 438 439 445 449 451 456 461 468 472 475 479 480 481 486 491 495 496 504 508 511 516 519 523 526 527 532 534 538 542 544 547 556 560 563 567 571 572 575 578 579 582 583 587 592 599 602 603 609 612 615 616 618 623 625 629 633 635 638 642 643 649 651 656 657 658 663 665 667 668 675 678 686 690 691 696 699 702 704 707 711 713 716 717 718 719 722 723 725 729 732 735 
220 229 241 245 247 260 265 268 272 283 289 291 293 297 301 311 312 315 320 326 328 333 338 340 346 349 350 355 358 362 365 368 373 374 379 381 387 394 397 401 405 409 412 413 417 420 423 424 428 433 441 444 449 452 456 459 463 469 474 476 481 484 488 492 494 497 501 505 509 515 518 521 526 530 534 536 539 541 545 546 548 559 563 564 570 573 576 578 580 584 587 588 592 595 603 604 608 613 617 620 622 624 628 632 636 639 640 643 647 650 652 656 659 662 665 667 670 673 675 677 680 690 694 695 697 702 704 705 711 714 718 721 724 726 728 732 734 738 740 742 746 
222 231 243 248 252 263 266 269 274 285 292 293 295 301 302 312 313 316 323 329 332 335 341 343 349 351 353 356 359 363 366 369 374 376 380 384 389 395 400 405 409 410 415 418 420 423 425 426 429 434 443 445 452 456 460 461 467 471 477 480 485 486 491 496 500 502 505 508 511 516 522 523 528 532 538 541 545 549 551 552 553 560 567 570 571 576 577 580 581 585 589 592 595 598 606 607 609 615 621 622 623 627 630 636 640 641 642 646 649 651 656 658 660 666 669 672 673 677 679 682 685 692 697 701 702 705 708 710 714 718 719 725 729 730 731 736 737 742 743 746 749 
223 235 247 249 256 264 270 272 276 286 295 296 297 303 307 314 318 321 325 330 335 337 345 347 350 353 356 360 362 367 370 374 378 381 385 389 392 397 402 409 413 416 420 421 425 428 432 435 439 440 446 447 455 458 464 466 468 475 480 481 489 491 495 498 503 506 509 511 514 519 523 525 529 533 541 544 546 551 555 558 559 561 568 574 576 578 582 585 586 587 592 594 599 600 610 614 616 619 624 626 629 633 636 639 643 645 649 651 653 655 658 660 663 667 673 674 676 679 681 685 686 695 700 704 705 707 712 714 715 722 724 727 730 731 734 738 739 743 746 750 753 
226 238 248 250 258 268 274 278 280 287 296 299 302 305 309 318 319 322 327 334 337 338 346 350 354 355 359 362 366 369 374 377 379 382 389 390 393 400 403 413 416 420 421 423 429 433 435 436 443 444 448 449 456 460 467 469 471 478 482 486 490 492 496 500 507 509 511 515 516 521 527 528 532 534 545 547 551 553 558 560 564 566 569 577 579 581 583 587 591 595 596 598 602 606 612 617 619 623 627 629 630 634 638 642 646 649 653 655 658 661 664 668 672 673 674 677 679 683 686 689 692 697 701 705 708 712 716 718 720 724 728 729 731 732 737 739 742 744 749 751 756 
228 242 251 252 261 269 277 281 284 291 297 301 304 309 310 319 323 326 330 337 339 343 347 352 357 361 364 368 369 372 378 381 383 387 393 395 399 402 405 415 420 422 425 426 430 437 439 443 446 448 449 450 460 464 469 471 472 480 485 487 494 496 499 502 509 513 517 518 521 522 531 535 539 543 547 549 554 555 562 566 567 569 570 579 581 584 587 590 595 597 599 603 606 608 615 618 622 626 629 630 632 635 642 643 649 653 656 658 662 663 666 671 675 676 678 682 683 684 689 692 693 698 703 707 712 715 718 722 725 728 730 733 736 737 740 741 744 745 751 754 758 
231 244 252 254 265 270 280 284 285 293 298 304 308 313 316 320 325 329 333 340 342 347 351 356 360 363 366 372 374 378 382 383 384 391 396 399 403 406 410 419 421 426 428 432 434 441 443 446 449 452 453 457 462 465 470 475 478 484 486 488 498 499 501 505 513 514 521 523 524 527 533 537 541 544 551 554 555 558 566 570 572 573 576 583 584 585 591 593 599 602 604 606 609 612 618 621 625 629 633 634 638 639 646 648 651 654 657 662 666 668 672 676 680 684 687 691 695 696 699 700 704 707 710 712 714 718 722 723 726 732 735 737 739 741 742 743 748 750 754 758 761 
234 246 253 258 267 274 284 286 289 294 300 306 310 317 318 322 326 332 335 343 345 351 352 358 362 365 370 376 378 382 386 390 393 394 399 400 407 409 412 420 425 429 433 437 438 442 445 447 452 456 459 460 466 470 472 477 479 488 491 494 502 503 504 508 517 521 523 526 529 533 537 541 542 546 552 558 560 564 569 574 578 582 586 590 593 594 596 600 604 607 608 610 613 617 621 624 628 631 637 639 641 643 648 649 654 655 659 666 668 672 675 679 682 685 688 695 699 700 702 704 707 709 712 715 716 721 725 726 729 733 736 739 740 743 747 751 755 759 763 766 768 
236 249 254 261 268 278 288 289 290 297 304 308 312 320 321 326 330 333 337 347 349 353 356 361 363 369 374 378 379 383 387 394 395 397 403 405 409 413 417 422 428 433 434 440 441 445 446 451 453 457 460 461 468 474 478 479 481 491 493 496 503 507 510 514 518 523 526 530 533 534 541 543 547 551 554 560 564 566 571 578 580 586 590 593 597 598 599 604 606 610 614 617 618 620 625 629 630 635 640 643 647 648 651 652 657 661 662 667 671 676 679 682 686 690 694 699 702 705 708 710 713 716 717 720 723 724 728 730 734 735 740 742 745 746 748 753 759 762 767 769 771 
238 252 257 265 271 282 290 294 298 302 307 312 316 323 326 329 331 336 340 349 350 356 359 365 369 373 377 381 383 387 390 396 399 402 405 406 411 416 418 426 429 436 440 443 447 450 452 455 457 461 464 468 471 476 480 481 483 492 494 500 504 509 512 517 519 524 527 531 535 537 544 548 551 552 556 562 567 568 574 582 583 590 592 594 599 602 605 608 610 614 615 619 620 624 626 632 634 636 642 647 650 654 658 660 664 668 669 673 676 680 682 684 688 693 697 701 706 710 713 717 720 723 724 728 731 734 736 738 741 742 743 744 746 748 751 756 762 765 771 774 778 
242 253 258 267 273 285 294 298 301 304 309 316 320 325 328 330 335 338 341 353 357 359 362 366 373 374 380 385 386 389 392 397 401 406 409 412 413 420 422 427 432 437 441 447 449 451 453 459 460 462 468 471 474 478 484 486 490 493 496 501 506 510 514 520 523 527 528 534 538 542 547 552 553 557 561 564 571 573 577 584 588 593 594 595 601 605 608 611 615 618 622 624 627 629 630 634 638 640 645 650 653 655 661 665 666 669 672 676 678 682 685 687 692 694 701 703 708 714 718 721 725 727 729 732 736 739 740 743 747 749 753 757 760 762 763 766 768 772 775 779 781 
244 254 259 268 275 288 298 302 304 305 313 318 321 329 331 335 337 340 345 354 359 363 366 368 375 379 381 387 390 394 398 399 403 410 411 413 417 423 426 428 436 441 445 448 451 453 454 463 467 471 474 475 476 479 485 489 494 496 497 504 510 514 517 523 524 529 530 535 539 544 549 554 558 562 564 567 572 574 580 586 590 597 599 600 605 608 610 613 617 619 625 629 630 634 636 638 642 645 646 652 657 661 664 668 669 670 673 680 681 685 687 689 694 698 703 704 711 715 721 723 727 730 732 736 737 743 745 747 748 753 755 758 762 763 766 769 770 775 779 782 785 
247 255 260 271 277 291 299 306 309 311 314 322 326 330 332 336 340 344 346 356 362 366 369 370 379 382 386 389 393 397 400 401 406 412 416 418 422 425 429 431 440 442 449 453 457 461 465 467 469 475 478 479 481 483 487 490 497 499 503 508 511 515 521 525 527 532 533 539 541 547 550 556 561 566 569 572 575 578 581 590 594 601 603 605 609 613 617 621 622 624 626 632 633 638 641 644 648 650 653 656 660 664 668 671 672 673 674 682 685 688 692 696 700 702 705 708 715 718 725 726 730 734 737 738 739 747 750 752 755 759 762 764 765 768 772 775 777 779 781 786 790 
249 259 264 275 279 295 302 309 312 316 320 325 327 333 334 337 343 345 347 359 363 370 372 373 382 383 390 391 396 399 404 406 407 413 420 423 426 428 430 433 442 443 453 457 459 465 468 469 472 478 480 482 483 485 490 492 499 500 505 509 512 516 522 527 531 536 537 541 543 549 553 558 563 567 572 576 580 582 586 593 597 602 604 607 613 615 621 622 623 625 629 633 636 642 643 646 652 656 658 662 666 667 671 673 674 676 679 685 687 691 696 698 703 704 709 712 719 721 726 729 732 735 741 742 744 750 752 755 757 761 763 768 769 771 774 777 781 784 786 788 794 
253 261 266 277 280 297 306 311 313 318 322 327 329 337 341 345 349 353 357 362 364 372 374 375 384 386 391 393 397 400 407 408 409 415 423 427 430 433 437 439 446 447 455 458 462 467 469 470 475 479 481 484 486 487 491 495 501 502 506 512 514 520 523 530 532 539 543 546 547 552 557 560 566 568 574 577 584 588 589 594 599 603 605 609 616 618 625 626 628 631 634 637 638 643 646 648 656 660 664 666 668 671 672 675 677 679 683 687 689 695 700 703 706 708 710 715 722 726 727 732 733 739 742 743 748 753 754 757 760 763 766 772 773 775 776 780 782 787 788 790 798 
255 265 268 280 281 301 310 313 316 319 323 330 332 339 345 349 352 354 359 363 368 375 377 378 388 390 395 398 401 402 409 412 414 419 424 428 434 436 438 441 449 453 459 463 464 469 473 476 479 480 482 486 489 490 495 497 502 505 507 514 515 521 525 534 537 543 545 547 551 553 559 561 568 572 578 579 588 591 595 598 603 607 609 612 620 622 628 632 634 637 638 641 642 647 648 650 659 664 665 668 670 675 676 677 681 684 685 689 691 698 704 705 710 711 715 717 724 730 732 736 740 744 746 750 754 756 759 760 761 764 767 775 778 779 781 783 785 789 791 792 802 
257 266 272 282 284 305 311 315 319 323 327 331 335 343 346 351 353 355 361 367 370 379 380 383 390 392 397 400 403 406 413 416 419 421 427 431 438 442 446 449 450 457 462 467 468 470 475 478 480 484 486 489 493 497 498 499 503 508 510 517 520 523 528 538 542 546 547 551 555 559 563 565 570 575 579 582 591 594 596 599 607 610 614 615 623 624 630 636 640 644 647 648 652 655 657 661 663 665 667 672 675 677 679 683 684 688 689 690 695 701 705 707 712 713 719 721 728 732 735 737 744 747 751 754 757 760 763 765 769 770 772 778 782 784 785 788 789 793 796 800 804 
259 267 274 283 286 307 314 319 323 324 328 334 337 346 347 354 355 358 364 368 371 383 387 388 393 397 400 403 405 407 417 418 422 424 430 432 442 444 447 452 456 460 466 468 471 473 478 482 484 486 490 492 494 501 505 509 513 514 515 520 523 525 531 541 543 548 550 552 557 560 564 566 573 576 582 583 594 598 600 603 611 614 618 620 625 627 632 637 644 646 651 653 657 658 660 662 665 669 670 673 677 681 682 687 690 694 696 699 700 703 707 711 715 718 723 724 731 734 736 741 747 750 754 755 759 764 768 769 773 777 781 784 787 791 795 796 800 802 804 805 808 
260 271 277 285 289 310 317 322 327 329 332 336 340 348 351 357 358 360 367 372 376 387 389 390 394 399 402 404 409 413 418 421 425 426 431 434 445 446 448 455 457 463 470 472 476 480 484 485 486 487 494 495 498 503 507 510 515 516 519 523 525 526 532 545 548 552 555 558 560 561 566 569 575 577 585 589 598 599 603 605 612 615 620 624 626 630 633 640 645 648 652 655 658 659 662 663 668 670 671 675 680 682 686 688 692 696 698 700 701 706 711 714 718 722 727 730 734 737 740 742 748 753 756 758 760 766 770 771 775 779 782 785 790 792 799 801 802 803 807 809 811 
262 275 281 287 293 312 319 325 329 333 336 339 342 350 355 360 362 363 368 373 379 390 393 396 399 402 403 407 412 415 421 423 428 432 436 440 447 451 452 458 459 466 473 477 481 485 487 491 493 497 500 501 505 507 510 511 516 520 521 526 527 531 533 549 551 553 557 559 561 562 569 570 579 583 586 590 600 602 605 607 616 620 621 627 629 634 637 642 646 649 655 658 661 662 663 666 672 675 676 678 684 688 692 695 696 700 703 706 707 709 715 716 720 723 730 732 735 740 744 746 750 755 759 763 765 769 771 774 777 783 787 788 791 793 800 805 807 808 812 813 814 
263 278 282 291 294 313 322 329 330 336 340 342 345 354 356 364 368 370 374 377 380 392 396 397 403 404 408 411 414 417 425 427 430 434 438 443 451 454 456 460 464 467 477 479 483 487 489 494 498 499 502 506 508 510 512 513 519 521 523 528 532 533 535 551 553 554 560 564 568 572 575 579 581 586 587 593 602 604 606 608 619 623 626 629 631 637 639 646 648 651 656 659 663 666 668 671 675 677 680 683 686 691 693 696 699 702 704 709 710 713 719 721 725 728 733 734 736 744 746 747 753 758 762 764 769 770 774 775 778 785 789 791 793 797 803 806 811 813 815 817 818 
266 282 286 293 296 317 324 331 333 340 342 343 349 355 360 368 370 372 377 380 384 394 398 402 406 408 410 412 417 420 428 430 432 438 439 444 453 458 459 463 466 469 481 485 489 493 497 499 501 504 507 509 513 515 517 518 522 526 529 530 535 539 540 554 558 560 562 566 571 576 579 582 585 588 591 597 603 608 609 612 622 625 629 631 635 641 642 648 652 653 658 660 666 670 673 677 680 683 684 688 689 695 696 698 701 706 708 712 716 720 722 724 728 729 735 738 740 747 751 754 757 761 766 770 771 774 775 778 782 786 790 794 796 801 806 808 813 816 819 823 824 
268 286 289 294 299 319 327 334 336 343 346 347 350 357 364 369 374 378 382 386 387 395 399 404 408 410 414 417 419 422 430 434 435 441 445 448 455 461 462 465 467 470 483 486 493 494 499 500 505 508 509 511 514 516 518 522 523 530 533 537 538 543 547 556 560 561 564 569 573 578 583 586 589 591 592 600 606 611 614 618 625 628 632 635 637 642 646 649 654 655 660 662 668 672 677 681 682 686 688 689 693 696 699 703 704 707 709 715 718 723 727 730 734 737 740 741 745 748 753 756 758 765 767 771 775 777 778 782 786 790 792 798 802 806 809 812 815 819 823 827 831 
269 287 290 298 300 321 330 337 340 346 348 352 356 358 365 372 375 381 386 388 390 396 400 405 411 414 415 420 422 426 434 438 441 444 449 453 456 463 467 468 471 473 487 489 494 497 503 507 510 512 515 517 519 523 525 526 527 533 537 539 541 546 549 557 563 566 567 573 577 582 584 590 594 597 600 601 609 614 618 622 628 629 634 637 640 643 649 653 655 656 661 665 670 673 678 682 685 687 691 695 696 700 703 707 708 712 714 716 721 727 730 731 738 742 746 749 751 754 757 761 763 768 769 773 776 781 785 788 791 794 795 799 806 810 811 815 818 822 825 830 832 
273 289 291 299 301 325 332 338 342 348 351 355 358 362 368 376 377 384 389 393 394 397 401 406 413 415 419 422 423 427 436 439 444 446 451 455 458 465 470 472 475 479 490 491 495 501 507 509 512 515 518 522 525 529 532 536 540 544 548 549 550 554 556 559 567 568 569 576 581 585 587 593 596 600 604 607 612 615 621 624 630 634 638 642 645 648 652 654 658 660 665 667 674 675 680 684 689 693 695 696 700 703 704 708 710 716 720 721 724 730 732 736 740 745 749 752 753 755 760 762 764 772 775 776 778 785 788 791 793 795 798 802 808 811 812 819 820 824 827 833 837 
275 292 294 302 306 328 335 341 344 349 353 356 362 364 372 380 382 388 393 394 397 401 403 410 415 418 420 424 427 428 439 440 447 451 452 457 462 469 472 473 479 483 494 498 502 505 509 512 516 520 521 526 528 531 534 538 541 547 550 554 556 557 560 561 570 574 576 578 585 586 591 595 600 602 606 610 613 618 622 625 632 635 641 643 647 651 655 656 662 664 667 670 676 677 681 687 690 694 698 701 703 704 707 709 713 718 724 726 728 731 733 737 742 748 751 755 756 757 761 764 765 773 776 777 779 787 789 793 795 799 802 805 812 815 817 821 823 827 830 835 840 
279 294 297 305 307 329 339 342 346 351 354 360 364 365 374 381 386 391 397 399 402 406 410 411 418 421 422 427 431 434 442 443 451 452 453 460 465 473 476 480 483 486 495 501 505 506 513 515 517 523 526 527 531 534 537 540 542 551 553 555 559 563 565 569 574 578 579 580 587 590 594 599 602 606 610 612 617 619 626 629 636 638 644 648 651 653 658 662 663 668 669 672 677 681 683 690 691 697 699 704 706 708 710 714 718 720 728 730 731 735 737 741 746 750 752 756 760 763 764 765 766 777 781 784 785 790 794 797 801 805 806 809 814 819 821 825 828 832 833 836 844 
283 298 299 308 309 333 340 344 349 352 355 364 367 370 378 382 388 395 398 402 405 409 412 414 420 424 428 430 434 436 444 448 452 454 457 461 469 474 477 481 484 490 499 505 509 511 515 516 519 526 529 533 534 536 540 543 547 552 557 561 562 566 567 573 578 579 583 586 591 594 597 603 605 607 612 616 618 621 629 632 637 639 647 650 654 655 659 664 665 669 670 676 680 683 687 693 697 700 703 706 708 710 712 716 721 724 731 734 738 742 745 748 751 755 758 760 762 765 766 769 773 781 785 788 789 794 795 800 804 809 813 817 819 821 822 827 830 834 836 840 848 
287 301 305 309 313 334 341 348 353 355 357 366 371 373 382 385 390 397 401 404 409 412 414 417 421 426 431 432 437 439 448 452 454 457 461 464 473 475 478 485 487 492 501 509 513 515 519 523 525 528 533 534 535 537 541 546 548 555 561 564 566 568 569 574 579 583 585 588 595 596 600 607 608 611 614 618 622 626 630 634 641 644 651 654 657 661 665 669 670 673 675 678 681 684 691 697 701 705 709 711 714 715 717 718 722 725 735 737 739 743 747 749 753 756 760 762 764 769 773 774 775 782 789 792 794 795 798 802 808 813 817 820 821 822 824 829 832 838 841 842 851 
291 305 306 310 314 336 342 349 357 358 360 368 375 377 385 388 392 400 403 406 410 415 418 421 423 427 432 433 440 442 452 456 460 461 463 465 474 477 479 489 492 495 505 512 515 518 523 525 526 530 536 537 539 542 544 550 553 558 562 566 570 573 574 578 582 586 587 589 596 598 604 609 612 616 617 619 626 628 633 635 644 647 653 655 661 663 669 671 672 677 680 684 687 690 694 700 703 708 711 715 716 717 719 723 726 729 737 740 742 746 748 750 757 761 763 766 767 770 777 779 781 783 793 795 798 799 803 804 811 816 820 822 826 827 831 834 835 840 842 843 854 
295 308 312 316 320 337 345 351 360 364 368 371 379 382 387 391 394 404 406 409 413 416 419 424 427 429 434 437 444 445 453 459 461 464 467 471 476 478 481 491 496 498 509 513 517 521 527 531 535 538 541 544 546 549 553 554 555 561 565 568 572 577 581 584 586 589 592 596 597 600 606 612 615 617 619 620 627 631 636 640 645 650 654 659 662 667 672 674 678 681 685 689 691 695 696 703 706 710 714 718 719 723 726 730 731 732 739 743 745 749 752 754 761 764 766 769 770 771 781 785 789 791 794 799 800 803 805 808 813 818 823 826 828 831 834 837 840 844 846 848 855 
299 309 314 317 321 340 348 353 364 368 370 375 382 385 391 392 395 406 409 411 415 419 423 428 431 435 439 442 447 448 454 463 466 468 472 474 479 483 487 493 498 500 513 516 518 523 529 532 539 540 545 547 549 552 557 560 564 567 568 569 576 580 584 586 590 593 596 597 599 604 610 616 617 618 622 624 631 632 638 642 648 653 658 661 664 671 675 678 682 683 689 693 694 698 701 705 709 711 716 719 720 727 729 732 736 738 740 746 749 750 753 756 765 768 772 774 775 776 784 786 791 792 798 801 805 809 811 813 814 821 825 827 830 833 835 840 842 845 850 851 857 
300 312 315 320 323 342 350 356 367 371 375 377 383 389 395 396 399 410 414 418 419 422 426 429 432 436 442 445 450 452 456 464 468 472 476 480 484 487 490 495 501 503 515 517 520 526 530 535 543 546 547 551 553 556 559 561 567 569 572 576 579 581 588 591 594 598 599 602 604 605 611 617 618 619 625 629 633 635 641 646 652 656 659 663 667 672 677 679 684 688 693 695 698 702 705 709 712 714 717 723 724 729 731 733 737 742 745 749 753 754 756 758 769 772 775 777 780 784 787 791 792 796 802 806 808 812 815 819 823 824 826 831 835 838 840 842 843 847 853 854 860 
302 313 316 324 325 345 351 360 371 374 376 380 385 391 397 399 402 414 416 421 425 429 433 436 440 442 444 446 454 457 458 468 470 476 479 483 486 489 491 498 505 509 517 519 522 529 532 537 546 550 552 556 558 559 562 566 571 573 576 580 582 584 592 593 597 601 602 606 608 612 613 620 624 626 627 632 636 638 644 647 653 660 664 668 669 674 679 680 685 690 694 698 700 705 706 712 713 718 719 727 728 732 736 738 739 743 747 752 754 756 760 763 770 776 780 782 783 788 792 794 795 800 806 808 811 815 819 821 826 828 832 836 839 841 843 844 845 849 855 859 862 
306 314 319 327 329 346 352 364 375 379 383 384 386 393 399 401 404 416 418 422 428 433 436 440 444 446 448 450 457 458 460 472 475 480 484 485 488 493 495 500 507 512 519 522 525 533 537 539 550 553 554 558 560 561 563 569 574 576 577 583 585 588 594 596 599 602 604 608 610 616 619 623 627 630 634 635 638 642 647 651 656 662 668 671 675 676 683 684 689 693 695 702 706 708 712 713 717 722 726 728 730 734 739 740 741 747 748 754 758 761 762 766 771 780 783 785 787 791 793 797 798 804 809 810 814 816 822 824 827 831 835 839 842 843 844 845 849 852 859 860 865 
310 317 323 329 332 348 354 365 376 381 385 387 388 396 400 405 406 417 422 424 431 434 437 441 446 448 450 454 461 465 468 474 477 484 488 492 493 494 499 502 511 514 521 525 527 535 541 544 554 556 559 560 562 566 568 571 578 582 585 587 590 592 598 601 604 608 611 614 617 618 623 625 628 631 637 640 644 646 651 655 659 663 670 674 678 681 685 688 692 694 699 704 708 710 716 719 721 724 727 732 736 740 744 747 751 754 757 761 765 768 772 776 778 782 786 790 793 797 799 800 801 808 812 816 820 824 826 827 830 833 837 843 847 851 853 856 858 860 863 866 868 
312 319 324 331 333 352 356 366 377 383 388 389 391 398 401 408 410 419 424 427 432 436 440 443 447 450 454 457 465 466 471 476 479 487 491 493 495 499 501 504 515 517 525 527 529 537 544 547 555 558 561 563 566 570 574 576 582 584 587 591 594 596 601 605 609 611 615 617 621 624 627 628 632 634 641 643 648 651 655 656 662 667 672 677 680 684 689 693 697 700 703 707 710 714 720 721 722 727 729 733 738 741 745 751 754 757 761 765 768 770 776 777 782 783 789 793 796 801 803 805 808 811 813 819 822 828 831 832 833 835 840 847 849 853 857 859 863 865 866 867 872 
316 320 326 334 337 353 357 367 380 386 390 393 397 399 404 410 412 423 427 429 433 440 443 444 448 452 457 458 466 468 472 477 480 489 494 497 501 504 507 510 517 519 529 533 537 539 547 549 559 563 565 568 570 572 575 577 584 586 590 595 596 599 603 607 610 612 616 621 624 627 630 631 635 637 644 647 652 656 660 661 663 669 674 680 681 688 693 696 699 701 707 711 714 715 722 726 728 731 733 737 740 742 749 754 756 759 765 766 771 775 779 782 783 786 790 796 800 802 807 809 810 813 814 822 823 832 835 836 839 840 841 849 852 857 861 864 865 869 872 876 878 
318 321 329 338 339 357 360 371 384 389 392 396 398 400 406 411 414 427 428 431 434 442 445 446 450 456 461 462 470 471 474 481 483 492 495 498 503 507 511 512 520 522 532 535 539 541 548 550 563 564 567 572 574 577 580 582 585 589 593 597 598 602 607 610 614 617 619 624 626 629 634 636 638 641 648 651 656 658 663 665 668 670 678 681 685 689 694 700 701 704 710 715 717 720 723 729 730 734 736 740 744 747 753 757 759 762 766 770 775 778 780 785 787 789 791 799 803 804 810 811 814 815 816 825 826 833 839 841 844 847 848 852 855 859 863 867 869 873 876 878 879 
320 323 331 340 343 361 362 372 386 390 396 400 404 406 410 414 416 429 432 433 438 444 446 450 454 460 463 467 472 476 478 485 487 493 497 501 505 511 515 519 522 526 535 539 543 545 551 555 564 567 568 576 580 581 583 584 587 592 594 599 601 605 611 612 618 621 622 628 631 633 636 639 643 645 651 652 660 663 665 667 672 674 682 683 687 692 696 702 705 707 713 718 722 723 725 731 734 735 740 743 747 748 757 758 763 765 769 771 777 782 784 789 790 793 794 801 805 806 811 815 818 819 820 829 830 837 841 843 848 850 852 853 859 863 864 871 875 879 880 883 885 
322 327 335 344 345 362 366 373 387 393 398 403 407 409 412 416 418 431 435 439 441 445 447 452 456 463 467 470 473 479 483 489 491 494 500 505 509 515 519 521 525 529 538 541 547 548 552 557 566 570 572 578 582 583 584 588 591 595 599 600 603 606 613 614 621 622 623 629 635 639 642 644 647 651 655 658 661 666 670 674 676 679 685 686 688 696 699 705 706 711 717 719 725 728 730 732 738 740 741 745 750 752 759 761 765 766 770 773 780 784 786 791 792 795 798 804 808 811 812 817 821 822 824 833 835 838 843 847 851 855 859 863 865 867 869 875 878 883 887 888 892 
325 329 337 346 347 363 370 377 389 397 402 404 408 410 416 420 424 434 436 443 446 448 452 453 459 465 468 473 477 481 484 490 495 496 504 507 510 518 522 524 526 530 542 546 550 553 555 558 568 571 576 581 584 588 589 593 594 597 603 604 607 608 617 618 625 628 630 634 639 641 645 647 650 652 657 662 663 667 674 675 680 681 689 693 697 699 703 708 710 712 721 722 729 731 734 736 742 743 746 748 752 756 763 764 768 771 775 777 783 787 790 794 798 802 806 808 810 815 818 821 823 826 830 836 837 839 846 849 853 856 860 867 871 873 877 881 882 885 889 892 896 
327 332 339 348 350 365 371 380 391 400 403 405 410 414 417 422 426 436 440 447 449 450 455 456 461 466 470 475 479 484 485 494 496 497 506 508 511 521 525 528 530 531 546 547 551 556 558 560 570 573 579 582 588 590 591 595 597 601 604 605 609 610 621 622 629 632 633 638 641 643 649 651 655 658 659 663 664 669 675 676 683 686 693 696 699 700 707 712 713 717 724 725 732 734 738 739 743 745 747 750 754 760 766 768 771 774 778 780 786 791 792 796 799 806 810 814 817 820 824 826 828 830 833 837 841 842 849 851 854 857 864 871 875 879 883 885 887 888 890 893 899 
331 333 341 350 354 366 373 383 394 403 406 409 411 416 421 424 427 438 443 448 450 454 457 460 464 470 472 478 481 487 491 497 499 500 507 510 512 522 527 529 531 535 550 551 553 560 563 564 572 576 581 583 592 594 598 599 602 606 607 610 612 616 625 627 630 634 636 641 643 645 651 653 657 660 662 667 669 672 678 680 685 687 695 700 702 703 710 714 718 722 727 731 736 739 742 746 750 751 753 754 755 764 768 769 772 777 780 784 787 795 798 800 802 809 813 816 821 823 828 829 833 835 836 839 845 849 853 857 861 862 867 873 879 883 886 887 888 891 892 894 902 
334 335 345 351 358 369 375 384 397 404 409 413 417 420 423 426 428 439 447 450 452 457 460 463 466 472 474 481 483 491 493 498 500 502 511 514 517 523 528 533 535 539 552 555 558 564 567 568 573 578 584 588 594 595 600 603 605 607 608 614 618 619 629 633 634 635 639 645 649 653 654 656 658 663 667 669 672 675 680 683 687 691 696 703 707 711 715 716 720 723 729 733 739 742 746 749 751 753 757 761 764 768 771 772 775 778 782 788 790 796 801 803 807 812 815 819 823 824 831 835 836 840 843 846 849 852 855 861 865 866 868 875 881 887 889 891 893 894 895 898 906 
336 338 349 355 362 371 377 385 399 406 413 415 419 423 425 427 430 443 450 453 457 460 463 465 468 474 478 485 489 492 496 501 504 506 514 515 521 526 530 535 538 541 556 558 559 565 569 570 577 579 588 591 596 599 601 606 607 611 615 619 620 622 632 636 638 642 644 648 652 656 657 659 660 667 668 672 674 678 684 688 690 695 699 704 710 712 718 720 723 726 733 734 743 746 748 751 754 755 759 762 767 772 776 779 781 784 785 789 793 798 805 806 808 813 818 820 825 829 834 838 840 842 845 847 853 855 859 863 867 869 872 878 882 891 893 897 898 901 905 906 908 
337 342 350 358 363 375 381 389 402 409 414 419 422 425 427 431 435 444 451 455 461 462 467 468 472 477 482 489 492 496 500 502 506 507 516 518 523 527 534 538 540 543 559 561 562 567 570 571 580 581 592 593 600 601 604 610 612 616 620 621 624 625 636 639 643 645 648 651 655 658 659 661 663 669 673 677 679 681 687 690 693 697 702 706 714 718 720 721 725 728 735 738 746 747 752 755 756 760 764 767 768 776 778 780 783 788 789 792 795 800 808 812 813 816 822 826 829 830 835 842 844 845 846 851 855 856 862 866 868 873 877 879 885 892 897 899 902 905 907 911 912 
340 345 353 362 367 379 382 390 403 412 416 423 427 431 433 434 438 447 452 457 464 467 469 470 474 481 486 491 496 497 502 506 510 513 520 524 526 529 535 540 544 545 560 563 567 569 574 575 583 585 595 597 602 605 607 612 613 617 621 625 628 630 640 644 648 649 652 655 657 659 661 665 667 673 674 681 685 688 689 691 696 700 704 708 717 719 723 726 730 732 738 739 750 753 754 757 758 762 766 771 774 778 779 782 786 790 791 796 798 804 811 813 815 820 826 827 831 834 838 846 850 853 854 856 860 863 864 867 872 876 878 882 887 896 901 905 906 909 911 912 914 
343 346 357 365 370 383 384 392 404 414 419 427 430 432 435 439 441 451 455 461 468 470 472 473 476 484 487 493 500 503 504 507 514 517 521 528 531 534 536 543 545 549 563 567 570 572 575 579 585 588 596 601 604 607 611 616 617 618 622 626 629 633 642 647 649 652 654 658 659 662 664 667 668 676 678 685 688 691 692 693 700 701 705 709 720 721 726 730 732 736 742 743 751 755 757 759 763 764 767 774 775 781 785 788 791 793 797 800 802 808 814 817 821 823 828 831 835 839 843 847 852 855 856 857 864 867 868 869 876 879 882 884 889 899 902 906 909 910 915 917 919 
344 347 360 369 371 386 387 395 408 415 421 430 431 433 437 441 444 455 456 462 472 474 475 477 478 488 492 495 503 504 507 510 517 520 524 532 536 540 544 547 550 551 564 569 572 575 579 583 588 592 598 602 608 609 614 618 619 621 623 627 630 636 643 649 652 654 658 661 663 665 666 671 675 678 682 688 689 692 693 697 701 704 709 712 721 724 729 734 736 737 744 748 752 756 761 764 767 768 770 776 778 782 786 792 796 800 803 806 808 812 816 821 824 825 829 832 838 841 844 850 854 857 860 864 868 869 873 876 877 882 885 886 890 903 905 907 911 914 916 921 922 
347 351 362 370 375 389 393 399 410 417 422 433 436 440 441 443 447 457 459 463 476 479 481 483 485 492 494 499 505 508 510 512 520 521 525 536 537 542 547 550 552 553 568 571 576 580 581 585 590 595 600 605 612 613 616 620 623 625 626 628 631 637 645 650 655 656 662 665 666 670 674 676 680 683 687 690 694 696 699 702 704 708 712 716 725 726 733 736 737 740 746 749 753 759 764 767 770 772 775 778 779 786 789 793 799 803 806 808 809 813 818 822 826 827 830 834 839 842 848 851 857 860 862 866 869 870 874 880 882 886 887 888 894 905 906 911 915 917 918 924 926 
351 355 364 371 378 393 397 400 413 421 423 434 440 441 442 444 448 458 463 465 480 483 487 491 493 494 496 503 509 512 515 517 521 523 528 538 540 545 549 551 553 556 569 574 578 584 588 591 593 596 603 606 613 614 617 623 627 630 632 635 639 642 649 653 658 662 664 667 670 674 676 680 682 687 688 692 697 698 703 704 708 709 715 719 728 732 737 740 744 748 749 751 755 760 767 771 774 775 777 782 785 790 794 796 800 805 810 811 812 816 819 824 829 833 836 838 843 846 851 853 861 865 866 867 873 877 879 884 885 887 889 890 895 909 913 914 918 922 923 925 927 
352 357 367 375 381 395 400 402 414 423 424 435 443 447 449 453 455 460 467 471 482 484 490 495 497 499 500 504 513 517 518 520 523 527 530 541 545 546 551 553 555 559 572 577 582 588 591 592 597 599 605 609 616 618 622 626 630 631 636 640 641 645 650 655 661 666 669 673 675 679 683 685 689 693 695 697 701 702 707 708 710 712 717 721 729 733 738 741 748 750 751 755 757 761 770 772 776 778 781 784 788 794 796 800 803 809 811 815 816 818 822 827 832 836 838 842 846 848 852 857 864 869 872 876 878 881 882 888 891 892 895 898 900 910 916 917 922 925 929 933 936 
355 358 370 378 382 398 401 405 416 427 429 437 445 448 451 455 459 461 470 475 483 488 493 498 500 503 504 505 516 520 521 524 528 531 532 543 547 549 554 555 559 561 576 578 583 591 592 594 600 601 606 613 620 623 624 627 633 634 640 642 644 648 654 658 665 668 671 674 678 680 686 687 691 696 700 704 706 707 710 713 717 719 723 727 731 735 742 745 752 756 758 759 761 763 774 775 779 783 786 789 791 795 797 804 805 812 814 816 818 819 824 828 835 837 842 846 850 853 857 859 868 872 873 877 881 883 886 892 895 896 900 902 905 914 919 922 924 929 932 934 939 
358 359 372 380 386 399 404 406 420 429 432 440 449 450 454 457 461 463 473 478 487 491 494 502 506 508 511 515 520 523 524 525 531 533 534 545 549 550 558 559 561 563 577 580 587 592 593 598 604 607 610 614 623 625 629 633 635 639 642 644 647 650 656 661 667 672 675 678 681 685 687 688 693 699 702 708 710 711 713 717 720 722 726 729 734 737 743 747 755 759 760 763 767 770 778 779 780 785 789 791 794 796 799 808 811 815 819 822 823 825 827 831 837 840 844 848 851 854 861 863 870 874 877 878 884 886 888 896 900 902 903 904 907 918 923 927 929 933 936 940 942 
361 364 373 383 388 402 407 411 422 430 434 443 451 454 458 462 465 469 477 480 488 492 497 504 507 512 514 519 522 526 528 530 535 538 540 547 553 554 559 560 562 567 578 583 590 596 598 601 605 610 612 618 627 629 630 636 638 642 645 647 650 652 660 664 669 673 679 682 684 687 688 692 694 700 704 710 711 714 718 721 722 723 727 733 735 739 746 748 759 763 765 768 770 772 780 784 788 789 790 793 796 799 802 810 813 817 820 825 828 829 830 834 841 843 846 849 854 857 863 865 871 877 879 880 885 887 892 898 902 904 907 908 909 922 925 928 931 935 939 943 946 
363 365 374 386 390 404 410 412 425 433 437 447 454 455 461 463 469 472 480 484 490 494 500 505 511 516 517 523 524 528 532 533 536 539 544 549 555 559 562 564 568 571 582 584 591 600 603 607 608 612 613 620 631 635 637 641 642 646 647 650 653 656 663 666 672 675 681 683 687 688 689 693 696 704 708 713 716 719 721 723 727 728 731 737 739 742 748 751 763 764 767 769 771 773 783 786 790 792 796 797 799 801 805 813 816 821 825 827 831 835 839 842 845 847 850 854 856 860 866 870 875 881 885 886 888 891 894 899 904 905 908 911 913 923 928 931 934 936 941 947 949 
367 368 377 390 393 408 413 415 427 437 438 451 458 462 466 469 472 476 482 485 493 495 501 508 515 517 521 527 528 532 533 536 537 542 548 550 558 562 565 566 572 573 586 590 595 604 606 609 613 617 618 621 633 639 641 644 646 650 652 655 659 661 664 669 675 676 683 684 688 689 691 697 700 707 711 714 717 722 726 730 732 734 738 740 742 744 750 754 765 766 769 771 772 774 787 789 794 796 799 802 804 808 812 814 820 824 829 832 835 838 840 844 847 848 852 857 861 865 870 874 876 885 887 890 894 897 900 902 905 908 909 914 915 924 931 934 935 939 944 949 952 
369 373 381 393 397 410 416 418 431 438 440 454 461 465 468 471 476 479 483 486 497 499 503 510 517 521 523 528 532 534 537 539 543 546 550 554 562 563 568 569 575 579 589 591 596 607 610 611 616 621 625 629 637 640 645 646 647 653 654 656 660 664 665 672 679 680 687 689 691 694 695 701 704 711 714 715 721 726 728 731 735 737 739 744 745 748 753 755 766 767 773 775 776 780 790 792 795 799 801 804 807 809 815 818 822 825 831 833 837 841 842 848 851 852 853 861 863 869 873 875 877 887 890 891 896 898 901 905 906 912 914 917 921 928 933 937 938 941 947 952 953 
370 377 384 394 399 412 420 423 434 440 442 458 464 467 471 473 479 480 487 490 501 503 504 514 519 524 528 532 533 535 540 542 546 548 554 558 565 568 570 572 576 580 592 594 597 609 612 615 618 625 626 631 638 644 649 650 652 655 658 660 664 667 668 674 680 682 688 690 692 698 701 704 705 714 717 718 725 728 730 735 737 741 745 747 751 754 755 757 770 774 777 778 779 782 792 794 798 803 805 806 810 811 817 822 823 828 835 838 841 843 847 851 853 857 861 863 865 870 875 879 881 890 891 892 899 900 904 906 908 914 916 918 924 929 937 938 939 944 949 954 956 
372 379 387 396 402 414 424 426 438 441 444 460 468 469 472 476 482 486 489 493 503 507 508 518 523 526 529 536 538 540 542 544 550 554 557 559 568 570 573 574 580 583 596 598 600 612 614 616 622 627 631 634 640 646 650 654 657 659 663 664 668 672 675 678 682 686 689 694 696 701 703 708 712 715 721 723 728 732 736 737 738 744 748 752 754 758 761 763 773 775 779 781 784 786 793 796 800 807 811 815 816 820 823 826 830 832 836 840 843 846 849 852 854 861 864 866 867 874 878 880 885 891 893 894 900 904 907 909 912 918 921 924 928 932 939 943 947 951 954 956 959 
375 383 391 400 404 415 425 428 439 445 447 463 470 473 477 481 484 490 493 495 505 511 514 520 526 529 532 539 543 545 549 550 553 558 559 561 569 572 575 579 583 587 597 600 603 616 620 621 625 630 634 635 644 647 652 655 659 661 667 670 671 675 679 682 683 689 690 697 698 702 705 712 714 717 725 727 730 736 738 742 743 748 749 755 759 761 764 765 775 779 781 782 788 792 796 800 804 809 813 816 817 821 824 829 834 835 840 842 847 848 852 855 857 862 868 869 871 876 880 881 889 892 897 899 903 908 909 913 917 919 923 926 931 934 942 945 951 954 958 959 962 
