4 7 9 13 16 18 20 22 23 25 28 30 32 36 40 43 46 47 51 52 53 56 59 60 62 65 69 72 75 79 82 84 86 89 91 92 93 95 96 97 98 101 103 105 108 112 113 114 115 119 121 124 128 129 132 133 135 137 139 140 143 147 148 152 154 155 158 161 163 164 165 169 172 175 179 182 185 189 191 193 195 197 200 201 203 206 210 214 215 219 220 222 224 228 230 231 234 235 238 242 243 245 246 249 252 255 258 262 264 267 271 274 277 279 281 282 286 288 289 292 296 297 299 300 
6 11 12 14 18 20 23 24 25 26 32 36 39 40 42 46 48 51 53 57 59 61 64 68 69 71 75 79 80 84 85 89 91 95 98 101 104 107 108 112 113 117 120 122 124 126 129 133 136 138 140 143 147 149 152 155 156 157 161 165 169 172 175 177 179 180 184 188 191 192 194 195 196 197 199 200 204 206 208 211 213 216 219 221 223 225 227 228 232 236 240 244 246 247 248 251 254 255 256 257 259 260 263 265 266 267 268 269 273 275 278 280 284 285 288 291 293 294 296 299 302 306 308 310 
9 13 17 21 23 25 29 30 32 33 37 40 43 46 48 49 50 54 55 59 61 62 67 70 71 75 77 81 84 87 89 92 93 96 102 103 106 111 112 114 116 121 125 128 129 133 136 138 141 143 146 147 149 151 156 158 162 163 166 168 172 173 176 178 180 182 185 191 192 195 196 198 202 206 210 214 215 217 218 219 221 223 227 228 229 232 235 236 238 241 243 245 248 252 255 257 261 263 264 267 271 273 274 276 277 280 282 285 289 291 295 296 297 300 301 304 308 309 310 314 317 320 321 323 
11 14 20 25 28 31 35 36 37 41 43 47 49 53 56 60 61 63 67 71 72 73 77 79 83 84 87 90 91 95 99 101 103 106 108 112 114 116 119 123 124 126 130 132 134 138 139 140 143 146 150 152 154 155 157 160 163 167 169 171 173 175 180 183 184 186 187 192 195 197 198 200 205 207 212 218 219 221 223 227 231 234 236 238 242 244 245 248 250 251 253 255 257 260 264 265 267 271 273 276 280 282 284 285 288 291 293 297 300 301 302 304 308 312 314 316 320 323 326 330 334 336 337 340 
14 17 22 27 30 33 39 43 45 46 47 50 54 57 58 61 64 66 70 72 75 79 83 86 87 91 95 97 98 101 102 103 105 109 113 114 116 117 121 127 131 132 135 138 142 145 146 150 154 155 159 161 164 168 170 173 177 179 183 187 188 189 193 194 196 200 204 205 206 207 208 212 215 217 220 221 225 228 232 236 239 243 245 247 251 254 255 256 260 262 265 267 268 271 272 275 276 277 279 282 286 290 292 295 296 300 303 305 306 307 310 311 315 316 317 318 324 328 329 331 336 338 342 346 
16 18 23 30 31 35 40 45 47 51 54 58 61 64 68 72 76 80 83 87 88 89 90 92 96 98 101 102 104 105 109 111 113 116 120 121 123 127 129 133 134 135 137 141 144 148 151 153 157 161 164 165 166 170 173 174 178 180 185 191 193 195 198 201 205 206 210 213 217 218 219 221 225 229 231 233 235 239 241 244 246 247 249 250 252 255 258 259 264 267 270 274 277 278 282 285 289 293 294 297 300 304 307 311 314 317 319 321 324 328 329 330 332 334 338 339 341 343 344 345 348 350 353 357 
18 21 24 34 36 38 43 49 53 56 57 62 66 67 69 75 77 83 84 91 92 93 95 96 98 102 104 108 110 112 114 117 120 123 126 129 132 135 137 140 143 144 147 148 149 153 155 157 158 165 166 170 173 177 180 181 184 185 186 193 194 196 202 204 207 211 215 217 218 219 221 225 228 230 233 236 240 242 245 247 249 251 254 257 260 262 263 267 269 272 273 276 280 282 285 287 292 294 298 300 302 306 309 313 316 320 323 326 327 332 334 337 338 340 343 347 350 354 357 358 362 365 366 369 
19 24 25 37 40 42 44 50 56 58 61 65 70 74 77 80 82 85 89 93 95 99 102 106 109 113 116 117 119 121 123 124 125 128 131 133 136 139 142 145 149 152 155 159 162 164 168 170 171 173 175 178 181 185 187 188 192 194 196 199 200 201 203 207 210 212 217 220 221 225 229 232 235 237 239 242 245 247 249 253 254 256 260 261 263 266 268 271 272 273 277 278 284 286 289 290 293 295 300 303 304 310 313 317 318 323 327 328 331 334 335 338 339 341 345 348 351 358 362 365 366 369 371 374 
23 28 30 38 43 44 46 52 58 61 62 69 73 76 78 84 85 87 92 97 99 100 106 108 112 114 120 121 123 125 128 129 132 136 139 142 146 150 151 153 154 158 160 162 166 167 172 175 178 182 183 186 189 191 192 193 194 197 198 203 204 205 209 211 213 215 219 221 222 229 230 233 237 241 242 244 248 250 252 257 261 264 265 267 271 275 277 281 285 286 289 293 295 296 298 299 300 302 305 307 310 314 315 321 325 329 333 335 338 342 343 345 349 353 354 355 356 360 366 370 373 377 381 385 
27 31 35 42 46 49 53 57 61 64 68 73 76 79 81 85 88 91 95 99 102 103 107 112 116 117 121 122 124 127 131 135 137 140 143 144 149 153 157 159 163 167 170 173 176 179 183 186 188 190 191 193 196 197 199 200 204 208 212 214 216 220 223 224 228 232 235 236 240 244 246 247 250 254 255 258 260 264 265 268 270 273 274 275 277 279 282 283 288 289 293 296 298 299 302 304 308 312 316 318 320 323 325 328 330 332 335 336 339 346 350 351 353 357 359 363 366 368 371 372 376 378 384 386 
29 32 36 43 49 53 57 58 65 68 70 74 77 81 83 87 91 94 97 100 105 108 109 115 117 119 125 127 130 131 134 139 142 146 148 149 151 154 159 162 165 170 171 177 178 183 185 190 192 193 194 196 199 201 202 204 208 209 216 219 221 224 226 229 233 234 238 242 243 247 248 252 253 256 260 261 262 265 267 269 273 276 279 281 283 285 289 292 294 295 296 298 299 303 304 305 309 313 319 323 325 327 329 333 336 340 343 345 349 353 355 359 363 365 367 370 371 374 375 379 383 386 389 393 
30 36 38 44 51 55 59 63 66 71 75 78 79 84 85 90 95 96 99 104 107 109 111 117 121 124 127 128 134 136 140 142 146 148 149 153 154 157 160 163 169 171 172 180 183 187 189 193 196 197 200 204 208 211 213 215 216 217 219 221 223 225 227 233 235 236 240 243 247 251 252 255 256 258 264 268 271 275 279 282 286 290 292 296 298 300 304 308 309 311 313 314 317 319 323 327 329 331 335 336 337 340 343 347 348 350 354 358 362 366 368 370 372 375 378 382 383 386 388 392 393 395 397 399 
33 40 43 47 53 58 61 66 68 73 79 80 82 86 90 93 97 101 105 107 109 110 115 120 125 127 131 135 139 142 144 148 151 154 156 158 162 164 166 169 170 173 175 183 184 188 192 195 199 202 205 207 211 214 216 218 221 223 227 229 230 233 235 237 240 244 246 249 253 255 258 261 263 267 269 272 275 277 283 287 289 292 296 300 302 305 306 312 314 317 318 321 322 326 329 332 333 336 338 341 344 345 346 350 351 355 356 362 366 369 371 375 376 378 382 384 388 389 391 396 399 402 403 404 
36 44 45 48 54 60 65 70 72 77 82 83 85 90 91 94 101 105 107 111 112 113 119 123 128 132 134 137 143 146 150 153 154 156 158 162 164 168 170 174 175 179 180 186 189 193 195 197 201 205 208 212 216 218 222 223 225 226 228 230 232 237 240 242 246 250 254 258 260 261 263 266 269 273 274 277 279 281 284 288 292 296 297 301 303 307 311 313 315 320 323 326 327 329 332 333 336 340 344 346 349 352 356 359 363 365 367 369 373 374 377 381 382 384 385 389 390 394 396 397 401 406 407 409 
39 48 50 53 55 61 67 73 75 79 85 87 90 94 97 101 105 109 111 113 117 121 123 124 129 136 139 142 145 147 153 157 161 162 165 168 171 173 176 177 181 185 187 191 193 194 197 199 205 207 209 213 217 222 226 230 234 238 240 241 245 247 251 254 255 257 261 265 266 269 272 276 278 279 280 282 285 287 289 292 294 300 301 304 307 310 313 317 321 322 324 327 331 332 334 338 340 341 346 349 350 353 360 362 367 371 374 376 380 384 386 388 389 393 396 400 403 404 406 410 411 413 414 415 
40 50 53 57 61 65 70 77 79 83 87 89 92 97 98 104 106 110 112 117 121 123 127 130 132 137 140 143 149 153 154 159 165 169 171 175 178 182 183 184 188 191 193 194 195 197 198 201 209 213 217 218 221 225 230 233 238 242 244 245 248 251 254 255 257 258 264 268 269 272 275 279 281 282 285 286 289 293 294 298 299 304 308 309 310 314 316 321 322 323 327 330 335 337 341 345 348 352 354 358 359 362 363 366 368 374 378 381 385 389 392 395 399 401 402 405 408 411 414 416 419 422 423 427 
41 53 56 59 64 68 74 81 85 88 90 94 98 99 101 107 108 111 115 120 124 126 130 131 136 139 142 147 151 157 158 161 166 170 174 176 180 185 187 188 190 192 195 199 201 203 207 208 210 214 220 223 225 226 232 236 242 244 247 248 251 254 256 260 261 262 267 272 276 278 282 284 286 288 290 291 293 296 299 303 307 308 309 312 315 317 318 323 325 329 332 334 338 342 344 348 352 355 359 361 365 368 370 372 374 378 382 385 387 390 396 397 401 402 404 407 412 415 416 418 421 426 430 433 
45 55 59 61 67 70 76 84 88 92 93 96 102 105 106 110 114 115 117 122 126 128 133 135 138 142 143 148 155 159 163 166 170 173 175 179 182 186 189 192 194 195 198 201 203 205 211 215 218 219 221 227 229 230 234 239 246 247 250 251 252 257 260 262 264 268 270 273 277 282 284 287 288 291 294 297 300 304 308 311 314 316 319 320 324 325 329 332 336 339 341 342 343 345 349 353 354 359 363 364 367 371 372 375 378 381 385 387 391 392 399 403 406 408 410 412 416 418 421 425 428 429 431 436 
48 56 63 66 68 72 77 86 91 93 97 100 106 108 110 111 115 116 118 124 129 133 134 138 142 145 148 152 159 160 164 170 171 176 180 182 183 189 190 195 198 199 202 206 208 210 215 216 220 221 222 231 232 236 238 240 250 252 253 256 259 261 265 268 270 272 274 275 281 286 289 291 293 296 298 302 305 306 310 312 318 319 322 325 326 329 331 333 340 343 344 347 350 353 355 358 360 364 366 367 370 373 374 378 380 382 388 392 393 394 401 406 409 411 415 416 417 420 423 428 432 434 436 439 
51 60 65 67 69 76 79 88 94 98 99 103 110 111 113 114 116 120 122 127 131 137 141 144 148 152 153 157 160 162 166 174 175 177 182 183 185 191 194 196 200 204 208 210 213 215 217 218 222 225 227 233 235 239 242 243 254 258 261 265 268 270 274 275 278 280 283 284 286 290 294 298 302 303 304 308 309 313 316 317 322 325 327 329 330 332 334 338 344 345 346 349 351 357 361 365 366 369 372 376 380 382 385 389 390 393 395 396 399 402 404 410 411 415 419 420 422 425 426 430 434 438 439 441 
54 63 68 72 74 77 83 92 96 99 101 105 113 114 115 116 117 122 123 130 132 141 142 145 152 153 154 161 162 164 169 177 180 181 186 190 194 197 198 200 203 205 212 214 217 220 223 227 228 232 234 238 241 243 247 251 255 262 263 269 270 271 276 279 283 287 291 294 296 297 298 302 303 306 307 309 310 316 320 324 327 328 331 333 335 339 342 343 348 350 351 354 355 360 362 366 369 370 375 380 381 385 386 392 395 398 402 403 404 407 410 411 415 416 421 425 427 428 431 432 437 439 442 446 
58 67 72 73 78 82 85 93 98 101 105 106 116 117 121 125 126 127 131 135 136 142 144 147 156 160 163 164 167 169 172 180 183 184 187 191 195 201 203 206 209 210 214 215 219 224 226 231 232 233 235 240 242 247 250 253 256 265 267 270 271 274 279 280 286 291 293 296 299 301 305 308 309 311 315 317 318 320 324 328 332 334 337 339 340 343 345 349 350 351 354 358 360 363 365 367 373 374 377 382 385 387 391 395 399 401 404 407 410 412 416 419 421 422 426 427 429 432 435 439 441 445 449 452 
59 68 73 75 82 85 86 94 102 103 108 112 117 119 124 127 128 130 132 137 138 143 145 150 159 164 167 170 174 177 180 183 185 187 191 194 198 202 205 210 212 215 218 222 223 225 228 232 233 237 238 243 245 250 253 255 258 267 269 272 276 279 283 287 290 295 296 298 303 306 310 311 315 316 319 323 325 329 332 334 337 339 340 343 346 349 351 355 359 363 366 369 371 372 373 377 380 383 385 387 391 393 397 400 404 408 409 411 413 416 420 421 422 423 430 432 435 438 441 442 445 449 452 453 
63 71 77 80 84 89 90 96 104 108 110 114 121 123 128 132 133 134 137 138 140 144 147 152 161 168 170 174 178 181 184 187 191 193 195 198 201 204 207 211 216 220 223 226 229 232 236 238 242 244 245 248 249 252 255 258 259 269 272 275 278 283 286 289 293 299 301 305 308 312 315 318 322 323 326 327 330 331 336 340 342 344 348 350 351 354 355 356 360 364 370 373 375 378 382 386 390 391 392 395 396 399 401 403 408 412 415 417 419 423 426 429 433 437 440 441 443 445 448 449 451 452 455 457 
65 73 80 82 86 90 91 98 105 110 111 116 122 126 129 134 135 137 140 143 145 147 150 154 163 170 174 177 182 183 185 188 193 194 198 200 204 208 211 214 217 221 226 229 233 235 239 242 245 246 247 252 256 259 263 266 268 271 276 277 281 285 288 292 294 301 303 306 309 315 317 320 323 325 328 331 334 336 339 342 345 348 351 354 356 357 361 363 365 368 372 375 378 379 383 387 394 396 400 403 406 408 411 412 413 417 421 425 429 433 436 440 444 445 446 448 450 451 454 455 459 462 463 465 
66 77 84 87 91 95 99 103 108 114 116 120 124 127 130 136 138 139 144 148 151 155 156 159 164 172 177 179 184 185 186 191 197 198 199 201 208 212 213 215 221 224 229 232 237 240 243 246 249 253 254 257 261 264 266 270 272 275 278 280 284 286 292 295 298 304 306 309 310 316 319 322 326 328 331 333 336 337 342 343 346 351 352 357 358 361 362 364 368 369 376 380 382 383 384 391 398 400 401 404 408 409 414 415 417 421 423 427 431 437 441 445 449 453 455 456 460 464 466 467 468 472 475 479 
69 80 87 90 92 98 101 104 111 116 118 121 127 131 132 137 139 140 147 150 154 157 159 160 166 174 179 182 186 189 192 195 200 202 206 210 212 216 219 223 224 225 232 235 241 245 246 248 250 255 258 259 262 267 269 271 275 279 280 283 285 290 294 297 301 305 310 312 316 319 321 325 329 331 332 336 337 339 343 347 350 352 353 359 363 365 368 370 374 377 379 382 385 387 390 394 401 402 405 407 411 413 418 422 425 428 430 434 435 441 445 449 453 457 458 462 463 468 471 473 475 478 482 486 
70 83 89 93 97 100 103 105 114 119 122 124 128 132 133 139 140 143 151 152 155 160 161 162 168 177 182 183 187 193 197 198 203 204 209 212 216 219 220 227 228 231 235 237 245 248 250 251 253 256 259 261 264 271 272 276 278 283 286 287 289 293 297 301 303 306 311 316 318 323 326 328 330 333 336 337 339 343 344 348 352 355 357 363 364 366 369 374 378 381 383 387 391 394 395 399 404 407 410 414 417 419 423 424 426 430 431 437 438 442 446 453 457 461 465 468 469 472 476 480 482 486 489 490 
72 86 91 96 101 104 108 109 116 123 126 127 132 134 137 143 146 150 154 157 159 162 164 166 171 181 184 187 191 195 199 200 207 208 213 217 220 223 225 230 231 234 239 242 249 253 255 256 258 261 265 266 270 272 275 278 281 285 288 289 290 295 299 304 307 308 313 319 322 325 328 332 333 335 339 343 344 345 346 352 354 358 362 367 369 370 372 377 379 384 388 391 395 396 400 401 407 410 413 416 420 423 424 425 430 431 433 438 441 446 447 455 461 463 469 472 474 476 480 482 484 490 494 497 
75 90 95 98 104 105 109 113 117 124 129 132 136 139 140 147 148 153 155 159 163 166 167 168 172 185 187 189 195 198 202 203 209 211 216 218 222 225 227 231 234 236 243 247 250 256 259 260 261 263 269 273 275 276 277 282 284 286 291 292 295 298 303 308 312 315 318 322 324 327 331 334 336 337 341 344 346 348 351 355 359 361 363 370 374 375 378 381 383 388 390 395 396 400 402 406 411 412 414 418 423 426 428 431 434 435 439 442 445 447 450 459 463 467 472 473 477 481 483 484 485 493 497 498 
76 91 97 101 107 108 112 114 119 127 130 136 139 143 147 150 153 154 159 163 165 167 168 171 174 187 190 194 198 199 203 205 211 215 220 224 225 228 230 234 236 237 246 248 251 258 263 265 268 271 272 276 279 282 286 289 290 291 294 296 297 301 304 309 315 317 320 324 326 328 332 335 338 340 343 348 349 351 354 359 362 364 366 373 376 378 379 384 387 392 396 399 401 403 407 408 415 418 422 425 429 433 434 437 440 441 444 447 448 451 455 463 466 468 473 475 479 485 488 490 491 494 501 503 
78 95 100 104 111 114 116 117 123 129 131 138 142 145 151 152 154 157 162 166 169 173 174 178 180 188 193 198 200 202 204 208 213 219 221 228 230 233 235 238 241 242 247 251 252 261 264 268 270 273 277 278 283 285 290 292 296 300 301 305 308 309 312 314 316 319 323 328 329 330 335 339 341 342 344 351 355 356 360 364 368 371 373 375 379 383 385 388 392 394 398 400 405 406 410 411 418 422 425 428 432 434 436 441 443 444 448 451 455 457 459 464 469 472 475 479 481 487 491 492 493 497 504 508 
81 99 102 105 113 118 121 124 128 132 135 140 144 148 152 153 156 159 165 167 171 177 181 182 184 192 194 202 206 207 209 212 214 220 222 231 235 236 240 244 245 248 252 255 257 265 269 272 274 278 279 280 286 287 292 295 297 302 305 307 309 310 316 319 323 324 326 332 334 335 336 342 346 349 351 352 359 362 363 365 371 373 376 379 383 386 387 391 396 398 401 405 407 410 412 415 421 424 427 429 435 437 439 445 447 448 452 453 456 459 463 465 470 476 480 483 486 488 494 497 501 503 507 510 
84 101 105 107 115 120 125 129 133 137 139 142 146 150 153 157 160 163 169 173 176 178 182 184 187 196 200 204 209 210 212 215 216 223 226 235 236 238 242 248 252 255 258 261 262 267 270 275 278 280 281 282 288 292 296 298 301 306 309 310 312 314 320 324 328 329 330 334 337 339 343 344 348 352 356 358 362 366 369 373 376 379 380 384 386 389 393 396 398 399 403 409 411 412 413 418 422 426 431 435 438 440 442 447 448 452 455 458 462 463 466 470 471 478 482 487 490 492 495 500 505 507 510 511 
88 102 108 109 119 124 126 131 137 138 141 145 149 153 155 160 161 165 173 177 178 181 184 188 190 199 204 205 212 214 217 218 222 226 229 238 239 240 246 249 254 256 260 262 263 271 274 277 280 283 287 291 292 296 297 300 304 309 313 315 319 321 325 326 332 333 336 338 340 341 344 346 349 354 358 359 364 370 371 375 379 382 386 389 393 395 397 399 401 404 408 412 414 416 420 424 428 429 432 437 442 445 448 451 452 455 459 461 464 467 471 473 474 481 486 489 493 495 498 504 509 512 516 519 
92 106 110 112 122 125 127 135 139 143 145 148 152 155 159 163 165 166 174 180 182 184 186 192 193 201 208 212 216 217 218 219 224 227 231 242 245 246 247 251 256 258 261 265 268 273 277 278 284 285 289 292 296 298 299 303 306 312 315 319 322 326 329 330 336 337 338 340 344 345 346 349 352 356 361 364 365 372 375 376 381 385 388 391 397 399 401 402 404 405 410 414 418 422 424 425 431 435 439 441 445 449 452 454 457 461 464 466 469 470 475 476 478 483 487 492 497 498 499 507 513 514 519 521 
96 108 114 117 123 129 131 139 140 145 148 149 155 158 162 166 170 171 176 181 184 186 188 194 195 204 210 214 218 219 223 226 228 229 234 244 249 250 253 255 258 262 265 266 270 274 278 279 285 286 293 295 298 299 303 304 309 313 319 323 325 329 331 334 337 341 344 347 349 353 355 358 362 363 366 370 374 375 376 379 384 387 392 393 399 400 405 408 412 413 416 418 420 425 429 430 435 437 443 445 446 450 454 456 459 465 468 471 475 477 478 480 481 485 490 494 500 504 507 510 516 517 522 524 
99 109 118 119 125 132 133 143 146 149 152 153 156 160 165 168 173 176 178 185 189 193 194 196 199 208 214 215 219 221 225 228 232 235 237 248 251 255 256 258 262 266 270 272 275 278 281 284 289 293 294 298 299 301 306 310 312 315 322 324 327 332 333 337 341 345 348 349 353 357 360 363 367 368 370 373 378 382 383 387 391 392 395 399 402 404 408 410 414 418 420 421 425 428 431 434 439 443 445 449 453 455 457 460 464 468 469 472 479 483 486 487 491 492 495 496 502 505 508 512 518 521 523 526 
101 111 119 121 129 136 137 144 149 151 153 157 160 163 166 170 174 179 183 187 191 197 198 200 204 211 217 219 222 224 228 231 234 238 240 252 255 257 261 265 266 269 271 276 279 280 284 286 290 297 301 304 308 310 313 317 321 323 327 328 329 333 337 338 343 348 352 354 358 361 365 369 370 374 378 382 383 386 389 391 394 398 401 402 404 405 410 412 418 422 425 428 429 433 435 438 443 447 450 451 455 459 462 466 467 472 473 477 483 484 489 492 496 498 501 505 506 508 512 516 520 524 528 531 
103 114 121 125 130 139 142 148 152 155 159 161 164 166 167 174 177 180 185 188 195 198 201 203 207 212 221 225 226 228 229 235 236 240 244 254 256 259 262 268 271 274 276 280 282 285 289 290 291 300 304 308 311 315 317 319 322 325 330 334 338 342 345 347 350 352 355 356 362 364 369 370 371 377 382 384 385 387 392 394 396 402 404 407 408 410 412 413 420 425 429 430 432 436 437 442 447 451 455 459 462 464 465 468 469 473 477 481 486 488 491 493 497 499 503 507 510 513 514 519 521 527 531 534 
106 118 122 127 131 142 146 151 156 160 164 166 170 173 176 177 181 184 189 193 197 201 204 206 210 213 222 226 230 231 232 237 241 243 246 256 258 260 263 271 275 276 277 283 285 289 290 292 295 302 306 312 316 318 321 324 325 329 334 335 341 346 347 348 351 355 359 361 365 368 372 376 379 383 387 391 393 395 399 401 404 407 410 413 417 418 420 423 426 429 432 435 438 441 444 445 448 455 457 461 466 468 469 471 474 475 479 484 487 489 494 497 499 502 506 508 512 515 517 520 524 529 532 538 
109 122 124 128 133 145 150 152 157 164 166 168 171 175 180 181 184 188 190 194 199 203 206 208 212 216 223 229 232 235 237 238 245 246 247 260 264 266 270 275 278 279 280 285 287 292 295 298 299 303 309 313 318 319 324 326 329 333 336 340 344 347 350 351 354 359 361 363 367 371 376 379 382 387 388 392 396 399 400 402 407 408 411 416 420 423 427 430 431 435 438 442 443 447 448 449 452 459 461 462 470 474 476 479 483 487 488 491 495 498 499 502 504 506 508 509 514 518 522 526 530 531 534 540 
111 125 127 130 137 148 152 154 158 165 170 171 173 178 183 186 190 191 195 199 202 207 210 213 217 221 226 233 236 238 242 246 247 251 253 261 267 270 271 278 281 284 288 290 292 295 297 302 306 310 312 314 322 324 325 330 333 335 337 344 348 352 355 358 362 363 366 367 368 375 377 381 385 388 392 395 398 402 404 405 410 412 414 419 421 424 429 431 433 436 442 444 445 450 454 455 459 460 462 463 472 476 479 480 487 490 491 494 497 501 505 509 512 513 515 519 523 527 530 532 535 538 541 544 
113 129 132 136 139 151 156 160 164 168 171 173 176 179 185 187 192 193 199 201 205 210 213 214 221 224 230 237 238 241 243 248 251 253 257 263 268 273 274 281 285 289 293 297 298 299 302 306 307 312 316 318 325 328 329 331 337 339 341 346 350 355 357 359 364 367 368 371 374 379 383 385 388 389 394 399 403 407 411 412 414 416 417 421 425 426 431 432 434 438 445 446 449 454 458 459 460 461 464 466 476 477 480 483 490 492 495 499 502 504 509 513 515 518 522 525 527 531 532 533 537 539 542 548 
115 131 136 140 141 152 160 161 167 169 173 176 177 181 189 193 194 197 203 204 207 212 217 219 225 226 233 240 241 243 247 250 253 257 261 265 269 277 281 284 286 291 295 299 300 302 304 310 311 313 317 321 327 332 333 337 338 341 342 349 353 358 359 360 368 370 374 378 382 386 389 393 397 401 403 407 411 413 416 419 421 423 426 430 433 435 436 440 444 445 448 449 453 455 461 463 465 466 470 474 480 484 487 490 494 495 499 500 506 510 511 516 520 523 527 531 534 537 539 543 544 545 547 549 
119 134 139 141 142 156 161 162 171 174 177 180 182 184 193 197 199 203 207 208 209 213 221 225 229 230 235 244 247 250 252 253 256 261 264 266 273 280 285 288 290 295 297 300 302 303 307 314 316 317 321 323 330 336 339 343 346 348 351 353 355 361 363 364 369 374 378 382 384 388 393 397 399 403 404 408 413 414 418 420 422 426 427 432 435 437 441 444 448 450 452 454 455 458 463 465 467 471 475 479 483 486 489 493 496 500 503 506 509 513 515 518 524 528 531 534 538 540 542 545 546 547 548 551 
123 137 143 146 150 160 163 165 173 175 180 182 185 187 195 198 202 204 211 214 216 217 224 228 233 234 237 248 250 253 256 258 261 262 265 268 274 281 289 291 295 298 301 302 303 305 308 317 318 322 326 327 334 338 340 347 350 351 355 357 361 363 365 369 370 377 382 384 385 389 394 401 405 409 410 412 415 419 423 426 430 431 433 437 441 443 444 446 450 451 454 455 457 460 464 467 468 473 477 480 486 490 491 496 500 504 507 508 513 515 519 522 528 529 533 538 541 545 549 553 557 560 561 562 
126 138 146 149 151 161 166 170 176 180 184 186 190 191 199 200 204 207 212 217 219 223 228 232 237 239 241 250 252 257 258 259 264 267 269 270 275 282 291 295 298 302 303 304 308 310 312 319 323 327 329 330 335 341 343 348 351 353 356 360 365 366 369 372 376 378 384 388 390 393 398 403 408 413 417 420 421 423 426 428 434 438 439 443 447 448 450 452 456 459 461 462 463 464 467 468 469 474 481 483 489 491 494 498 502 506 508 510 515 519 522 526 529 532 537 541 544 548 552 554 561 562 566 567 
130 140 148 150 153 163 168 171 179 184 186 188 192 195 201 205 207 211 215 220 223 226 232 235 238 240 243 251 253 259 261 264 265 270 271 273 278 284 294 298 302 305 306 309 313 315 316 322 325 329 333 334 336 344 346 352 355 357 358 361 368 371 372 374 378 379 385 389 391 397 400 404 412 417 418 423 425 427 428 429 436 440 444 446 451 453 454 457 460 462 465 466 469 472 473 477 478 481 483 485 490 492 496 499 503 507 512 513 517 521 525 528 533 536 541 544 548 550 553 558 564 568 570 572 
131 141 151 152 154 164 171 172 180 186 188 189 196 198 202 206 208 213 219 221 224 227 233 237 242 245 246 255 256 260 262 266 269 271 274 278 281 286 296 300 306 308 310 311 315 317 321 324 328 330 335 337 338 346 349 356 358 360 361 364 372 374 377 378 379 380 388 393 397 400 404 406 414 421 422 425 429 433 437 440 442 443 446 448 454 455 459 461 463 464 468 472 474 478 481 485 487 488 490 494 497 501 505 508 512 513 514 515 519 522 526 529 537 538 544 546 552 554 555 562 565 569 574 576 
133 145 155 157 160 168 174 175 183 187 192 194 199 201 206 208 211 214 223 224 228 232 237 238 244 247 248 258 261 263 267 270 274 275 278 282 284 288 300 301 308 310 313 317 319 321 325 326 331 333 338 340 343 348 350 357 362 366 367 370 374 376 378 379 381 382 390 395 398 402 406 410 418 423 425 429 433 436 440 441 446 447 449 452 455 456 460 463 465 466 471 473 475 482 484 487 490 494 498 499 500 502 507 510 515 518 522 526 530 534 536 539 541 544 546 549 553 558 561 563 568 572 577 578 
137 147 156 161 163 172 178 180 186 191 196 197 202 203 209 211 212 215 226 229 231 234 241 245 248 249 251 259 262 265 268 273 277 281 282 284 287 291 302 306 310 312 317 320 321 323 329 331 333 335 342 344 345 351 352 358 364 368 371 374 377 381 383 387 389 391 392 396 399 405 407 411 420 425 426 430 434 439 443 445 449 450 452 456 459 462 466 469 470 471 474 478 481 485 487 489 491 497 502 505 506 509 510 514 517 522 524 530 531 536 538 542 546 549 550 551 557 560 564 568 570 576 579 580 
140 148 160 163 164 173 179 181 190 194 197 199 204 208 213 215 218 220 227 232 234 238 243 248 249 250 254 262 264 266 269 277 280 285 287 291 295 296 304 310 311 314 318 323 324 328 331 333 334 338 346 348 350 354 355 362 365 372 373 378 380 384 388 390 392 396 398 400 401 407 408 415 422 426 427 434 438 441 444 446 451 453 454 459 462 464 469 473 476 478 482 486 488 491 493 496 499 500 505 506 510 513 516 520 521 525 529 534 536 540 544 545 550 552 556 559 562 564 566 569 572 580 583 584 
142 152 161 167 171 174 183 185 193 195 200 201 206 210 216 217 220 223 228 235 238 239 247 249 250 252 256 266 270 271 274 279 282 288 291 295 299 301 308 312 314 318 319 326 328 331 333 334 335 342 349 352 353 355 357 365 368 375 376 380 381 386 391 393 396 397 401 402 406 410 413 418 423 429 432 438 439 443 446 447 454 456 460 462 465 467 471 475 479 480 483 490 491 492 495 499 502 505 507 509 512 514 520 521 524 527 530 538 539 544 548 552 553 555 557 561 564 568 572 574 578 583 585 588 
146 155 164 171 172 177 184 189 196 197 204 208 209 213 220 224 226 230 234 238 239 241 249 251 254 258 261 269 273 274 278 282 283 291 293 298 302 304 312 313 315 320 322 329 330 335 338 342 344 346 351 353 354 358 362 366 372 377 378 383 385 389 394 395 397 399 402 406 409 412 415 420 426 433 436 441 442 445 448 450 458 460 463 466 469 471 475 478 481 483 485 492 496 499 500 501 504 506 511 513 517 520 524 527 530 532 535 540 542 548 551 554 555 558 561 563 565 569 576 577 580 584 588 591 
150 158 168 175 178 181 188 192 199 203 206 210 213 217 222 228 232 236 237 241 245 249 251 252 255 259 262 271 276 277 279 284 287 293 296 299 306 308 314 317 320 324 327 331 335 338 339 345 348 352 353 357 358 360 366 367 375 380 384 388 391 394 395 399 400 402 404 407 411 414 417 424 428 436 439 443 445 449 452 456 460 464 467 469 471 474 478 482 483 484 489 495 498 503 504 505 508 509 512 517 520 522 528 530 534 538 542 543 547 550 553 558 560 562 564 566 567 573 577 578 582 588 590 594 
153 161 171 177 179 185 191 195 200 207 208 211 217 221 225 230 233 240 241 245 247 250 254 255 257 261 265 275 280 281 285 287 288 297 299 302 309 313 316 318 322 325 330 332 338 342 343 348 350 356 360 363 366 369 370 371 376 383 388 389 392 395 398 400 403 405 409 412 414 417 421 426 431 439 442 445 448 452 456 460 464 466 468 470 473 477 479 485 487 488 490 496 502 505 507 509 512 515 518 522 526 528 529 533 537 541 544 547 550 551 555 562 563 567 568 572 574 577 578 579 585 590 592 596 
154 163 173 180 183 188 194 199 202 208 209 212 220 222 226 232 235 243 247 251 253 254 258 259 263 265 269 276 284 285 287 290 291 299 302 305 310 316 317 321 324 327 332 333 339 345 349 350 352 357 364 365 370 373 375 379 383 386 389 393 396 400 403 404 406 407 411 416 420 423 425 429 435 442 446 448 450 455 459 463 467 469 472 475 479 480 484 489 490 492 494 497 506 508 509 513 515 516 519 523 530 532 533 536 539 544 548 550 553 556 557 566 567 570 574 575 577 580 584 586 588 591 596 597 
156 165 174 183 185 191 196 200 204 212 215 217 224 226 229 234 236 246 250 253 257 258 260 264 266 269 273 280 285 288 289 293 294 301 305 308 313 320 321 322 327 329 334 338 342 347 351 352 354 358 368 369 374 375 376 381 384 390 392 396 397 403 407 410 412 414 418 420 424 428 430 431 436 445 448 449 452 459 462 465 469 470 473 477 480 484 488 490 491 495 496 501 509 510 512 514 517 519 523 525 531 533 534 540 543 546 551 555 559 563 566 569 572 576 579 580 581 582 586 587 592 593 597 599 
160 166 175 186 187 194 198 204 205 214 219 221 228 229 230 238 241 248 252 255 260 264 267 268 272 273 276 284 287 289 291 295 296 302 306 311 316 322 325 326 329 330 338 342 345 348 352 354 357 360 370 373 378 380 383 386 387 392 395 398 402 405 411 413 414 417 421 425 428 429 432 435 437 446 449 453 455 460 466 468 472 476 478 479 483 485 491 492 495 499 503 506 510 512 514 515 521 522 525 526 535 537 541 542 547 550 555 556 563 565 569 572 573 579 582 583 584 586 588 592 596 599 602 606 
163 169 176 189 190 197 199 206 210 215 223 224 229 230 231 240 242 249 254 256 261 266 269 271 275 276 280 286 290 294 298 301 302 306 308 312 318 324 326 327 330 332 342 346 347 351 356 359 361 362 372 374 381 382 384 389 392 395 397 400 403 409 413 414 416 421 422 427 431 435 437 441 443 450 453 455 457 462 467 470 476 478 481 485 488 491 494 495 498 503 505 507 511 514 518 522 524 526 528 529 539 541 545 548 552 556 558 562 566 567 570 574 575 582 585 588 591 593 595 598 599 600 604 610 
166 171 180 190 191 199 200 207 213 219 224 227 230 233 236 244 247 250 257 261 262 268 272 273 277 280 281 287 291 298 301 305 306 310 314 317 319 325 329 333 335 339 343 347 349 354 358 360 362 366 373 376 385 388 390 391 394 398 402 405 407 413 415 416 417 424 425 430 435 439 443 444 448 454 457 459 462 463 468 472 478 481 483 488 492 493 497 498 499 507 511 514 517 518 521 523 528 531 534 538 541 544 549 550 554 560 564 565 568 572 573 576 578 586 588 589 592 595 598 602 604 608 610 611 
168 172 182 191 195 202 204 211 215 220 226 229 234 235 238 248 249 253 260 265 266 271 274 278 280 282 286 291 294 301 303 307 309 314 317 318 322 329 332 335 339 343 346 350 353 358 360 363 364 368 377 378 388 390 391 394 397 401 405 408 412 417 419 421 425 429 430 434 436 442 445 447 449 455 461 463 466 469 471 476 479 484 487 491 496 500 501 503 506 509 512 516 521 525 526 529 533 536 538 542 546 550 554 556 557 561 568 571 575 576 578 581 584 588 590 593 595 599 602 606 610 614 616 617 
170 174 185 194 198 203 207 213 219 223 227 231 236 238 242 249 252 257 262 266 268 272 275 282 286 290 291 292 295 302 307 309 313 318 321 324 327 331 334 338 340 347 350 351 357 362 363 367 368 372 380 382 392 395 396 397 401 403 409 412 415 418 421 425 429 430 433 436 438 444 448 451 454 459 463 465 469 470 475 479 482 486 489 494 498 502 503 505 508 510 513 519 522 528 530 534 536 539 541 544 547 552 556 559 560 563 570 573 579 582 586 589 590 594 597 601 602 606 609 612 614 618 620 623 
174 175 187 197 200 206 210 217 221 225 229 235 237 239 243 251 253 259 265 270 273 276 279 283 290 292 295 297 298 303 310 312 317 322 324 328 330 334 337 340 342 350 352 353 360 365 366 368 372 376 383 385 395 396 399 401 405 408 413 415 417 422 423 426 431 434 437 439 440 447 451 454 455 460 466 468 473 477 479 482 486 489 491 497 502 503 506 508 512 515 519 521 524 531 532 538 541 542 546 548 549 553 560 561 562 567 571 575 580 584 590 594 595 599 601 603 606 607 611 616 620 622 624 628 
175 178 189 198 202 207 214 220 222 228 230 238 241 243 245 255 259 261 267 273 276 279 280 285 294 296 297 300 303 307 311 313 320 325 327 332 335 339 342 343 346 351 354 357 362 367 369 372 374 379 386 387 397 401 405 407 411 414 418 422 424 425 429 430 434 436 438 441 444 449 452 456 457 462 467 469 475 478 481 485 490 494 498 502 503 506 508 511 513 516 523 527 529 532 535 541 542 544 547 552 554 558 564 566 569 572 573 579 584 585 592 597 598 602 603 607 608 611 613 617 624 625 626 629 
178 182 193 202 205 211 218 221 225 230 232 239 242 247 251 258 260 262 270 274 280 281 283 286 295 299 300 304 306 309 312 314 324 326 330 334 339 340 346 348 350 352 356 361 364 370 372 374 377 383 388 391 400 404 407 409 413 416 422 424 426 430 431 432 435 439 440 444 445 451 455 460 461 465 470 471 477 480 484 488 491 496 500 506 509 513 517 520 524 527 528 530 534 537 539 543 545 547 550 554 557 562 566 567 570 574 577 582 587 589 595 600 602 603 605 609 610 612 616 619 626 630 631 634 
179 186 197 206 209 213 221 224 227 233 235 243 247 250 255 260 264 265 273 276 283 284 285 289 298 301 304 306 307 312 313 318 325 327 333 335 341 343 347 351 353 357 359 364 366 372 376 379 383 387 392 396 403 407 409 413 414 419 423 427 428 433 436 438 441 444 445 447 451 454 457 462 466 470 473 476 481 484 487 491 494 498 501 507 511 515 518 524 526 529 530 533 538 542 546 547 550 553 556 557 561 564 569 570 573 577 578 584 589 590 599 602 605 609 612 614 618 620 622 625 629 631 635 637 
182 187 199 209 210 216 223 226 231 236 238 246 249 254 259 264 268 270 275 280 286 290 293 297 302 305 307 311 315 316 319 321 328 330 335 337 342 345 349 355 356 360 362 366 367 373 379 383 385 390 396 399 405 409 411 417 418 422 425 431 433 434 438 442 444 447 448 451 452 457 459 465 468 471 476 480 482 487 488 495 499 501 504 511 512 519 523 525 529 530 531 536 542 545 547 550 553 555 557 559 562 565 573 577 580 584 587 591 592 593 601 605 607 611 615 619 622 624 627 631 635 637 639 641 
186 188 202 212 216 220 226 228 234 238 241 247 253 256 263 265 270 273 276 281 290 291 296 300 305 306 308 312 317 321 324 326 331 332 337 341 343 347 350 359 360 364 366 369 371 374 380 385 389 391 397 403 408 412 414 420 421 426 427 433 437 439 442 446 447 449 453 454 455 458 463 469 472 473 478 483 486 490 492 497 503 507 511 512 514 522 526 528 532 534 535 539 544 547 550 552 557 561 564 568 572 575 577 581 584 586 588 594 596 600 603 606 611 612 619 621 626 630 634 636 638 639 643 646 
189 192 203 213 219 221 230 232 236 241 243 249 256 258 267 271 275 279 283 284 294 297 298 304 306 309 311 314 321 323 328 330 335 338 341 345 346 349 352 361 363 366 370 373 377 381 383 389 392 394 399 404 411 413 415 421 424 429 430 435 440 443 446 448 449 452 456 459 462 466 469 473 476 479 483 484 489 491 495 501 507 511 514 516 517 524 529 530 535 537 541 543 545 550 553 556 561 564 566 569 573 578 579 583 586 587 589 598 599 603 607 610 613 615 623 624 630 634 637 640 642 643 647 651 
190 194 207 216 223 227 231 233 237 244 245 253 258 259 270 272 276 280 285 287 295 300 302 307 309 310 314 317 324 328 329 332 336 340 342 347 351 354 356 362 366 368 371 375 380 383 385 393 396 398 400 407 415 418 420 423 427 431 435 439 442 447 450 451 455 458 459 461 463 469 471 475 477 480 485 486 491 494 497 505 508 514 517 518 522 528 532 533 539 541 544 547 551 554 556 560 564 568 572 574 575 580 583 584 588 592 594 602 605 607 610 612 615 616 625 627 632 635 638 642 646 648 652 654 
191 195 209 218 226 229 234 236 239 245 248 256 262 263 273 276 279 283 288 292 299 302 305 308 313 314 315 321 325 331 332 333 337 343 347 348 352 355 357 364 367 370 374 376 383 386 388 394 400 401 404 408 416 422 425 427 429 432 437 443 444 449 452 453 456 459 463 464 467 473 474 476 478 484 486 487 493 495 498 509 510 517 519 522 525 529 536 537 543 544 548 552 553 557 559 563 568 569 575 579 580 581 586 590 593 596 599 606 610 612 616 619 622 623 627 631 636 640 642 643 647 651 653 657 
195 196 210 219 230 232 238 242 243 248 249 257 265 268 275 277 282 284 291 296 303 304 309 311 315 318 319 322 327 332 335 337 339 345 348 349 353 356 361 367 368 374 377 378 384 390 391 397 402 406 408 411 418 424 429 433 437 440 442 444 448 452 455 458 460 464 468 469 472 476 479 482 484 487 491 493 494 499 503 510 512 518 521 525 529 530 540 541 545 548 549 556 558 562 566 567 569 570 578 582 584 586 590 591 595 599 603 610 614 615 617 621 623 627 628 633 640 641 644 645 648 654 656 659 
199 200 214 220 234 236 241 245 246 250 254 259 267 271 278 281 286 288 295 300 304 307 313 317 318 322 323 325 330 334 337 341 342 347 351 353 354 359 364 371 373 378 379 381 387 393 395 401 406 408 409 412 422 426 433 437 438 442 443 445 449 455 459 460 464 465 469 472 476 480 482 485 487 490 495 496 500 503 504 511 513 521 523 526 531 533 541 542 546 551 555 557 561 564 569 573 577 581 583 586 590 594 595 596 598 602 604 613 617 619 622 626 628 629 630 634 644 646 649 652 655 658 661 665 
202 206 218 222 236 238 243 246 247 252 255 262 270 273 279 284 290 292 296 302 306 311 316 318 320 323 324 326 332 336 339 343 346 349 355 356 359 360 365 375 376 380 382 383 391 397 398 405 410 414 418 421 425 427 434 440 443 446 449 453 456 459 461 463 466 468 471 475 478 481 483 486 488 491 498 501 502 504 507 515 517 524 527 528 533 536 544 547 550 552 556 560 564 565 571 576 579 582 587 589 593 595 597 599 603 606 608 614 618 622 624 629 631 634 637 639 645 647 650 654 657 659 665 667 
204 208 220 224 237 241 247 248 249 256 259 265 273 275 280 286 294 297 298 305 307 315 318 322 323 326 330 332 336 340 343 346 348 352 358 359 362 366 367 376 380 384 387 391 393 400 404 406 412 416 422 424 427 430 438 444 447 451 455 458 462 463 467 471 474 478 482 484 485 489 491 494 498 500 502 504 506 509 512 516 519 525 529 533 534 540 545 548 553 554 558 564 567 569 575 580 581 586 589 592 597 601 604 608 610 611 615 617 619 623 627 632 636 638 642 645 646 650 652 658 660 662 668 671 
207 211 221 228 239 245 248 249 253 260 262 267 275 278 281 290 296 300 302 307 311 318 322 324 328 332 335 336 340 342 346 349 350 354 362 366 367 369 373 379 382 386 389 395 397 404 406 408 415 417 423 427 429 433 441 445 451 454 457 462 465 467 468 475 476 481 486 487 489 493 494 496 500 503 504 506 509 513 516 520 523 529 533 536 539 541 546 551 557 561 565 568 572 573 579 584 588 591 594 598 602 603 606 609 614 618 620 624 625 626 631 636 638 640 646 649 653 657 660 661 662 666 669 672 
211 215 224 231 241 247 252 255 256 264 265 268 277 282 286 291 299 302 305 311 314 319 325 327 329 335 338 342 345 346 350 354 356 359 363 369 373 377 381 384 386 388 390 399 403 405 409 410 417 421 425 428 430 436 445 448 453 456 459 464 466 468 471 476 478 484 488 489 492 495 498 499 504 506 510 514 517 521 523 524 525 531 536 540 543 546 547 552 558 563 567 572 576 579 581 587 589 594 595 599 606 607 608 610 615 621 624 625 626 628 635 637 639 642 650 652 657 660 664 665 667 668 672 673 
212 219 228 233 244 249 256 257 258 266 268 269 278 283 290 295 302 306 307 314 317 323 328 330 332 338 339 346 349 353 356 359 362 366 370 374 377 380 384 386 389 390 392 403 407 408 411 414 418 424 427 430 434 438 446 451 457 458 460 466 470 472 474 480 481 486 489 490 494 498 499 502 507 509 512 516 518 523 526 528 532 535 539 541 545 547 549 555 561 566 569 576 578 581 585 590 594 598 600 604 609 613 616 620 622 625 629 630 631 634 637 641 644 645 652 656 659 661 668 671 675 677 680 682 
215 221 230 234 247 251 257 261 262 268 270 271 281 286 293 298 306 310 314 317 321 327 329 331 335 342 343 349 350 357 361 363 364 367 371 375 381 385 388 390 394 397 399 407 408 411 413 415 419 426 428 434 435 439 447 453 460 463 466 467 474 476 477 484 485 490 494 495 499 500 504 507 508 510 514 518 522 526 527 529 534 539 542 546 549 552 556 559 564 569 572 579 581 585 589 593 598 600 602 607 612 617 619 624 628 631 635 637 640 643 644 647 651 652 654 660 663 666 671 674 678 679 682 684 
219 223 234 238 251 255 260 263 266 272 273 277 285 290 295 302 307 314 315 319 325 330 334 335 339 344 345 351 353 360 363 366 369 371 372 377 383 386 390 394 398 400 403 409 411 415 418 420 421 429 433 435 438 443 448 454 463 467 471 472 477 478 482 487 489 493 497 499 500 503 507 510 514 515 517 520 526 528 529 532 538 541 545 547 553 556 560 563 566 571 574 583 585 587 591 596 600 603 606 610 615 621 625 627 632 636 640 643 644 648 651 654 656 658 660 661 667 668 674 677 682 685 687 690 
221 226 236 240 255 257 261 264 270 273 274 280 287 291 299 304 308 315 316 322 327 333 335 337 341 347 351 352 356 362 364 369 371 372 376 379 384 387 393 397 402 405 408 413 417 418 419 421 424 430 436 440 441 446 449 458 466 471 474 475 479 480 485 491 494 497 499 503 504 508 512 513 518 520 521 524 529 531 532 535 540 544 549 553 557 558 564 566 568 573 576 586 589 590 594 598 602 604 609 611 616 622 629 632 634 637 643 647 650 653 657 660 661 663 666 667 669 673 676 680 684 689 692 695 
223 227 238 242 256 261 262 266 273 274 276 282 291 293 300 306 309 318 320 323 330 337 341 345 349 350 353 356 357 366 370 373 376 377 380 382 385 388 395 398 403 407 411 415 420 422 424 427 430 432 438 444 448 451 454 459 470 473 475 478 480 481 486 492 498 500 504 508 509 512 513 514 519 521 525 526 532 536 539 541 545 547 553 557 561 563 568 572 576 579 583 588 592 593 595 601 603 607 612 613 619 625 630 635 638 642 644 651 653 655 661 665 669 670 672 675 679 681 683 687 691 695 697 700 
224 229 239 244 260 264 268 271 275 279 281 285 295 296 303 307 313 320 322 324 331 339 344 348 353 354 355 357 359 370 371 374 380 384 385 389 391 395 396 401 404 410 414 418 424 427 429 432 433 435 442 445 449 455 456 462 473 476 477 482 483 484 490 496 502 505 507 511 512 515 519 521 524 525 527 531 535 538 540 545 546 548 555 558 563 564 569 576 577 582 586 591 594 595 599 602 607 610 616 619 621 627 633 636 639 644 648 652 654 657 665 667 672 673 677 681 683 684 688 689 692 697 698 704 
225 232 243 246 262 266 269 275 279 283 286 288 299 301 307 309 315 323 327 329 334 342 348 351 356 359 363 364 366 372 376 379 384 386 390 391 394 397 400 404 408 413 417 419 427 428 433 435 438 440 444 447 452 459 462 465 477 480 482 483 484 488 494 498 503 506 509 514 517 518 520 525 526 527 528 533 539 541 542 549 551 553 556 561 566 569 571 577 581 586 590 594 595 597 601 604 610 614 619 622 624 629 636 638 643 646 652 656 659 662 666 670 673 675 679 682 684 687 691 694 696 701 704 708 
226 235 245 248 263 267 270 277 283 285 288 291 303 306 310 313 317 325 331 332 338 343 351 352 359 363 365 368 370 375 378 380 386 390 394 395 398 402 403 408 411 416 421 423 431 434 437 439 443 445 448 451 453 462 466 470 479 482 483 487 488 492 498 500 506 507 513 515 520 521 524 527 529 532 534 536 540 543 547 550 552 556 559 565 570 571 573 580 583 590 594 597 598 601 604 605 611 615 623 627 630 631 639 643 646 649 653 657 661 664 669 672 675 678 681 683 685 691 694 698 699 705 709 713 
229 239 249 253 267 268 274 280 285 286 291 295 307 309 313 315 318 328 333 337 341 344 355 357 363 364 366 371 373 376 381 383 390 394 395 397 402 406 407 410 414 420 425 429 433 435 439 441 446 447 449 452 457 466 468 471 482 486 488 491 494 495 502 505 509 512 514 519 522 526 528 532 535 536 537 539 543 547 551 555 556 560 562 566 573 574 578 581 585 591 595 599 601 602 606 607 615 616 624 630 632 633 640 646 650 652 655 661 665 666 673 676 680 684 685 689 690 694 696 699 701 709 712 717 
233 243 251 255 270 273 275 284 288 292 296 298 308 313 316 317 320 330 335 341 344 347 357 360 366 370 371 375 379 383 385 388 394 398 399 402 406 407 411 413 417 422 426 432 436 439 443 447 450 452 456 460 463 470 472 474 483 487 490 495 497 500 504 506 510 516 518 521 524 527 532 536 537 541 542 546 549 553 554 557 558 563 564 568 576 579 580 582 588 594 596 602 605 607 610 613 617 621 626 631 636 638 641 649 653 654 658 663 668 670 677 678 682 687 690 694 698 701 703 707 710 712 715 721 
235 246 252 259 272 277 278 286 289 293 298 302 311 314 320 324 327 333 339 342 347 348 359 363 367 372 373 379 380 387 391 393 395 399 403 406 410 413 414 415 420 426 427 436 439 441 447 448 451 456 458 461 466 472 475 476 484 488 493 498 499 501 505 507 514 520 521 522 528 532 534 539 542 545 549 552 556 558 560 563 566 569 572 573 577 580 583 584 592 596 600 604 606 608 613 615 619 622 629 634 639 643 647 650 657 660 664 668 672 674 681 682 685 689 692 698 700 704 707 708 713 716 718 724 
237 248 254 260 274 279 281 290 293 294 299 303 312 317 324 325 330 337 340 343 350 353 360 364 368 373 376 380 381 389 392 394 398 403 406 409 414 418 422 425 426 430 434 438 441 442 448 452 453 458 459 464 470 475 479 480 487 491 497 499 503 506 509 510 516 524 528 532 535 537 540 544 547 550 551 555 559 561 562 566 567 571 574 575 579 581 586 588 595 597 603 608 610 611 614 618 620 623 631 636 641 645 651 655 659 661 666 671 676 679 683 684 688 690 695 702 703 706 710 712 715 719 721 726 
241 249 255 261 276 280 282 292 295 296 300 307 313 321 327 330 331 341 344 346 354 357 361 365 372 375 380 383 385 391 395 396 401 406 410 412 417 420 424 429 433 434 438 439 442 444 449 455 457 459 461 465 471 476 482 483 491 492 500 502 506 510 513 515 519 526 531 535 537 541 544 547 548 551 555 557 562 563 565 570 573 576 578 581 582 584 590 593 599 601 607 612 613 614 618 619 622 627 633 638 643 649 654 656 661 665 669 673 678 682 685 687 692 696 697 704 706 707 712 713 716 723 725 727 
244 251 258 262 277 283 286 293 298 300 304 309 314 323 328 331 333 344 348 350 358 361 363 366 376 378 384 388 391 392 396 397 404 409 414 418 421 423 425 433 435 437 442 443 446 450 454 459 461 463 467 471 475 477 484 485 495 498 502 506 510 513 514 517 522 529 534 539 540 544 546 551 552 556 560 564 567 569 570 572 577 579 582 585 587 588 593 594 602 604 609 613 614 618 619 623 626 631 636 640 647 650 658 662 664 669 671 676 680 683 688 690 693 700 704 705 709 712 715 719 720 726 729 733 
248 253 262 265 278 286 287 295 302 303 306 311 317 326 330 334 337 346 349 354 362 366 367 370 380 384 388 389 393 394 398 400 405 412 418 419 425 428 430 437 438 439 443 447 450 452 457 462 464 466 471 475 478 480 486 490 499 501 503 507 512 517 519 520 526 532 535 540 541 548 549 555 556 559 564 566 569 571 574 576 580 582 583 589 592 594 597 598 604 605 611 617 621 625 629 632 634 637 641 642 649 652 659 663 666 670 673 677 681 686 689 691 695 703 705 707 711 715 719 721 725 729 730 735 
249 256 264 269 280 288 292 297 303 306 310 313 321 330 332 337 338 347 352 356 366 369 372 375 382 388 389 390 395 396 402 406 408 413 422 424 429 432 435 438 441 444 446 449 451 453 458 464 468 469 473 477 480 483 489 492 502 504 508 510 515 519 520 523 527 534 537 542 545 549 553 557 561 562 567 569 571 573 577 579 584 587 591 594 596 600 601 604 608 609 612 620 622 628 631 635 638 639 644 646 650 656 661 667 669 673 675 681 684 687 692 693 696 707 709 713 715 719 722 723 729 730 732 737 
251 259 268 272 282 291 294 300 306 309 313 314 323 332 333 339 341 351 355 359 369 371 376 380 384 391 395 397 398 401 405 410 411 415 423 427 430 435 436 439 442 447 451 454 458 461 465 467 469 473 475 478 483 485 492 495 504 508 511 515 516 522 524 528 529 538 539 544 549 553 554 558 562 566 570 573 574 578 582 585 587 589 592 597 600 601 602 606 610 614 615 621 623 630 632 636 641 643 645 650 654 657 663 669 673 676 678 682 685 691 696 700 701 709 710 715 716 720 723 724 730 731 735 739 
252 263 269 274 286 294 295 304 310 311 317 320 326 333 336 341 344 354 357 363 372 375 379 383 385 394 396 401 402 404 407 412 415 416 424 429 431 438 441 442 445 448 452 458 461 464 467 470 473 476 479 481 486 488 496 500 508 512 515 519 520 524 526 529 532 539 542 545 552 556 558 562 566 569 572 575 576 582 586 590 591 595 597 598 603 605 606 607 612 616 618 624 628 632 634 639 642 645 647 654 655 658 664 673 676 680 683 687 690 693 700 704 707 712 715 718 721 722 724 728 731 732 737 742 
255 264 271 276 287 296 300 306 313 315 320 323 327 336 338 343 346 357 361 367 375 379 381 386 387 396 400 405 409 410 412 416 417 420 426 433 436 439 444 446 449 450 453 459 463 468 470 474 475 480 483 484 490 491 499 503 512 516 517 521 525 527 531 533 535 542 545 547 553 558 560 564 570 571 573 578 580 584 590 593 594 598 601 602 605 608 610 614 618 620 622 628 630 635 637 643 644 648 651 655 656 660 667 675 678 683 686 688 693 694 703 706 711 716 719 722 725 726 729 733 735 736 740 744 
256 265 272 279 288 299 303 308 314 318 324 328 330 340 341 345 347 359 364 370 379 381 384 390 394 397 401 406 411 414 415 420 424 425 430 435 440 442 448 451 453 456 458 460 467 471 472 476 478 483 484 485 492 494 503 504 516 519 521 523 527 530 533 534 538 545 547 548 556 559 561 566 572 576 579 580 583 585 593 595 598 599 605 608 610 614 617 619 620 621 623 631 634 636 641 644 647 649 655 658 659 663 668 679 683 684 690 694 696 697 705 707 712 718 723 726 727 729 731 736 737 740 744 747 
259 269 273 281 290 300 306 309 316 319 327 330 332 341 344 349 353 363 367 372 383 385 386 394 397 399 404 407 414 415 419 421 427 428 431 437 443 444 450 454 456 457 462 465 470 475 476 477 482 484 485 488 495 498 504 505 517 522 525 529 533 535 536 538 539 547 549 553 559 561 564 569 576 579 583 586 589 591 595 597 602 606 608 610 611 617 621 622 625 629 633 634 636 638 644 647 651 654 659 661 663 667 669 680 686 688 692 698 700 702 707 711 714 720 727 731 735 738 740 742 745 749 751 754 
261 271 274 282 293 304 307 313 319 323 331 335 338 345 347 351 355 366 368 376 387 389 392 397 401 403 407 409 415 419 422 426 429 431 432 438 445 449 454 456 460 461 466 467 471 478 482 485 486 487 489 492 498 500 505 508 520 523 528 531 537 541 545 547 548 550 552 555 563 566 567 573 577 583 587 590 594 597 601 605 606 609 612 616 618 619 623 624 628 632 634 635 638 642 646 651 655 658 663 666 670 672 675 681 689 693 696 702 706 709 711 713 715 721 731 735 739 742 745 748 751 752 755 757 
265 272 275 284 294 308 309 317 322 324 333 336 341 349 350 354 356 368 370 378 389 390 395 401 402 406 409 412 419 421 426 428 432 436 440 441 447 451 456 459 464 466 468 472 475 482 483 486 488 492 495 498 500 503 507 509 523 527 532 533 540 543 548 550 553 557 559 560 565 569 570 574 581 584 588 593 597 598 604 607 610 612 614 619 623 625 626 629 632 634 637 638 641 645 650 653 657 662 665 669 674 678 680 683 691 694 700 706 709 712 715 716 719 723 734 739 740 745 749 752 755 756 757 759 
268 273 277 287 298 310 314 320 323 327 334 340 345 353 356 359 361 371 374 382 392 393 396 405 409 412 413 414 423 425 427 430 436 439 443 445 448 453 457 460 468 471 474 477 478 483 484 490 492 493 499 501 505 509 513 517 524 528 534 536 543 546 549 553 556 561 565 569 571 573 575 576 583 586 589 596 601 604 608 611 612 616 620 622 627 630 634 637 639 640 644 648 652 653 657 660 662 663 666 670 677 682 686 687 692 697 703 708 713 717 719 720 724 725 736 743 745 746 751 755 758 761 764 768 
269 275 279 291 300 312 316 324 326 329 337 343 349 354 359 361 364 373 378 386 395 399 403 407 410 413 416 419 426 430 433 437 440 441 445 446 450 455 460 463 471 474 475 479 481 485 489 492 493 494 500 504 506 511 516 518 525 529 536 538 544 549 553 555 559 564 567 571 575 578 582 583 585 588 592 598 605 609 612 615 619 622 625 626 629 634 637 638 643 645 648 650 653 655 658 664 667 668 669 674 680 685 689 692 694 701 704 712 717 719 722 723 728 729 739 745 747 750 752 759 762 766 770 771 
271 276 283 293 303 315 318 325 328 330 341 346 350 357 361 364 368 376 381 388 396 402 405 408 413 416 417 422 428 431 436 438 442 445 446 449 452 457 464 465 475 477 478 481 483 487 490 496 499 501 502 505 510 515 519 522 526 533 537 540 545 550 555 556 562 568 571 572 578 580 585 588 591 593 597 599 606 610 614 616 621 625 626 629 633 636 641 643 644 646 649 654 658 662 665 666 669 671 674 675 683 688 690 693 695 703 705 714 721 722 723 727 729 730 742 747 751 752 756 763 767 768 774 777 
275 279 287 294 304 316 319 329 331 333 345 347 351 358 364 365 369 380 383 390 398 404 408 412 417 418 419 425 432 435 439 442 443 447 448 452 455 458 465 469 476 480 482 484 487 491 493 497 503 507 508 509 512 516 520 525 530 534 539 541 547 551 558 562 565 569 573 576 581 583 589 593 594 596 600 604 608 611 618 621 622 628 630 634 635 637 645 649 650 654 657 659 660 663 668 670 672 674 676 677 684 689 691 696 699 705 707 717 723 727 729 731 734 735 744 749 754 758 761 767 769 770 776 779 
277 283 289 298 305 317 321 333 337 340 348 351 353 361 368 372 375 382 386 392 401 408 409 413 420 423 425 429 434 439 442 446 450 453 456 460 464 466 468 472 477 481 483 488 489 495 498 500 505 509 511 515 518 519 523 527 533 537 541 545 550 554 562 565 569 571 576 580 585 589 591 597 601 605 608 611 612 614 619 625 628 630 631 638 639 643 647 652 654 655 661 663 664 665 671 675 677 681 683 687 691 693 697 700 703 709 710 719 725 730 731 734 736 737 747 752 755 759 764 770 771 774 780 783 
278 287 293 302 308 319 324 334 341 343 351 353 357 362 372 375 379 384 390 396 403 412 414 416 424 425 426 432 438 440 444 447 451 457 461 463 468 472 475 478 482 483 484 490 493 496 500 504 506 510 514 516 519 522 525 528 534 539 542 546 553 556 566 567 572 575 577 581 589 592 594 600 605 609 613 616 620 624 628 631 632 634 638 642 645 649 651 654 656 659 665 669 671 675 678 680 682 685 687 688 693 695 701 703 707 713 714 720 729 732 735 738 740 741 749 756 760 762 765 774 778 781 783 786 
281 288 294 305 310 321 326 336 345 348 354 358 359 365 375 379 380 385 394 398 406 413 416 418 428 431 435 438 440 441 446 451 455 461 462 467 472 473 477 481 486 488 489 493 497 499 501 506 508 514 515 518 520 524 528 529 535 543 547 551 555 558 569 573 576 579 580 584 590 596 600 604 608 610 617 620 623 627 632 634 636 637 642 645 646 652 654 656 660 663 667 673 677 678 679 682 683 689 693 696 697 700 704 705 709 717 719 724 732 733 737 741 744 747 751 760 763 766 768 776 781 783 785 787 
285 291 296 306 312 324 329 340 347 349 356 359 361 368 377 381 382 386 395 401 408 417 421 423 429 433 438 440 442 445 450 455 459 464 467 471 475 477 480 482 488 490 493 494 500 502 506 508 512 517 519 521 525 529 530 534 539 545 548 552 556 559 570 574 578 583 587 589 591 599 604 606 609 612 618 623 625 628 634 638 641 642 643 649 652 653 658 659 664 668 672 674 681 683 685 688 691 694 698 699 700 703 705 709 710 719 722 728 734 738 741 742 747 749 754 761 766 769 772 780 784 786 790 791 
289 295 300 308 313 326 331 343 350 353 360 363 367 370 379 383 386 389 398 403 412 421 422 424 430 435 440 443 445 447 454 457 462 465 468 474 479 483 484 486 490 494 496 498 503 504 508 512 514 519 520 523 526 532 535 537 542 546 550 553 560 564 571 578 582 586 590 592 595 601 608 612 614 616 620 625 629 630 635 639 642 646 648 653 654 658 661 664 668 669 676 680 685 689 690 691 693 697 701 702 704 705 707 710 711 720 723 732 737 740 742 743 748 751 756 765 768 773 775 783 785 787 792 793 
292 296 302 312 314 330 333 344 354 355 362 366 371 374 380 385 387 392 400 406 416 422 423 427 431 439 442 444 447 451 456 460 466 469 471 478 483 487 490 493 496 498 501 502 505 507 511 515 519 523 527 528 531 536 539 542 546 548 553 556 564 566 574 582 583 588 594 598 600 604 612 615 619 623 625 626 632 633 637 640 646 647 651 654 658 659 664 665 669 672 680 681 689 692 693 696 699 702 703 705 707 709 713 717 718 724 728 734 738 744 746 748 750 753 760 767 771 774 779 784 788 789 795 799 
294 300 306 313 316 332 336 345 358 362 365 368 374 378 384 388 391 394 404 410 417 424 426 428 432 442 444 447 450 452 459 464 469 472 474 480 487 490 494 496 500 502 503 507 509 511 515 519 522 524 529 533 537 541 543 545 550 551 554 557 567 570 575 583 587 590 597 602 604 605 613 616 620 625 627 631 636 639 640 642 648 651 653 655 661 665 668 672 675 679 681 683 691 693 696 698 701 706 710 711 712 716 719 723 725 727 729 737 742 746 748 752 756 758 763 771 773 776 782 785 791 795 796 800 
298 302 308 317 321 335 337 347 359 366 370 374 377 381 388 390 393 396 406 413 418 428 432 434 437 445 448 449 453 455 461 467 472 476 479 482 488 491 497 500 503 507 508 509 511 514 518 523 524 526 531 534 538 544 548 552 554 557 561 565 570 571 576 586 591 594 599 604 605 608 614 620 622 628 630 633 640 641 645 646 650 652 656 659 663 666 670 673 677 682 685 688 695 696 698 701 705 707 713 717 719 722 724 726 729 730 731 739 745 748 751 753 759 762 767 774 778 780 786 789 794 799 800 801 
302 303 310 319 324 338 341 350 360 369 371 375 379 383 390 393 396 397 409 415 420 429 436 440 443 449 452 454 455 456 463 469 474 479 481 483 489 492 501 505 508 510 513 514 515 519 521 526 527 529 533 537 542 545 552 555 559 560 563 567 572 575 577 590 594 598 600 605 608 612 615 623 627 631 633 635 642 644 646 650 653 654 659 662 664 669 671 676 678 683 688 690 699 702 703 707 709 710 717 719 723 727 728 732 733 734 736 742 749 752 755 756 761 763 771 775 782 784 789 791 798 803 805 806 
305 308 314 320 325 342 346 354 364 372 375 379 380 386 391 397 400 401 413 418 423 433 439 444 445 451 456 460 462 466 469 473 477 482 483 486 490 495 505 509 512 514 515 517 520 522 526 527 531 535 538 539 544 548 554 559 562 566 567 570 575 576 578 591 596 602 606 609 611 615 618 626 628 634 635 639 646 648 651 654 655 656 661 664 666 671 674 680 684 686 691 694 701 706 708 712 713 714 720 723 724 730 733 734 736 740 742 743 751 756 757 759 762 766 774 777 783 786 793 794 800 805 807 808 
307 310 316 323 329 345 350 355 368 373 378 380 382 390 392 398 402 403 416 419 424 434 440 446 447 453 460 462 463 468 471 474 478 483 486 490 494 497 509 511 515 518 522 525 528 530 532 536 537 540 541 544 546 550 557 563 564 569 572 575 579 580 584 595 597 606 609 612 613 618 620 630 634 638 639 642 649 651 652 658 661 664 667 670 673 677 680 683 686 687 694 696 704 710 713 717 718 722 723 727 730 734 736 740 743 744 745 749 753 757 758 762 765 770 776 778 787 791 797 798 802 809 811 812 
308 314 317 327 332 349 351 356 369 377 381 383 386 392 393 402 403 406 418 421 428 437 443 449 450 454 461 465 466 472 475 477 481 486 487 492 496 501 512 516 517 520 524 526 531 535 536 539 540 544 548 549 552 554 561 566 569 571 576 578 581 584 587 599 600 610 611 613 615 620 622 632 637 642 645 649 653 657 658 660 664 665 669 673 675 678 682 684 688 691 698 700 706 711 715 721 723 726 728 729 733 737 741 743 746 748 749 753 757 760 762 764 768 772 777 780 789 795 798 802 806 813 814 817 
311 315 318 330 335 352 353 360 371 380 382 387 390 394 396 403 405 407 419 424 429 440 447 450 452 458 464 467 468 474 476 481 483 490 493 497 499 503 516 517 518 521 526 527 532 537 541 545 549 552 554 558 560 562 564 567 572 574 578 582 586 588 592 600 602 614 616 620 623 625 628 633 639 646 648 653 655 660 661 665 669 673 675 679 682 683 686 688 690 694 701 703 710 712 719 723 726 730 733 735 738 741 745 749 752 754 757 759 761 765 769 773 775 779 782 786 793 797 801 804 809 815 819 821 
313 316 320 334 336 355 356 364 372 382 385 390 393 397 401 404 408 410 422 427 433 441 451 454 456 461 468 470 472 477 479 482 486 492 494 500 503 504 518 520 524 527 529 533 535 538 544 546 552 553 557 559 563 564 568 572 576 579 583 586 589 590 593 603 607 615 617 623 626 627 629 635 641 650 654 658 661 662 665 669 673 676 678 683 687 690 694 695 696 697 704 706 713 714 723 725 727 731 734 737 742 744 747 752 756 760 762 763 766 768 773 777 778 780 785 788 794 801 803 806 810 819 823 824 
316 318 322 335 339 356 357 367 375 384 388 392 395 399 404 405 409 414 426 431 435 445 453 455 457 462 469 472 475 478 482 484 490 494 498 501 506 507 522 523 528 529 530 536 539 541 546 549 554 556 558 562 564 566 569 574 580 583 584 589 593 595 597 607 610 618 619 626 630 633 634 637 643 652 657 662 665 667 669 671 676 679 680 684 689 694 695 698 701 702 707 709 716 719 726 729 733 735 738 739 744 746 749 753 760 763 766 767 770 772 775 780 782 786 789 793 796 804 806 810 812 821 825 828 
319 321 326 339 342 359 361 370 378 388 392 395 396 403 407 410 411 415 429 433 439 446 454 456 458 463 472 476 480 481 486 490 494 495 502 506 510 511 526 530 532 534 537 538 540 542 550 552 557 558 562 564 566 570 573 576 584 588 589 591 596 599 602 611 612 622 626 629 634 635 636 641 644 654 661 665 669 671 673 675 677 682 683 685 693 698 702 703 706 709 711 715 719 721 727 732 735 739 741 743 745 750 752 754 763 764 770 774 776 778 779 781 783 787 790 795 800 805 807 813 814 822 828 829 
323 326 329 340 345 360 365 374 381 391 395 398 400 406 409 413 414 419 431 437 440 447 458 461 462 465 473 478 481 484 487 491 498 501 503 507 513 516 527 534 538 541 543 545 548 551 554 558 562 564 565 569 572 575 577 579 585 589 593 595 600 601 605 612 615 623 630 634 637 639 642 645 647 656 664 666 671 675 676 677 680 685 686 690 696 699 705 706 707 712 716 719 720 723 729 733 736 740 745 749 752 756 758 762 764 766 771 778 780 782 785 788 792 794 797 799 801 808 810 816 819 823 831 832 
327 328 330 343 349 364 366 375 382 394 396 402 405 408 413 415 417 423 435 441 443 449 461 463 464 467 475 482 484 486 489 493 501 502 507 511 516 518 530 535 541 542 545 546 552 553 555 561 563 568 571 573 576 578 582 585 589 591 595 597 604 607 610 616 617 625 632 637 640 641 643 646 648 657 667 671 672 676 679 681 682 687 691 693 698 702 709 713 717 719 722 723 725 728 732 735 739 741 748 752 754 759 763 764 766 770 772 779 781 786 790 791 796 799 801 805 808 809 812 820 824 828 833 834 
