3 5 6 10 14 18 22 25 29 33 35 39 43 45 49 53 56 60 61 65 66 69 73 76 80 81 85 88 90 93 95 98 99 102 104 108 112 114 118 120 123 125 126 128 131 132 134 135 138 139 141 144 148 152 156 158 160 164 167 168 172 174 176 179 181 182 185 186 190 193 196 198 202 206 207 
5 9 12 14 17 19 23 26 31 35 39 40 47 50 53 56 59 61 65 67 70 71 77 78 83 87 89 90 93 96 98 102 106 107 109 111 116 117 122 126 130 131 133 136 140 144 147 149 151 153 156 160 161 162 164 166 170 171 174 177 180 182 183 184 188 192 196 199 202 205 209 210 212 214 216 
8 12 14 15 20 21 27 30 33 36 41 44 48 53 57 58 60 64 67 69 71 72 80 83 85 90 93 96 100 104 106 107 108 110 112 116 117 118 123 128 132 133 137 141 145 146 149 150 155 159 160 164 166 170 171 172 174 177 181 183 185 186 188 191 194 198 201 204 206 207 212 216 219 220 224 
11 13 15 17 24 25 31 32 35 39 44 46 49 56 60 64 67 70 72 74 75 77 81 86 90 93 96 100 101 107 110 111 112 115 116 118 120 122 126 131 135 139 143 144 148 150 154 157 159 161 163 167 170 171 172 176 177 178 183 184 186 189 193 197 199 202 206 209 210 212 215 217 222 226 228 
12 14 19 22 25 27 33 34 39 41 46 49 53 58 63 66 69 73 76 79 80 81 85 90 94 98 101 103 106 109 111 115 119 121 124 126 130 133 135 136 140 141 146 148 152 153 157 160 164 168 169 171 173 176 179 182 186 187 190 191 193 196 199 202 204 207 209 212 213 214 216 218 225 228 230 
15 17 22 23 29 33 35 38 40 43 50 53 56 61 64 69 72 75 78 81 84 85 89 91 96 100 105 107 111 112 116 120 124 127 129 132 133 137 138 142 143 146 148 149 155 156 159 163 165 170 173 176 180 184 187 188 190 194 195 196 197 199 202 204 207 211 212 215 219 222 223 226 230 231 235 
16 20 25 26 31 36 39 43 46 50 51 54 60 63 65 71 76 79 80 82 87 89 93 95 97 103 106 110 115 116 120 121 125 128 131 134 135 138 141 145 146 148 152 153 157 161 165 169 172 175 177 178 183 188 191 192 193 195 196 197 198 203 207 210 211 212 215 217 221 226 227 229 231 232 238 
19 24 26 28 33 38 41 47 48 53 56 59 64 66 68 73 79 81 85 86 91 92 94 99 103 106 109 113 117 119 122 125 127 129 133 138 141 144 145 146 149 151 156 160 162 164 166 173 177 179 181 183 187 192 194 198 201 202 203 207 208 210 214 218 221 224 226 229 232 234 235 236 239 243 244 
21 28 29 33 37 39 45 51 53 55 57 60 67 70 73 74 81 82 89 92 95 97 101 102 104 108 113 116 120 123 126 127 131 134 135 139 142 146 148 151 155 156 160 163 164 167 168 174 180 184 188 192 195 198 199 201 205 206 210 211 214 217 221 225 226 230 233 236 238 241 244 246 249 251 252 
23 31 35 37 39 41 49 54 58 62 65 69 73 75 76 79 82 86 91 93 96 98 102 103 108 112 114 117 124 126 129 133 135 138 139 142 143 149 151 154 159 161 162 165 168 169 172 176 181 188 189 193 198 199 201 203 207 208 211 214 216 219 224 226 230 232 237 238 242 244 247 250 251 255 258 
25 33 39 41 43 45 51 55 60 66 68 72 75 76 79 81 85 89 92 97 99 100 103 104 111 114 118 122 125 130 132 135 136 142 146 148 150 153 154 156 160 163 165 166 169 170 173 179 185 192 193 196 202 204 207 209 212 214 216 219 223 224 225 228 231 234 241 245 246 249 251 254 256 259 263 
27 35 43 44 46 50 53 57 64 69 73 77 81 85 89 90 93 95 98 101 104 106 108 112 113 115 120 124 126 132 135 138 142 144 147 150 153 157 160 161 163 167 169 173 176 179 183 185 187 196 198 201 205 206 211 213 216 219 222 224 225 228 229 233 235 237 243 246 248 253 256 258 261 264 268 
31 38 47 50 52 53 57 60 67 70 76 81 84 86 91 93 96 99 100 105 107 111 113 114 116 119 121 127 130 135 137 142 143 145 148 153 157 161 162 165 167 170 174 176 180 182 186 187 189 199 203 206 207 211 213 216 220 222 223 226 229 231 232 236 240 241 247 248 252 254 257 259 264 266 270 
32 40 50 54 56 58 60 61 68 71 80 83 88 92 96 97 100 102 104 108 111 114 117 120 124 128 130 131 133 137 140 145 146 149 151 157 161 163 165 168 171 172 176 177 184 187 191 194 198 202 205 210 213 216 219 222 224 228 230 231 233 234 237 238 243 244 248 252 255 256 260 261 266 270 271 
35 44 53 58 61 65 66 70 73 77 81 85 92 96 100 102 103 107 109 113 114 117 118 124 126 130 131 132 134 140 143 148 152 155 156 159 165 169 170 172 173 176 179 183 188 189 194 197 199 206 210 212 214 218 223 225 228 229 232 233 234 236 240 242 247 251 254 256 259 263 267 269 273 276 278 
39 48 56 60 63 67 69 72 75 79 83 86 96 100 103 106 107 110 114 118 119 123 124 127 128 132 136 140 143 146 149 151 155 157 160 164 166 171 173 176 178 179 183 187 192 193 196 201 204 207 214 218 221 223 224 228 229 233 235 236 239 242 246 247 251 253 257 259 261 267 268 271 275 279 281 
41 50 60 63 67 70 74 76 79 83 84 88 100 104 106 107 109 114 117 121 124 128 129 130 134 135 138 142 145 148 151 152 156 159 163 166 168 173 177 181 185 189 192 196 200 203 204 206 207 211 216 220 224 225 228 232 233 234 239 242 245 246 250 253 256 259 260 262 266 268 272 273 276 282 284 
43 54 61 67 70 72 77 81 82 85 89 93 103 105 109 111 115 119 120 122 125 130 132 135 139 143 145 147 148 150 155 159 161 165 169 171 173 175 180 185 189 190 195 197 203 204 207 211 214 218 221 222 227 230 232 233 236 237 242 246 247 248 252 256 259 263 265 267 270 273 276 278 282 284 287 
44 57 63 70 73 74 81 83 87 91 95 98 106 110 113 116 120 121 124 128 131 133 134 138 142 144 149 151 153 154 159 162 163 169 172 176 177 178 181 187 192 196 197 200 205 206 208 213 215 219 225 228 231 235 238 240 242 243 245 250 254 258 260 262 263 265 269 273 277 280 283 286 289 290 294 
47 58 64 73 74 76 82 84 90 95 99 101 108 111 115 119 122 126 127 129 132 136 139 141 143 148 152 153 157 160 162 165 169 173 175 179 183 186 188 191 196 199 200 203 209 213 217 221 225 228 229 230 235 237 240 244 248 250 253 255 259 263 264 268 269 273 274 275 281 284 287 290 292 293 298 
51 61 66 77 80 81 84 85 92 98 102 104 109 115 119 121 124 128 130 134 135 139 142 146 149 150 153 157 159 161 164 169 170 176 177 183 185 190 191 195 197 200 203 204 211 214 219 225 229 230 232 233 239 243 244 245 252 255 256 259 261 264 265 270 271 274 276 280 283 288 291 292 293 294 301 
52 65 68 78 83 84 88 89 96 99 105 109 110 119 120 122 128 132 133 138 140 144 145 147 151 154 158 162 165 169 171 174 176 180 182 184 187 193 195 199 203 205 209 211 212 218 223 228 233 235 239 241 243 244 247 250 254 257 259 263 267 270 272 276 280 281 283 287 290 294 295 299 302 303 305 
54 68 71 82 86 87 92 96 100 103 107 113 115 123 124 125 130 135 139 140 143 146 149 153 156 158 160 164 166 171 175 177 179 183 185 186 190 197 199 201 207 208 212 216 217 220 227 232 234 238 242 245 248 251 252 255 256 261 264 266 271 274 275 278 281 285 288 290 291 297 301 305 309 310 312 
55 72 74 83 87 88 95 100 102 107 108 114 117 127 131 134 137 140 144 145 149 151 154 156 157 162 165 167 169 174 179 183 185 189 193 195 197 200 202 204 209 213 217 219 222 224 228 236 238 240 245 249 253 255 258 259 263 264 268 272 276 278 282 284 288 290 293 294 297 301 305 306 313 317 321 
57 74 78 87 90 92 97 102 103 111 114 117 120 129 132 138 142 143 148 151 154 157 158 162 163 166 167 171 172 178 180 185 186 193 197 199 200 202 206 209 211 217 221 222 224 225 230 238 241 242 249 251 255 259 261 262 265 268 269 274 277 281 283 285 291 295 298 302 305 307 309 312 316 319 323 
58 76 81 89 94 96 98 106 109 112 118 122 124 130 136 141 145 148 149 153 158 160 161 165 167 169 172 175 178 179 183 186 187 195 198 202 204 208 211 214 217 219 223 227 228 231 234 240 242 244 252 256 259 260 265 267 268 272 274 278 281 282 285 286 293 297 301 306 309 311 313 316 317 320 324 
62 78 83 92 98 102 104 109 113 116 121 124 125 133 139 142 146 152 156 157 161 162 165 169 173 174 177 181 183 186 190 192 196 197 202 204 206 212 215 219 221 222 227 231 234 235 236 243 247 250 253 260 262 266 268 271 273 276 277 281 285 286 289 292 296 300 303 308 310 315 318 321 322 326 328 
66 80 86 96 101 106 108 110 114 117 122 128 129 137 142 143 150 156 160 161 165 168 170 171 177 181 184 187 190 193 195 199 201 204 206 209 212 214 219 223 224 227 231 233 238 241 245 246 249 254 256 261 266 267 272 275 277 279 282 285 289 290 293 294 300 302 304 311 312 318 322 325 328 332 336 
68 82 87 99 105 108 110 113 118 119 124 130 131 139 145 149 154 159 164 167 168 172 175 176 180 184 185 191 195 198 201 205 209 211 213 215 219 221 222 224 226 230 232 236 240 242 249 252 254 255 259 265 269 272 275 276 278 280 283 289 292 293 296 297 304 306 308 314 316 320 324 327 329 335 339 
72 83 88 100 109 110 112 114 119 122 127 132 135 142 146 153 156 163 165 171 174 177 178 180 184 186 188 194 197 202 205 208 210 213 217 221 224 227 228 232 235 237 240 241 243 244 250 256 258 260 261 269 273 277 278 279 283 285 286 291 294 295 298 301 308 311 314 317 318 321 328 332 333 337 340 
73 87 90 103 111 112 116 118 122 124 131 134 137 143 147 156 158 164 167 173 178 179 181 183 186 190 194 198 200 203 208 211 214 218 222 226 229 231 235 239 242 246 247 251 255 257 260 264 266 269 272 273 276 279 283 284 285 286 287 294 296 299 302 306 309 313 315 321 323 327 329 336 337 339 344 
75 89 92 104 113 114 119 122 123 126 133 136 138 146 148 157 160 168 169 176 181 185 189 192 194 196 197 199 204 208 211 213 218 221 226 230 232 235 238 241 244 249 250 252 259 262 264 266 267 270 274 278 281 282 285 289 293 295 297 298 299 300 303 307 313 315 318 322 327 328 331 337 339 340 346 
79 90 94 108 116 120 121 126 130 134 135 140 142 148 151 161 164 172 174 180 185 186 191 195 197 198 199 201 208 212 216 218 219 222 228 232 233 237 242 245 249 251 252 255 262 266 267 271 274 276 279 282 285 287 288 290 296 299 300 301 305 306 308 311 314 316 319 325 329 332 335 341 342 346 347 
82 92 95 109 117 123 127 128 134 135 139 143 145 150 155 162 165 174 177 181 188 192 196 200 201 205 208 210 211 213 220 224 225 228 230 236 238 240 243 248 250 252 256 257 264 270 271 272 278 280 284 285 289 290 294 298 301 304 305 306 309 313 315 319 323 326 328 332 336 337 340 342 346 348 350 
84 94 98 111 121 124 131 135 139 140 141 147 149 152 157 164 166 175 181 185 192 195 200 202 205 206 212 213 216 218 221 227 230 231 234 237 241 242 245 251 252 255 259 260 268 272 275 277 280 282 285 287 292 295 296 301 302 308 310 312 313 316 320 324 328 331 334 338 342 345 346 348 351 353 354 
85 95 101 113 122 125 132 136 141 142 144 151 154 157 159 165 170 177 184 187 193 196 203 206 210 214 215 219 220 222 226 229 234 237 238 239 243 246 249 255 257 259 262 264 269 276 277 280 284 288 289 293 294 299 303 304 306 311 312 314 317 319 323 326 330 334 338 342 344 348 352 354 355 359 360 
87 97 103 115 126 130 136 138 142 145 149 152 156 161 164 169 174 180 187 191 197 198 204 207 211 215 216 220 224 227 228 231 237 238 241 244 248 251 252 258 262 264 265 268 272 279 282 283 288 290 293 295 299 303 306 307 311 313 315 319 323 324 327 329 331 336 339 344 347 352 355 356 360 363 367 
91 100 106 119 127 133 137 140 145 146 153 156 158 163 165 170 175 181 191 192 201 203 208 211 215 219 221 224 228 230 232 235 238 240 244 246 251 255 258 261 265 267 269 272 273 282 286 289 293 296 298 301 303 305 310 314 317 321 325 326 329 330 331 335 339 340 343 346 348 353 358 361 364 366 370 
92 104 108 121 129 136 138 143 148 150 157 158 161 165 167 173 177 184 195 196 203 204 209 212 217 223 226 227 232 235 236 238 242 243 246 248 255 257 259 263 269 272 276 279 283 284 288 293 297 299 303 304 306 308 314 317 320 323 326 330 334 336 339 342 344 348 352 356 357 358 361 362 366 367 373 
96 107 109 123 133 139 143 147 152 153 159 160 164 168 170 174 181 186 198 200 207 210 213 214 220 225 228 232 233 238 242 245 247 249 252 254 256 261 263 265 271 273 280 283 285 286 291 294 300 301 305 308 310 313 317 320 324 328 331 334 337 339 341 345 346 352 354 358 359 360 365 366 369 371 375 
99 108 110 124 134 143 144 151 156 157 161 162 167 172 173 175 184 188 199 202 210 212 214 216 223 226 230 234 236 241 245 247 248 252 254 255 257 265 269 273 276 278 282 285 289 291 293 297 301 304 307 310 314 315 319 323 325 329 335 337 339 341 344 349 350 353 357 359 360 362 367 370 373 375 376 
103 109 113 128 135 144 147 155 160 164 168 170 171 173 175 179 187 189 200 204 213 217 221 224 227 230 234 236 238 243 249 250 251 256 257 258 260 267 270 275 279 282 284 288 293 297 300 304 305 306 309 312 317 320 321 325 329 331 336 341 344 347 351 355 358 359 362 364 366 367 370 371 375 379 381 
104 112 114 131 138 145 150 158 161 167 171 172 175 179 181 185 190 194 203 205 214 218 225 227 228 233 238 239 241 244 251 252 256 259 261 263 267 270 271 276 282 286 287 290 296 300 302 306 307 308 313 316 318 322 325 326 331 335 338 345 348 350 354 358 361 364 365 368 369 373 374 377 379 382 384 
105 113 117 133 140 147 153 161 162 170 174 176 177 182 183 189 191 195 204 207 216 221 228 232 234 238 240 242 246 249 255 259 260 262 263 266 271 272 276 277 286 290 294 298 300 304 308 309 310 314 318 320 323 325 326 328 333 336 340 349 353 354 358 362 365 367 368 369 372 374 376 379 383 386 388 
107 114 119 134 143 148 155 165 169 172 176 179 180 184 188 191 193 196 205 210 218 224 231 234 236 239 243 247 250 254 257 262 264 266 269 273 277 281 284 286 289 292 296 299 303 308 312 316 319 320 321 322 326 328 329 332 334 337 342 353 354 355 360 366 369 373 375 379 382 384 388 390 394 398 402 
108 116 122 137 147 152 158 168 170 175 180 184 187 189 192 195 199 200 208 212 222 227 233 237 241 243 246 251 253 258 261 265 267 269 273 277 281 285 286 287 292 295 300 303 307 309 314 317 322 326 327 328 332 334 336 339 341 342 345 354 358 362 364 368 371 375 378 382 385 387 391 393 396 400 404 
109 119 123 140 151 156 159 170 172 178 181 185 188 193 197 198 200 203 210 215 226 231 237 239 242 245 250 253 255 260 265 268 271 272 274 279 285 288 292 295 299 301 302 306 311 312 318 321 323 328 331 333 336 339 340 344 346 348 349 357 361 363 365 369 375 379 381 383 388 390 394 396 398 404 405 
113 123 124 143 155 159 162 171 176 182 184 189 193 197 200 203 207 209 211 219 230 233 239 243 245 249 254 255 256 261 268 272 275 276 279 282 289 293 295 298 303 306 307 308 315 317 319 324 327 329 334 336 337 343 346 349 352 356 357 358 364 365 366 371 377 383 385 387 391 392 398 400 403 405 409 
116 124 125 146 159 162 163 174 179 186 187 190 196 200 201 206 211 214 215 223 231 237 242 247 249 251 257 261 264 266 272 276 280 284 288 290 291 294 296 302 304 308 309 311 316 318 320 328 330 333 338 342 343 346 350 354 355 358 362 366 367 370 373 374 378 386 389 390 393 395 401 404 405 407 411 
120 125 128 150 160 163 165 176 180 190 192 196 198 202 203 209 214 216 218 225 234 240 244 250 253 256 260 262 266 270 275 278 281 288 290 291 293 296 299 305 306 312 316 319 323 324 327 330 332 335 340 346 347 348 354 355 357 359 365 368 371 374 377 379 382 388 390 391 397 399 404 406 410 412 415 
124 127 132 154 161 167 171 177 181 194 198 200 201 204 206 211 218 221 222 229 237 243 246 254 255 257 261 265 267 273 276 281 283 291 293 296 297 301 305 309 311 315 318 323 326 328 329 334 335 337 342 347 348 349 356 358 362 365 367 370 374 378 379 380 385 390 393 397 399 400 408 410 413 416 419 
125 130 136 155 162 170 174 180 184 195 200 203 206 207 211 214 222 225 227 230 238 245 248 258 261 264 265 269 271 276 279 283 287 294 295 297 301 305 309 312 313 316 321 327 328 331 334 338 341 342 343 350 354 357 361 365 369 372 376 380 383 385 388 390 394 395 399 402 404 406 410 411 414 418 420 
127 133 137 159 164 174 177 183 188 199 203 206 208 212 214 217 223 228 230 234 241 246 250 261 262 267 270 274 276 278 282 285 290 295 296 299 305 307 311 316 318 319 322 330 333 335 339 341 342 344 345 352 355 359 364 367 371 373 379 381 387 388 391 395 398 400 401 406 410 412 414 418 422 424 427 
130 134 139 162 168 177 179 186 190 201 204 210 212 216 218 220 224 232 236 238 245 250 252 262 263 270 272 276 279 282 284 289 293 299 301 303 309 313 314 319 323 325 329 332 335 337 343 347 349 350 352 354 356 360 367 368 372 375 382 385 389 390 393 396 401 404 406 410 411 413 417 422 426 427 428 
133 135 140 166 172 181 183 189 194 202 208 214 215 218 222 225 227 234 237 239 246 252 256 264 267 273 276 278 283 286 290 293 294 303 304 307 313 316 319 322 327 328 332 334 339 340 346 351 352 356 357 359 363 365 369 372 375 377 386 389 393 394 398 400 403 408 410 413 417 419 421 425 428 432 435 
134 136 143 170 174 183 185 192 198 203 209 217 220 222 226 230 233 237 238 243 247 254 259 266 271 274 279 283 287 289 292 296 298 304 307 309 315 319 320 326 331 333 334 336 340 343 347 354 357 361 365 366 368 369 371 375 378 381 388 392 396 400 404 406 410 414 417 419 420 424 425 429 432 434 439 
137 139 147 173 175 186 188 195 202 207 210 220 224 225 227 232 234 240 242 245 249 257 263 269 273 278 280 286 288 291 296 298 302 308 310 311 318 323 324 329 335 338 340 344 347 350 353 357 360 365 366 367 369 373 377 380 384 385 389 393 397 402 407 409 411 417 420 423 427 431 432 435 439 440 442 
139 141 151 175 177 190 194 197 206 210 212 223 225 228 231 234 237 241 243 246 250 258 264 273 274 279 284 289 293 295 297 299 306 310 314 315 322 325 329 331 337 339 342 347 350 354 357 360 364 366 368 372 376 380 384 386 387 389 392 396 401 405 408 413 417 418 422 424 429 432 433 437 441 444 445 
140 142 154 179 183 192 196 199 207 213 214 227 230 233 235 238 240 244 245 247 252 262 266 274 276 283 288 293 296 297 300 304 307 312 316 320 324 327 333 334 341 344 347 350 353 357 358 361 367 371 375 378 379 384 385 388 390 391 394 399 404 407 411 414 420 424 425 427 431 434 436 440 444 445 449 
144 146 156 182 184 195 197 202 208 216 220 228 233 235 237 239 241 246 248 249 253 266 270 277 281 284 290 294 300 303 305 309 310 315 317 323 326 329 337 340 345 349 352 355 356 360 361 365 368 375 377 380 381 387 389 391 394 396 399 400 405 411 415 418 424 428 432 433 436 440 441 443 446 447 451 
145 149 159 183 188 199 203 206 212 218 221 229 235 237 241 245 246 248 252 256 259 268 274 279 282 287 292 297 301 304 309 311 314 318 321 327 328 333 340 341 349 350 353 356 358 362 364 368 369 377 380 384 385 388 390 395 399 401 403 407 411 412 416 420 425 432 433 434 437 441 442 446 447 448 455 
149 153 162 184 190 200 206 208 214 219 225 233 238 240 245 246 248 249 254 259 261 270 278 280 284 289 296 301 302 308 313 315 318 319 322 329 333 337 342 344 351 355 359 360 361 366 368 369 373 380 383 385 387 392 394 397 403 404 406 408 415 416 419 424 426 435 438 441 443 445 446 448 451 455 458 
150 154 164 186 191 201 208 210 215 220 227 237 241 244 247 249 250 253 256 263 266 274 281 285 289 290 298 305 307 311 316 319 322 323 326 332 335 338 345 348 354 357 362 365 368 369 373 376 379 381 386 390 394 397 400 402 407 408 412 415 418 422 426 428 432 437 440 444 447 449 452 456 458 461 463 
152 156 168 188 193 204 210 211 218 223 229 240 245 247 251 253 256 257 259 264 270 277 283 289 292 293 302 307 309 314 319 322 325 329 330 335 338 341 347 350 356 359 366 368 371 373 377 379 381 383 388 393 398 400 403 405 408 412 415 418 421 425 429 430 436 441 443 445 448 450 455 460 461 465 466 
154 160 170 190 194 208 213 215 220 224 233 242 248 251 254 255 258 261 264 268 273 280 285 291 295 297 306 309 311 318 323 326 329 330 333 338 340 343 348 353 359 362 370 371 375 376 381 385 387 390 394 396 400 403 407 411 413 417 419 420 424 427 433 435 438 444 447 448 449 453 458 461 464 469 472 
156 163 172 193 195 212 216 217 222 225 236 246 252 254 257 259 261 263 266 269 276 281 288 293 298 300 310 314 317 319 326 329 332 335 338 341 344 347 351 355 360 365 374 378 379 380 382 389 392 395 397 399 402 407 409 415 419 423 426 429 432 434 438 442 446 447 450 452 455 458 460 462 465 472 473 
159 164 173 194 197 216 217 219 225 229 239 248 256 260 263 264 267 269 270 273 278 283 290 294 302 303 312 318 321 325 329 330 333 338 341 343 345 351 353 359 364 367 376 382 385 387 390 393 397 401 403 404 408 411 415 417 421 426 430 432 435 438 441 443 448 452 455 458 459 461 462 466 469 473 476 
162 168 177 196 201 217 221 224 229 230 242 251 257 263 267 268 271 272 276 278 279 285 292 297 305 306 315 322 324 327 331 334 337 341 344 347 348 353 355 362 368 372 380 383 389 392 393 394 401 404 408 411 414 416 420 424 425 427 431 436 440 442 444 447 449 455 457 460 462 463 464 468 470 474 478 
163 170 181 200 203 218 224 228 230 231 246 252 261 267 271 273 277 279 281 283 285 287 296 299 308 309 319 323 328 332 333 338 341 343 345 349 350 357 358 366 369 376 383 385 392 394 395 397 404 405 411 415 419 423 425 429 432 434 435 440 442 444 447 450 453 457 458 462 464 467 469 470 472 476 482 
167 174 184 201 206 222 225 230 234 236 248 256 263 268 275 276 280 284 286 290 292 296 297 301 312 313 321 326 332 334 338 342 343 345 346 351 354 360 361 368 372 379 386 389 394 398 402 406 409 411 415 419 420 426 430 431 435 439 440 443 447 450 452 456 457 459 461 464 468 471 473 474 476 479 484 
170 175 185 202 207 224 226 233 237 238 249 260 264 270 277 278 281 285 289 294 295 300 304 305 313 317 323 328 333 338 341 344 346 347 349 353 358 361 364 372 375 380 387 392 397 401 406 407 413 414 416 423 426 427 434 437 441 443 444 445 449 453 457 459 463 464 467 468 469 472 475 479 481 485 489 
173 179 188 203 208 227 230 236 240 242 252 262 267 272 280 282 286 290 292 297 301 304 306 309 317 318 326 330 335 340 343 345 347 351 354 358 362 366 368 375 378 383 391 394 400 405 407 409 417 419 422 427 431 435 439 441 445 448 452 453 456 457 461 463 464 465 470 473 477 480 483 485 489 492 493 
177 182 191 204 209 228 232 240 244 245 255 264 268 276 284 288 289 294 295 301 305 308 312 313 319 321 329 332 339 341 347 349 353 355 356 360 363 369 372 376 382 384 393 398 404 408 412 416 421 425 426 431 432 439 440 443 448 450 453 454 458 462 465 466 470 474 476 478 479 484 486 490 492 496 497 
178 183 193 206 210 230 236 243 245 248 259 265 271 277 287 291 292 296 300 303 306 310 313 316 321 325 330 336 340 345 348 350 354 359 363 365 368 372 373 379 386 390 396 401 406 411 413 419 422 429 433 436 439 441 445 448 449 454 457 458 461 465 467 469 471 477 480 482 486 490 493 495 498 502 505 
181 186 194 207 211 232 238 245 249 250 262 267 272 278 288 293 296 297 304 306 307 314 317 318 323 329 331 337 344 346 350 353 358 361 367 368 371 376 377 381 390 392 397 405 409 412 415 422 423 433 437 438 440 442 448 452 453 456 460 461 464 469 470 474 475 481 485 487 488 493 495 498 499 506 508 
