2 6 7 11 12 14 16 20 21 24 28 29 30 33 36 37 39 43 45 49 53 56 60 64 65 68 72 75 79 82 84 86 88 90 93 95 98 99 102 105 109 110 112 114 117 120 121 122 124 128 130 132 135 139 140 142 145 149 153 155 158 160 161 165 169 173 175 179 183 187 190 194 195 197 198 202 205 208 210 212 213 215 217 220 224 
5 10 13 16 17 19 22 23 26 28 32 33 36 38 42 43 47 50 54 55 57 61 62 65 67 71 75 77 80 83 85 88 91 92 96 99 101 105 106 108 113 117 121 122 125 127 129 133 135 139 141 142 146 147 150 151 155 157 160 161 165 167 171 172 174 178 182 184 187 191 195 199 200 201 202 203 208 209 213 216 219 222 225 226 227 
7 14 15 20 21 24 25 28 29 31 33 36 39 43 44 45 51 52 58 59 63 64 68 71 72 74 76 81 84 85 88 91 95 99 101 105 107 111 113 114 118 120 124 127 130 134 135 139 140 143 145 147 148 151 155 159 163 166 167 171 173 176 180 182 183 185 186 187 189 194 196 200 202 206 208 212 213 216 219 223 226 228 230 231 232 
9 17 20 24 27 30 32 33 35 37 40 42 45 47 48 49 52 56 62 63 67 70 74 78 81 84 86 88 92 96 100 102 103 107 110 114 115 116 118 119 123 127 131 135 138 141 143 145 148 150 153 157 160 164 167 170 174 175 179 182 183 187 188 190 194 197 200 201 202 206 208 211 214 215 219 220 224 228 231 233 237 238 239 243 245 
10 20 21 27 30 34 38 41 43 46 47 49 53 57 59 62 65 69 72 75 76 77 81 82 86 89 90 93 96 99 102 103 106 108 113 116 118 119 123 124 127 130 134 138 142 146 148 150 152 155 157 160 163 166 171 172 175 179 183 187 189 190 194 195 197 201 203 204 207 209 213 214 216 218 221 224 225 231 233 236 238 239 240 244 249 
11 22 25 30 32 38 42 46 50 52 54 55 57 58 63 65 66 71 74 78 80 83 86 87 90 93 97 99 101 104 106 109 113 117 118 122 123 124 128 130 134 138 142 146 148 150 153 154 158 161 164 168 172 175 179 181 185 187 191 194 197 198 199 202 206 210 211 215 218 221 222 226 229 230 232 236 239 242 245 246 250 252 255 259 263 
13 26 28 31 35 42 44 49 52 53 58 61 62 64 65 66 67 74 78 81 85 88 92 94 95 99 101 102 105 107 108 111 116 119 122 126 127 128 131 132 136 142 145 148 149 154 156 160 164 166 168 171 175 176 180 185 189 193 194 196 200 203 205 206 210 211 212 216 222 225 229 233 235 238 242 246 249 250 252 253 254 258 260 264 267 
15 30 34 36 40 45 49 50 55 56 61 63 67 69 73 77 79 81 84 86 88 92 95 96 98 102 103 104 108 112 116 117 121 124 128 129 133 136 140 142 145 146 148 152 153 156 158 161 165 170 173 174 179 180 183 187 190 195 198 200 204 208 210 211 214 218 220 222 225 229 232 235 238 240 246 248 251 253 256 259 260 261 262 266 269 
17 31 38 40 42 49 53 56 57 58 65 67 71 74 78 80 83 84 86 87 92 94 96 99 101 104 107 108 112 115 118 119 122 127 130 132 136 139 142 145 149 153 155 158 160 161 165 166 170 171 175 177 182 183 184 188 193 197 200 204 207 211 215 217 220 221 224 226 229 231 235 238 241 245 250 251 255 257 258 262 265 269 273 276 277 
21 34 39 43 44 53 56 60 62 63 68 71 72 77 80 81 87 91 92 96 100 103 107 108 111 113 115 118 122 125 127 131 135 137 141 145 146 149 152 156 158 161 163 164 165 168 171 175 179 182 184 185 188 190 194 196 199 203 207 210 213 214 218 219 223 227 231 235 238 239 241 242 245 246 253 255 256 260 263 266 270 273 276 277 280 
25 35 41 46 50 54 57 64 67 70 72 74 76 79 83 84 88 95 97 100 103 106 108 109 114 115 119 120 123 127 129 135 138 140 142 148 149 152 153 159 162 166 170 174 175 179 180 181 185 188 192 193 197 199 200 204 208 212 214 215 219 220 223 224 225 231 235 236 240 244 246 250 253 254 256 259 260 264 267 270 273 277 278 281 285 
28 36 43 47 54 58 60 65 69 72 76 79 82 83 86 88 92 97 98 102 105 108 109 110 117 120 121 125 127 130 133 139 140 141 144 152 153 157 161 163 164 167 173 176 177 183 187 191 195 197 200 203 206 207 209 210 213 216 217 219 223 224 225 226 230 234 236 237 244 245 250 254 257 259 262 264 267 271 273 276 280 283 287 288 290 
31 37 45 51 58 61 63 68 72 74 78 80 86 90 92 93 97 99 101 106 110 114 115 117 121 125 127 129 133 137 138 143 147 151 152 154 155 161 165 168 171 172 177 178 179 186 191 194 196 199 204 208 210 211 215 218 222 224 226 230 232 236 239 240 242 244 247 249 250 251 255 256 261 262 264 268 272 274 276 279 282 285 288 290 292 
34 39 46 54 61 65 66 69 75 78 81 82 90 91 94 95 99 103 104 109 113 118 122 126 129 131 133 135 136 138 140 145 149 152 154 158 159 163 169 172 173 177 181 185 189 190 193 197 200 201 206 210 211 214 217 221 226 230 231 232 236 239 241 245 246 250 252 253 255 258 259 260 262 265 269 273 275 277 279 282 285 289 293 295 298 
37 40 50 58 64 66 68 70 77 80 84 85 93 97 100 101 103 106 108 110 116 121 124 129 130 134 135 139 142 145 147 151 154 157 161 165 167 170 171 174 175 180 183 187 191 194 196 199 202 206 210 212 216 217 218 225 227 234 237 241 244 247 250 252 253 255 258 259 262 263 265 268 272 275 276 277 279 283 286 287 291 293 295 299 302 
40 43 54 62 67 70 73 74 80 83 85 88 96 101 105 109 112 113 117 121 123 124 125 133 135 139 143 144 148 151 154 155 156 161 163 166 169 172 173 176 180 184 188 189 192 195 198 201 206 207 211 215 217 220 222 227 230 236 238 242 248 251 255 259 260 262 266 267 271 274 275 278 280 284 287 291 295 299 300 302 305 307 311 312 313 
42 44 58 63 71 75 78 82 85 89 91 94 99 105 108 113 114 118 120 122 126 130 134 137 138 140 144 148 150 155 157 158 161 163 166 167 172 174 176 177 183 188 192 194 196 200 201 202 210 214 216 218 220 221 223 231 235 240 243 244 251 255 259 262 265 266 268 272 274 277 278 279 281 286 291 295 298 302 305 308 312 313 317 318 319 
45 46 59 67 74 77 80 85 87 93 94 96 100 109 111 115 116 122 126 130 131 135 137 139 143 146 148 152 155 156 160 163 165 166 167 171 173 175 178 180 187 191 193 198 200 201 203 204 214 216 219 223 227 230 232 236 239 244 246 248 254 259 261 263 267 271 273 274 277 281 285 286 287 288 295 298 301 306 308 309 315 317 321 325 327 
47 49 63 68 76 79 83 86 91 97 99 102 106 113 117 119 120 124 128 131 132 138 141 145 147 150 151 154 156 160 161 165 167 169 171 173 176 179 180 181 188 193 196 199 201 202 206 210 216 217 220 225 229 232 234 238 242 246 250 252 256 261 263 266 268 273 275 279 282 286 287 290 294 298 299 302 304 307 312 314 319 320 322 329 331 
50 53 65 70 78 81 86 90 94 99 102 106 109 117 120 122 124 126 132 135 138 139 143 149 152 153 156 158 162 166 167 171 175 179 182 186 189 192 194 196 198 202 205 206 207 211 214 218 221 223 225 226 231 235 236 239 246 249 254 255 260 263 265 269 270 277 279 283 285 287 288 292 298 299 300 306 307 310 313 317 320 322 324 330 333 
54 56 66 74 81 84 90 92 97 103 106 109 113 118 121 126 128 132 136 137 142 144 145 152 154 155 157 160 165 168 170 175 179 183 186 189 192 195 196 197 201 206 208 209 212 213 216 220 223 226 229 233 234 238 241 242 247 253 258 259 264 265 269 273 276 280 283 284 288 292 296 300 304 305 306 307 311 314 315 319 322 326 328 331 335 
55 59 68 77 83 88 92 95 100 104 107 112 115 122 126 130 132 135 138 142 144 145 147 154 157 161 163 166 169 171 175 176 181 185 189 192 193 198 199 200 203 210 212 215 219 223 227 228 231 232 236 238 241 243 246 248 249 254 262 264 266 269 271 275 278 283 285 287 292 294 298 304 305 309 313 317 318 321 322 323 326 328 330 333 339 
58 60 70 80 84 89 95 98 101 108 112 116 117 123 128 132 133 137 142 143 146 149 152 155 161 164 166 168 172 176 180 183 187 189 193 195 196 201 202 205 206 214 218 219 220 225 231 233 237 239 243 245 246 248 250 254 256 259 266 269 270 274 275 276 281 287 289 290 295 297 299 306 309 312 317 320 321 323 327 330 332 336 338 339 343 
62 64 73 84 86 92 99 103 106 110 116 120 122 125 129 133 136 139 146 148 152 155 156 159 165 168 169 173 174 180 181 187 191 195 199 202 205 209 212 213 217 220 221 224 227 228 232 234 239 242 247 249 252 256 260 263 264 266 270 272 274 276 280 281 284 289 290 291 298 299 301 308 312 313 318 322 324 325 330 331 333 339 341 343 346 
64 67 74 88 89 96 101 107 111 115 117 124 127 129 131 135 137 141 147 150 153 159 160 163 168 171 173 174 176 182 186 188 195 198 201 205 206 211 215 218 220 222 226 229 230 233 234 238 241 243 249 251 256 258 264 266 268 272 276 277 279 283 287 288 289 291 293 294 301 305 308 310 313 314 321 325 329 333 337 338 340 341 344 348 349 
68 71 78 90 94 99 103 111 112 119 121 128 130 134 138 142 145 149 153 154 155 163 166 170 172 175 177 179 180 183 187 190 199 201 205 206 207 212 216 221 223 224 229 231 235 239 243 245 246 250 252 255 259 263 265 270 274 275 280 282 286 288 292 295 297 298 300 302 305 308 309 312 316 320 322 328 330 335 339 341 343 347 350 353 355 
72 73 80 94 97 103 104 112 114 122 126 132 134 138 141 143 146 152 155 159 162 164 170 173 175 178 181 183 184 187 191 194 201 202 209 213 217 218 221 225 229 232 236 239 243 246 247 250 253 255 259 260 262 267 269 273 278 281 285 288 291 295 298 300 304 308 312 315 317 321 325 326 328 330 332 336 338 339 340 343 347 351 354 355 357 
76 79 82 98 99 107 108 115 117 125 128 136 137 141 145 147 149 156 157 163 165 167 174 178 180 182 184 188 190 194 197 199 203 206 211 215 221 225 229 231 235 237 241 244 245 247 250 252 257 260 264 266 267 271 274 275 281 284 289 291 295 296 301 303 307 312 313 317 320 322 329 330 333 335 337 340 344 345 348 352 353 357 358 359 361 
80 82 86 102 105 108 110 118 122 127 130 137 139 143 148 149 152 159 161 164 167 170 178 179 184 188 192 193 194 196 200 204 207 210 215 217 224 227 233 235 238 239 244 248 250 252 256 258 262 266 269 270 271 273 278 282 285 289 292 294 296 298 303 305 309 314 318 321 324 328 333 336 339 340 341 344 348 350 353 357 360 361 364 365 367 
83 86 88 106 108 110 111 120 123 128 133 141 143 145 152 155 157 163 166 167 168 172 182 183 186 192 196 198 200 203 207 208 211 215 219 220 227 229 235 239 240 242 247 249 251 256 257 262 264 268 272 274 275 277 279 284 288 291 295 297 298 300 305 309 312 316 322 324 327 329 335 340 341 342 345 347 349 351 357 361 363 366 368 369 373 
87 89 92 107 111 112 113 123 127 130 137 142 145 149 155 157 160 164 169 170 171 175 184 186 187 196 197 201 203 204 209 210 213 219 221 223 230 233 237 240 241 243 250 252 253 257 258 263 266 270 275 277 281 285 288 289 293 294 298 300 304 306 308 310 316 319 323 326 330 333 338 344 346 349 353 355 357 358 362 365 367 370 371 374 376 
90 93 96 110 112 113 116 125 129 132 138 143 146 153 159 161 164 168 173 175 179 181 188 189 193 199 202 205 206 208 213 214 215 220 225 229 234 236 240 242 246 248 253 254 255 259 260 267 271 272 279 280 282 288 289 290 296 297 300 302 305 309 312 313 318 323 324 329 334 337 339 348 351 355 356 359 362 364 367 369 370 373 376 380 381 
92 94 99 114 118 121 124 126 132 134 141 146 147 154 163 164 166 169 175 179 182 183 192 196 197 201 203 206 208 210 214 215 216 224 228 232 235 237 243 245 249 250 257 260 262 266 270 273 276 278 282 284 287 291 294 295 298 302 306 309 311 315 316 319 321 324 328 330 335 338 341 350 355 359 362 365 367 368 369 370 373 375 380 382 386 
93 98 102 115 122 125 126 127 134 138 144 149 150 156 164 167 168 171 178 182 186 190 196 199 202 206 207 210 214 218 221 224 226 229 233 235 239 240 245 247 250 253 258 261 263 269 272 276 280 282 286 290 294 297 298 299 303 305 310 312 316 318 322 323 325 329 333 334 336 341 342 351 358 361 363 367 370 372 374 376 380 383 386 387 390 
97 100 103 117 126 129 130 133 136 139 146 150 152 158 166 169 173 177 182 186 188 193 200 202 206 210 211 213 217 219 222 228 231 233 236 237 243 244 249 250 253 254 259 262 266 270 274 280 282 285 290 291 296 301 304 306 307 311 312 315 319 323 326 327 331 335 338 339 341 345 349 354 360 365 366 368 371 373 376 378 383 387 390 393 394 
99 102 104 121 130 134 138 142 146 148 150 153 156 160 170 174 178 182 184 188 189 195 202 206 208 213 216 218 221 222 226 229 234 237 241 244 247 251 255 257 258 262 264 265 269 273 277 283 286 287 291 292 298 304 307 308 310 315 318 322 323 325 330 332 336 340 341 343 347 348 353 356 364 369 373 376 377 381 382 383 385 389 393 394 395 
102 104 105 123 132 135 140 146 147 149 151 157 160 162 174 178 179 186 187 190 191 199 206 207 210 216 220 221 224 225 229 232 236 238 242 247 251 255 258 261 263 265 268 270 273 277 279 285 290 293 297 300 301 308 312 316 320 323 324 325 329 330 331 333 337 344 347 348 352 353 356 359 365 371 374 380 384 387 389 390 391 392 396 397 401 
105 108 109 124 135 136 142 148 152 156 158 160 163 165 178 179 181 190 194 198 200 201 208 210 214 217 222 225 227 230 232 234 238 239 244 251 252 257 261 263 265 266 271 274 275 281 283 286 293 296 301 302 303 311 316 317 322 327 329 333 334 338 340 341 344 346 351 355 358 360 363 364 367 374 376 381 385 391 392 395 397 399 401 402 403 
106 109 112 125 137 139 144 149 154 158 159 163 167 168 181 185 186 191 198 202 204 208 211 212 215 219 223 228 229 231 236 238 242 243 245 253 254 261 263 265 266 270 274 278 279 283 286 289 297 298 304 308 312 316 318 320 326 329 332 336 340 343 344 346 349 351 352 358 361 365 368 369 370 377 380 384 387 394 397 398 402 405 409 413 416 
109 111 116 129 138 143 148 151 158 160 161 164 168 169 184 187 191 193 199 203 206 209 212 215 219 222 227 229 231 232 240 241 244 246 248 257 258 264 267 269 271 275 278 281 285 288 290 293 300 301 305 310 316 318 322 324 330 333 335 338 343 346 348 349 351 352 354 361 364 368 369 371 375 379 383 388 391 395 400 403 405 406 410 417 418 
112 115 117 130 141 145 152 154 161 162 165 169 171 175 187 188 194 198 202 206 208 210 214 216 220 224 229 233 237 238 244 248 249 250 251 258 261 267 269 273 276 278 282 285 287 289 291 294 301 305 308 312 318 322 323 325 334 337 340 343 346 349 353 355 359 362 363 366 370 372 376 377 381 385 386 392 393 397 403 405 409 410 414 419 420 
114 118 120 134 145 147 155 156 163 166 169 172 176 179 189 192 196 199 203 210 211 213 217 219 221 225 231 234 239 243 248 251 252 255 257 260 264 271 272 277 281 285 289 291 294 297 298 300 305 308 311 314 320 326 327 329 335 341 342 347 349 350 355 359 361 364 368 372 376 378 379 382 386 388 392 396 398 399 405 408 412 414 418 422 423 
117 119 121 135 149 153 157 161 167 169 170 173 177 182 192 193 197 203 204 214 218 219 222 225 227 228 234 235 243 245 249 252 253 258 262 264 267 275 278 279 283 286 293 296 298 301 305 309 313 314 317 321 324 329 332 336 339 345 348 352 354 358 359 362 363 368 371 376 380 384 385 386 390 393 395 400 403 406 409 412 413 415 421 423 425 
118 121 125 138 153 156 158 165 171 172 175 176 181 183 196 200 203 206 208 215 220 224 227 230 233 237 241 244 246 250 253 256 259 263 267 268 270 279 283 287 290 293 294 299 302 306 307 313 314 317 320 324 325 332 334 337 343 349 352 356 359 362 363 367 371 374 377 378 383 388 390 391 394 395 397 401 407 409 412 416 417 420 425 427 430 
120 123 127 142 157 161 164 168 174 178 181 184 186 187 197 204 207 208 209 219 224 226 228 232 234 239 242 248 252 255 259 261 264 268 270 271 275 282 287 289 294 296 300 302 304 310 314 315 316 321 325 326 329 336 338 341 346 352 355 358 361 363 364 368 374 376 381 385 389 390 393 394 397 398 400 402 411 413 416 420 423 425 428 432 434 
123 127 131 146 159 165 169 173 176 182 184 185 189 193 200 206 210 212 215 223 226 228 231 235 239 242 243 250 253 257 261 265 267 270 273 277 281 286 291 294 298 302 305 308 310 314 318 322 326 330 334 337 338 340 341 342 348 354 356 362 364 367 370 372 375 379 385 386 390 393 395 398 399 400 404 406 414 415 419 422 427 431 434 436 437 
124 129 135 150 161 166 172 174 179 184 185 189 192 197 202 209 212 216 219 226 229 231 234 237 240 245 248 253 256 259 262 269 271 273 276 281 285 289 294 297 300 304 306 309 313 316 319 324 327 331 336 340 341 345 348 352 354 357 359 364 366 371 375 378 381 383 387 391 392 395 396 402 406 407 409 411 416 420 424 427 429 434 435 439 440 
126 131 138 151 163 170 174 178 182 188 191 193 196 200 205 210 214 218 223 230 232 234 236 240 244 248 250 257 261 264 265 271 274 276 280 284 289 291 295 301 305 307 309 313 314 317 322 328 329 332 339 342 345 347 350 354 357 360 361 365 367 373 378 381 384 388 390 392 395 397 399 405 407 411 414 418 422 425 428 429 433 438 441 443 446 
130 135 140 154 164 171 175 179 185 191 194 197 201 202 207 212 218 219 225 233 236 240 242 245 246 250 251 258 265 269 271 273 275 280 283 286 293 296 299 304 308 309 311 314 318 320 325 330 333 335 343 345 347 349 354 355 361 363 366 368 369 376 382 384 388 390 394 398 399 403 407 410 414 418 421 422 424 427 429 433 435 439 444 447 450 
134 136 143 156 167 174 179 182 188 195 197 198 203 206 208 216 219 222 229 237 240 242 245 249 253 257 258 262 266 272 273 274 276 284 288 291 297 298 301 307 312 314 317 321 325 329 333 335 339 343 345 349 352 356 357 360 362 366 369 373 376 379 385 388 391 392 396 401 403 406 408 412 416 422 426 427 429 430 431 434 436 440 446 449 451 
135 139 145 158 171 176 182 186 192 198 200 204 205 207 211 219 220 223 232 239 244 246 250 254 256 260 263 265 267 273 274 276 280 286 289 295 301 304 307 308 316 320 321 325 329 330 335 338 340 344 349 353 354 360 361 362 363 368 370 377 379 382 389 393 397 399 402 406 409 411 414 416 417 424 427 431 435 436 439 442 445 447 448 452 455 
138 143 149 162 173 177 184 189 193 200 203 208 212 214 218 220 223 227 235 240 248 249 252 258 261 265 269 271 274 277 281 284 288 290 294 297 302 305 308 312 318 322 324 328 330 331 338 339 343 348 352 356 360 363 364 367 368 370 371 381 384 386 391 396 400 401 403 407 413 417 421 424 428 431 433 437 440 441 445 448 450 453 454 455 458 
140 145 152 166 174 180 188 190 197 202 207 212 216 219 221 222 227 229 237 242 252 255 256 260 262 269 271 274 277 278 282 287 289 294 297 298 304 308 309 313 321 324 325 332 335 336 342 345 347 349 356 357 363 364 365 368 371 372 374 385 386 388 394 397 404 406 409 411 415 419 425 426 430 432 434 441 444 446 449 450 454 458 459 462 465 
144 147 155 167 178 183 192 195 198 205 209 213 220 224 228 231 233 236 238 246 255 258 259 264 265 271 273 278 282 285 288 291 295 299 303 306 307 310 312 317 325 329 331 334 337 340 344 346 350 351 358 362 367 369 372 375 377 378 379 388 389 392 397 399 405 409 411 412 418 420 426 428 431 433 437 443 447 450 453 455 459 462 466 467 471 
146 150 156 171 181 186 194 198 202 207 213 215 224 228 230 234 237 238 240 250 258 259 260 265 267 275 278 282 285 289 291 293 296 300 305 309 311 313 315 318 328 331 335 336 340 342 346 347 354 355 359 364 371 374 375 376 380 384 386 390 393 397 401 404 409 412 416 417 422 423 428 431 434 438 439 446 450 453 455 459 461 466 469 470 473 
147 151 160 175 182 187 197 200 203 209 215 216 228 231 233 235 239 242 243 251 261 264 266 269 270 278 280 284 286 292 296 297 299 304 306 313 314 317 318 322 331 332 339 340 343 347 349 352 355 356 361 367 374 377 380 384 388 391 394 395 398 401 405 407 413 416 420 424 425 428 432 436 439 440 441 447 451 457 458 463 467 469 471 475 479 
150 155 163 176 183 191 200 201 207 211 219 220 231 233 234 239 242 244 245 252 263 265 269 271 275 279 283 286 290 296 298 300 303 307 311 315 317 319 323 326 332 336 341 343 347 351 354 355 356 359 363 369 377 379 382 388 392 394 396 397 402 405 408 409 415 418 422 426 429 433 435 439 440 441 443 448 452 461 464 466 469 470 472 478 480 
151 156 165 178 184 192 203 204 208 213 223 227 234 237 239 240 243 245 248 253 266 269 270 275 279 280 284 290 293 298 301 305 309 311 314 318 319 321 327 328 333 339 345 347 350 355 358 359 361 362 365 370 379 381 384 389 393 398 402 403 405 406 412 416 417 421 424 430 432 437 438 443 446 449 450 452 454 463 468 471 473 474 478 482 484 
154 157 167 180 185 193 204 205 209 216 225 230 237 239 242 243 247 250 254 258 270 274 277 280 282 283 286 291 295 301 303 309 312 316 317 321 323 325 330 331 334 342 349 351 354 357 361 362 365 369 373 376 381 384 387 390 396 399 404 408 411 412 414 417 419 425 427 434 435 439 442 444 449 451 455 458 462 466 470 475 478 479 482 485 489 
158 162 171 181 189 195 206 209 211 218 227 231 239 241 243 245 250 252 256 259 274 276 280 281 286 290 292 295 296 304 305 313 314 318 321 325 326 329 331 332 335 344 352 353 355 361 365 369 372 373 375 378 385 386 388 393 399 401 407 409 415 419 422 424 427 429 430 438 441 445 449 450 454 457 461 463 464 469 471 477 482 484 485 489 492 
162 163 173 182 192 198 208 213 216 220 229 235 240 243 245 246 253 256 260 261 276 279 284 287 290 294 298 302 303 306 308 316 319 320 323 327 328 331 334 338 342 347 355 357 358 362 367 370 374 378 382 386 390 391 393 396 401 402 410 414 416 422 424 428 429 430 434 441 442 448 453 455 457 461 464 467 469 470 472 480 486 489 490 493 495 
166 167 176 186 196 200 211 217 218 224 230 237 243 244 249 251 254 260 264 266 278 280 288 290 293 295 302 305 307 309 313 317 320 322 324 331 333 336 340 343 344 348 358 359 363 364 368 372 378 379 385 388 394 396 399 402 404 407 411 415 418 424 426 432 435 438 440 444 448 450 455 457 460 465 469 471 474 478 479 483 489 491 495 497 499 
167 169 180 187 200 201 215 219 220 227 232 239 247 250 253 256 259 261 268 269 279 283 292 295 298 301 306 309 313 316 318 319 323 326 330 334 338 339 342 346 350 352 360 363 365 366 370 374 381 384 388 390 396 400 402 406 407 411 413 416 422 425 430 433 439 442 446 449 451 454 457 458 461 467 473 477 480 481 482 485 492 494 497 499 501 
170 173 184 190 202 203 216 222 224 231 233 241 248 254 257 258 262 264 270 271 280 287 293 299 301 302 307 311 317 320 321 325 327 329 331 336 340 344 347 348 354 356 363 367 371 373 377 381 383 386 389 391 399 404 408 409 411 414 417 420 426 429 434 436 442 446 449 453 456 459 460 461 463 468 476 481 483 484 486 487 493 495 498 502 503 
173 177 185 193 205 206 219 223 225 232 237 242 251 256 261 262 264 268 271 272 281 290 295 303 307 308 312 315 318 324 327 331 335 339 340 344 348 349 350 354 355 357 365 369 374 377 378 382 385 389 392 395 401 408 410 411 412 418 421 423 430 431 437 440 444 449 453 457 458 462 464 467 471 474 477 482 487 489 490 492 495 497 502 505 508 
177 179 186 197 208 211 221 226 228 234 240 245 255 257 264 265 266 271 275 278 283 294 297 307 308 311 315 317 321 325 330 332 338 341 343 347 349 352 355 358 359 360 368 372 377 378 379 383 387 392 394 399 405 411 412 413 414 422 423 427 431 433 441 444 446 453 457 461 465 466 469 470 475 478 482 484 491 495 499 500 502 505 508 509 511 
181 183 187 200 211 213 224 227 231 235 242 248 256 261 266 268 269 275 276 279 286 297 299 309 311 312 319 322 325 329 332 333 340 343 345 350 351 354 359 362 364 367 371 373 378 382 384 386 388 394 396 401 406 415 417 421 425 426 429 432 436 438 444 445 449 457 458 465 467 470 471 475 477 481 483 487 492 499 501 502 505 509 512 515 519 
185 187 188 203 215 217 227 229 235 239 244 251 258 262 270 271 272 276 277 280 290 300 301 312 314 316 323 325 328 330 336 339 344 348 351 352 356 357 361 363 365 368 374 378 380 386 387 389 391 395 397 403 407 419 420 422 427 431 435 439 440 441 445 448 453 458 459 467 468 471 473 479 480 483 487 491 493 500 505 507 508 510 514 516 521 
186 191 193 205 216 220 228 233 236 240 247 254 260 266 271 273 276 277 280 281 291 304 306 314 318 320 326 330 331 333 338 341 346 350 353 355 359 360 362 367 369 371 375 380 383 390 393 394 395 399 401 405 411 421 423 427 428 432 436 441 442 443 447 449 457 461 464 470 473 476 479 481 484 487 488 495 496 502 506 509 510 512 516 517 524 
189 195 199 209 219 223 232 236 238 243 249 258 264 267 273 276 278 281 285 287 295 305 310 318 321 322 327 333 336 338 341 342 349 352 355 358 360 362 363 369 372 374 377 383 387 394 395 397 399 400 402 409 414 424 427 431 434 435 439 444 445 447 448 453 459 465 467 473 476 479 480 484 487 491 493 498 500 505 510 513 517 519 522 526 527 
191 199 200 213 221 224 233 237 240 245 252 261 267 271 275 280 284 288 291 295 298 309 312 319 323 326 329 335 338 339 342 344 353 354 356 361 363 367 368 372 373 377 378 385 390 397 401 404 407 408 410 414 416 425 429 434 438 439 440 446 450 451 454 458 460 466 470 474 477 482 483 487 491 495 497 501 504 509 513 515 518 521 523 527 529 
193 201 203 214 224 226 237 239 244 249 253 264 268 272 277 283 286 290 294 297 302 313 314 321 327 328 333 339 343 347 348 351 356 358 359 362 367 371 375 377 378 379 382 389 393 399 402 407 409 411 415 418 422 429 433 438 441 445 447 449 451 454 457 459 463 469 471 477 479 484 488 491 495 497 498 505 507 511 514 518 522 524 526 528 532 
194 204 205 218 228 229 238 242 246 252 255 265 272 274 279 287 291 293 297 300 304 317 318 324 330 331 334 340 345 350 352 355 359 362 365 368 369 373 376 379 380 381 385 391 396 402 406 410 412 413 417 422 424 432 435 442 445 446 451 453 457 458 461 463 466 470 475 479 481 487 491 493 499 502 506 508 509 513 516 519 526 528 532 535 539 
197 206 207 221 230 231 241 246 247 254 257 268 276 278 282 289 294 298 299 301 307 320 321 325 333 336 340 344 346 354 355 358 362 363 369 370 373 375 378 381 382 386 388 392 400 406 407 412 415 416 418 424 427 436 440 445 447 451 452 457 458 460 465 467 471 472 478 483 485 490 495 496 500 506 507 509 513 516 517 522 530 534 537 540 542 
198 210 213 223 232 233 244 249 250 257 259 271 279 281 285 290 296 299 300 302 308 322 326 330 337 341 343 347 351 356 358 360 366 368 372 376 379 383 385 388 390 392 395 399 403 409 411 414 417 418 422 425 431 439 442 448 449 455 458 462 464 466 467 471 473 475 480 484 488 493 498 500 503 509 513 517 521 522 524 528 533 535 541 542 543 
201 213 214 226 236 238 248 252 254 261 265 275 281 282 287 291 297 301 303 305 309 324 328 332 338 344 346 348 355 357 359 362 367 371 375 377 381 387 388 391 393 396 397 402 405 410 412 415 418 421 423 429 432 443 447 449 450 457 459 466 468 471 473 477 478 481 483 486 490 495 502 503 506 511 517 520 523 524 527 529 537 541 542 546 550 
202 217 218 228 237 240 249 255 256 264 269 279 284 287 290 293 300 302 305 307 310 328 331 333 342 348 350 353 359 361 362 365 371 374 377 380 384 391 392 396 400 403 405 409 410 412 413 417 420 423 426 432 433 446 448 451 454 460 464 467 470 472 477 480 481 485 489 492 493 496 504 507 510 512 519 521 525 526 531 533 540 545 546 549 553 
205 219 222 229 238 243 252 256 260 265 272 283 286 291 294 298 302 304 308 310 313 330 333 334 345 352 354 357 363 366 368 369 372 377 378 384 386 395 398 401 402 406 407 410 411 416 417 420 424 427 429 436 437 447 452 454 458 463 467 470 474 475 481 485 489 491 494 496 498 501 508 509 513 514 522 526 527 531 532 534 542 549 551 555 556 
208 221 223 231 242 246 254 260 264 269 276 286 288 293 297 301 305 309 313 316 318 334 336 340 348 356 358 360 367 368 371 374 375 381 383 388 391 398 402 405 409 413 417 421 423 425 428 431 433 435 436 439 443 451 455 458 462 467 468 472 477 478 482 489 491 492 496 500 503 504 512 514 517 520 523 528 530 535 536 537 544 550 552 558 562 
210 224 226 234 244 248 257 263 266 273 278 290 291 296 299 303 308 313 315 319 323 335 339 344 350 357 362 363 369 373 374 378 379 384 385 390 395 401 404 407 410 414 419 425 426 428 430 433 436 437 439 441 447 454 457 459 465 469 473 475 479 482 483 493 496 500 504 508 511 514 517 519 523 526 527 532 535 539 541 543 547 554 556 559 563 
212 225 230 238 245 250 260 267 268 277 279 291 292 298 300 307 310 316 317 323 327 337 340 345 352 359 365 369 370 374 376 379 381 388 390 391 399 405 407 408 413 418 423 427 430 433 434 435 438 441 444 445 450 458 462 463 467 473 477 481 485 489 492 495 497 504 508 512 516 520 522 525 526 527 529 535 539 541 544 545 551 556 557 561 567 
215 227 232 242 249 251 263 269 273 279 281 292 293 300 301 311 315 319 322 325 330 340 341 347 355 363 368 372 376 378 379 382 385 389 394 395 402 406 409 412 415 422 425 428 431 434 435 439 440 445 447 448 453 460 464 465 468 474 478 483 486 493 495 498 499 507 510 516 519 523 527 530 533 536 539 543 546 550 553 554 555 560 564 566 570 
217 230 235 246 251 252 266 273 275 281 284 293 297 302 305 315 319 320 326 327 334 342 346 350 359 364 371 376 378 381 383 386 388 391 398 402 405 407 412 415 418 423 427 432 435 437 439 441 442 448 452 455 459 463 468 470 474 475 480 487 489 494 499 500 503 510 512 520 521 525 528 534 538 541 545 546 548 552 555 558 559 564 566 567 573 
219 233 239 247 253 254 270 274 277 283 285 297 299 303 309 317 323 327 329 331 336 345 349 354 363 367 375 378 380 382 386 389 390 393 402 404 409 412 416 418 419 424 431 436 439 440 442 443 445 450 453 459 460 466 469 474 475 476 484 490 491 497 502 506 507 513 517 522 524 526 531 535 540 542 549 551 552 553 556 561 565 567 568 571 574 
220 237 243 251 256 259 271 277 278 286 290 300 301 304 312 320 324 331 333 336 337 347 351 357 365 369 378 381 383 387 388 391 395 399 406 410 412 414 417 421 425 429 434 437 442 445 449 452 453 456 459 461 463 468 471 476 478 480 486 493 495 500 504 510 512 515 520 525 529 531 535 538 543 547 551 555 559 560 562 563 568 569 570 573 576 
