5 7 8 12 15 18 20 24 28 31 32 33 37 40 42 43 47 48 49 53 55 56 59 60 63 67 71 74 75 77 81 85 89 90 91 93 97 101 104 108 111 114 117 120 124 128 130 132 135 137 139 143 144 145 149 153 155 158 162 164 167 170 172 175 177 180 184 187 191 195 199 202 205 206 208 210 214 218 222 224 226 227 229 232 233 235 239 240 241 244 247 251 255 257 258 262 263 267 268 269 273 276 277 278 280 281 284 288 290 293 296 300 301 303 305 307 311 312 313 315 318 320 321 322 324 328 330 331 333 335 336 340 344 348 352 354 357 361 362 366 370 374 378 
7 10 14 16 17 21 25 27 31 33 34 35 39 42 45 47 48 51 54 57 58 61 62 64 65 71 72 76 78 80 84 89 90 92 94 95 98 105 108 110 113 117 120 123 128 131 135 138 139 142 146 150 154 157 159 162 163 166 170 174 177 178 182 186 189 191 192 196 200 204 205 207 210 214 218 221 224 225 227 229 233 234 236 240 243 245 249 251 252 253 255 259 262 266 267 270 274 278 282 283 284 286 290 293 296 300 304 307 309 310 311 314 317 319 321 323 327 329 331 332 333 334 335 338 340 344 347 348 350 351 354 356 359 363 367 370 372 375 378 382 384 385 389 
8 12 15 20 23 26 27 28 32 37 38 39 41 45 46 51 52 54 55 60 63 64 68 71 72 76 78 79 83 86 89 90 91 93 98 102 105 107 112 115 118 122 124 126 132 133 137 142 145 147 151 152 156 161 164 167 170 174 178 180 182 186 188 189 190 195 199 202 205 209 212 214 218 220 224 225 228 230 234 238 241 245 248 252 253 256 260 261 265 266 269 272 274 277 278 279 282 283 286 288 292 294 295 299 301 303 307 311 314 318 321 325 329 333 334 338 340 343 347 348 349 352 356 359 360 363 366 369 373 374 375 379 383 386 390 391 393 394 396 398 402 403 404 
12 13 17 21 26 27 31 32 33 38 40 43 45 47 50 52 56 60 63 67 69 71 72 74 78 80 84 88 91 95 99 103 107 111 112 113 114 118 122 126 129 132 136 139 140 143 147 150 152 155 158 160 162 164 168 171 173 176 180 181 184 187 191 195 198 200 203 207 208 211 214 215 221 225 226 230 231 232 235 239 242 247 249 253 254 259 264 268 269 273 274 275 279 281 284 285 286 289 290 291 295 298 301 303 305 309 313 314 317 322 323 329 333 336 339 340 342 346 348 352 353 356 357 361 364 365 370 371 376 380 382 385 387 389 391 393 395 397 398 400 405 409 412 
15 16 21 24 28 32 36 37 39 42 44 46 50 51 52 55 59 62 64 71 74 76 78 82 85 86 87 89 93 97 100 105 111 114 115 116 118 121 124 128 133 137 140 142 143 144 148 153 154 158 160 163 165 169 170 173 174 179 183 184 186 190 192 199 202 205 206 210 214 215 217 219 225 227 228 234 236 239 241 244 246 250 254 256 260 264 265 269 273 275 276 277 282 285 287 291 294 295 299 302 305 308 311 313 317 320 322 325 327 328 331 334 338 339 341 345 348 351 353 356 360 361 365 369 370 374 378 379 383 386 387 388 389 391 392 396 400 401 405 406 408 411 413 
16 18 22 28 29 33 40 42 43 46 48 49 53 55 59 60 62 63 68 73 75 77 80 84 87 91 93 95 98 101 102 108 114 115 119 120 124 128 130 132 137 139 142 146 149 151 154 155 156 159 162 167 168 173 175 177 181 184 185 187 188 191 196 201 206 209 213 216 217 220 222 226 227 229 233 235 239 242 243 247 251 252 256 259 263 265 268 272 276 278 279 281 285 286 291 293 296 299 303 307 308 312 315 316 321 323 327 329 333 334 337 340 344 346 349 353 355 356 360 363 365 368 370 373 377 380 384 386 389 393 396 399 403 405 407 410 413 417 420 423 424 426 429 
19 20 23 30 33 37 44 47 50 54 57 59 61 62 63 67 69 73 74 76 80 81 84 88 89 92 97 100 104 107 111 114 115 117 120 124 126 131 132 136 139 141 144 148 150 153 157 161 165 169 172 175 179 182 184 186 190 193 197 200 201 205 207 208 210 214 216 217 220 221 223 230 233 236 239 242 244 248 252 255 257 261 264 266 267 271 272 275 277 280 284 285 287 289 293 295 298 301 304 311 313 316 319 322 323 327 331 332 335 336 341 344 345 348 353 354 356 357 363 366 369 370 372 375 379 381 387 389 392 394 399 402 404 409 412 413 415 418 422 424 426 430 432 
21 25 28 33 37 41 47 51 52 55 60 61 62 63 64 69 72 76 78 81 85 88 92 96 99 103 106 107 110 112 114 115 116 120 123 125 129 135 136 139 142 145 147 150 154 156 161 163 169 173 177 178 183 186 189 193 195 197 200 203 207 208 211 214 218 220 223 225 227 231 232 233 237 238 242 243 248 249 255 257 258 263 268 271 273 276 279 282 285 288 291 295 299 300 304 305 308 311 315 317 318 320 323 327 331 332 334 337 339 342 346 349 352 353 357 358 362 364 365 368 370 373 377 381 383 387 390 391 394 398 402 403 405 410 416 420 423 427 429 430 431 434 435 
24 29 31 35 41 44 50 52 55 56 61 63 66 68 72 76 80 83 87 90 94 95 99 103 105 107 110 113 117 120 123 127 130 132 133 134 135 138 139 141 146 148 152 154 155 158 165 167 173 177 178 179 185 188 192 197 199 201 203 207 210 214 218 219 222 226 228 229 231 232 235 237 239 242 243 247 250 251 258 260 262 265 272 275 277 281 284 286 288 292 294 298 302 303 307 308 309 315 317 321 324 326 330 331 335 337 338 340 343 347 351 352 353 355 360 363 364 367 368 370 371 377 381 384 386 389 393 397 399 400 405 409 412 416 420 423 425 430 432 435 439 441 444 
27 31 33 38 42 46 53 56 59 63 64 67 70 74 77 80 83 85 88 94 97 99 101 104 106 108 113 115 120 121 126 129 132 134 137 140 144 147 148 152 153 155 159 163 165 168 169 172 174 181 184 186 187 190 194 198 200 204 207 209 214 215 219 223 225 228 232 236 238 240 241 242 244 245 248 249 254 255 261 264 266 270 276 278 280 282 288 291 294 298 299 303 306 309 310 312 314 317 319 323 327 329 332 336 337 338 339 344 347 351 352 356 357 359 363 367 370 372 374 377 380 384 386 389 391 394 396 398 403 405 406 410 416 418 424 427 431 433 434 437 443 447 450 
30 34 36 40 46 48 55 59 61 64 68 72 76 80 84 88 91 92 94 96 100 101 105 106 110 113 117 119 124 128 129 133 134 135 139 144 145 149 151 156 157 161 164 168 170 171 173 176 180 184 185 189 190 193 195 200 204 207 209 210 216 218 223 227 230 234 238 239 242 243 244 246 247 248 249 253 257 260 262 265 270 272 279 283 284 288 289 294 296 300 301 307 309 313 315 318 322 323 326 327 331 332 334 339 340 342 344 346 348 355 359 361 364 365 367 371 374 375 378 382 386 388 389 391 393 396 399 402 407 409 411 415 419 421 428 432 436 438 441 443 446 448 451 
34 38 39 43 49 53 57 61 62 67 70 75 77 82 87 89 95 98 99 103 106 109 111 112 115 118 122 123 126 129 130 134 135 139 141 145 146 152 155 158 159 162 166 171 174 175 176 179 181 185 186 193 197 199 201 203 207 208 211 214 220 222 224 230 231 235 242 244 247 251 255 258 261 265 267 271 274 278 280 282 286 288 289 293 294 298 299 300 303 305 308 312 313 314 317 321 325 328 330 333 334 335 338 341 344 346 347 349 353 357 360 362 365 366 370 375 377 381 385 389 392 394 395 397 399 400 403 404 408 411 412 416 422 426 429 433 438 439 442 444 449 453 457 
38 41 44 47 50 54 60 62 65 70 71 79 80 84 90 93 96 102 105 106 107 111 115 118 119 123 125 129 131 132 133 138 139 142 145 148 150 156 158 159 160 163 167 172 176 179 182 184 188 189 190 195 201 202 203 207 208 209 213 217 222 226 227 233 236 239 244 245 248 253 257 261 264 268 269 272 276 279 283 287 288 290 292 296 297 299 302 303 306 309 310 313 316 318 319 323 327 329 331 334 338 342 343 345 347 350 352 353 356 361 363 365 367 370 374 376 379 384 386 391 395 397 399 402 405 408 412 416 419 423 425 427 428 430 431 434 439 441 444 448 452 457 458 
42 45 46 49 52 56 64 66 68 73 75 80 81 88 91 97 101 105 107 111 115 117 119 122 123 124 127 133 137 139 141 143 147 149 151 155 157 159 163 164 167 171 174 176 178 181 186 187 192 194 197 199 204 206 207 211 214 217 218 220 223 227 229 234 238 242 246 248 250 256 259 263 267 271 273 275 280 283 284 288 292 295 297 298 299 303 306 309 312 314 318 319 323 324 328 331 333 336 340 344 347 351 354 358 361 363 367 369 373 376 379 381 382 384 385 389 393 397 401 403 407 409 411 415 418 422 425 428 430 433 436 437 439 442 446 447 449 450 454 456 458 461 464 
46 47 49 51 54 58 67 69 71 74 78 83 85 91 92 100 102 109 110 112 117 119 121 125 127 130 134 138 141 145 148 149 151 155 159 160 163 167 170 172 174 177 181 183 185 187 188 190 194 197 198 203 206 207 211 212 218 221 223 227 229 233 236 240 243 245 248 249 254 258 262 267 270 273 277 279 281 285 286 289 293 299 301 303 307 309 310 312 314 317 319 320 326 328 331 334 336 338 342 345 351 353 355 362 365 368 371 372 376 378 380 384 385 387 388 393 394 399 404 406 408 410 414 419 421 423 428 431 435 439 441 443 445 446 449 451 453 454 458 459 461 464 467 
48 51 54 57 58 59 71 74 76 78 81 84 89 93 94 102 103 110 113 114 120 123 124 129 130 134 136 139 143 149 150 151 152 157 163 165 169 171 173 177 178 181 183 186 189 191 193 197 200 203 206 207 209 212 216 219 221 224 226 230 234 238 241 244 245 246 249 253 256 260 263 268 274 278 282 284 288 290 293 297 301 303 307 311 315 319 322 326 329 331 335 338 339 342 346 349 353 355 357 360 364 365 368 372 376 377 381 384 387 390 394 397 398 401 403 406 408 409 412 416 417 418 420 423 427 430 433 436 440 441 443 444 449 452 453 456 459 463 465 468 471 474 476 
49 52 56 60 61 63 74 78 80 83 86 89 91 96 100 104 105 112 114 116 124 128 132 133 135 136 138 141 147 153 156 158 161 164 167 171 175 176 177 181 185 187 189 192 196 199 200 202 206 209 211 214 216 220 223 224 225 229 232 233 237 242 245 246 249 253 255 258 260 262 267 271 277 282 283 288 291 292 295 300 305 309 313 317 319 321 324 330 331 335 339 341 344 347 350 351 356 358 359 361 366 368 372 374 378 382 383 387 391 394 395 401 405 407 411 415 417 418 422 424 427 430 431 433 435 438 441 445 448 451 452 454 455 459 461 465 468 471 473 475 476 479 480 
51 55 57 61 64 66 76 81 85 88 90 93 96 98 104 108 112 113 117 120 126 129 134 137 139 141 143 144 149 155 159 160 162 168 171 174 176 179 183 186 187 189 193 196 198 202 204 208 211 212 213 217 219 222 227 231 233 234 235 238 240 246 248 250 251 255 259 261 262 263 271 275 281 286 289 290 294 296 297 303 309 313 315 319 323 324 326 334 338 341 345 346 350 352 353 357 359 360 362 365 367 370 376 378 379 386 387 388 394 396 399 405 407 408 412 416 419 420 426 429 431 432 435 439 443 445 447 448 452 455 456 459 463 466 468 472 473 474 475 478 480 482 484 
52 57 61 62 65 67 77 84 86 90 91 97 100 103 108 110 115 118 122 124 128 132 136 138 143 144 148 150 152 157 160 161 166 170 172 178 179 183 187 189 190 192 197 201 205 208 209 210 213 215 216 220 223 227 231 234 236 237 239 242 244 250 254 256 259 263 265 268 269 272 274 276 282 290 292 296 298 302 306 310 314 315 317 322 325 327 330 337 341 344 348 352 356 357 360 361 365 366 368 370 371 372 378 379 382 390 394 398 400 402 405 409 413 417 421 422 426 430 433 436 438 440 444 447 448 451 452 455 459 460 462 463 465 470 474 478 482 483 487 491 493 495 498 
55 61 62 63 68 71 80 86 88 92 93 98 101 104 110 111 118 120 123 128 129 135 137 140 145 149 151 153 156 161 162 166 168 172 175 182 183 187 190 192 193 197 198 204 209 213 217 218 221 224 226 227 230 231 235 239 243 246 250 254 255 259 260 262 263 265 268 269 271 274 276 277 284 291 296 298 299 306 308 312 317 320 324 326 328 331 335 340 343 346 349 356 357 359 362 364 366 367 372 376 377 379 382 383 385 393 395 400 401 405 408 413 417 419 425 426 428 431 434 440 444 447 450 454 455 458 462 465 469 470 472 476 478 479 481 482 484 488 490 495 499 502 506 
59 63 67 68 69 73 84 90 91 96 98 102 106 108 111 113 119 123 125 130 132 138 141 145 148 150 152 154 158 164 165 167 171 173 179 183 184 189 193 194 196 198 201 205 211 217 221 224 228 232 234 237 241 245 249 251 253 256 257 259 263 266 267 268 270 273 276 280 284 288 291 294 298 301 302 303 304 310 312 314 321 324 325 329 333 337 339 343 347 348 352 358 359 362 363 367 371 375 377 379 382 386 387 389 393 395 396 404 406 410 413 415 419 421 426 430 434 438 440 444 447 448 451 457 459 462 463 467 473 476 477 479 481 483 485 488 489 491 495 498 501 505 508 
61 67 69 71 73 77 88 94 97 100 101 104 108 109 115 117 122 125 129 131 135 139 144 147 151 155 159 161 165 166 168 169 174 176 182 186 189 190 194 198 199 202 204 207 214 218 224 226 230 234 236 239 244 249 252 255 259 260 263 264 267 271 273 275 277 278 279 283 285 292 296 299 301 305 308 312 315 319 321 323 326 330 334 336 338 341 345 346 349 352 356 361 365 366 368 371 373 376 379 381 385 389 391 392 395 398 399 405 410 413 417 418 423 424 427 432 435 439 444 448 452 454 455 461 462 466 468 472 476 480 484 487 491 495 499 500 502 504 506 507 509 512 514 
64 71 73 74 76 81 92 98 101 104 107 111 114 115 119 121 126 128 130 135 139 140 146 149 152 159 162 163 169 172 174 175 178 181 185 190 191 195 198 202 205 206 208 209 217 222 226 230 231 238 240 243 247 253 256 258 263 267 270 274 277 279 282 285 287 291 292 296 298 299 302 303 307 310 314 318 320 321 323 327 328 333 336 338 340 344 348 349 351 353 358 365 367 369 372 376 379 383 387 388 389 390 394 398 401 403 407 409 412 414 421 423 424 426 431 434 439 443 446 451 453 455 458 463 465 470 472 476 478 482 488 492 494 496 501 504 506 508 512 515 516 520 522 
67 74 76 79 80 84 94 99 105 108 110 113 118 120 121 122 129 131 134 137 143 147 148 153 157 160 166 170 172 174 177 181 185 186 190 191 193 197 201 204 206 209 212 214 219 226 227 234 237 241 244 248 252 254 260 263 265 270 273 277 280 282 285 286 288 293 296 299 302 305 309 312 313 315 319 323 326 330 332 334 335 338 339 342 344 347 350 352 354 356 361 368 371 374 375 377 383 385 389 390 392 394 396 400 402 406 408 412 413 416 424 425 428 430 434 436 441 447 450 454 458 462 463 467 468 471 475 479 481 483 490 494 497 500 504 505 508 510 516 518 522 525 529 
69 78 81 83 85 87 96 100 109 113 115 119 122 125 128 132 135 136 138 139 145 148 151 156 158 163 168 173 177 179 182 183 187 191 194 196 197 200 205 208 210 212 214 218 220 229 233 236 238 242 248 249 254 255 263 265 268 273 275 280 283 284 287 291 294 297 300 304 306 309 310 315 318 321 323 325 330 334 337 341 345 347 349 350 354 358 361 364 367 371 372 376 379 381 384 385 389 391 395 399 400 402 405 407 408 409 411 415 418 420 425 426 430 431 437 441 445 451 452 456 461 464 467 470 472 476 478 480 484 488 491 495 499 502 505 507 509 513 520 523 524 526 531 
73 79 82 86 89 93 99 103 111 116 120 121 125 126 129 136 140 144 148 152 153 155 156 159 161 166 172 174 181 182 183 184 190 194 198 200 201 204 209 212 215 216 220 224 227 230 236 237 239 246 249 251 258 261 264 267 272 275 279 282 286 287 288 295 299 302 305 309 312 314 317 321 324 327 328 331 334 335 339 345 347 349 352 356 357 361 364 367 371 373 377 380 382 383 388 392 396 397 398 402 404 406 407 411 412 413 417 419 421 424 427 429 434 438 442 444 446 453 457 459 465 468 469 471 473 477 482 484 486 489 493 499 502 504 506 508 510 517 524 526 527 530 532 
77 82 85 87 91 96 102 106 115 117 122 125 126 130 132 138 144 145 149 154 158 160 162 165 166 170 175 178 185 189 190 192 193 197 201 204 208 212 216 217 219 221 223 228 231 233 239 242 243 247 253 256 259 264 268 269 275 276 282 283 289 292 295 298 303 307 309 310 314 318 322 323 326 330 333 334 335 338 342 346 348 353 354 360 364 366 367 368 375 378 381 384 385 389 392 395 399 403 405 406 407 409 413 417 418 421 425 427 431 435 438 439 441 445 446 447 449 457 461 462 467 472 473 474 478 481 485 489 493 497 498 502 504 506 507 510 513 518 526 527 529 531 534 
80 84 88 92 93 99 105 108 119 123 127 130 134 138 139 141 147 150 153 156 160 164 168 171 174 177 180 182 186 191 195 199 202 203 205 208 211 213 218 222 223 225 229 232 234 237 242 244 247 248 257 259 260 266 272 274 277 281 285 287 291 296 299 300 304 311 315 317 319 323 324 325 329 333 335 336 340 342 344 347 349 354 358 363 365 370 373 376 378 380 385 387 391 393 394 396 401 406 410 412 416 419 423 426 429 433 437 441 442 446 449 450 453 456 457 460 463 464 468 469 473 476 478 481 485 487 489 492 497 499 500 506 507 511 515 517 519 520 527 531 532 535 536 
84 86 89 93 95 103 109 110 122 126 128 131 135 140 144 147 149 153 154 159 162 165 172 173 177 178 182 185 188 194 198 200 204 207 211 215 218 219 220 226 230 231 233 234 238 241 246 250 251 254 261 264 265 269 274 276 281 283 287 288 294 299 302 305 308 314 317 321 322 326 328 332 334 338 342 345 347 351 354 355 357 358 361 367 370 373 374 377 381 384 387 388 395 398 402 404 407 408 412 415 417 420 424 430 433 437 440 444 445 449 451 454 458 460 464 466 470 472 473 474 478 482 486 488 491 492 494 495 498 501 504 507 508 513 517 520 521 523 529 533 534 539 542 
86 89 92 97 98 106 113 116 124 128 132 135 136 143 148 150 151 154 157 163 167 169 175 179 181 184 188 192 194 196 201 202 207 209 212 218 219 221 225 227 234 238 241 242 246 248 249 253 257 261 265 267 269 270 275 280 285 289 293 296 298 303 305 309 313 318 319 322 326 327 329 333 338 340 343 348 349 354 357 360 363 364 367 370 373 376 378 381 382 386 389 392 396 400 406 408 410 411 415 418 422 423 426 431 437 439 444 446 447 453 455 456 462 464 465 469 472 474 476 479 483 487 489 490 492 493 495 499 501 502 505 511 513 517 520 521 522 524 531 536 540 541 544 
87 91 96 100 103 110 116 118 128 129 134 137 139 147 149 153 154 158 162 167 171 173 178 182 185 189 190 194 196 199 205 208 210 214 216 222 225 226 229 231 238 239 243 244 249 251 254 258 259 263 268 272 276 277 278 284 287 292 295 298 301 306 307 311 314 322 324 325 329 333 337 341 342 343 344 350 354 358 362 364 366 370 374 377 378 379 382 385 389 391 392 395 400 404 408 409 414 416 419 420 426 427 430 434 439 443 447 448 451 456 457 458 464 465 466 472 476 478 481 484 488 491 494 497 500 502 505 507 508 509 513 514 517 520 523 525 529 533 536 537 543 545 547 
90 93 100 104 105 114 120 121 131 135 138 140 141 150 152 157 158 161 166 168 173 177 179 186 189 190 192 196 200 202 209 213 215 217 221 223 226 229 232 235 239 242 245 246 252 255 256 259 260 267 271 274 280 283 287 290 293 296 298 299 303 308 310 312 316 325 326 330 331 335 338 343 347 350 352 356 357 362 366 369 373 377 378 382 384 388 389 392 395 398 401 402 405 406 411 414 418 420 424 426 430 434 435 436 442 444 451 455 456 457 459 462 468 471 473 475 477 479 485 487 492 495 499 502 506 508 512 514 516 519 520 523 524 526 528 529 530 534 538 542 544 548 551 
91 96 103 107 110 116 124 126 135 139 140 142 143 151 155 158 162 163 169 173 174 180 182 188 192 195 197 201 202 206 210 214 218 222 225 227 230 232 234 237 240 244 248 251 256 260 262 263 264 270 272 278 281 287 291 294 296 299 301 304 308 309 313 315 319 329 331 332 333 336 340 345 348 354 355 359 363 365 370 372 375 378 379 386 390 393 397 400 401 404 408 411 412 413 417 420 421 424 427 428 432 438 441 442 446 449 454 459 460 461 462 466 469 475 476 479 483 487 489 490 495 497 503 505 508 511 514 518 519 521 525 526 527 530 532 534 537 538 539 545 547 550 555 
95 98 107 111 114 120 126 127 138 143 147 150 151 152 156 162 163 165 170 174 177 183 184 190 195 198 199 203 204 209 211 217 219 225 228 229 231 234 235 240 244 245 252 253 257 264 268 272 276 279 283 284 287 288 292 295 297 301 302 308 312 316 320 321 323 330 334 337 338 342 346 347 350 356 359 363 365 366 373 376 379 381 384 390 393 397 400 401 405 407 412 416 419 422 425 426 429 430 433 435 438 439 442 443 449 451 457 461 462 466 469 470 473 479 481 483 484 488 492 496 498 500 507 508 509 514 518 522 524 526 530 533 537 541 543 546 549 551 552 554 558 562 565 
98 100 109 114 116 123 128 130 141 145 148 153 155 157 158 163 164 167 171 177 179 185 188 192 196 199 201 207 208 210 214 220 221 226 229 230 233 235 239 243 248 249 255 256 261 268 272 275 280 284 288 292 294 295 296 298 300 303 304 312 316 320 322 325 329 333 335 339 343 347 351 354 357 358 361 367 371 375 378 381 384 387 388 391 396 398 401 402 407 411 413 417 423 424 429 433 435 436 438 441 442 444 448 452 456 458 460 463 464 467 473 475 476 482 485 489 491 493 496 499 502 503 511 514 518 520 521 523 528 529 532 535 538 542 545 547 550 554 556 558 562 566 569 
99 102 113 115 117 127 130 132 145 147 149 155 159 162 164 167 169 173 176 179 181 189 190 195 200 204 208 209 212 216 220 221 224 229 233 237 241 243 247 248 252 254 259 260 265 272 274 277 281 286 290 294 295 297 298 299 304 307 309 315 318 324 328 330 331 337 339 341 345 349 352 357 360 362 363 369 373 378 380 383 387 389 392 394 398 400 403 407 408 415 416 421 424 425 432 436 438 440 442 443 444 446 452 454 459 461 463 465 466 470 476 478 479 483 489 492 495 498 500 501 504 506 513 515 519 523 525 528 531 535 539 542 544 547 548 551 554 557 558 559 564 567 570 
103 104 117 119 123 131 134 135 149 150 151 156 163 165 168 171 175 177 180 183 186 190 193 196 201 207 210 214 218 222 225 227 230 233 235 238 243 247 248 251 253 258 262 265 267 273 276 278 284 290 291 297 299 302 304 307 311 314 317 318 322 328 330 331 332 338 342 344 349 353 355 359 362 363 364 371 377 380 382 385 390 391 396 400 403 404 407 411 412 419 420 424 428 430 433 438 441 443 446 450 453 454 458 461 462 465 468 471 474 477 479 482 484 488 492 495 498 499 503 506 510 513 514 518 523 527 531 534 537 539 543 545 547 551 553 554 558 561 565 569 570 571 572 
107 109 121 125 126 133 136 138 152 155 158 162 167 170 172 173 178 179 183 186 190 193 195 199 205 209 211 217 221 225 228 229 234 238 240 242 244 249 251 255 259 262 265 268 269 275 278 279 288 294 296 299 303 307 311 313 315 316 320 322 325 330 334 335 337 341 344 345 351 354 356 363 366 369 371 375 380 384 387 389 393 396 399 403 407 411 414 415 417 423 426 430 432 435 436 441 445 449 453 454 455 456 460 464 466 470 473 475 479 483 487 491 495 497 499 503 506 507 510 511 515 516 518 522 525 530 535 536 541 543 545 549 552 554 555 556 561 562 568 571 574 578 582 
110 114 125 129 130 136 140 141 156 158 161 163 170 172 173 176 181 183 185 189 193 194 197 201 206 213 215 219 224 227 229 231 235 240 243 244 246 253 255 256 260 264 266 269 270 276 282 286 291 296 299 300 305 310 315 317 318 321 325 329 333 337 340 344 345 347 351 353 357 360 364 367 368 373 374 378 384 385 389 390 396 398 400 406 409 412 415 419 423 425 427 433 436 437 439 443 448 451 456 459 460 464 465 466 467 471 474 477 483 486 490 494 496 501 503 507 511 513 514 515 517 521 524 525 526 534 539 543 544 546 547 552 553 558 560 562 566 570 572 576 577 580 586 
112 115 129 130 134 137 143 144 158 161 164 166 172 176 177 178 184 185 189 193 197 201 204 206 207 215 217 223 227 230 232 234 236 243 246 248 252 255 256 258 261 266 267 271 272 279 284 287 295 300 302 303 306 314 319 323 325 329 333 334 335 338 342 348 352 354 356 357 359 364 368 370 371 377 380 381 385 388 392 394 399 400 403 407 412 413 419 421 425 427 431 436 439 440 442 446 452 453 457 460 464 465 466 470 473 477 480 482 487 489 493 496 499 503 504 511 512 514 515 516 521 525 528 531 535 539 541 545 549 551 554 556 559 561 562 565 569 574 576 580 584 585 587 
116 119 132 133 137 139 145 148 160 163 167 171 175 179 182 184 185 187 192 195 200 203 206 210 211 218 219 226 229 234 237 241 242 244 249 252 255 257 260 261 264 267 269 273 274 283 285 288 298 302 305 308 310 316 320 325 327 332 335 338 341 344 345 351 355 359 361 362 365 369 373 376 379 383 384 386 387 391 394 396 400 401 404 410 416 417 422 424 427 431 434 437 441 444 447 451 456 459 463 465 469 473 476 480 484 488 492 493 495 497 499 501 504 508 509 513 517 518 519 521 524 526 532 533 537 542 543 549 553 556 560 563 566 568 572 575 577 578 582 586 590 592 595 
117 120 134 137 141 144 146 151 161 165 169 173 176 180 183 185 187 191 196 197 202 206 207 214 217 222 225 230 233 236 240 242 243 245 251 254 257 260 262 266 269 271 273 275 276 286 288 292 301 305 308 310 312 320 321 326 331 333 338 340 344 346 347 354 357 362 366 369 373 377 381 382 386 388 390 391 392 395 398 402 406 408 412 415 418 422 423 426 429 432 438 441 445 446 448 453 458 463 466 467 471 476 478 483 488 492 496 499 501 502 505 507 508 511 515 516 521 525 527 528 531 533 536 540 543 547 550 552 555 558 561 567 568 570 573 577 581 584 586 588 594 595 596 
120 122 137 140 143 148 150 153 162 168 172 176 180 184 185 187 188 192 200 204 207 210 211 215 220 225 226 233 237 240 241 246 249 253 255 256 260 262 263 270 274 275 279 281 283 287 291 294 305 306 312 315 319 323 326 328 334 336 341 345 349 351 355 358 359 365 369 371 375 379 383 385 389 391 394 396 400 401 402 403 409 413 417 418 420 425 428 432 436 439 442 445 446 450 454 455 461 466 470 473 477 479 480 485 491 493 498 501 503 505 509 510 512 514 519 521 524 527 528 532 535 537 538 543 545 548 554 556 560 562 563 570 572 576 580 581 582 585 587 589 597 601 605 
122 126 141 144 145 149 153 155 166 170 173 180 182 187 190 193 197 198 201 206 210 213 214 216 222 226 228 236 238 241 242 250 253 257 259 262 264 266 270 274 276 280 282 283 287 288 292 295 306 309 313 317 321 325 328 331 336 339 343 347 353 356 358 359 362 366 371 374 376 382 384 386 393 397 399 403 405 408 410 413 415 419 420 422 424 427 432 436 440 443 444 448 449 453 458 461 463 467 474 476 478 480 484 486 494 496 502 503 504 509 510 514 518 522 524 526 527 528 531 536 538 539 543 546 549 552 555 558 562 566 570 571 573 577 584 587 588 591 595 599 603 605 609 
124 128 143 146 149 153 154 157 170 172 174 182 184 188 193 196 201 204 208 209 211 217 218 221 223 227 230 239 240 243 246 251 256 261 264 265 266 270 274 276 280 281 285 287 291 295 299 300 307 312 315 318 325 328 331 334 339 342 347 348 354 357 360 361 366 370 373 378 379 386 388 392 397 401 405 406 408 411 414 416 418 420 421 426 429 432 434 440 444 445 447 450 452 454 462 466 468 472 476 478 479 481 487 488 498 502 505 507 509 512 514 516 521 523 526 527 531 533 535 537 542 546 548 550 553 554 558 561 565 567 571 575 578 579 586 590 594 597 599 602 604 606 612 
125 129 144 149 151 156 158 159 174 178 180 186 190 194 195 198 202 206 211 214 216 218 219 223 225 229 233 243 246 248 249 254 258 262 266 270 272 276 279 280 283 285 288 289 294 296 302 304 309 315 318 319 329 331 332 335 342 346 350 354 355 360 361 362 369 374 378 380 384 388 390 396 401 405 408 412 416 419 422 425 429 431 432 436 437 440 443 446 448 451 455 458 462 463 465 468 470 473 478 480 481 483 489 493 500 503 508 512 513 515 519 520 524 528 530 534 535 539 541 545 547 548 549 554 557 559 561 562 566 569 575 576 580 582 587 594 595 599 601 605 609 612 613 
126 132 145 153 156 158 162 163 176 179 181 190 193 198 199 202 203 210 214 215 217 219 221 227 228 233 236 244 247 252 254 258 262 264 268 273 277 278 283 287 289 293 297 301 305 306 308 309 313 317 320 322 333 336 340 344 348 350 352 355 358 364 367 371 372 377 380 384 385 391 392 397 402 408 409 414 420 421 423 427 432 436 437 441 445 446 447 451 453 454 457 461 463 466 470 471 473 476 481 483 485 488 493 497 504 507 511 513 516 520 521 525 529 531 535 536 538 541 544 549 552 554 556 560 564 565 569 571 575 579 581 584 588 592 595 599 602 604 608 612 615 619 622 
127 136 149 156 159 160 165 167 177 180 182 191 197 200 201 205 208 212 216 220 221 222 226 230 234 235 237 248 249 255 257 262 263 267 271 276 281 283 284 291 295 297 300 305 306 310 312 315 317 319 322 323 335 338 342 345 352 355 358 362 365 366 371 373 375 381 384 385 387 393 395 399 405 410 414 416 421 423 425 428 436 439 443 447 451 454 458 462 465 467 468 472 476 478 479 482 483 487 491 493 494 496 498 501 508 512 515 517 519 522 526 529 531 532 538 542 543 544 548 551 555 558 562 564 567 569 570 573 578 582 584 585 590 595 599 601 604 608 611 613 616 620 623 
131 138 151 158 161 162 168 172 178 183 187 192 199 201 203 208 211 216 217 221 224 226 228 234 237 241 243 249 253 256 259 264 265 268 274 280 285 286 288 293 298 299 303 309 313 316 317 321 325 329 332 335 339 340 346 349 354 357 359 364 369 372 376 377 379 383 385 387 390 395 399 400 409 413 417 421 422 425 429 432 440 441 444 451 455 457 461 464 468 471 475 478 482 486 487 488 491 493 497 501 503 507 511 514 518 519 521 522 525 526 528 532 533 534 540 544 546 550 553 554 557 561 563 565 570 574 576 580 584 586 587 591 594 599 602 605 609 612 613 617 619 622 627 
134 140 155 159 163 166 170 173 180 187 188 193 202 203 207 212 214 219 223 226 228 231 234 237 240 245 249 250 255 259 261 265 267 270 277 284 288 290 292 295 299 300 305 313 315 320 324 327 328 331 334 336 341 343 350 352 357 360 362 366 371 373 378 379 382 385 386 388 393 397 402 405 411 416 420 425 428 432 433 434 444 448 449 454 456 461 463 466 469 474 476 480 485 489 493 495 498 502 506 509 512 515 517 518 521 524 528 532 534 536 540 544 548 551 552 554 558 559 560 561 563 564 567 570 573 575 577 581 587 588 590 594 596 602 605 606 611 615 616 620 622 624 630 
135 144 159 162 164 169 174 178 181 191 193 196 203 206 210 213 215 222 227 231 233 234 236 241 243 246 250 254 259 263 265 269 272 273 278 288 290 293 296 297 300 303 307 315 316 324 326 330 334 335 337 338 343 346 353 355 358 364 366 368 374 377 381 385 386 390 391 392 394 399 404 406 414 417 422 428 430 435 436 439 446 449 450 456 459 465 466 468 472 478 482 483 487 491 494 496 500 503 509 512 515 517 518 522 526 528 532 533 538 539 542 548 551 554 558 559 560 564 568 569 572 575 579 581 583 586 588 591 592 596 600 602 604 606 608 612 613 619 620 624 626 628 634 
136 148 160 165 169 170 176 181 185 192 196 200 207 209 214 216 218 224 230 233 234 238 240 242 247 249 253 255 262 265 268 272 275 277 281 292 293 296 300 303 305 308 309 317 318 326 330 334 338 342 346 350 353 355 357 358 360 366 370 372 375 378 384 389 391 393 396 397 401 405 406 409 418 419 426 429 434 439 443 445 449 452 456 460 464 466 470 471 475 480 484 488 492 495 496 497 501 506 513 516 518 520 523 527 528 529 534 538 542 544 545 549 552 558 559 562 565 567 571 574 576 577 580 583 584 587 592 594 597 598 601 603 607 608 612 614 618 622 623 625 629 630 638 
139 152 163 166 173 177 180 183 186 194 198 203 210 212 217 218 220 227 234 236 238 239 242 243 248 252 256 257 265 266 271 275 279 283 285 296 298 299 301 304 308 311 315 320 322 329 334 335 341 345 348 353 355 359 363 365 366 367 374 375 378 380 386 392 396 398 402 405 409 411 413 416 419 422 429 433 435 443 446 449 450 455 458 462 468 472 475 478 479 484 487 491 496 497 498 499 504 509 516 518 522 526 530 531 532 535 537 541 544 546 550 553 557 560 562 565 566 569 574 577 581 584 585 587 590 592 596 598 601 605 608 612 613 616 618 622 626 628 629 631 635 637 641 
140 156 167 170 175 180 181 184 190 196 202 204 212 214 220 223 225 228 236 237 242 246 247 248 250 256 259 261 266 267 272 277 282 284 287 299 300 302 304 308 311 312 319 323 325 331 336 338 344 346 351 356 359 361 365 366 368 369 375 377 381 384 388 394 397 399 404 409 412 413 417 420 423 427 430 436 438 445 447 450 454 456 462 466 470 475 479 481 484 486 490 495 497 499 500 504 507 512 518 522 525 527 533 534 537 539 540 545 548 549 554 557 561 563 565 569 570 571 576 579 582 585 587 591 594 598 601 605 606 607 610 615 619 622 626 629 633 635 637 638 642 645 648 
141 157 169 174 177 182 183 186 192 198 205 207 213 217 223 226 230 231 237 240 245 247 250 254 258 261 263 266 270 271 275 280 283 287 289 300 304 307 311 314 317 318 322 325 329 333 337 340 345 347 354 360 361 362 366 369 371 373 377 378 384 386 392 396 400 402 405 410 415 417 421 425 429 430 433 437 442 448 451 455 458 461 465 470 474 479 481 485 486 487 493 499 500 502 503 508 509 513 522 524 529 531 536 537 539 542 546 550 552 555 556 560 565 569 570 572 573 577 578 583 584 586 589 593 597 599 604 608 612 614 615 619 623 627 630 633 634 638 640 641 646 650 651 
144 159 172 178 180 183 185 190 193 201 207 211 217 221 227 229 232 233 241 244 249 252 254 258 262 266 269 271 273 274 278 281 287 289 293 302 307 311 314 315 321 325 328 332 335 338 340 343 347 349 357 363 366 367 371 373 374 378 379 380 388 391 393 399 404 406 408 413 418 419 424 426 430 432 435 441 444 451 454 456 462 464 468 471 476 482 484 489 492 494 497 501 505 508 512 515 517 520 524 528 530 534 540 543 547 549 552 553 556 560 562 565 568 573 574 576 580 582 584 587 590 593 596 598 600 604 606 610 615 616 619 620 624 629 633 634 637 639 642 646 650 654 656 
148 163 174 179 182 184 186 193 197 205 211 214 219 223 230 233 235 239 243 246 251 254 258 259 266 268 271 275 279 283 284 288 292 294 297 306 310 314 316 317 322 327 329 336 338 342 343 345 348 353 361 364 368 372 375 376 380 383 385 387 392 394 395 402 407 410 412 417 422 425 427 431 433 434 439 445 448 452 458 460 463 466 471 474 479 485 489 493 494 496 498 505 508 511 514 516 521 522 527 531 535 536 544 548 550 554 556 560 561 565 568 569 571 577 579 580 581 585 589 592 595 597 599 600 604 608 610 612 617 618 621 624 625 632 634 635 639 640 643 650 651 656 659 
150 165 177 181 183 185 190 194 201 206 215 219 220 226 231 234 238 240 246 250 255 258 261 264 270 272 275 276 283 285 288 292 295 296 301 307 311 316 317 320 323 330 332 337 342 343 346 347 349 354 364 368 372 373 379 382 385 387 388 389 394 395 396 404 410 413 415 420 426 429 430 435 439 441 444 448 451 455 461 463 464 468 472 477 483 487 491 496 497 498 501 509 511 515 516 519 523 527 529 534 539 541 545 551 552 555 559 563 564 567 570 571 575 580 584 586 589 590 593 594 598 600 602 606 609 610 611 615 621 623 624 626 629 636 640 641 644 645 647 651 652 657 661 
154 168 181 184 187 188 194 195 205 208 219 223 224 229 233 237 242 244 249 253 259 260 263 265 273 274 279 281 285 288 292 293 297 298 304 310 314 320 324 326 327 331 335 341 343 347 348 349 352 358 365 369 373 377 383 384 386 391 393 396 397 398 402 408 411 417 421 425 428 433 437 440 442 446 447 452 453 457 465 467 470 474 475 481 486 489 492 499 501 504 505 510 515 519 522 525 526 531 532 535 543 546 547 554 558 560 564 565 566 570 571 575 577 581 586 587 591 592 596 597 599 601 603 610 611 612 616 620 625 629 630 633 637 639 642 646 648 652 655 657 660 664 667 
158 170 184 185 189 192 197 198 208 210 221 225 229 230 234 239 246 250 253 255 263 266 269 270 276 279 280 283 286 290 295 298 302 306 308 313 316 322 327 328 330 332 337 344 346 349 352 354 355 362 367 371 376 378 385 387 390 392 395 399 400 402 405 409 415 421 425 429 431 434 441 442 444 449 450 453 456 458 467 470 473 476 479 482 487 492 493 501 502 508 509 514 518 520 526 529 530 534 538 542 547 551 552 558 559 561 567 570 572 574 576 578 582 586 587 589 593 596 600 603 607 610 612 614 616 617 618 623 629 630 633 637 641 644 646 647 651 653 657 660 662 668 669 
162 172 185 186 192 194 198 201 209 211 222 228 230 232 238 242 247 254 258 259 264 270 273 277 279 281 283 287 289 292 299 303 307 311 315 319 323 325 331 335 338 342 344 345 350 351 356 357 361 363 371 374 380 381 389 393 396 397 398 402 403 406 408 412 419 422 429 430 433 437 442 446 448 452 453 454 458 459 469 474 477 480 481 483 488 493 496 502 506 510 514 516 522 526 528 532 533 537 540 543 549 555 558 561 563 564 569 573 574 577 578 580 586 588 589 592 595 598 604 606 608 613 615 616 618 620 622 627 631 634 635 639 643 645 650 654 658 661 662 665 666 669 671 
163 175 186 189 195 197 202 204 213 217 223 231 232 235 239 245 251 258 262 264 267 274 275 280 284 288 289 291 293 294 300 306 309 313 316 321 327 330 333 338 342 346 347 348 354 358 362 366 370 374 378 381 382 384 393 396 400 403 407 409 412 415 419 423 424 428 433 437 440 442 445 448 451 453 456 458 461 463 473 478 479 483 484 485 491 494 498 506 507 511 517 519 524 527 532 536 537 540 542 544 552 557 559 563 566 568 572 577 581 585 589 591 594 596 598 602 606 607 611 612 614 617 621 622 626 630 634 638 640 644 647 649 651 654 655 659 662 665 668 669 673 676 677 
164 179 187 193 198 201 203 206 216 220 224 232 236 237 242 249 255 259 265 269 272 276 278 281 286 290 292 295 296 298 302 307 313 316 320 323 330 331 336 341 346 349 351 352 357 360 364 367 371 378 380 384 385 388 394 400 401 405 410 413 417 418 422 425 426 432 434 439 443 444 446 452 454 456 458 461 464 467 477 481 482 487 490 491 492 498 502 510 513 517 520 521 526 531 533 538 540 541 546 549 553 560 563 565 570 574 577 579 583 588 593 595 596 598 602 605 610 614 617 618 619 622 623 625 630 634 637 642 644 645 648 651 655 659 660 662 664 669 673 674 678 679 683 
167 182 189 196 202 203 206 210 217 222 227 235 239 240 243 250 258 262 268 272 276 278 282 285 290 294 297 301 302 306 309 311 316 318 323 325 331 333 337 345 347 350 353 357 358 363 366 369 375 381 385 387 389 393 398 402 403 409 411 414 418 421 425 429 433 436 440 443 446 448 450 456 459 462 466 467 468 471 480 483 484 491 495 498 502 506 510 513 516 519 524 525 528 533 536 540 541 544 548 552 557 563 566 568 572 577 579 583 585 591 596 597 599 602 605 606 614 617 618 619 623 626 627 628 634 636 639 643 646 647 651 652 658 660 663 664 667 672 677 681 684 685 688 
171 186 193 199 205 206 207 211 219 223 228 237 240 241 245 254 259 264 270 275 280 283 285 288 292 297 301 303 304 307 313 315 319 321 324 327 335 337 340 346 348 353 357 361 362 367 368 370 377 382 386 388 390 397 402 405 407 410 414 415 422 425 427 431 435 437 443 445 450 451 453 457 462 466 468 469 470 473 483 485 487 493 497 499 505 509 514 518 520 521 528 531 533 537 541 542 544 545 550 556 560 566 568 572 575 578 581 587 588 593 597 600 603 606 609 612 616 619 622 625 626 630 633 637 639 642 643 644 647 650 655 657 662 665 669 672 675 677 681 685 687 690 692 
174 188 196 200 206 209 212 213 222 225 230 241 242 244 248 255 262 266 274 277 283 287 289 292 296 299 305 309 312 313 314 319 320 322 328 332 337 338 342 349 353 355 361 362 366 370 371 375 381 384 389 390 393 398 406 409 412 413 417 420 423 427 429 435 439 443 447 449 451 453 456 460 464 468 472 474 476 477 486 487 490 494 500 504 508 510 515 519 524 525 531 532 536 539 545 546 547 550 552 560 563 570 571 576 577 581 584 590 594 596 598 602 604 610 611 616 620 624 627 628 630 633 634 639 642 643 647 649 651 652 656 658 663 668 670 676 677 681 684 689 690 693 696 
177 189 200 201 207 213 215 217 225 228 232 242 243 245 252 258 264 267 276 279 287 291 295 298 301 302 306 312 315 317 320 322 326 327 329 334 341 345 346 351 354 358 365 369 371 373 374 379 383 388 393 397 399 403 407 413 415 416 419 423 424 429 433 438 443 446 449 451 454 458 461 464 465 469 474 475 477 479 490 491 494 495 503 507 510 514 516 521 525 528 535 537 541 543 548 549 552 556 557 562 565 574 575 580 582 586 589 592 596 600 601 603 608 614 616 618 622 626 631 633 635 636 637 642 643 645 649 650 654 656 659 660 664 669 674 680 681 682 685 693 695 699 702 
179 191 203 206 211 216 220 221 227 231 234 246 250 253 255 262 267 268 277 280 291 292 297 299 305 306 309 313 319 320 321 325 330 331 333 336 345 349 353 356 360 362 366 372 375 378 380 384 385 389 394 399 401 407 409 415 419 423 425 426 430 432 435 439 446 447 450 454 455 460 462 467 471 474 477 478 482 483 492 496 499 500 504 510 512 515 518 524 527 532 536 540 542 545 551 554 555 560 562 564 566 576 579 581 584 589 592 594 599 604 606 609 613 617 621 625 629 633 636 637 638 642 643 647 649 652 654 657 658 660 664 665 669 671 677 683 686 688 689 697 701 702 703 
181 195 204 209 215 220 222 224 228 233 236 247 252 257 258 263 271 275 279 281 294 295 301 302 308 309 313 314 320 324 328 330 334 336 338 341 349 352 355 360 363 364 369 373 377 380 382 388 391 393 395 400 405 409 413 416 420 426 427 430 434 437 440 441 447 449 451 457 461 462 463 471 472 477 481 485 489 490 494 500 503 507 508 513 514 519 521 525 528 536 539 543 544 546 554 556 558 561 564 566 567 580 581 582 587 590 593 596 601 606 609 611 614 619 623 628 631 635 639 641 645 648 649 650 651 653 656 661 665 668 671 672 674 678 680 685 689 691 694 699 702 704 707 
184 196 205 210 216 224 226 228 231 236 238 251 255 260 262 264 272 279 280 284 298 300 305 307 312 316 320 322 325 328 329 332 336 339 342 345 353 357 358 361 366 367 373 376 381 385 387 392 396 397 399 403 407 410 417 421 424 427 430 432 435 438 441 444 449 450 455 458 465 469 473 477 481 482 485 487 493 496 498 504 505 509 510 516 518 521 522 526 529 540 544 548 551 554 557 558 559 564 567 569 572 584 585 587 588 592 594 598 604 610 614 615 617 622 627 629 635 637 641 645 648 650 651 652 655 657 658 663 669 673 674 678 679 682 685 689 691 694 697 703 707 711 714 
188 199 209 212 217 228 229 231 234 240 244 255 258 261 263 268 273 283 284 286 299 303 306 309 316 320 322 326 330 331 333 334 338 342 345 347 355 361 365 367 370 373 374 378 383 388 390 394 398 399 400 404 411 413 421 422 426 428 433 434 437 442 444 448 453 454 459 463 469 471 477 479 485 488 491 494 497 500 503 505 509 511 515 519 520 522 524 527 531 542 546 551 553 555 559 563 565 567 571 575 577 588 590 594 597 598 599 602 608 613 618 620 623 626 629 631 636 640 642 649 650 653 654 656 660 662 664 668 672 676 680 681 685 687 691 694 696 697 700 706 710 713 718 
191 202 211 214 218 231 235 239 241 244 246 257 262 263 264 270 274 284 288 289 303 306 308 313 319 324 326 330 333 334 337 340 343 346 349 353 356 365 366 368 371 377 381 385 389 390 391 398 402 406 407 411 414 416 423 426 430 433 435 436 439 446 449 451 454 455 460 465 471 472 480 482 489 491 493 496 501 503 506 508 510 513 518 521 524 528 532 533 534 545 550 552 556 557 560 566 567 569 575 578 581 592 593 597 600 604 607 609 611 617 622 624 627 628 631 633 638 641 644 650 652 656 658 662 664 665 668 670 673 677 684 687 689 691 694 698 699 702 704 707 712 716 719 
192 203 213 216 222 234 236 242 246 247 248 261 266 268 270 271 278 288 290 292 305 310 312 316 321 328 331 335 337 340 342 344 346 348 353 356 359 366 367 370 373 380 385 389 392 396 400 402 404 408 409 415 419 423 425 427 431 436 437 438 442 449 453 454 455 458 462 469 472 476 484 486 491 492 496 499 502 504 508 510 514 518 522 523 526 531 533 535 536 548 554 558 562 566 567 571 572 576 580 581 584 593 596 600 602 608 612 614 615 621 625 629 633 635 637 639 641 644 648 652 653 657 661 663 665 667 669 673 676 680 686 689 691 695 696 699 703 706 709 711 715 720 721 
196 207 217 219 226 235 239 245 248 252 256 264 268 271 275 276 282 290 291 295 308 311 316 320 324 332 335 336 340 344 345 348 350 354 358 360 364 370 372 376 378 383 389 393 397 398 403 404 405 412 414 417 421 425 427 431 432 437 438 439 445 453 456 459 462 465 466 473 476 478 486 490 492 495 500 502 506 510 512 515 518 519 524 526 530 535 538 540 541 552 556 562 563 569 571 573 577 580 584 586 590 595 598 603 607 610 615 616 619 625 628 630 635 638 642 644 645 649 651 653 657 660 664 666 670 673 674 678 682 683 687 690 694 696 699 701 704 709 713 717 718 721 724 
199 208 218 221 227 236 241 247 251 255 257 268 272 274 277 280 284 294 295 299 309 315 320 323 326 336 337 339 341 346 350 353 356 357 359 364 367 371 373 379 383 387 392 397 400 402 405 409 410 414 416 419 422 428 430 432 434 441 442 446 449 456 458 460 465 466 467 476 479 481 487 492 495 496 502 503 510 511 515 517 522 524 526 527 531 536 539 544 547 554 560 564 567 570 573 577 579 584 588 590 593 599 602 604 611 613 617 621 623 627 630 633 636 641 644 646 648 650 653 655 660 662 666 667 671 674 676 680 684 686 688 693 695 700 703 705 709 711 716 718 721 723 725 
203 210 220 222 228 237 245 251 254 257 260 272 274 276 279 283 288 296 297 300 313 318 324 328 332 339 343 345 348 351 355 358 359 361 362 366 368 375 377 382 384 390 396 398 404 406 409 410 414 417 418 420 426 432 435 437 441 445 446 449 452 459 462 465 466 469 470 479 482 484 489 493 497 499 504 506 512 513 517 520 523 526 529 530 535 537 541 546 549 556 564 567 571 573 574 580 582 585 590 594 596 601 604 607 615 616 618 622 625 631 633 637 639 643 648 652 653 657 658 662 666 669 673 677 679 683 684 687 689 693 697 701 702 705 709 713 714 716 717 719 723 727 730 
207 214 223 225 232 239 249 253 258 262 265 275 276 277 280 286 290 298 301 305 314 321 327 329 334 342 344 349 351 352 356 361 362 365 369 373 374 378 380 385 387 393 399 401 408 411 412 416 419 422 425 428 430 436 437 441 445 447 448 452 455 460 466 470 472 474 475 481 483 488 493 495 501 505 507 508 515 517 519 521 526 530 532 536 537 541 545 550 552 560 568 571 573 574 578 583 586 588 593 598 599 604 607 609 618 619 623 624 627 634 637 639 640 645 650 653 657 659 663 665 669 672 676 681 682 687 688 690 693 694 700 705 707 708 711 716 718 722 726 727 729 730 732 
209 218 224 229 234 243 250 256 259 266 268 277 280 284 285 290 292 299 303 309 315 325 330 332 335 343 348 353 357 361 364 367 371 373 374 375 376 379 383 387 391 394 402 404 411 415 418 422 424 425 429 431 433 438 442 446 448 451 455 459 463 464 467 474 475 478 481 482 486 489 494 499 505 506 508 512 517 521 524 528 529 532 534 538 542 545 547 553 557 562 570 573 577 578 581 587 591 594 596 602 604 606 609 612 619 623 625 627 629 636 639 643 646 647 652 657 659 660 667 669 672 674 680 685 689 693 696 697 698 699 702 708 710 713 714 717 722 726 729 732 736 739 742 
213 222 225 231 237 245 254 259 261 267 269 278 281 285 288 293 297 301 305 312 316 327 332 333 337 344 349 357 360 362 367 370 373 375 376 380 381 385 386 389 395 397 404 406 415 417 422 425 429 431 432 435 439 443 446 449 452 453 456 463 466 470 471 475 476 481 482 484 487 490 496 500 507 510 514 515 518 525 527 532 533 537 541 544 546 547 550 557 559 565 571 575 581 582 585 589 594 597 600 603 605 607 613 615 621 624 628 631 633 638 643 647 650 651 655 658 662 664 670 672 674 675 682 689 691 696 697 698 702 706 707 710 714 718 719 723 727 728 731 735 740 744 746 
217 223 226 233 239 248 256 260 263 269 271 281 282 289 293 295 299 303 309 316 320 331 333 335 339 347 351 358 364 365 370 371 376 379 383 386 387 391 393 394 399 402 407 408 419 421 426 428 433 437 439 440 442 447 448 451 454 457 459 465 470 474 478 481 485 487 488 490 494 495 499 503 508 511 517 519 522 528 529 534 537 538 545 548 550 553 555 560 563 567 574 578 584 588 589 590 597 601 604 605 607 608 614 619 625 628 631 633 635 639 646 651 653 656 659 663 665 666 671 675 679 681 686 691 692 700 703 706 709 713 717 719 722 725 729 732 736 739 743 744 745 748 749 
221 227 229 236 242 252 260 263 264 272 273 283 285 292 297 300 301 306 312 318 324 334 336 340 343 349 355 359 368 371 374 376 377 380 387 388 391 394 396 400 401 404 410 411 421 422 430 434 435 438 441 443 444 448 452 454 456 458 462 467 474 478 481 482 487 488 491 495 498 501 502 504 510 515 521 523 525 530 533 537 541 545 546 551 554 556 560 563 567 568 577 581 587 589 590 594 600 605 608 611 612 616 618 622 629 630 633 637 641 642 647 654 656 659 660 664 667 669 674 678 682 684 690 693 695 704 708 709 713 714 721 725 727 730 731 735 737 742 746 749 753 755 756 
225 230 233 240 246 255 264 267 269 276 280 286 288 294 300 303 305 309 316 321 326 335 337 344 345 353 356 363 370 374 377 378 380 383 389 391 392 396 399 403 407 408 413 416 422 425 434 435 436 439 442 444 446 450 454 457 461 462 463 469 476 480 483 487 490 494 498 499 502 504 507 511 514 516 522 524 527 532 537 539 543 547 550 552 557 559 564 568 569 573 581 582 588 592 593 595 603 606 611 613 616 617 620 624 630 634 637 638 642 644 650 657 659 661 663 665 670 674 675 680 685 689 692 696 699 708 711 712 716 718 723 728 731 733 737 738 740 746 750 754 758 761 765 
227 233 235 242 250 256 265 270 271 279 282 290 293 295 303 306 307 313 319 324 327 338 341 346 347 354 358 365 374 376 381 385 388 392 394 398 401 403 407 410 413 417 420 423 424 428 435 438 442 444 446 447 449 452 456 459 465 466 469 472 479 483 487 488 491 498 499 503 506 507 509 514 517 518 525 527 528 535 538 541 546 551 555 556 559 560 566 571 572 574 585 586 592 594 596 597 604 610 613 614 617 621 622 626 633 638 639 641 644 645 652 658 661 663 665 668 673 676 677 684 686 692 694 697 702 712 713 714 720 723 727 731 732 736 741 744 747 748 752 758 759 765 768 
231 236 240 245 251 260 266 273 275 282 283 294 297 301 304 308 312 316 320 326 329 341 343 350 352 355 360 368 376 377 382 387 389 395 399 401 403 404 411 415 417 420 423 424 428 430 436 439 445 448 451 453 456 460 461 462 468 470 472 475 483 486 488 491 495 502 505 509 511 513 515 517 520 523 529 533 537 541 545 546 549 555 559 561 564 565 569 574 575 579 587 590 593 595 597 599 608 611 617 620 624 626 629 632 636 642 646 649 652 654 658 661 662 666 667 669 676 679 683 687 688 694 697 698 705 714 715 716 723 725 729 733 735 738 745 746 748 749 756 761 763 766 771 
234 238 241 248 253 261 269 276 279 284 287 295 300 304 307 309 315 319 321 330 334 342 346 351 356 357 362 371 377 381 383 391 393 399 403 406 408 412 416 418 419 424 427 431 433 435 439 442 447 449 455 456 460 461 463 464 471 472 474 479 484 488 491 493 499 504 509 510 514 516 518 521 524 528 532 537 540 545 546 547 552 559 561 565 567 569 570 575 579 583 589 594 598 601 603 604 609 614 618 622 628 632 633 635 637 646 648 650 655 658 659 662 666 669 670 672 678 681 687 690 693 697 698 700 709 715 717 718 727 730 731 737 741 745 749 752 755 759 763 765 768 769 773 
236 242 244 249 257 265 272 280 281 285 289 296 303 305 308 313 317 321 322 331 336 345 349 353 359 362 363 375 378 385 386 394 397 402 407 409 410 416 420 422 424 425 430 435 437 440 444 447 449 453 457 458 462 464 467 468 473 475 476 480 487 492 495 497 502 506 510 514 518 521 523 526 528 530 534 538 542 549 553 554 557 561 564 568 571 573 575 576 583 585 593 597 601 602 607 608 610 617 621 623 632 636 639 643 646 650 653 656 657 659 663 666 667 671 675 677 679 684 688 691 696 698 699 703 713 719 723 726 731 732 734 740 744 746 751 756 759 763 766 770 771 774 778 
240 243 247 253 259 267 275 282 285 287 291 299 306 308 310 315 319 322 323 333 339 349 352 357 362 364 368 377 381 388 389 397 401 404 411 415 418 422 423 424 428 429 432 437 441 443 445 450 454 456 459 463 465 467 468 469 474 476 479 481 491 495 497 501 505 509 513 516 522 526 529 531 534 535 538 539 543 553 557 558 559 564 565 569 572 574 577 580 587 589 594 601 605 606 608 611 612 619 624 625 636 638 643 644 649 652 656 659 660 661 665 670 672 674 676 678 682 688 690 694 697 700 704 706 717 721 725 727 734 737 740 741 746 748 752 757 761 764 770 771 773 777 779 
244 246 249 254 261 271 276 284 289 293 294 300 307 309 314 319 322 323 327 334 340 353 355 358 366 370 371 379 384 392 395 401 404 408 415 418 419 424 426 428 432 433 436 439 444 445 446 452 455 459 460 464 469 471 473 476 479 480 484 486 494 497 501 502 509 513 515 517 526 529 531 533 536 539 541 544 546 555 560 561 565 566 569 570 574 577 580 584 588 590 598 603 608 609 612 615 618 620 628 629 639 640 644 647 653 654 657 660 662 664 667 671 676 680 681 682 683 689 693 698 702 704 706 710 721 723 728 731 737 738 741 745 748 752 753 761 762 767 774 776 778 782 786 
248 252 253 256 263 274 278 288 293 296 300 304 309 311 316 323 326 330 332 338 342 356 360 363 367 373 377 380 385 396 398 402 406 409 418 422 423 427 429 431 433 434 439 442 447 449 452 453 459 461 465 466 470 474 476 478 482 485 488 490 497 499 505 507 511 515 518 521 529 533 537 538 539 542 545 546 547 557 564 565 568 572 576 580 582 585 587 589 590 591 599 606 610 612 616 617 619 621 632 633 641 642 647 650 656 660 662 666 669 672 673 676 678 684 685 686 687 692 694 699 703 708 710 714 722 726 731 735 741 743 747 748 749 754 756 762 764 768 775 780 784 785 787 
251 256 258 262 265 276 279 292 294 299 303 305 310 315 319 327 331 332 336 342 345 358 363 365 370 375 381 383 386 399 400 405 407 413 421 426 427 428 433 437 440 444 446 447 451 455 459 463 467 471 472 476 478 482 485 487 490 492 496 500 504 508 512 516 520 521 525 528 530 536 538 542 545 547 551 555 556 561 567 570 572 574 579 581 586 590 594 598 599 601 603 610 611 614 617 621 625 626 636 638 643 644 650 651 660 662 664 668 671 675 677 678 680 688 690 691 695 696 697 701 707 709 712 715 724 729 735 738 742 747 751 755 758 761 764 765 769 771 779 784 785 786 791 
255 257 262 263 269 278 281 296 299 301 304 308 311 317 323 329 333 334 337 344 347 361 366 367 373 379 382 387 389 402 403 407 408 417 423 427 429 433 436 441 444 445 448 452 453 457 462 465 469 472 473 477 482 485 488 491 495 497 499 501 508 512 515 518 522 526 527 529 531 540 543 544 548 551 554 556 559 562 571 575 576 580 583 584 589 593 598 599 600 603 605 612 615 619 622 626 630 632 639 642 644 647 651 655 661 666 668 670 672 679 682 683 686 689 691 695 696 698 701 702 711 712 716 720 728 733 737 742 743 751 754 759 761 765 769 773 776 779 781 788 792 793 795 
259 260 264 267 270 282 286 299 302 305 306 312 314 320 327 333 336 339 341 346 349 363 369 373 375 381 386 389 390 405 406 409 411 418 425 430 432 435 440 445 447 450 453 454 455 461 464 467 472 474 478 482 484 488 491 492 498 499 501 503 511 515 519 523 524 530 533 535 536 542 546 547 549 552 555 560 563 564 572 577 581 583 587 589 593 594 600 602 604 605 606 616 617 620 625 629 634 635 641 644 647 648 655 657 665 670 671 675 676 680 684 685 688 691 694 698 700 703 704 705 715 718 719 721 731 735 738 745 749 752 755 761 762 767 771 774 780 782 783 791 795 798 802 
262 265 266 271 275 284 287 300 303 309 310 313 317 323 331 336 339 342 345 347 352 365 370 377 379 384 390 394 398 409 411 415 418 419 429 433 437 440 441 448 450 454 455 459 461 463 468 471 476 479 483 484 487 489 493 495 500 502 506 509 514 518 520 526 527 532 535 538 540 546 547 548 552 556 560 562 567 570 575 581 585 589 590 594 595 597 603 605 609 613 617 621 623 624 626 632 637 641 645 649 653 655 658 662 666 674 677 678 680 681 686 688 692 693 698 701 704 705 706 708 718 721 723 726 732 737 741 746 752 755 756 762 764 770 773 776 782 783 784 792 797 800 805 
266 269 270 272 279 288 292 301 307 311 315 319 320 327 332 338 341 345 347 350 354 367 373 378 381 386 393 396 401 410 414 418 419 421 431 436 439 443 447 451 452 458 459 463 465 469 471 473 478 482 486 487 489 493 496 498 504 506 510 513 518 522 526 527 529 536 539 540 541 548 550 554 555 559 563 565 568 573 579 582 586 591 592 597 600 604 605 607 612 614 619 622 625 626 628 636 638 645 648 650 657 661 664 667 668 676 681 682 684 686 690 691 694 696 701 705 708 712 714 715 721 725 729 731 736 738 742 747 756 760 761 765 769 773 774 778 784 787 790 794 800 803 808 
267 271 275 279 283 291 295 303 309 313 319 322 324 329 336 339 343 347 351 352 357 368 376 381 385 389 396 397 403 411 417 422 424 425 432 439 442 444 451 452 456 462 466 467 470 474 478 480 484 487 490 494 495 499 502 505 507 511 513 517 520 526 529 532 535 539 543 546 550 554 556 558 560 562 565 569 571 576 583 587 588 593 596 598 602 608 612 616 617 619 621 626 629 633 636 639 643 648 650 652 659 662 668 669 670 677 685 689 690 694 698 700 703 706 710 711 713 715 719 723 724 727 733 737 740 743 745 750 757 764 766 769 773 777 778 779 786 789 791 795 802 804 809 
270 274 279 280 284 294 298 307 311 317 323 325 327 331 338 340 345 348 353 355 361 371 380 384 388 392 399 403 405 412 419 423 427 431 436 440 446 450 455 457 461 463 468 472 475 477 479 484 486 488 492 495 499 501 505 509 510 514 515 520 521 527 531 535 539 541 547 551 555 556 557 561 562 563 568 572 575 577 584 589 592 595 600 603 607 612 613 617 621 622 623 627 630 634 637 643 644 652 656 660 662 664 669 670 673 678 687 693 694 696 702 705 707 708 711 715 716 717 723 725 728 732 734 741 745 746 747 751 759 767 771 775 777 780 784 787 791 794 797 800 805 808 810 
272 276 281 285 287 297 302 308 312 319 326 330 331 335 341 343 349 351 354 359 365 374 381 386 389 396 401 406 409 416 420 427 430 435 437 443 450 452 459 463 464 466 470 475 477 481 484 487 489 493 495 499 503 504 509 510 513 517 518 522 524 529 532 537 542 545 548 552 558 561 565 567 570 571 573 575 578 579 587 593 594 596 602 604 611 615 619 621 624 628 630 632 635 636 638 645 646 655 659 664 667 671 675 679 682 685 688 695 698 701 704 706 711 715 717 719 721 724 726 730 734 737 739 744 747 750 753 756 761 769 772 779 780 784 785 788 793 797 799 804 808 812 815 
276 280 283 287 289 298 304 311 315 320 327 333 334 337 345 346 353 354 358 363 366 377 382 388 393 397 405 410 412 418 421 430 434 438 439 445 451 455 463 464 465 469 473 478 481 484 487 488 493 495 497 503 506 509 511 512 516 520 522 525 529 532 533 540 546 550 554 557 561 562 569 573 575 578 581 583 584 587 591 595 597 599 604 606 614 618 622 624 627 630 631 633 638 641 644 648 651 658 660 667 668 673 678 683 686 687 690 696 700 705 708 709 713 717 721 722 725 729 733 735 738 741 742 748 749 752 754 758 765 771 773 781 784 788 791 793 796 800 801 806 810 813 819 
277 283 286 290 294 299 308 313 317 322 330 336 340 342 346 347 357 359 361 364 369 378 384 392 397 399 406 413 415 420 422 432 437 441 442 449 452 457 466 467 470 472 475 479 485 487 489 490 496 498 500 505 507 510 514 518 521 522 525 528 533 536 540 543 549 552 555 561 565 568 572 577 580 582 584 587 588 590 592 596 599 601 608 609 616 619 623 625 630 633 634 638 639 644 647 649 652 661 662 668 672 677 679 686 690 693 696 699 702 706 711 712 714 718 722 724 726 731 736 740 742 744 748 749 751 753 756 762 768 772 776 785 789 793 794 795 798 802 805 807 813 815 822 
281 284 290 294 296 302 309 315 320 325 331 337 342 344 350 352 361 364 365 368 371 382 388 395 399 403 409 414 419 423 424 436 441 444 445 453 455 459 467 468 471 475 479 480 487 489 490 493 500 504 507 511 514 515 516 519 523 524 527 532 535 539 541 546 551 554 559 565 567 569 576 581 585 587 589 590 592 596 598 600 603 604 610 613 620 623 624 627 631 637 641 645 649 653 655 659 662 664 668 670 675 678 680 690 693 695 699 702 704 710 714 717 718 720 726 730 732 736 740 741 746 748 750 753 755 758 759 763 769 775 779 789 790 796 799 803 806 808 811 813 817 821 826 
283 285 292 298 300 306 311 317 322 326 333 339 343 347 353 354 364 368 371 373 374 383 392 397 400 406 411 415 423 425 427 438 444 448 452 455 457 463 468 469 473 476 480 484 488 493 495 499 504 507 508 515 517 520 522 525 528 531 532 534 538 543 544 548 552 558 563 568 569 570 578 582 587 590 591 595 599 600 603 605 608 609 611 615 623 624 628 630 632 640 645 649 652 655 656 662 663 668 669 672 679 682 683 692 694 696 701 704 707 711 718 721 722 726 728 733 736 740 741 743 750 752 756 760 762 764 766 770 774 778 781 791 794 797 803 807 808 809 815 816 818 825 828 
286 287 295 300 303 307 315 318 324 330 335 342 345 349 355 357 367 370 373 376 378 384 396 400 403 410 413 419 425 428 432 442 445 450 455 458 459 466 469 471 477 479 482 487 492 497 498 502 507 508 510 516 519 524 525 528 531 534 535 536 539 546 548 552 553 559 566 569 570 571 582 585 589 591 592 597 600 604 605 608 611 613 617 619 625 629 633 637 640 644 646 652 654 656 657 664 666 672 674 677 681 685 689 693 696 697 704 707 711 715 722 723 727 728 732 737 740 743 746 749 752 756 758 764 766 769 772 774 776 780 785 792 798 800 806 810 813 816 819 821 822 827 831 
289 293 299 301 306 309 319 322 327 334 337 345 346 350 357 358 371 372 376 378 382 387 400 403 404 413 416 423 427 432 436 445 446 453 457 460 461 468 473 476 478 483 484 489 495 499 501 504 510 513 516 520 524 528 529 532 535 537 538 539 541 549 551 554 556 563 570 571 572 575 585 586 591 592 596 600 602 607 610 611 612 615 621 624 629 633 635 638 644 647 649 655 656 660 664 665 668 673 678 682 685 686 693 695 697 701 706 710 715 716 724 725 730 731 733 739 742 744 750 752 753 757 760 768 772 773 776 778 782 786 789 794 802 806 810 812 817 818 820 824 825 829 833 
290 294 301 302 310 311 322 325 331 338 339 346 349 351 359 360 374 377 378 379 385 391 401 405 407 417 421 425 430 433 438 448 449 455 459 461 465 472 475 480 482 484 485 491 498 502 505 509 513 516 518 522 526 530 533 535 538 539 541 545 549 552 556 559 560 567 574 576 578 582 588 592 594 595 600 602 606 610 613 614 617 618 622 626 633 636 640 643 647 651 652 657 659 663 665 667 671 676 680 684 686 690 697 700 702 706 710 713 718 722 726 727 731 733 735 743 746 748 751 755 757 761 765 771 773 777 781 785 786 788 792 798 804 808 813 816 819 823 826 830 833 835 838 
293 295 305 307 313 314 323 329 334 342 344 350 354 356 363 367 376 378 379 381 388 392 404 409 411 418 425 427 434 435 440 449 451 456 461 463 467 475 478 482 483 487 489 494 500 504 508 512 514 519 522 524 529 531 536 540 542 545 546 547 553 556 558 561 565 570 578 582 584 585 591 595 599 601 605 606 608 613 614 617 621 622 626 630 635 640 644 647 648 654 657 660 663 664 667 668 674 677 681 688 690 691 698 704 708 709 714 715 722 726 728 729 735 736 737 746 749 750 754 758 759 765 768 773 774 780 784 787 791 792 796 802 808 809 815 818 823 826 828 831 835 836 839 
297 298 307 309 314 315 327 330 336 343 346 353 357 359 365 370 378 380 382 383 390 395 408 411 412 420 426 431 438 440 444 453 457 459 464 466 470 476 479 485 488 492 496 497 501 507 511 514 516 520 526 527 532 536 539 542 544 546 547 548 555 560 562 565 568 572 582 584 585 586 594 599 602 606 608 612 615 617 618 619 623 625 630 631 637 643 647 649 653 655 660 662 664 668 669 671 676 680 684 689 693 695 699 706 709 713 718 719 723 728 731 732 739 740 742 750 754 758 760 763 765 766 769 776 778 782 788 792 796 798 801 803 812 814 816 822 827 828 829 832 837 840 843 
298 299 308 312 315 319 330 332 338 346 348 354 359 362 367 372 379 382 383 387 391 398 410 413 416 421 428 433 441 445 447 454 461 465 467 470 473 479 480 488 489 495 497 498 505 508 514 517 520 523 527 530 533 537 542 543 546 549 553 554 559 563 564 569 572 573 586 587 589 592 598 603 607 608 612 615 616 619 621 624 626 629 633 636 639 646 651 654 655 656 663 665 666 670 672 675 679 684 685 690 696 700 702 708 713 715 719 722 726 729 732 733 740 744 747 752 758 760 763 764 767 768 773 780 781 783 791 796 800 804 806 809 815 819 822 825 829 831 832 836 841 843 844 
301 304 310 315 319 321 331 335 339 348 350 357 360 365 368 373 382 383 384 388 394 401 414 415 417 422 432 437 444 449 453 458 463 466 471 475 479 481 485 492 495 498 499 503 509 510 516 519 521 525 530 534 536 539 544 547 548 553 554 558 563 566 569 570 574 576 588 591 594 596 602 605 608 610 614 619 622 623 627 629 631 632 634 639 641 647 655 658 662 664 666 669 672 673 677 678 680 685 689 693 700 702 706 712 716 717 722 724 727 733 735 739 741 745 750 754 762 766 767 768 772 776 780 782 784 786 793 799 804 807 811 814 817 823 827 829 831 832 833 837 844 846 847 
305 309 311 316 321 322 334 338 340 352 355 361 362 369 373 377 383 386 387 390 397 402 417 418 419 426 433 438 448 453 455 461 465 467 472 476 482 485 486 495 498 499 500 505 512 513 518 523 525 526 532 535 537 542 545 549 552 555 557 559 567 571 575 579 582 584 592 594 598 599 606 610 613 614 618 620 625 627 628 631 633 636 640 641 642 648 658 662 663 666 667 671 674 678 680 684 687 689 690 696 702 705 710 715 717 720 725 727 728 734 738 740 745 749 754 757 763 770 771 774 775 779 784 786 789 793 797 800 805 808 815 817 821 827 828 831 833 835 836 841 845 847 849 
306 312 316 320 325 327 337 341 345 356 360 362 364 370 376 379 384 387 389 392 399 406 418 421 423 428 435 439 451 455 458 464 467 469 475 480 486 488 492 499 502 503 504 507 515 518 519 527 531 532 535 537 538 544 546 551 556 557 560 564 568 574 579 583 585 588 596 597 599 600 609 611 614 616 621 622 628 631 633 636 637 641 642 645 647 649 659 663 667 671 672 673 677 680 682 687 691 694 697 699 705 708 714 717 719 724 729 730 731 738 742 745 749 751 756 760 764 773 774 777 778 782 785 789 791 796 799 801 808 809 819 822 823 830 833 836 839 842 843 845 849 853 857 
307 316 317 323 326 330 341 342 347 358 363 366 369 373 379 381 385 389 391 393 400 407 419 425 426 429 437 442 453 457 462 465 468 472 477 483 487 492 495 503 504 505 507 510 517 519 523 531 532 533 539 541 545 547 549 555 560 562 564 565 572 575 580 585 588 591 598 602 606 609 610 615 618 622 626 627 631 633 637 639 640 645 649 653 657 659 660 665 668 673 676 680 683 684 687 689 695 696 699 703 709 712 718 722 723 726 731 734 738 742 743 749 750 752 760 762 767 776 780 783 787 789 791 793 795 797 800 802 812 815 820 826 830 831 835 838 842 844 848 851 855 859 862 
309 318 322 325 327 333 342 346 348 360 366 369 372 376 380 385 389 390 394 398 401 408 421 427 431 432 438 445 456 458 466 467 471 473 478 485 489 496 500 506 507 509 513 515 519 522 526 533 537 540 541 542 549 551 553 556 562 563 566 568 574 576 581 587 591 594 601 606 608 611 613 619 621 626 628 631 635 638 641 642 644 648 653 657 659 660 662 669 670 676 679 684 688 691 694 697 701 702 705 708 711 715 719 723 725 730 732 737 742 746 748 753 756 759 763 765 769 780 783 784 791 792 794 798 800 804 808 809 816 819 824 830 832 834 837 840 845 846 849 852 857 863 864 
313 320 323 327 329 334 343 350 352 362 369 370 373 378 382 387 390 391 398 402 403 410 424 430 432 435 440 449 457 459 469 472 474 475 480 486 490 499 503 510 512 514 517 518 523 527 531 534 541 544 548 551 552 553 557 558 565 567 571 575 578 580 584 591 595 596 605 608 609 612 617 623 624 627 631 635 639 642 646 648 652 656 659 662 665 667 671 673 676 679 682 685 690 694 696 701 703 707 709 712 713 716 722 726 730 733 736 738 744 749 753 757 760 764 765 767 772 782 786 790 792 795 799 803 805 808 811 812 818 822 828 832 835 839 840 842 849 851 855 857 859 867 871 
317 322 325 329 330 336 345 351 353 366 372 373 376 382 385 388 394 397 401 405 408 412 427 432 436 440 444 452 460 461 471 476 477 479 482 488 494 500 505 514 516 519 520 524 527 530 533 536 542 548 550 552 554 555 559 562 568 571 572 579 583 587 590 594 596 597 606 611 612 615 619 625 627 629 632 639 642 643 650 654 656 659 662 664 666 669 672 676 680 683 686 690 694 698 700 705 706 708 711 716 720 724 725 729 731 737 740 743 747 751 754 761 765 766 769 773 776 784 788 791 796 800 801 805 807 810 815 816 820 825 830 835 838 840 841 843 850 852 859 860 861 870 872 
319 323 328 332 333 340 349 354 355 370 375 379 383 386 387 390 397 399 403 407 409 414 428 436 438 444 445 456 463 466 474 478 481 483 487 489 496 501 506 516 518 521 525 527 530 532 537 540 544 552 554 555 558 560 561 564 570 572 574 583 587 589 594 595 599 601 607 613 615 617 621 628 630 634 637 643 644 647 654 656 659 660 663 668 672 676 680 682 686 690 691 692 697 701 702 706 708 712 715 719 723 727 731 732 735 738 742 745 750 752 758 764 767 769 770 776 779 785 789 793 798 803 805 806 810 814 819 823 827 831 835 838 841 842 843 845 853 856 863 864 868 874 877 
321 324 329 334 337 343 351 355 357 373 379 382 385 388 389 393 398 403 405 409 412 415 431 437 441 448 451 458 467 471 476 481 483 484 491 494 499 502 508 519 522 524 527 531 535 536 539 541 546 556 558 560 561 562 563 568 574 577 579 587 589 592 595 598 603 604 609 615 619 621 623 630 631 638 641 647 651 655 658 662 664 667 671 675 678 681 685 686 690 691 694 698 701 704 707 708 709 713 717 722 727 730 735 738 742 744 746 749 753 754 761 767 771 773 774 777 780 789 792 797 801 807 810 811 815 816 823 826 830 835 836 842 846 848 849 852 855 859 866 870 873 875 878 
322 327 332 338 342 345 354 359 363 377 380 385 387 392 396 397 399 404 406 413 416 419 433 441 444 450 455 461 470 474 477 482 485 489 493 497 501 504 510 520 526 527 529 535 538 540 542 543 547 558 560 564 566 568 571 573 575 580 581 590 591 596 599 601 604 605 613 617 623 626 627 631 633 642 646 651 653 656 662 663 667 670 674 679 683 687 690 694 698 702 705 709 711 712 713 716 717 720 724 727 730 732 739 740 743 748 752 753 756 759 764 769 773 775 777 779 782 792 796 801 802 811 813 814 819 821 826 827 832 838 840 845 848 850 853 855 857 862 869 874 877 881 882 
325 328 334 339 345 347 358 362 365 381 383 387 390 393 399 400 403 405 409 416 417 423 436 443 445 453 459 464 471 477 481 485 488 491 497 501 502 505 512 522 530 534 535 538 541 544 545 548 550 562 565 566 569 572 575 576 578 584 587 593 595 600 604 607 611 613 616 621 625 627 629 632 635 643 647 652 657 660 664 665 668 674 677 681 684 691 695 697 702 706 709 710 712 716 719 721 725 729 732 734 738 741 744 747 749 751 753 755 759 761 767 771 777 779 782 785 789 794 799 804 808 815 818 822 823 826 828 832 834 842 844 848 850 852 854 856 860 863 872 878 882 885 888 
327 332 336 340 346 351 362 365 367 385 388 389 393 394 402 404 405 407 412 420 422 425 438 446 450 457 461 468 475 478 482 488 491 492 499 503 504 506 516 524 534 537 539 541 544 547 550 551 555 564 567 571 575 576 578 582 584 586 590 594 596 602 606 610 614 617 620 624 629 630 632 636 637 644 648 654 659 662 665 668 670 678 682 683 685 695 698 700 705 709 713 716 718 720 724 725 726 733 734 736 742 743 747 748 753 754 757 759 761 764 771 773 780 784 785 788 792 795 803 808 809 816 821 825 827 831 833 835 839 846 850 851 852 854 855 860 864 866 875 880 883 889 890 
331 335 339 343 350 352 364 369 372 387 389 392 394 396 405 408 410 412 413 424 425 428 440 449 453 459 462 469 479 483 486 492 493 494 500 505 509 510 520 528 535 538 543 547 551 552 555 558 560 565 571 572 577 581 583 586 590 592 596 597 600 606 607 611 616 618 624 625 632 634 636 640 644 648 649 658 660 664 668 672 675 682 684 686 687 698 699 702 708 710 714 717 721 724 728 730 732 734 736 740 744 746 751 754 756 759 761 764 766 770 773 774 781 785 788 789 794 799 806 810 813 817 822 826 831 833 835 836 842 849 852 856 860 862 866 870 873 875 877 883 887 890 891 
334 339 342 344 354 358 367 370 373 391 392 394 397 401 409 413 414 417 419 427 428 432 444 451 455 461 465 471 482 484 488 493 497 499 501 508 510 514 521 530 538 542 544 548 552 553 557 562 563 568 574 576 581 582 585 587 593 596 598 601 605 610 614 615 617 621 626 630 634 638 640 642 648 652 653 661 663 668 672 675 677 684 688 689 690 702 705 707 711 715 717 719 724 727 729 734 735 738 741 744 748 752 753 757 759 762 766 770 772 774 778 781 785 786 789 790 797 801 807 812 817 818 825 827 834 835 838 842 845 851 855 857 863 864 869 871 876 877 881 887 889 894 898 
336 342 343 348 355 362 369 373 374 392 394 398 399 405 412 414 417 419 423 428 429 436 448 452 456 465 466 472 485 486 491 496 501 504 508 512 514 517 525 534 540 545 547 549 556 558 561 566 570 572 575 577 584 585 586 589 594 598 600 602 606 614 615 616 620 625 627 633 635 639 641 643 649 653 656 664 665 670 676 680 683 688 689 690 692 703 707 710 714 718 721 725 726 729 731 736 740 741 743 745 751 754 755 761 764 767 769 772 776 778 782 786 788 789 793 796 798 803 811 814 820 824 826 830 835 838 839 846 850 854 859 860 865 868 873 874 877 881 883 889 890 898 902 
337 346 348 350 359 366 373 376 377 396 400 404 406 408 415 419 422 425 428 430 431 440 452 453 459 468 471 474 486 488 493 499 505 509 513 516 519 522 528 536 541 546 549 553 559 563 566 570 573 575 578 581 588 589 590 594 598 600 603 606 610 617 619 622 624 626 631 636 638 642 644 645 652 654 657 666 669 671 680 682 685 690 692 695 697 706 710 711 718 721 723 728 730 731 733 737 741 745 746 748 753 755 758 765 767 768 772 776 778 782 784 789 792 795 797 798 801 804 813 818 821 825 830 831 837 839 840 847 852 855 860 861 867 872 875 877 878 884 887 892 896 900 905 
340 349 350 353 361 367 377 379 382 399 404 405 408 412 417 423 424 427 431 432 435 444 456 457 460 472 475 479 489 493 494 501 507 513 514 517 520 525 530 538 545 547 553 554 563 566 569 574 575 577 581 584 591 595 598 600 601 605 608 609 613 619 620 626 630 632 634 637 641 644 646 650 656 659 660 667 673 676 682 686 690 693 697 701 703 707 712 713 722 725 726 729 733 734 737 740 743 747 750 752 755 757 759 767 768 769 775 778 781 786 789 792 796 798 800 804 807 809 816 819 823 828 834 838 840 841 843 851 855 858 862 866 869 873 879 880 883 888 891 896 899 904 906 
344 352 354 356 364 368 379 382 384 402 406 410 412 413 421 425 428 431 435 437 439 446 460 464 466 473 478 481 492 494 497 502 511 517 521 524 527 528 531 539 547 549 555 558 566 568 573 577 578 580 582 588 592 599 601 604 607 610 611 615 618 620 623 630 633 635 636 638 642 645 647 653 659 660 664 671 674 677 684 688 694 696 699 702 704 711 715 717 726 730 734 736 737 740 744 747 748 751 755 756 757 758 760 771 774 777 778 779 784 789 792 796 798 801 802 808 809 812 820 823 824 832 835 840 842 843 847 854 859 861 865 870 873 876 881 884 885 891 894 900 902 905 908 
347 355 356 358 367 372 383 384 387 403 407 412 416 418 425 427 432 435 437 439 440 447 463 466 467 476 482 486 495 499 500 503 513 520 525 526 529 532 535 541 549 550 557 562 567 572 577 581 585 587 590 592 594 602 604 608 610 613 616 620 623 626 628 633 636 639 640 644 645 646 650 656 660 664 668 672 675 678 686 689 695 697 700 705 707 714 718 721 729 732 738 740 743 745 746 749 751 752 756 760 763 764 765 773 775 780 783 786 789 791 796 799 803 804 806 810 813 816 823 827 830 836 838 841 846 847 850 857 862 864 868 872 875 880 883 886 887 892 896 902 905 907 912 
348 359 363 365 369 373 387 389 390 405 410 415 420 423 428 431 435 436 441 443 444 448 465 469 473 478 483 488 496 503 506 507 515 524 529 530 532 535 538 544 551 552 559 566 569 573 578 584 588 590 593 596 598 605 607 609 612 615 617 622 625 628 629 637 639 643 647 651 654 657 661 663 666 668 669 673 678 681 687 692 696 698 703 706 710 718 720 725 733 736 740 743 747 748 752 756 758 762 765 766 770 774 778 781 784 785 789 791 793 796 798 800 804 807 808 814 816 817 824 830 833 838 842 845 847 848 854 858 866 869 871 873 877 882 887 889 891 894 900 903 909 910 915 
351 363 365 368 371 376 389 393 397 407 412 418 423 426 431 432 436 437 443 447 450 454 468 473 474 482 484 489 500 507 509 512 518 525 533 534 535 539 541 547 552 554 561 568 572 576 581 586 592 595 596 600 601 606 608 611 614 616 618 623 626 631 635 638 643 646 648 654 655 659 664 667 669 672 674 677 679 685 688 693 699 703 706 709 712 721 723 729 734 737 741 744 748 752 753 757 759 765 766 767 773 775 780 782 785 788 790 794 798 802 805 807 809 810 812 818 819 823 827 832 834 839 843 848 852 856 857 859 869 873 876 880 883 884 889 892 893 896 901 906 911 912 917 
355 365 366 371 374 378 393 397 400 409 416 421 427 429 435 436 439 440 445 450 453 455 469 474 476 486 488 492 502 511 515 516 521 527 536 538 541 542 545 549 555 558 564 570 576 577 585 588 596 598 601 603 606 609 611 612 617 620 621 627 630 635 636 642 646 650 651 656 658 662 666 671 673 674 675 678 681 687 691 694 700 707 708 712 715 723 724 732 736 740 742 748 751 753 757 760 763 767 768 771 777 781 783 784 786 791 794 798 800 803 807 811 814 815 818 820 822 826 829 835 837 842 845 851 853 860 864 865 873 876 877 883 887 890 891 894 897 899 902 907 915 916 921 
358 369 373 375 379 381 394 398 402 413 420 423 431 434 439 442 445 447 450 451 454 456 472 475 478 488 490 496 506 513 519 520 525 528 540 541 543 546 549 551 556 562 567 574 580 583 587 589 599 601 605 606 609 612 613 616 621 624 625 629 632 638 640 643 650 654 655 657 661 665 669 673 677 680 684 687 691 693 695 699 701 711 715 717 721 725 726 736 739 744 747 751 755 758 761 764 765 771 775 779 780 785 788 790 793 794 798 800 802 804 811 812 815 819 822 824 826 830 834 839 840 845 847 853 857 862 866 869 875 879 881 885 890 892 894 895 898 900 906 909 919 920 924 
359 371 375 377 382 383 397 400 405 417 424 426 432 437 440 443 449 453 457 459 460 464 475 477 479 491 492 499 510 516 521 522 528 531 543 544 547 551 554 558 561 566 571 578 584 587 588 592 601 605 608 612 615 618 622 624 628 630 631 632 633 641 645 647 653 658 660 662 663 668 673 675 679 684 685 689 693 697 699 702 703 712 719 721 723 726 728 738 743 747 749 755 756 761 762 766 769 773 777 783 787 789 790 792 795 798 800 802 803 808 812 814 819 821 826 827 830 834 836 842 843 846 851 856 858 864 870 871 879 882 883 887 891 896 897 899 901 904 909 912 923 925 926 
361 374 378 381 383 385 401 403 409 419 427 429 436 440 441 446 452 454 459 460 461 468 478 479 482 493 495 503 514 517 522 526 532 535 547 550 552 553 558 562 563 570 574 582 586 588 592 594 604 606 611 616 618 619 626 628 629 632 634 636 640 644 646 651 656 661 664 668 669 670 675 679 680 688 690 693 697 699 703 707 708 715 720 725 726 730 732 740 747 751 752 759 762 764 768 771 774 778 781 785 788 790 793 796 797 802 803 805 807 809 816 819 820 822 829 831 834 836 839 846 850 853 857 858 860 866 873 874 881 884 887 888 895 899 903 904 908 912 914 917 924 929 933 
365 378 379 384 385 389 404 405 413 420 429 430 439 441 445 450 454 455 463 464 466 471 482 484 485 495 498 507 517 521 523 529 535 539 548 553 554 555 562 566 568 572 578 584 590 592 596 597 605 610 613 617 621 622 628 629 632 636 637 640 641 645 649 653 658 663 668 672 674 675 677 680 681 690 693 694 699 703 705 710 714 719 724 728 729 731 733 741 750 752 755 761 763 765 771 772 775 780 783 786 789 793 794 799 800 803 805 807 810 812 820 821 824 826 831 835 836 840 842 849 853 854 860 862 864 867 876 879 883 885 890 891 898 902 905 909 913 914 915 919 925 932 935 
368 382 385 389 391 393 407 411 416 424 431 432 443 445 449 451 456 459 465 467 470 472 484 486 488 497 502 508 518 525 526 532 538 542 550 557 558 560 565 568 572 576 582 588 591 593 599 600 609 613 616 618 625 626 632 635 636 640 643 644 647 648 652 654 661 664 671 675 679 683 685 687 688 692 697 701 703 705 707 714 715 722 727 730 734 737 738 745 752 753 758 763 767 769 774 776 778 784 788 791 793 797 799 802 806 807 811 813 815 818 824 828 829 833 834 839 842 843 846 851 854 856 862 863 867 869 880 884 885 886 891 894 902 904 906 912 916 920 922 924 927 935 939 
372 383 389 391 392 397 409 412 419 425 434 436 444 449 450 453 458 460 468 471 473 475 487 491 495 499 506 510 521 529 530 534 542 546 552 558 560 561 569 570 573 578 585 590 595 599 600 601 610 616 618 620 627 631 635 638 642 643 644 647 651 652 654 657 665 667 673 676 680 686 688 689 691 693 700 703 705 706 709 716 718 725 731 735 739 741 744 747 754 756 760 764 770 774 778 779 781 785 791 794 798 801 804 806 809 813 817 818 821 825 826 829 833 836 838 842 844 848 852 853 855 859 866 869 872 875 883 887 889 891 895 896 905 908 909 915 917 922 924 927 928 938 943 
374 386 391 395 397 400 413 416 420 429 438 440 447 451 455 458 461 465 469 474 476 477 488 492 499 501 508 512 524 533 537 541 545 548 556 561 563 565 572 573 576 582 589 594 598 600 601 604 613 617 621 625 629 635 637 641 644 646 648 649 655 657 660 663 667 669 677 681 683 687 689 691 693 696 701 707 710 711 712 720 722 726 732 738 741 744 748 750 755 757 762 765 771 777 780 783 787 791 793 798 800 805 806 809 812 817 821 823 827 830 834 837 838 840 844 848 849 850 854 855 857 860 868 872 875 879 885 889 890 894 898 902 907 912 916 919 921 924 928 929 931 942 947 
376 387 393 397 401 405 414 418 424 433 441 444 451 454 456 459 465 468 473 478 479 482 492 494 503 505 509 516 528 536 538 545 547 552 558 562 567 571 575 576 577 585 592 597 599 602 606 610 617 620 624 629 632 638 642 644 648 650 651 653 658 660 664 665 670 674 678 683 685 690 692 696 698 700 703 708 711 714 717 721 724 729 735 740 743 747 751 755 757 761 764 769 774 780 784 786 790 794 798 801 805 807 810 811 814 819 824 828 832 833 836 839 842 843 846 852 855 858 862 866 869 871 874 876 879 883 886 893 895 897 899 906 909 913 920 924 926 928 931 934 938 944 951 
380 390 395 401 405 409 418 420 426 436 442 447 452 457 458 462 468 471 477 482 486 488 493 498 504 509 512 518 531 538 539 547 551 556 559 564 568 573 577 579 583 589 594 600 601 605 608 612 618 622 627 633 634 641 645 646 652 653 655 659 661 662 665 669 671 678 682 686 689 693 694 699 701 703 705 710 713 716 721 723 725 732 739 744 745 750 755 758 761 765 767 773 778 782 786 789 794 795 799 805 806 811 814 816 817 822 828 831 836 838 841 842 845 849 850 854 859 861 864 867 873 874 875 877 880 885 887 897 900 903 907 908 912 917 924 927 928 929 935 939 943 947 953 
381 392 398 405 408 412 421 425 427 439 445 449 454 458 459 465 470 475 478 486 490 492 496 502 505 512 513 519 533 540 542 550 555 559 562 568 572 575 581 585 587 591 597 603 604 609 613 617 620 624 631 637 639 644 646 647 654 657 658 662 664 668 672 675 677 679 684 689 691 697 699 703 705 707 709 711 715 720 723 725 727 734 742 747 748 754 759 760 764 767 768 777 782 784 789 793 795 796 802 809 810 815 818 821 822 823 830 832 840 843 846 848 849 853 855 858 863 867 869 873 875 877 881 884 886 887 890 900 901 904 909 913 915 918 925 930 934 938 939 941 946 949 955 
384 394 400 409 413 416 424 429 433 440 446 453 456 461 465 466 473 479 480 487 493 497 499 506 507 514 515 521 535 542 545 552 557 560 566 571 574 578 584 589 590 594 598 606 607 612 617 619 624 626 632 639 643 646 647 649 655 659 661 665 669 670 676 679 680 681 685 693 694 700 704 708 711 715 716 718 719 724 728 731 734 735 743 750 751 755 760 763 767 768 770 779 786 789 793 796 799 801 804 812 814 816 821 823 826 827 831 835 843 846 847 850 854 856 857 859 866 868 871 877 881 884 886 887 888 891 894 902 905 908 912 916 919 921 929 932 937 942 944 946 947 952 959 
385 396 401 413 416 419 425 432 437 442 448 456 460 464 468 470 477 480 482 491 494 500 503 508 510 515 517 524 536 544 549 553 560 562 568 574 575 580 588 591 594 595 601 608 612 616 621 625 627 629 635 642 644 649 652 655 659 663 665 668 672 673 677 681 683 685 689 694 696 704 706 712 713 718 719 722 723 728 729 732 735 736 744 754 756 760 762 765 769 771 772 782 789 793 797 801 803 805 808 814 815 819 824 828 830 831 834 836 846 847 849 853 855 858 859 863 867 872 873 879 882 887 890 894 898 902 904 906 910 911 913 918 922 923 931 933 938 945 947 951 953 956 961 
388 397 404 416 418 421 426 434 440 444 452 457 461 466 472 476 480 481 485 492 495 503 507 512 516 517 521 527 538 546 553 554 561 566 572 577 580 584 591 595 597 600 603 610 615 617 625 626 629 630 638 646 647 653 654 656 660 667 671 672 673 674 678 685 689 691 693 697 699 708 712 715 716 719 721 724 725 730 733 735 739 741 747 756 759 762 764 769 770 773 774 785 790 794 799 803 807 808 811 817 820 824 826 830 831 832 838 839 848 852 853 856 859 862 866 870 872 875 876 880 886 891 893 898 901 904 907 910 911 913 916 919 924 926 935 939 942 946 951 953 957 958 965 
392 401 405 419 420 425 429 438 441 447 455 461 464 470 476 477 482 483 486 495 497 507 509 516 519 520 522 531 541 550 556 558 564 569 575 581 585 587 592 598 602 604 606 614 617 618 626 630 633 636 641 650 652 657 661 665 668 670 675 678 681 685 686 687 692 695 699 700 704 711 715 718 720 721 723 726 730 733 737 738 740 744 749 760 761 763 766 771 772 775 777 789 793 795 803 807 808 811 815 818 824 826 828 834 838 840 844 847 851 855 859 860 861 865 867 874 875 879 881 885 887 893 896 900 903 906 910 913 916 917 921 922 927 928 938 942 944 950 954 957 959 960 966 
