4 5 9 11 12 15 18 21 25 28 30 33 34 37 39 41 45 46 48 52 53 54 56 58 61 64 68 71 72 74 76 78 82 83 84 87 88 91 94 95 96 100 101 105 106 109 112 116 120 121 124 128 132 136 140 144 145 146 148 150 154 155 158 161 165 168 170 171 173 177 181 185 187 191 193 195 199 202 206 207 208 210 213 214 218 221 224 225 227 230 232 236 240 243 246 250 254 256 259 260 264 265 269 271 272 273 276 278 280 282 283 286 287 289 292 295 298 301 303 306 307 310 313 315 316 318 320 321 325 326 329 330 334 336 339 343 344 347 349 353 354 355 356 357 358 360 362 363 364 
6 10 13 16 17 18 20 22 27 32 34 38 40 44 46 49 53 57 61 62 63 66 67 69 70 74 76 78 79 82 86 88 89 91 92 94 98 101 103 104 108 110 112 113 114 115 116 120 123 126 128 131 133 139 142 146 148 151 152 155 157 158 160 165 169 172 175 176 179 181 185 188 191 194 197 201 202 203 210 214 217 221 222 226 228 230 231 235 237 241 245 248 249 250 251 253 257 261 265 268 271 273 275 277 279 281 283 285 287 289 293 296 299 301 303 304 308 310 312 315 316 317 320 323 326 330 332 334 338 341 345 346 348 351 352 355 357 358 361 363 365 367 369 371 373 375 379 382 383 
7 12 14 18 22 23 25 29 33 34 38 42 45 47 49 53 57 60 65 68 69 72 73 76 79 81 82 83 85 87 91 93 94 98 100 104 106 109 111 115 118 120 124 126 129 132 134 138 140 142 143 146 149 152 155 157 158 159 162 164 168 171 175 176 178 179 181 184 186 190 191 194 196 200 201 205 208 211 214 217 219 224 225 227 230 232 233 238 239 243 247 251 255 258 262 264 266 267 269 271 273 274 277 280 281 285 289 292 294 298 301 302 306 309 312 314 316 320 322 325 326 329 331 334 337 339 342 345 347 349 351 352 355 357 360 361 363 365 368 369 371 372 373 377 379 382 383 385 387 
9 13 17 19 23 25 28 30 34 37 39 44 49 53 54 56 58 61 67 69 70 75 79 81 83 85 88 89 93 96 98 101 105 108 112 116 118 121 123 126 130 134 137 140 141 142 144 145 147 151 155 157 158 160 163 165 166 167 168 171 172 176 180 184 186 188 192 195 199 202 205 208 209 211 213 215 216 217 220 224 227 229 230 231 234 238 240 241 244 248 249 255 256 262 265 268 272 273 277 281 284 288 290 294 295 297 298 302 303 305 307 308 310 314 318 321 322 326 329 332 335 336 338 340 342 344 347 349 350 354 356 359 360 361 364 366 368 372 374 376 380 381 385 386 387 388 391 393 395 
12 16 20 21 24 28 29 32 38 41 44 47 53 55 56 59 60 62 70 71 72 77 80 85 87 90 91 92 95 100 102 104 108 110 115 118 121 125 126 129 133 136 139 143 145 146 147 149 152 155 156 158 159 161 165 166 169 171 175 176 178 179 182 185 190 194 196 198 203 206 207 211 212 213 216 217 218 220 222 228 229 233 235 237 241 244 245 246 248 250 251 256 258 265 269 270 273 275 279 282 285 291 293 295 298 301 304 308 312 316 318 322 324 327 331 333 336 339 343 345 348 350 353 357 359 363 367 370 374 375 376 380 382 386 389 392 396 400 403 405 409 413 417 420 422 425 426 430 434 
14 19 23 24 27 31 34 36 41 43 47 50 57 58 61 65 67 71 75 79 82 85 89 91 93 96 100 101 102 106 110 113 116 119 120 124 126 129 132 134 138 139 143 146 147 151 153 155 158 161 163 166 168 170 174 176 179 183 185 189 192 195 198 201 204 207 209 213 216 218 220 224 227 229 232 236 238 241 242 245 249 251 254 257 258 259 260 261 262 264 267 270 272 276 277 278 279 281 283 287 290 293 296 299 303 306 308 309 314 320 323 325 328 331 333 335 339 340 344 348 350 351 357 358 363 365 369 371 377 380 384 385 388 392 396 400 402 406 407 411 413 416 420 423 424 429 432 436 437 
15 20 24 26 30 34 36 38 44 45 48 52 58 60 62 66 68 74 79 83 85 88 93 96 100 104 105 109 112 113 117 121 124 128 129 133 136 137 138 141 143 147 150 154 157 160 161 165 167 171 172 173 176 179 180 184 185 187 191 194 197 198 201 204 206 209 212 216 220 221 225 228 229 231 234 237 242 246 249 253 256 258 262 266 267 270 274 277 279 282 283 286 288 292 295 297 301 303 305 309 313 316 319 320 324 326 329 332 334 336 339 343 345 347 348 350 353 357 360 364 368 370 371 372 376 377 378 380 382 384 387 390 394 397 399 401 405 410 412 413 416 419 424 426 429 433 436 438 440 
16 24 28 31 33 35 38 39 46 48 50 54 61 65 69 73 74 75 81 87 90 93 94 98 103 106 109 110 116 119 122 123 127 131 132 137 139 140 141 143 147 151 153 158 162 164 168 170 171 175 178 182 184 187 190 192 194 195 196 199 202 206 208 211 212 214 217 220 222 224 227 229 231 233 236 239 243 249 253 257 261 263 264 269 270 272 275 281 285 286 288 290 291 293 299 302 305 307 309 313 315 319 321 325 326 329 331 336 339 340 341 346 350 354 355 359 362 365 366 368 372 373 377 381 382 386 387 390 394 396 399 403 406 408 409 410 411 415 416 419 422 423 426 428 431 435 438 439 443 
19 28 29 35 36 38 40 41 47 51 52 57 62 67 70 75 78 80 84 89 92 95 97 99 106 110 112 113 117 120 123 127 128 132 135 140 141 145 149 153 156 158 159 162 164 167 171 174 178 179 180 184 187 190 192 195 196 197 198 203 207 209 210 214 218 221 222 223 226 227 231 235 239 242 245 247 248 252 255 260 264 268 271 272 273 274 277 282 287 288 289 294 298 301 304 305 308 312 314 315 319 323 325 328 332 336 339 343 345 349 351 355 358 362 365 369 370 372 375 377 380 381 382 383 385 389 390 394 398 399 403 404 407 410 412 413 416 417 418 423 425 428 432 434 436 439 442 444 447 
23 29 32 36 38 42 45 46 48 55 57 61 64 69 71 76 79 84 86 90 95 99 102 105 109 113 115 119 122 125 128 131 133 136 138 144 148 150 151 157 158 160 163 167 171 173 177 179 180 182 183 188 192 193 197 201 203 207 209 213 214 215 216 220 222 225 226 230 234 237 238 241 243 244 246 249 253 254 258 263 267 272 274 277 281 282 283 287 288 290 291 298 302 303 306 307 310 313 317 321 325 326 327 331 335 338 342 347 349 352 355 356 362 363 366 372 374 377 380 383 386 390 391 394 396 397 400 404 406 409 410 414 417 420 422 425 427 429 433 435 438 442 443 444 447 451 453 455 459 
27 31 33 39 42 45 49 51 53 56 60 62 65 70 73 80 82 87 89 94 96 101 105 106 112 117 118 121 123 128 132 134 136 138 140 147 152 154 155 161 163 165 166 169 175 179 183 186 189 193 195 198 201 202 206 207 211 215 216 219 223 224 226 230 233 237 238 240 241 243 246 247 249 250 252 255 257 258 260 267 269 273 276 280 285 286 289 292 293 295 299 301 306 308 312 316 319 320 323 327 329 331 333 336 337 342 343 349 352 355 358 360 364 365 367 373 378 379 383 387 391 395 396 397 398 402 406 409 412 414 416 420 424 426 429 432 433 436 438 440 441 446 448 449 451 453 454 457 460 
31 33 34 42 43 46 50 52 55 59 63 67 69 73 74 82 83 89 90 96 99 104 109 113 114 118 121 123 125 130 136 139 142 145 148 150 155 158 159 164 166 168 171 172 178 183 187 189 190 195 196 200 205 208 212 216 218 222 225 229 231 232 233 237 240 244 247 249 252 253 254 257 258 260 261 264 266 268 269 271 273 275 277 283 288 292 293 296 299 302 303 307 308 312 313 320 322 324 327 328 333 335 337 339 343 347 350 353 354 359 363 364 366 369 370 375 381 384 385 388 394 398 402 404 406 409 410 414 418 420 424 428 431 432 436 438 441 444 446 448 452 456 458 462 466 470 471 472 475 
33 35 36 45 47 51 52 55 57 63 67 69 70 76 79 83 86 92 95 98 100 105 111 116 117 120 125 129 133 134 137 140 145 146 152 156 157 162 166 167 169 170 172 176 179 185 190 193 194 198 202 205 206 210 215 220 223 226 227 233 235 236 237 239 243 248 251 255 256 258 261 265 269 270 271 274 275 277 278 279 282 286 287 288 290 294 297 299 303 307 311 314 316 317 319 323 324 325 330 333 337 341 342 344 345 351 354 356 357 362 364 367 368 370 371 378 384 387 388 389 396 399 406 408 411 413 414 416 420 423 428 431 434 436 438 442 445 448 450 453 455 459 461 465 467 472 475 476 477 
35 38 39 49 52 55 58 59 62 64 68 70 71 78 81 85 89 95 97 100 104 106 112 120 122 123 127 131 134 137 138 141 149 151 153 158 160 165 169 172 175 176 180 182 184 187 191 197 199 203 205 209 212 215 217 222 226 227 228 236 240 241 243 244 248 250 254 258 262 263 265 266 272 276 278 279 281 283 284 286 289 292 296 300 303 304 307 309 311 314 316 319 321 324 325 329 330 334 338 340 343 346 347 349 352 355 356 358 359 363 366 368 372 374 378 380 388 391 395 398 399 403 409 411 413 416 419 423 425 428 429 435 439 442 443 445 447 452 456 459 461 464 467 469 472 473 477 480 481 
37 41 45 53 55 58 60 62 66 67 69 74 78 79 83 88 93 99 100 102 105 107 114 122 126 129 131 134 135 141 145 148 151 155 158 161 165 169 173 176 180 182 186 190 191 193 195 200 201 207 211 214 218 221 223 224 229 230 234 238 241 244 245 248 251 254 258 261 265 269 273 276 278 282 284 285 289 293 297 299 303 305 306 307 309 311 314 318 320 321 322 324 326 330 334 335 337 339 341 344 345 349 352 356 358 359 362 364 367 369 373 377 379 381 383 386 392 393 398 400 404 406 413 416 419 422 423 425 427 432 436 438 441 444 446 450 451 454 459 463 467 469 471 475 479 483 487 488 490 
39 44 48 54 59 61 65 66 68 72 73 77 82 84 88 92 95 100 104 105 106 108 118 125 130 132 134 135 139 143 147 149 154 157 159 163 169 173 174 180 184 186 190 192 194 196 197 203 206 211 214 215 220 222 225 229 230 234 237 241 242 247 249 253 255 258 262 263 267 270 277 281 284 287 289 292 294 298 299 300 304 306 310 312 313 314 317 319 324 328 331 334 337 341 343 347 348 350 353 356 357 358 361 362 366 368 370 374 377 380 384 385 388 390 392 395 398 401 402 405 408 409 416 417 422 423 426 427 428 433 440 442 444 447 448 452 453 456 462 465 471 475 476 480 483 484 488 492 496 
42 45 51 55 61 65 68 70 74 78 82 83 85 86 89 93 97 104 108 112 116 118 122 126 131 135 137 141 142 144 150 151 156 158 160 165 173 174 176 184 186 190 193 194 198 202 204 208 212 213 215 219 221 225 227 233 235 237 238 243 246 249 252 254 256 261 263 267 271 273 279 282 287 288 291 293 298 301 302 303 306 308 311 316 318 321 324 325 326 332 334 335 341 343 347 350 353 356 358 360 363 364 368 371 375 377 380 381 384 388 391 395 399 401 404 405 408 411 415 416 419 422 425 427 429 433 435 437 438 442 443 446 449 450 453 457 459 461 464 466 472 477 479 483 486 487 489 493 497 
44 48 54 58 62 68 72 73 77 80 83 85 89 92 94 98 100 108 110 114 117 122 124 128 135 136 138 142 145 147 154 156 159 162 165 167 175 176 177 186 187 194 195 199 201 206 209 211 213 216 219 221 225 226 231 236 237 240 243 247 251 254 258 259 261 262 265 271 273 277 282 286 289 293 297 301 302 304 307 311 312 314 317 320 322 325 326 329 333 336 339 340 345 347 350 351 356 358 359 361 365 369 372 374 376 379 383 386 388 390 393 399 401 404 406 407 410 414 419 422 424 425 427 431 434 437 440 444 446 450 452 456 457 458 460 463 466 470 473 477 480 481 482 485 488 492 495 499 500 
48 49 56 59 65 71 75 76 78 81 84 86 91 95 97 99 101 109 113 115 119 126 129 131 136 138 140 146 148 150 155 159 163 164 167 170 176 177 178 187 188 196 197 202 203 207 211 212 216 217 221 225 226 229 232 239 243 247 250 254 258 260 263 265 268 271 275 278 281 282 286 290 294 295 298 303 304 305 309 314 318 319 323 324 328 332 336 337 339 341 342 346 349 353 354 355 359 361 365 369 372 373 376 378 382 385 388 392 396 399 402 403 407 408 409 410 414 416 421 423 428 430 432 433 435 440 444 445 450 452 454 460 464 466 470 472 476 478 481 482 484 485 488 492 493 496 498 502 504 
50 52 59 60 66 73 77 81 82 83 86 88 93 98 102 106 109 113 115 116 121 127 133 135 139 143 145 147 149 154 159 161 165 169 171 173 177 178 181 189 193 197 199 204 206 208 214 217 219 221 224 226 228 231 236 242 247 251 252 256 262 265 267 269 273 274 278 282 285 288 290 293 296 297 301 306 307 309 311 318 322 323 324 328 332 334 337 340 344 347 348 351 352 354 358 361 362 363 367 370 375 378 381 383 384 389 393 396 397 400 405 409 410 413 415 417 420 422 425 428 431 434 436 437 438 443 446 450 451 454 456 461 468 469 472 475 478 482 486 490 493 497 499 501 503 506 510 511 514 
52 56 60 63 68 75 80 84 88 91 94 97 100 103 107 110 112 117 121 123 125 130 135 137 140 145 146 150 154 155 162 166 170 173 177 179 181 183 185 190 194 198 200 207 209 211 218 221 224 226 227 228 231 235 240 245 248 255 257 261 264 266 269 271 275 278 282 285 287 292 296 298 301 304 306 310 311 315 317 320 323 327 329 332 333 338 341 344 347 350 353 354 357 359 360 362 366 368 370 372 377 381 382 387 388 391 397 398 400 402 408 411 415 418 421 424 428 430 433 437 440 443 447 448 450 452 454 455 459 461 463 464 469 473 475 476 479 483 487 493 497 500 501 504 508 511 513 515 517 
56 60 61 66 69 78 81 85 90 95 96 101 104 107 110 113 115 121 122 124 128 133 137 140 144 146 147 151 158 162 163 169 174 176 180 184 186 187 190 191 197 202 205 208 211 212 219 222 225 230 233 234 238 240 242 249 251 258 261 262 267 269 273 274 277 281 283 289 293 295 300 303 307 308 309 313 317 318 319 323 325 329 331 333 337 340 342 346 348 353 354 356 360 363 364 366 369 373 376 378 382 385 388 389 391 394 398 402 406 407 411 413 419 423 427 430 434 436 438 439 444 447 451 453 454 457 460 462 465 469 472 476 477 479 481 484 486 489 493 496 499 501 504 507 509 513 517 520 523 
59 63 66 68 73 80 82 86 92 96 97 102 107 110 113 116 118 123 125 126 131 136 140 142 148 150 152 156 162 164 166 173 175 177 181 188 190 194 196 199 200 206 210 211 213 216 222 224 228 231 234 235 242 246 247 250 252 260 265 269 271 275 277 280 282 285 287 292 297 301 305 308 309 312 314 316 320 324 326 328 329 330 333 335 341 345 346 347 349 355 359 361 362 365 368 372 374 378 381 385 387 391 393 397 398 402 403 406 408 412 415 416 421 425 428 431 437 441 442 444 448 449 452 457 461 465 469 473 474 476 477 480 484 488 491 494 496 500 504 505 509 513 516 520 524 527 531 532 533 
63 66 69 73 74 82 86 88 95 98 99 105 108 111 117 119 120 125 129 131 135 139 142 146 152 156 160 162 165 168 172 176 179 180 185 189 194 195 200 201 202 207 211 213 216 220 223 227 232 233 236 239 243 249 251 253 257 264 268 272 273 276 280 284 285 288 292 293 298 302 307 309 311 315 316 317 323 327 328 332 336 340 343 344 346 348 350 352 354 357 361 362 366 368 370 375 377 382 384 389 390 393 395 401 405 406 410 413 414 418 420 424 425 428 432 434 440 444 445 449 452 455 457 461 463 468 473 477 481 484 486 490 494 497 501 505 508 509 512 516 520 524 527 529 533 537 539 543 545 
67 69 71 77 78 85 88 90 97 102 103 109 113 117 119 123 127 131 135 136 138 141 145 148 154 157 161 166 167 172 176 179 182 184 188 193 197 200 201 205 209 211 215 218 221 224 228 229 234 235 239 241 244 250 255 259 261 268 272 276 277 278 284 285 286 291 296 300 304 305 308 313 315 316 318 321 327 328 331 333 337 341 344 345 347 349 354 357 361 362 366 368 370 372 376 378 382 383 386 390 393 396 397 403 408 411 413 416 419 422 425 426 428 432 436 438 442 446 449 453 457 461 464 466 467 469 477 480 483 485 487 493 496 500 503 509 512 513 514 518 523 525 528 532 537 538 541 545 548 
71 72 75 81 83 87 92 94 98 103 107 110 116 120 121 126 129 135 137 138 139 144 148 150 157 159 162 170 172 174 180 183 185 187 190 194 201 202 206 207 211 214 218 220 224 227 231 233 238 240 241 242 245 254 259 261 265 272 276 279 283 285 286 288 292 296 300 303 305 309 312 314 318 319 323 325 330 333 336 340 341 344 347 351 353 356 360 361 365 368 369 372 374 378 382 386 388 390 394 398 400 402 405 408 409 414 415 419 422 426 427 431 432 435 437 442 446 447 452 455 460 463 466 468 472 474 481 482 487 489 490 495 498 503 505 513 514 518 519 523 525 529 532 534 538 542 544 548 552 
74 78 80 82 86 89 94 97 99 104 111 115 119 121 122 129 133 136 138 142 146 150 153 157 160 161 166 174 178 180 183 186 188 189 194 197 202 203 207 208 213 218 221 223 227 231 234 235 241 245 246 247 250 255 263 267 269 275 280 283 285 287 290 292 294 297 301 305 309 311 315 318 322 325 329 331 333 337 339 341 344 346 348 353 355 359 364 366 367 372 373 375 379 383 386 388 392 393 397 400 401 403 408 409 411 417 419 420 426 430 434 438 439 440 443 447 448 450 453 458 463 464 469 471 475 476 483 485 488 493 497 500 501 505 509 516 520 523 527 531 532 536 538 541 545 547 548 551 553 
78 81 85 87 91 94 98 100 104 108 115 117 121 123 125 131 137 141 144 147 150 152 157 159 164 168 171 176 180 184 186 190 193 195 198 200 203 206 209 213 215 219 224 227 229 232 236 239 242 248 251 252 255 257 265 270 271 279 283 285 287 290 292 296 300 303 306 310 312 313 318 321 323 329 331 335 336 339 341 344 346 350 353 356 359 360 365 369 373 377 379 381 385 387 391 392 396 398 402 406 410 411 415 416 418 420 421 422 430 432 435 439 443 446 450 451 453 455 456 460 465 469 472 476 479 481 484 487 491 495 500 502 503 507 513 517 522 525 529 534 538 540 541 542 548 551 553 555 557 
79 83 86 90 95 98 100 103 106 111 119 123 125 127 129 134 140 144 148 149 153 155 160 164 167 172 176 177 181 186 187 191 195 197 200 202 207 208 212 215 216 220 225 230 232 236 239 241 245 252 254 256 257 261 266 273 274 280 287 290 292 294 298 301 302 304 307 312 316 319 323 327 331 332 336 337 341 343 346 348 351 353 357 358 361 362 366 372 374 379 382 383 387 389 393 395 397 402 403 407 414 415 418 420 422 424 426 428 431 434 437 443 444 449 451 452 455 459 463 467 468 473 474 477 483 486 487 491 495 498 501 505 509 510 515 520 524 527 532 538 540 542 544 546 551 553 557 559 563 
81 86 90 92 97 101 102 107 110 112 123 126 130 132 134 135 144 146 151 154 157 158 164 168 170 175 179 181 184 190 192 194 198 199 203 204 211 212 214 218 222 224 227 232 236 239 242 246 249 256 258 260 261 264 269 275 277 283 290 291 293 297 301 305 306 310 311 314 317 320 326 331 334 335 339 342 346 347 350 354 356 359 360 364 366 369 372 376 378 381 384 388 392 393 396 399 403 405 407 408 418 422 423 425 427 428 429 431 435 437 441 446 448 453 456 457 458 463 466 470 473 474 477 479 485 487 489 492 499 500 503 506 510 514 516 524 525 528 536 541 542 544 546 547 552 555 559 560 564 
82 87 94 98 101 102 103 108 111 114 126 130 133 135 137 141 146 149 155 156 161 164 167 172 173 177 183 186 189 192 195 197 201 205 208 209 214 216 217 220 224 226 230 236 240 242 244 249 253 260 262 264 268 270 273 278 279 284 293 296 297 300 305 309 312 313 315 319 323 326 330 334 338 341 342 346 350 352 354 355 358 363 367 370 373 374 376 377 379 385 386 391 393 395 400 402 406 410 414 415 420 425 428 432 436 437 440 444 448 450 452 453 457 458 460 464 467 468 471 473 474 477 478 481 487 491 494 496 501 503 507 511 514 518 520 526 528 531 539 543 544 547 550 554 555 556 560 562 568 
86 91 96 100 103 105 106 109 114 116 129 131 137 138 142 143 148 150 156 158 165 168 169 174 176 179 187 191 195 196 200 204 207 208 211 215 216 217 218 222 228 229 232 237 241 246 250 251 256 261 266 268 270 274 276 279 280 286 294 298 300 302 306 313 315 318 322 325 328 331 334 335 342 346 347 351 355 356 360 364 365 366 371 374 376 380 384 388 389 392 396 398 401 403 406 408 409 412 416 419 423 429 432 434 437 440 441 448 451 452 454 458 462 466 469 473 476 478 479 483 485 487 491 494 495 496 497 498 505 507 509 514 518 521 523 527 530 533 543 544 546 548 552 557 561 563 566 567 569 
89 92 98 101 106 108 109 110 117 118 131 132 138 139 143 147 152 154 160 163 169 171 173 176 178 181 189 195 198 201 203 206 209 210 213 219 223 224 226 228 230 233 234 239 245 247 254 258 261 264 267 271 274 276 279 282 283 288 296 299 301 303 307 315 316 319 326 330 331 335 339 340 345 349 352 353 358 359 364 368 372 374 377 379 380 382 387 391 394 396 397 402 404 408 412 413 414 418 420 424 426 430 435 438 441 445 449 453 456 459 462 464 468 470 472 474 480 482 486 489 493 494 497 498 499 503 505 506 508 512 514 517 520 524 527 528 532 534 547 550 551 553 556 559 563 564 570 571 575 
93 94 102 105 110 111 115 117 118 120 134 135 141 145 147 149 153 157 161 165 172 176 180 183 187 191 194 196 201 204 207 208 212 213 214 221 227 228 229 232 235 239 240 243 247 248 255 262 265 268 270 272 277 278 283 284 286 291 300 303 304 306 310 318 322 324 330 332 333 339 343 345 346 353 355 357 359 362 368 370 376 380 384 388 391 394 398 400 404 406 407 409 411 414 418 420 422 426 427 430 433 436 439 440 443 446 453 456 458 462 466 468 470 474 478 482 485 486 489 491 495 499 503 505 509 512 514 516 518 519 523 526 527 529 533 537 539 541 551 555 559 563 567 571 572 574 575 576 579 
94 95 104 106 113 116 117 121 125 127 136 140 145 148 152 156 158 162 165 166 173 179 184 186 188 194 196 198 203 206 211 214 217 219 222 223 231 233 236 238 242 246 248 251 254 258 259 266 268 271 273 274 281 283 287 288 289 295 304 307 311 313 314 320 326 328 331 334 338 343 346 350 351 356 359 362 364 368 370 372 379 382 387 389 395 396 400 402 406 407 410 411 412 417 420 422 424 429 432 435 437 440 441 445 448 451 457 461 462 466 467 471 472 477 482 485 487 491 494 496 497 502 507 511 512 514 518 519 522 524 526 528 531 535 538 541 543 545 554 558 563 564 570 572 576 580 583 586 587 
97 98 106 108 115 118 119 123 128 131 140 143 147 152 154 158 159 165 169 173 175 180 188 189 191 198 199 200 206 209 215 218 221 224 226 227 234 235 237 239 245 249 253 255 256 259 263 269 271 275 277 278 282 286 288 289 292 299 305 309 313 314 316 324 329 333 334 338 339 347 348 354 358 360 363 365 367 370 371 376 381 384 391 395 397 401 403 405 409 410 411 413 417 421 424 427 431 432 434 437 439 442 444 448 449 455 459 464 468 469 471 472 474 481 486 490 493 496 498 499 500 504 509 513 514 516 520 523 526 529 533 534 537 539 540 542 545 546 557 561 565 566 574 575 577 583 585 589 590 
99 101 110 112 117 119 121 125 132 133 142 145 149 156 158 162 164 167 170 177 180 182 191 195 196 202 206 210 214 215 219 220 224 225 227 231 237 241 243 246 249 250 254 257 260 262 266 273 275 277 280 283 287 290 291 293 297 302 306 310 316 318 320 328 331 336 337 339 340 348 352 356 360 362 365 369 370 373 374 380 384 386 394 399 400 404 405 408 412 416 418 420 421 422 428 430 435 437 441 442 446 449 453 454 457 460 464 468 471 475 478 480 483 486 490 493 495 497 499 503 506 508 512 517 520 523 524 525 528 530 537 539 541 544 547 551 555 559 560 565 567 568 576 580 581 586 588 592 596 
102 103 113 116 120 122 123 127 133 136 145 146 152 159 163 164 166 169 172 179 182 183 194 198 202 204 207 214 217 221 225 227 230 232 235 236 241 242 246 250 254 257 259 261 262 265 268 274 276 281 283 285 289 294 296 297 301 303 309 311 320 324 328 332 334 340 342 345 348 351 354 360 362 366 367 370 373 377 379 381 387 390 397 400 404 407 408 412 415 417 419 424 427 429 430 431 439 443 444 446 448 450 455 458 459 462 467 472 476 477 480 483 484 489 493 496 500 504 507 510 514 515 516 518 522 527 529 531 532 535 539 540 544 545 548 555 558 561 563 567 571 574 577 584 586 589 592 596 597 
105 108 115 118 121 125 127 128 137 138 147 149 153 162 165 168 171 174 175 181 186 189 195 202 205 206 211 217 221 222 228 232 233 235 237 239 245 246 247 252 258 262 265 268 272 273 275 278 281 285 288 289 293 295 297 301 302 307 313 315 323 326 330 333 338 343 344 347 349 352 356 361 366 369 371 372 377 381 384 387 390 393 401 402 406 409 412 414 418 420 421 427 431 432 435 437 442 444 448 451 454 458 459 463 465 469 471 475 479 481 485 486 489 492 497 498 504 505 509 512 516 517 519 523 524 530 531 534 535 539 543 547 548 551 553 557 562 564 567 570 574 576 580 587 591 593 595 599 601 
107 111 117 120 124 127 131 132 138 141 151 153 155 164 168 172 174 175 179 183 189 190 196 204 209 210 215 219 224 225 230 236 239 241 245 249 253 256 257 259 260 264 266 272 275 277 278 280 282 288 289 293 295 296 301 302 306 311 317 320 325 328 333 337 342 345 347 351 354 358 362 365 370 373 374 376 380 384 385 390 394 395 403 404 410 411 414 416 420 421 425 430 433 434 439 442 444 448 451 452 455 461 462 464 467 470 472 479 482 483 488 491 492 496 500 502 505 509 511 514 519 520 524 525 526 533 537 540 543 547 549 552 556 560 561 562 566 570 571 572 578 582 583 588 593 594 599 601 603 
110 115 120 124 127 129 132 134 141 142 153 156 159 168 169 175 176 177 182 186 191 194 197 207 212 215 217 222 228 230 233 238 243 244 247 251 255 260 261 262 266 270 274 278 281 282 283 286 288 291 294 298 299 301 305 308 309 315 321 324 328 332 334 341 345 348 351 353 356 360 366 368 372 376 378 381 382 386 389 391 396 399 404 406 411 413 416 419 421 425 426 434 435 437 443 444 447 450 452 455 456 462 466 468 470 473 477 483 485 489 492 496 499 501 503 506 509 513 515 516 520 522 528 531 534 537 540 542 544 551 552 554 557 564 568 569 570 572 575 578 579 586 589 590 594 595 603 605 607 
112 117 123 126 128 131 134 135 145 148 157 158 160 172 176 180 181 185 188 192 196 197 198 211 216 217 219 223 229 233 236 240 247 250 254 256 259 264 268 269 272 273 277 282 286 287 289 293 295 296 299 303 305 306 307 310 313 316 323 327 329 336 340 344 347 351 355 358 361 363 368 371 375 378 381 385 389 390 391 394 400 403 406 408 414 417 421 424 427 428 430 438 441 443 444 447 451 455 456 460 461 466 470 472 474 478 479 485 488 492 496 497 503 507 510 513 516 518 520 523 525 527 529 535 539 542 543 544 548 552 553 556 560 567 569 573 575 577 579 581 585 589 591 592 598 600 606 607 608 
115 120 125 129 132 134 138 140 149 153 161 164 166 174 180 182 183 189 193 196 199 200 202 212 217 221 222 224 232 235 238 243 249 251 255 260 262 268 271 274 275 278 280 283 289 292 294 298 302 306 308 311 312 313 316 319 320 324 325 329 333 339 342 347 350 355 359 360 362 367 371 375 377 382 384 389 392 396 400 402 405 407 409 413 415 419 424 426 428 429 431 440 445 448 452 456 460 463 464 468 470 473 475 476 477 482 484 489 493 495 498 500 507 508 513 517 521 524 526 529 530 532 535 538 542 543 546 549 550 553 555 557 561 570 573 574 576 578 583 584 586 591 593 596 602 606 609 611 614 
119 121 127 130 134 135 140 143 153 157 163 165 168 178 184 185 187 191 196 198 200 201 203 216 220 222 226 229 234 238 240 244 251 255 258 261 264 272 273 278 280 284 286 289 291 293 297 302 306 309 311 313 315 318 322 325 326 330 331 333 336 343 347 348 353 359 360 361 366 368 374 379 381 386 387 393 395 398 401 405 408 411 413 416 418 423 427 430 434 435 437 443 449 453 455 460 462 464 468 470 474 478 482 485 489 491 493 496 500 502 505 509 513 516 518 522 523 528 529 533 536 540 543 544 547 550 552 553 557 558 561 563 566 571 575 579 580 584 588 589 590 595 596 597 605 609 613 617 621 
123 126 130 134 138 141 143 144 154 161 167 169 172 182 186 190 191 192 197 199 201 203 206 218 221 226 229 230 237 240 244 248 253 257 262 264 265 273 277 280 283 285 288 293 294 296 300 303 310 314 318 319 320 324 325 326 328 331 332 336 340 344 349 350 356 362 366 370 374 377 379 380 385 387 391 394 399 403 404 406 411 414 415 420 423 424 430 431 436 437 438 444 453 456 459 462 464 465 470 472 475 481 484 488 492 495 499 501 504 508 510 514 517 519 522 524 526 531 535 538 539 543 544 545 548 554 556 558 559 562 566 567 569 573 577 580 584 587 589 590 594 598 599 603 609 612 615 619 622 
127 130 131 138 140 143 144 148 157 162 170 172 176 186 190 194 196 200 201 203 204 207 209 222 226 228 230 232 238 241 247 249 255 258 265 267 271 277 279 281 287 290 292 297 298 301 303 307 312 315 321 324 327 331 333 337 341 345 349 350 351 355 358 361 364 368 372 375 378 380 383 386 389 391 395 396 401 407 410 413 416 418 419 424 427 430 433 435 437 441 444 445 454 460 464 465 467 471 474 476 478 483 485 491 495 497 503 505 506 510 511 515 520 522 524 526 527 533 536 539 540 547 550 551 553 558 559 562 564 565 570 573 574 576 578 583 586 590 594 598 600 603 606 610 614 617 618 621 623 
130 132 135 140 144 148 149 152 161 163 171 174 178 187 194 195 199 202 205 206 209 213 215 226 230 233 237 238 241 243 250 253 259 260 268 272 275 278 283 284 289 292 293 298 299 304 305 311 316 318 324 328 329 332 334 339 344 349 353 356 358 361 362 366 370 374 375 378 379 383 384 387 392 393 398 401 404 410 413 416 420 423 427 429 433 434 436 439 442 444 448 452 456 464 467 470 472 474 478 479 482 487 491 492 499 502 504 506 507 512 516 518 521 525 528 532 533 535 539 543 545 550 552 555 557 561 563 567 571 575 578 581 582 586 588 592 593 594 596 602 606 609 610 611 618 620 622 623 625 
133 134 136 144 146 152 155 156 164 168 175 176 181 190 197 200 202 204 208 210 212 214 216 229 231 234 241 244 246 247 252 254 260 264 270 275 279 282 287 288 291 293 295 301 305 308 310 312 319 321 327 331 335 339 341 344 346 352 354 360 364 367 368 371 374 375 377 382 383 387 389 391 393 396 401 405 407 414 417 421 424 425 428 432 434 436 439 442 445 449 451 456 459 467 469 473 477 479 481 484 488 490 492 495 502 506 508 509 510 513 519 521 522 527 530 533 535 537 541 547 548 551 556 559 562 566 570 571 572 577 579 584 585 589 593 595 599 601 605 606 608 613 616 619 621 625 626 629 631 
136 140 141 145 148 155 159 163 168 172 178 179 184 194 199 201 206 207 211 215 218 219 221 233 237 240 245 249 250 253 255 257 263 267 273 279 283 286 288 292 293 295 297 305 309 310 312 315 320 325 330 335 339 342 343 348 352 355 356 361 365 369 371 372 377 380 381 384 386 388 391 393 395 398 405 407 409 417 418 423 425 429 431 435 437 439 443 445 446 452 456 457 461 470 474 475 481 482 485 488 491 493 496 499 505 509 512 516 519 521 522 523 524 529 533 535 538 540 542 550 554 556 560 564 566 569 573 576 578 581 583 587 590 592 596 597 600 602 606 608 610 614 618 623 625 629 630 634 635 
140 144 147 151 152 157 160 167 172 173 179 181 186 198 200 205 208 211 213 216 222 225 227 237 241 243 249 252 254 257 259 260 265 271 277 283 287 288 291 293 294 296 300 309 313 317 319 323 324 329 331 339 341 345 349 352 355 358 362 363 366 373 374 377 380 384 385 388 390 392 394 397 401 402 408 409 412 419 420 427 431 434 438 439 443 445 447 450 453 456 459 461 464 471 478 480 485 486 487 490 494 495 497 500 506 511 516 518 523 526 528 530 533 537 541 544 548 551 554 555 558 562 565 569 572 574 576 580 583 587 591 593 597 601 603 606 608 610 614 617 621 623 626 629 631 632 634 637 639 
143 148 150 154 155 158 163 171 175 176 181 183 189 202 205 208 209 212 216 219 226 227 228 238 242 245 250 253 256 261 265 267 270 275 280 286 289 292 293 296 299 303 305 313 314 320 323 326 328 332 334 343 344 348 351 354 356 362 363 365 368 376 379 383 385 388 390 391 394 396 398 402 406 408 411 412 416 423 424 429 434 436 439 442 447 448 449 453 454 458 462 463 468 474 480 482 488 491 493 497 501 502 504 506 507 512 519 523 527 530 532 534 535 539 544 546 549 555 559 560 562 563 566 572 575 579 580 583 585 588 595 596 601 602 605 609 613 617 621 623 627 628 630 632 634 637 641 644 648 
145 150 154 157 159 160 164 174 176 178 182 187 191 203 209 211 213 214 219 222 229 230 233 239 246 249 252 255 257 264 266 271 273 278 281 290 291 294 295 298 301 305 306 314 318 323 325 327 329 333 338 347 351 354 358 360 363 367 371 372 376 378 382 385 386 391 392 396 397 400 401 406 408 412 416 419 423 424 427 430 435 439 440 443 451 454 458 459 461 462 464 466 472 476 481 483 492 494 498 500 504 506 510 511 514 518 523 527 530 534 537 540 543 545 547 550 553 557 562 566 570 574 576 578 582 583 587 589 593 594 599 600 602 605 608 611 614 621 625 629 633 637 641 645 647 650 651 654 655 
148 154 157 159 163 166 168 177 178 179 184 189 192 205 213 217 220 223 227 228 233 237 239 241 248 252 254 258 261 268 269 275 278 279 284 294 296 297 300 304 307 311 312 315 319 324 329 330 331 335 339 351 352 355 360 363 365 371 372 375 378 382 386 388 389 393 396 397 400 402 403 407 409 414 418 420 424 426 431 434 439 440 442 445 454 455 459 462 463 464 468 472 475 478 482 487 494 498 499 501 505 507 513 514 518 519 525 528 532 536 540 543 547 551 553 557 561 563 566 568 571 577 579 583 584 586 590 593 596 598 603 605 609 610 613 617 620 622 626 630 637 640 645 647 649 654 655 656 660 
150 157 161 162 165 168 170 178 180 182 187 190 196 208 216 218 223 224 230 234 238 240 243 245 250 253 256 259 263 272 275 278 279 282 288 296 300 301 304 306 308 312 314 318 323 328 331 334 335 336 343 355 359 360 362 364 367 375 376 378 381 383 389 393 397 401 404 405 407 411 412 416 420 421 422 424 425 428 434 435 443 446 450 453 458 459 463 466 468 469 473 477 479 483 484 490 497 499 503 507 509 511 515 516 520 523 528 530 534 538 541 544 550 554 556 559 562 564 568 569 572 581 582 584 588 590 592 595 598 602 605 608 610 613 614 621 625 629 632 636 640 644 646 650 653 658 662 664 668 
152 159 165 167 169 170 173 181 183 185 189 194 197 209 217 219 224 227 234 236 239 241 246 248 254 256 260 262 265 274 279 280 282 286 291 299 302 305 309 313 314 315 318 319 324 332 336 340 343 344 345 359 361 363 364 367 370 378 380 383 384 388 393 396 400 404 408 411 414 417 421 425 427 428 430 431 434 437 441 444 446 449 453 455 462 465 467 468 472 475 477 479 481 484 488 492 498 501 505 508 513 516 518 520 523 525 532 535 538 540 542 545 552 556 559 561 566 569 570 573 575 583 586 589 593 595 596 598 601 605 609 610 611 614 617 623 626 633 634 638 641 647 651 655 656 662 664 667 669 
155 163 168 170 174 178 179 184 187 191 194 197 201 213 219 223 228 229 237 240 243 246 250 254 258 259 261 264 267 275 283 284 285 289 292 300 305 309 310 316 320 321 322 324 328 336 339 341 346 347 349 362 366 368 372 374 375 382 386 388 392 393 394 399 403 406 411 415 418 419 422 429 430 433 437 441 442 445 447 450 451 454 458 460 466 467 470 471 475 477 478 482 485 489 492 493 501 504 506 512 517 518 520 522 525 526 533 536 540 541 545 546 553 557 560 565 569 570 571 576 580 585 589 590 596 597 598 601 603 607 612 613 616 620 622 625 630 636 638 639 645 648 654 657 661 665 669 671 672 
156 164 172 175 176 180 184 188 192 194 195 198 202 217 223 224 230 233 241 244 247 251 252 256 260 261 263 266 271 277 285 289 292 296 300 301 308 312 315 320 321 322 324 325 329 337 343 346 349 350 353 364 368 372 376 380 382 383 387 390 396 398 402 403 405 410 415 418 422 425 429 430 431 435 438 445 448 452 453 454 456 459 460 462 469 470 472 473 477 480 484 488 492 494 496 497 504 506 509 514 518 522 524 528 530 533 537 539 541 542 546 548 556 558 561 569 573 574 575 579 584 589 591 595 598 602 604 607 611 613 614 615 620 623 626 627 634 640 641 642 647 649 658 662 665 668 670 675 676 
157 166 176 180 182 186 189 193 195 199 202 203 205 221 227 229 231 236 244 246 251 254 257 258 262 263 265 270 274 278 287 292 293 299 303 307 309 313 319 324 326 330 331 334 336 340 345 350 351 355 358 365 370 375 377 381 383 384 389 394 399 403 407 410 414 417 419 423 425 428 432 435 439 443 445 449 452 455 456 460 464 467 469 470 473 476 480 483 487 488 492 496 499 503 507 508 509 511 512 515 520 525 526 532 536 540 541 542 546 547 551 552 559 560 563 573 574 576 579 583 586 590 594 596 599 604 608 610 615 618 622 623 627 628 630 632 635 641 645 647 650 651 660 664 668 670 674 678 681 
158 167 177 181 186 189 192 196 200 204 205 207 209 225 228 233 237 241 246 250 253 258 261 262 264 267 269 274 275 280 288 296 300 304 308 311 315 317 323 327 328 334 337 340 343 344 348 353 354 359 361 368 372 377 378 383 384 386 390 396 402 406 411 412 418 422 423 427 431 434 438 441 443 444 448 451 455 456 460 464 465 470 474 478 481 483 487 489 490 494 498 499 501 506 508 511 512 515 517 518 522 528 530 536 538 544 546 550 552 555 557 558 561 565 566 575 577 579 581 585 587 592 595 599 601 605 610 613 617 621 623 626 630 631 634 638 640 645 649 650 652 654 662 665 671 672 678 679 685 
160 170 178 183 189 190 193 200 202 205 208 212 215 229 232 237 238 242 250 251 256 261 264 267 271 273 276 279 280 281 289 300 301 307 312 316 320 321 326 331 333 335 338 343 344 347 349 354 356 362 363 369 376 378 382 386 387 391 395 400 405 407 412 415 422 423 425 430 432 438 440 443 447 449 450 454 459 462 464 466 467 472 475 479 483 485 489 492 496 498 502 505 509 512 513 516 517 520 522 524 526 529 533 537 541 546 550 552 555 556 561 562 563 567 571 578 582 583 587 591 595 597 599 603 604 606 612 614 621 625 626 628 633 634 636 642 645 646 650 652 656 660 665 667 675 676 682 686 689 
161 173 182 186 193 197 199 204 207 211 213 217 220 230 233 241 243 247 253 257 260 262 268 269 274 275 280 283 285 286 290 304 308 312 316 320 324 328 331 335 336 338 341 347 350 353 355 357 358 366 370 372 377 380 384 388 392 396 400 404 408 410 413 416 425 429 431 432 433 439 443 446 450 453 457 461 465 467 470 474 477 479 483 485 489 493 495 497 500 502 505 507 513 517 521 525 528 530 532 534 536 538 541 542 545 550 551 553 558 560 564 568 572 574 578 582 586 588 592 594 598 599 602 605 607 609 614 615 623 628 632 633 636 638 641 643 646 647 653 654 659 662 666 668 677 681 686 690 693 
164 177 185 188 196 199 203 208 209 214 218 219 223 233 234 244 245 250 256 259 262 265 272 273 278 280 283 287 291 292 293 308 312 314 320 321 326 332 333 339 341 344 346 348 351 357 358 361 363 369 374 375 379 384 386 389 396 397 404 408 410 411 415 417 427 433 434 435 436 442 446 447 453 454 460 465 467 470 473 477 478 481 486 488 492 494 496 501 503 507 509 510 517 518 524 529 531 535 539 542 545 548 552 554 556 559 563 566 569 573 575 578 582 585 589 593 596 598 602 606 609 610 611 615 619 620 621 625 629 631 633 635 638 641 645 648 649 651 654 657 661 665 669 671 678 682 689 691 696 
167 178 186 191 200 203 207 210 213 218 222 223 226 235 238 247 251 255 258 260 266 268 276 278 282 285 287 289 295 297 298 312 314 316 321 324 328 335 336 340 345 348 352 354 358 359 360 365 367 372 378 380 382 385 390 394 400 403 406 411 415 416 419 423 429 437 441 442 444 447 448 449 455 459 463 467 468 471 477 479 482 484 489 493 494 495 497 502 505 508 511 514 519 522 525 533 536 537 541 545 546 551 555 559 562 566 570 573 576 580 584 587 588 590 592 597 600 601 605 608 611 613 617 621 622 626 627 630 633 636 637 641 643 647 648 652 656 657 661 662 665 668 672 676 682 684 692 694 698 
169 179 188 194 202 207 208 214 217 220 225 229 233 239 242 248 255 258 260 263 268 269 277 280 285 289 290 292 297 301 302 313 316 319 323 327 332 338 342 345 347 350 356 358 362 366 370 371 374 375 382 385 387 388 392 396 404 406 408 415 419 420 422 426 431 439 445 449 450 453 455 457 458 460 466 471 474 478 479 483 486 489 491 494 497 501 502 504 509 513 516 520 521 525 526 536 540 541 542 546 549 555 557 560 564 569 572 577 580 582 585 590 594 598 602 603 605 606 608 612 614 615 619 624 628 629 632 634 636 637 641 642 647 648 652 653 658 660 662 665 668 672 675 678 683 688 695 697 699 
172 183 192 195 204 211 213 215 220 222 228 230 235 240 245 251 256 259 264 267 269 272 280 284 287 293 295 296 301 303 304 314 318 320 324 331 335 340 344 347 351 353 358 361 364 368 374 375 378 381 385 387 389 390 396 397 406 407 409 416 422 423 426 427 435 441 447 450 452 457 458 460 463 465 468 474 478 479 481 484 490 492 495 497 498 502 506 507 510 515 517 523 525 528 530 540 544 546 549 553 557 561 563 565 567 572 575 578 582 584 588 593 598 600 604 607 608 611 615 616 620 622 623 627 632 633 635 636 638 640 642 645 651 654 657 658 661 663 664 667 670 673 678 682 687 691 699 701 705 
174 185 196 200 205 213 215 218 221 226 229 232 239 244 247 255 259 262 265 270 272 274 282 287 291 297 301 304 307 308 309 318 322 326 329 333 338 342 346 351 352 357 362 366 370 372 378 379 380 385 387 388 392 395 399 401 408 410 411 420 425 428 429 431 438 444 450 453 456 461 463 467 468 470 473 478 482 483 486 490 491 496 497 500 501 506 509 512 514 516 519 524 529 532 533 542 546 549 552 555 559 562 564 567 570 574 578 582 586 589 590 594 599 602 606 609 613 617 618 620 621 623 624 630 633 634 637 640 644 645 648 652 654 657 660 661 664 665 669 671 672 676 679 686 689 694 701 705 707 
176 189 199 204 208 217 218 221 225 227 232 234 243 245 251 258 260 263 269 272 276 278 283 290 293 298 303 305 308 309 313 319 323 329 331 336 342 345 348 355 358 359 365 370 373 375 382 383 384 387 390 392 396 400 404 407 410 412 416 422 429 432 434 435 442 448 454 458 460 462 464 471 475 478 479 481 484 485 488 491 494 498 500 503 505 509 513 515 519 520 521 527 532 536 540 543 550 553 555 556 561 563 568 571 572 578 582 586 588 590 591 598 602 605 608 611 615 620 621 622 624 626 630 633 636 640 641 645 648 652 656 657 660 664 666 667 670 673 677 680 681 683 684 690 693 698 702 709 713 
180 193 201 206 209 219 220 223 227 231 236 239 247 249 255 260 261 265 270 274 279 280 286 291 295 299 304 309 313 314 318 323 326 333 335 339 344 349 351 357 360 363 367 372 377 378 385 387 391 395 399 401 405 406 408 409 414 417 418 425 432 434 435 437 446 452 458 462 466 468 470 475 478 479 480 485 487 488 489 492 497 500 504 508 511 512 514 519 521 522 526 529 534 538 544 548 552 556 559 563 564 568 571 574 578 580 583 587 592 595 598 600 604 609 612 614 619 624 625 626 630 632 636 639 642 645 647 648 650 653 660 661 665 669 671 673 676 679 682 684 687 691 693 697 700 702 703 711 717 
182 197 202 208 212 222 225 228 230 233 238 241 249 251 259 262 266 269 272 275 282 285 290 294 297 301 308 310 314 318 321 324 330 337 338 341 345 353 354 358 363 365 371 376 379 382 387 390 394 396 403 407 409 412 413 416 419 422 424 427 434 436 437 439 449 453 459 464 469 473 475 476 479 482 485 489 493 496 499 502 504 508 510 512 514 517 518 520 525 528 529 533 538 542 547 549 553 558 561 566 569 572 573 576 580 583 587 591 593 598 599 604 608 613 617 619 621 625 626 629 632 633 637 640 645 646 649 652 655 656 663 664 668 673 675 677 678 683 685 686 691 694 695 701 702 703 706 715 721 
183 201 203 210 215 226 230 232 236 238 242 243 253 256 261 266 269 270 273 279 286 289 293 295 298 303 311 315 317 322 325 326 332 340 343 344 349 354 356 359 366 370 372 378 383 384 390 393 396 398 405 409 411 413 414 417 421 424 428 429 435 437 441 443 453 455 462 465 470 476 477 479 482 485 488 493 495 499 503 506 509 513 516 519 523 524 527 529 533 536 540 544 545 547 549 552 557 562 565 570 572 574 576 577 582 587 591 593 597 601 603 607 610 614 620 623 627 631 633 637 641 645 649 653 654 657 660 661 662 664 665 669 670 676 679 683 686 689 693 697 698 702 705 707 709 712 715 717 723 
185 202 206 212 217 229 231 236 238 242 244 247 256 259 263 270 273 276 280 282 288 293 295 299 302 307 312 319 323 326 328 331 336 343 344 345 351 356 358 363 369 372 376 379 386 390 391 394 400 404 408 410 415 419 423 425 427 430 431 435 439 443 446 448 455 458 463 469 472 477 478 480 484 487 492 497 499 503 504 510 511 514 518 523 527 530 533 535 536 538 543 548 552 553 555 556 559 566 570 572 575 579 583 586 589 592 596 597 598 603 604 610 612 618 624 627 628 633 635 639 645 646 652 654 655 658 663 667 670 674 676 678 681 685 686 690 693 697 700 703 705 708 709 713 715 716 719 722 725 
187 204 209 213 218 232 234 237 241 246 248 251 260 261 264 271 274 277 282 284 292 295 299 300 305 309 314 322 325 328 329 335 338 345 348 350 355 360 363 365 373 374 378 382 388 391 394 396 404 406 411 413 419 420 426 428 429 432 433 439 443 446 447 452 457 459 465 470 476 479 480 481 485 488 493 499 503 505 507 512 516 517 521 525 529 533 535 538 542 544 547 551 553 556 558 561 562 568 574 575 578 582 584 589 591 596 600 602 605 607 611 613 616 620 627 630 631 637 641 643 648 652 656 660 663 665 666 668 672 675 677 680 682 688 689 691 696 701 705 706 708 712 714 715 717 720 722 726 729 
189 208 210 214 219 234 238 242 245 248 252 253 264 266 268 275 277 278 283 285 293 298 300 303 308 310 318 324 329 330 332 336 341 349 353 355 356 363 367 368 376 378 382 384 391 393 398 401 405 410 413 417 421 422 430 431 432 436 438 440 447 448 451 453 460 461 466 474 478 482 486 490 493 494 498 503 505 507 511 513 517 520 525 527 530 535 536 542 543 548 551 555 557 561 563 567 570 574 577 579 582 585 589 590 593 598 602 606 607 609 613 614 619 621 631 634 635 641 645 646 650 655 658 662 665 667 671 674 676 679 682 684 687 691 692 694 698 702 709 713 716 720 722 726 730 732 736 738 742 
190 209 211 215 223 235 240 245 248 252 255 256 266 268 270 277 279 282 284 289 296 301 305 307 310 311 321 328 333 334 338 339 345 351 355 358 359 365 368 370 377 379 385 389 395 399 400 402 407 411 416 420 424 427 431 432 434 437 440 443 448 450 452 457 464 465 469 476 479 484 490 491 496 497 501 504 509 511 514 516 520 521 529 531 532 536 537 545 549 551 552 559 561 565 569 573 577 579 582 583 587 590 594 595 596 600 605 609 612 614 617 619 621 625 633 635 639 642 649 652 656 658 660 664 669 671 673 677 680 681 684 685 691 694 695 699 702 703 710 717 719 722 726 727 734 736 738 741 745 
193 210 214 216 224 238 244 247 250 253 259 262 270 274 276 279 281 283 287 290 300 305 309 312 315 317 323 332 334 335 341 343 348 352 356 362 365 366 369 372 378 381 387 392 396 401 405 408 410 415 420 423 426 431 434 435 436 438 441 446 449 451 453 460 467 470 472 480 484 488 494 496 499 502 505 506 511 513 515 520 522 526 531 533 536 537 538 547 552 555 558 560 564 567 572 575 579 582 586 588 590 594 597 598 600 603 608 611 616 619 622 623 626 627 635 637 642 643 652 656 660 662 666 669 672 676 680 681 684 685 686 690 693 698 702 704 707 708 712 718 721 726 727 729 738 739 740 742 747 
197 213 218 222 226 239 248 251 255 259 263 264 273 277 279 282 285 286 288 294 301 307 313 317 319 320 326 334 337 340 345 346 351 356 358 364 367 369 373 377 381 382 390 394 400 402 407 410 413 416 424 426 427 432 438 442 444 447 448 451 455 458 460 462 470 474 475 482 488 491 497 501 505 507 508 509 514 515 517 521 524 529 535 536 540 541 543 551 553 557 562 566 567 570 575 579 583 584 588 590 594 596 601 603 604 608 612 614 618 621 623 625 628 630 638 639 645 649 656 658 662 666 670 671 676 678 683 684 686 690 692 695 697 701 703 705 708 710 715 719 723 729 731 734 742 743 745 746 750 
200 214 219 225 227 240 249 255 258 260 265 267 275 278 280 284 286 288 291 296 304 311 317 321 323 325 327 336 341 342 348 351 355 358 360 368 369 371 376 378 382 383 392 395 404 408 411 414 416 419 426 428 429 435 439 443 445 448 451 455 458 460 464 466 473 478 482 484 490 495 500 504 509 513 516 518 520 523 524 528 531 534 538 539 542 543 545 553 554 560 563 567 569 573 577 583 584 585 589 592 598 600 605 607 608 610 614 616 622 625 627 629 632 634 642 643 648 651 660 663 664 667 673 676 678 681 685 686 689 691 693 697 701 702 705 707 709 713 717 720 725 731 732 735 743 747 751 754 756 
202 216 221 229 233 241 250 258 260 264 268 271 277 279 281 286 289 292 294 300 307 314 321 322 327 331 333 338 345 349 351 352 357 359 361 369 370 374 377 380 383 387 395 396 405 412 416 418 420 421 428 429 433 439 442 447 451 452 454 457 460 461 466 468 475 480 485 489 492 498 501 507 510 515 517 519 523 526 529 532 533 535 541 544 547 550 552 557 558 564 566 569 572 576 581 584 585 587 592 596 600 601 609 611 613 616 620 624 627 629 632 636 639 640 645 647 651 652 664 666 667 668 674 680 683 684 689 693 694 695 697 698 704 707 711 714 718 719 721 722 727 734 736 738 744 749 755 759 763 
206 218 225 232 234 245 251 260 262 265 271 275 279 280 284 288 292 294 298 301 308 316 324 326 330 334 337 340 349 351 352 355 361 363 364 373 377 379 382 385 388 389 399 403 407 415 418 419 422 424 430 433 435 440 443 450 454 455 458 462 465 467 468 471 476 482 488 490 495 501 505 509 513 518 519 523 527 531 533 536 539 540 543 547 550 553 555 560 561 568 569 572 576 580 585 588 590 592 594 600 603 606 611 612 616 617 622 627 630 631 634 639 640 644 647 651 652 656 665 669 671 674 675 684 686 687 690 695 697 698 700 702 705 708 712 716 721 725 727 731 735 737 739 742 746 753 759 761 765 
207 219 229 234 235 249 255 261 266 269 273 278 282 285 288 291 296 299 300 302 312 320 326 327 332 336 341 344 351 353 357 359 365 367 371 376 380 382 386 389 393 397 400 407 410 416 421 424 426 427 431 435 438 441 445 454 455 459 460 466 467 471 474 476 477 485 492 493 498 505 509 513 516 521 525 528 531 533 536 539 541 544 548 552 553 556 560 562 565 571 574 577 578 584 587 589 592 595 596 601 606 608 612 613 620 623 624 630 632 636 638 643 645 648 650 655 657 659 669 670 674 675 676 688 690 691 693 699 702 703 706 709 713 715 716 720 724 728 729 733 739 740 742 745 748 756 761 762 768 
211 222 230 235 237 252 256 265 270 271 275 280 283 287 291 294 300 302 303 307 314 321 328 330 333 337 344 345 355 358 362 364 369 371 375 378 382 386 389 392 397 400 402 408 414 418 425 427 430 434 437 440 442 446 448 456 460 462 463 467 471 472 478 479 481 489 494 497 499 506 513 514 520 522 529 533 537 539 543 545 549 550 553 554 557 560 562 565 566 575 576 578 579 585 588 592 593 598 602 604 607 610 614 618 622 624 626 631 635 638 639 647 650 654 658 662 664 667 673 676 680 684 687 692 694 695 696 701 705 706 708 712 715 716 719 724 728 731 732 734 742 743 745 746 750 759 763 767 771 
215 223 233 237 239 255 257 269 273 275 278 282 285 289 294 297 302 303 306 308 315 322 331 333 334 338 345 349 359 362 363 366 370 375 379 382 384 388 393 396 399 403 406 411 416 419 428 432 433 436 438 444 445 450 453 459 461 464 467 471 475 478 482 486 488 493 498 501 505 509 514 517 524 526 532 536 540 541 545 548 552 554 558 562 565 567 568 569 571 577 581 583 586 589 590 596 598 599 606 607 608 612 617 621 626 627 631 634 639 643 647 649 651 655 661 665 666 668 674 680 683 687 690 693 695 699 700 705 707 709 713 715 718 721 724 726 729 732 735 738 744 746 749 750 753 761 764 768 773 
218 224 237 240 243 259 263 271 275 279 281 285 289 292 297 299 303 305 310 313 316 323 334 336 340 341 349 352 360 363 366 368 374 379 383 385 386 391 397 401 403 407 410 415 420 421 429 435 436 438 441 448 452 456 457 463 467 469 470 472 478 481 484 488 492 497 501 502 506 510 517 519 527 531 533 539 544 545 547 549 553 556 559 564 567 571 572 576 578 579 582 584 590 593 595 600 603 605 607 608 609 615 618 624 627 631 632 638 643 646 648 652 653 658 662 667 671 674 678 682 686 690 694 698 701 703 704 709 710 714 715 717 720 723 727 731 733 735 738 739 746 750 751 753 755 763 765 771 775 
222 227 238 241 244 261 266 275 278 281 282 287 290 293 298 303 307 311 312 317 320 325 338 342 346 349 351 356 363 367 369 373 377 381 386 389 391 393 398 403 406 411 413 418 421 424 430 437 440 441 443 451 453 457 461 464 468 471 474 478 482 483 486 491 495 498 502 505 510 512 521 525 530 532 534 540 545 548 549 550 556 559 562 568 570 572 573 577 579 580 584 588 593 596 597 601 605 607 608 609 611 619 622 625 630 633 634 642 644 649 652 656 660 664 665 669 673 675 679 686 689 692 696 702 704 708 709 712 716 718 721 724 728 732 736 738 740 741 744 746 749 754 758 759 762 764 766 774 777 
226 229 242 246 248 265 267 277 280 285 286 290 291 295 300 307 310 312 316 320 324 328 339 343 350 353 355 357 365 369 371 377 379 383 390 394 398 402 406 410 413 417 418 420 424 427 434 438 444 446 449 452 455 460 464 466 472 474 478 479 484 488 490 495 497 499 506 507 512 513 522 526 531 535 538 544 548 552 554 558 562 564 568 569 573 577 581 582 585 587 590 592 594 599 601 605 606 608 610 612 615 621 625 627 633 636 637 645 647 651 656 659 663 666 670 674 675 676 680 690 692 695 699 706 708 709 712 716 718 722 724 727 730 736 740 741 744 747 750 753 755 759 763 764 766 768 771 775 778 
230 231 245 248 250 267 271 280 284 286 289 291 295 297 302 308 314 317 321 325 327 329 340 344 351 357 358 360 367 373 377 379 383 385 394 396 402 405 409 412 417 419 422 426 429 432 436 440 448 450 452 454 459 463 467 470 475 479 482 486 490 493 496 500 503 507 510 512 513 516 526 530 533 536 539 546 552 553 555 560 563 568 569 570 574 581 585 589 591 592 596 597 600 601 603 606 607 610 613 616 620 625 628 629 637 639 640 648 652 653 658 660 667 670 674 677 678 681 683 693 695 699 702 710 714 716 720 722 725 727 730 733 734 738 742 745 747 751 753 755 756 762 767 768 772 773 776 779 781 
232 233 248 250 253 271 272 283 285 289 292 295 299 300 305 312 317 319 324 326 328 331 341 347 352 360 364 366 371 376 378 381 387 389 396 399 405 409 410 415 421 425 427 431 432 436 438 444 452 453 455 458 463 467 470 472 477 482 485 487 492 494 497 504 506 509 512 514 515 517 530 531 534 540 544 548 555 558 562 565 568 569 573 576 577 584 586 593 595 598 601 605 607 609 610 611 612 614 616 618 623 627 631 634 641 642 646 651 655 659 660 661 669 673 676 681 684 685 689 696 699 703 706 712 715 720 724 727 731 733 737 738 742 746 748 751 752 753 757 760 763 765 768 772 775 779 783 785 789 
234 236 249 253 254 273 277 286 288 293 295 297 302 304 307 316 321 325 327 331 334 335 342 348 353 362 367 371 372 380 383 386 388 391 400 404 406 410 412 419 425 429 432 434 437 439 440 448 453 457 458 462 464 468 472 473 481 486 489 490 493 496 500 505 507 513 515 516 517 518 534 536 537 542 546 549 557 561 564 567 570 571 577 578 582 588 592 594 599 602 605 608 610 611 615 619 623 625 628 629 631 632 635 636 642 645 647 653 659 663 664 668 673 676 677 683 688 689 693 700 702 707 709 714 719 723 728 729 734 736 739 741 746 748 750 754 755 756 758 764 768 770 773 774 779 781 785 786 791 
235 238 251 254 258 274 278 287 290 297 299 303 304 306 309 320 325 326 328 332 338 342 344 350 356 364 371 373 374 384 386 390 392 394 401 407 410 411 416 422 428 430 436 440 444 448 449 453 455 458 459 463 466 470 476 479 482 489 493 497 501 505 507 511 515 519 520 522 523 526 536 540 542 545 549 550 558 562 565 569 572 574 580 582 583 592 594 598 601 605 609 612 614 618 619 621 625 627 630 633 634 637 640 644 647 649 650 654 662 665 666 669 674 680 683 684 690 691 697 701 706 708 713 718 721 724 729 733 736 739 740 745 748 750 754 757 759 763 767 771 775 779 783 785 789 792 794 798 801 
236 242 254 257 259 276 279 288 292 298 303 306 308 312 314 324 328 331 334 338 340 345 347 353 358 368 372 374 375 386 390 392 396 398 404 410 411 415 418 426 432 433 439 444 447 451 453 457 460 463 467 471 474 476 477 481 483 490 495 500 505 509 511 514 518 520 521 525 526 528 537 544 547 548 552 553 560 564 569 573 576 580 584 586 589 593 597 602 605 608 613 617 619 620 624 625 627 631 635 637 639 642 644 647 649 652 656 658 666 668 670 673 676 683 685 688 692 694 700 702 708 712 717 722 725 729 733 737 739 741 744 748 752 754 758 761 762 764 768 775 777 782 784 787 792 793 797 800 805 
240 243 257 261 265 279 282 289 293 300 304 310 311 316 318 327 329 335 337 341 343 348 351 354 362 370 374 377 379 387 394 396 398 401 406 414 415 416 420 430 435 437 442 447 449 455 457 459 464 467 469 475 479 481 485 489 492 494 498 502 507 511 514 518 522 525 529 532 534 535 538 545 550 553 555 557 561 568 573 577 578 581 587 588 592 594 599 604 606 610 614 621 623 627 629 630 633 635 636 640 641 643 648 650 652 653 658 662 667 672 673 675 680 687 691 694 695 698 701 704 712 714 721 725 726 733 736 740 741 742 748 749 754 755 760 765 769 773 775 777 781 786 789 793 795 797 801 803 809 
241 245 259 264 266 281 283 290 297 304 306 313 314 319 321 328 330 337 340 343 345 352 353 355 365 372 378 382 385 390 396 399 403 407 409 415 417 420 422 433 437 439 443 448 450 457 459 460 465 471 475 479 482 486 487 490 495 496 501 503 511 515 516 519 524 529 533 536 538 539 541 548 551 556 559 561 562 572 576 578 582 583 590 594 597 600 602 608 610 613 616 623 624 628 630 633 637 639 642 646 649 650 654 657 658 661 663 665 668 673 674 678 682 689 695 696 700 701 702 706 713 718 723 728 729 735 737 743 746 749 752 753 758 762 764 769 771 777 781 784 787 789 792 794 799 800 802 807 810 
243 247 260 268 272 283 286 291 301 305 307 316 319 322 324 331 334 341 345 346 350 353 354 357 368 374 379 385 387 391 398 400 404 408 412 419 420 423 425 437 438 443 447 450 451 461 463 466 468 472 476 480 483 487 489 491 497 501 504 506 514 519 520 522 526 532 537 540 541 545 547 549 554 559 562 564 567 574 579 581 583 584 593 596 600 604 607 611 613 617 618 624 626 632 635 637 639 640 644 649 650 651 658 660 663 664 668 671 673 675 677 681 685 691 699 700 704 708 711 714 716 722 726 732 733 739 742 745 748 753 756 759 761 764 767 772 774 781 782 785 790 793 794 796 801 805 807 809 813 
246 248 263 269 273 285 288 295 304 306 308 318 323 326 329 333 337 344 349 353 356 358 361 364 370 375 380 386 391 392 402 406 408 411 416 422 423 424 427 438 440 446 451 452 456 464 467 470 472 474 480 481 486 489 491 495 500 505 507 510 518 520 521 524 529 535 541 542 546 547 548 552 557 562 563 566 570 575 580 585 589 592 597 599 602 607 608 615 618 620 623 626 627 636 640 643 647 649 652 653 657 661 662 663 664 667 670 675 677 678 679 683 686 695 702 703 708 709 713 715 720 725 730 735 738 743 745 749 752 756 759 762 763 768 770 775 779 784 786 790 791 795 796 799 803 808 811 814 815 
247 251 264 273 274 287 290 296 305 308 312 320 324 328 330 337 341 346 352 356 359 363 365 368 372 378 384 387 395 398 403 409 413 414 417 424 425 429 432 441 444 447 455 456 458 468 470 473 475 478 484 487 488 493 496 497 501 506 510 512 519 521 523 526 532 539 544 547 550 552 555 557 560 566 568 569 571 576 581 589 592 596 599 603 604 609 613 619 622 624 625 627 631 638 641 647 648 650 653 656 658 665 668 672 674 675 676 679 683 687 688 689 690 696 706 710 713 715 718 722 726 729 732 738 740 746 749 753 757 759 760 765 769 771 772 779 783 785 788 793 794 796 800 802 807 810 813 815 816 
249 252 268 274 275 290 294 297 308 312 313 322 325 332 336 341 343 349 356 358 363 364 367 370 375 379 387 388 399 400 405 413 414 418 422 428 430 431 435 442 447 449 457 461 462 469 471 474 479 482 487 488 490 495 497 501 503 510 514 516 520 524 526 529 536 543 548 549 551 555 559 563 566 570 574 575 577 581 582 592 596 599 602 605 608 610 616 621 625 626 627 631 635 639 643 649 652 653 654 657 662 669 670 674 676 678 681 684 685 691 695 698 701 705 710 713 716 719 722 726 727 730 735 741 743 748 750 755 761 762 766 767 772 775 779 780 784 789 792 796 798 800 802 806 808 813 816 819 822 
251 255 271 278 279 291 296 300 312 315 318 325 327 334 337 343 346 350 357 359 367 368 369 373 378 381 389 393 401 405 408 415 417 420 423 429 433 436 438 443 451 455 459 465 467 472 476 480 482 484 489 492 493 496 500 502 504 511 516 517 524 526 527 533 537 546 549 551 552 558 561 565 568 572 577 578 582 585 589 596 600 602 603 609 611 615 617 622 629 632 634 637 638 640 644 652 655 656 659 661 666 673 675 676 679 683 684 688 689 695 698 701 704 706 714 717 718 722 724 730 731 732 737 743 744 750 752 758 765 768 770 772 774 777 780 784 787 792 793 799 800 803 804 808 811 814 817 822 823 
253 257 274 279 283 293 297 302 315 316 322 328 332 337 338 347 349 352 359 360 368 372 375 379 381 385 391 397 403 406 412 417 418 423 426 432 434 439 443 447 452 458 460 467 470 475 478 481 485 487 492 495 499 500 504 506 507 514 518 520 527 531 534 537 541 548 550 552 553 559 562 567 570 576 581 584 586 589 591 598 603 606 608 613 614 618 619 626 633 635 639 643 647 651 652 653 658 660 662 664 668 675 679 681 685 686 687 689 690 698 701 704 706 709 716 720 721 723 726 733 736 739 740 744 746 754 757 761 768 772 773 775 778 779 782 788 789 795 798 802 803 807 809 812 815 817 820 825 826 
254 259 276 282 287 294 299 306 316 317 325 332 333 338 342 351 352 356 362 366 370 375 376 380 382 388 395 401 406 410 415 418 420 427 430 433 437 441 447 450 456 462 465 471 472 478 480 485 487 491 496 500 503 507 509 510 511 518 521 525 530 534 538 539 544 551 554 556 559 560 566 568 573 579 583 586 589 593 594 599 604 607 611 617 619 621 624 628 634 639 640 645 648 655 656 659 662 663 664 665 670 676 681 682 687 689 693 697 700 701 702 705 710 712 720 724 726 729 730 735 738 743 744 748 750 758 759 765 771 776 779 781 782 784 785 789 790 796 800 804 808 810 813 817 821 822 823 827 830 
255 261 280 286 288 297 300 309 317 318 327 334 337 342 345 354 356 359 364 369 372 376 379 384 387 391 399 402 407 413 419 420 421 429 432 437 441 442 449 451 460 466 469 475 477 482 486 488 490 492 500 502 506 511 512 515 518 521 524 529 534 538 542 546 547 555 559 563 565 567 568 569 577 583 586 589 593 597 599 603 607 608 613 621 625 629 633 636 638 643 647 650 654 658 661 663 667 669 673 676 679 682 683 685 691 692 697 698 703 705 709 712 715 717 724 726 728 731 734 738 741 744 746 751 753 760 762 769 775 777 783 785 787 791 794 795 798 801 804 807 812 816 817 819 824 825 826 829 832 
258 265 283 288 290 301 302 311 318 322 328 336 340 343 349 355 357 361 366 372 376 379 383 387 391 393 400 406 410 416 420 423 427 432 435 440 443 446 452 456 463 470 472 477 481 486 488 491 493 494 504 505 510 512 516 520 521 524 526 530 537 542 543 550 551 557 560 566 568 571 574 575 580 585 590 594 595 599 603 604 610 611 614 625 627 630 635 638 640 646 650 654 656 661 663 667 669 670 677 680 682 684 688 692 695 699 703 706 709 712 713 714 717 721 727 728 730 735 736 741 744 745 750 755 757 761 764 772 776 778 784 786 789 792 798 799 802 805 807 809 816 819 822 823 827 830 831 834 835 
262 268 286 291 293 302 306 315 319 325 330 339 341 346 353 359 363 364 367 375 378 382 386 388 393 396 401 408 411 420 424 426 428 436 437 444 446 449 454 459 464 474 475 478 482 490 492 493 494 496 507 508 512 515 518 521 525 527 528 531 538 543 545 552 555 561 565 567 569 574 577 579 582 586 591 595 598 600 605 606 613 616 620 627 630 633 638 642 643 649 653 656 658 663 664 670 671 675 679 683 686 690 693 694 697 702 706 707 712 715 717 718 722 725 731 732 733 737 739 745 749 753 756 757 761 764 767 773 777 782 786 787 792 795 799 801 806 810 812 814 818 822 826 827 830 833 834 837 840 
263 270 289 295 298 304 308 316 322 326 331 342 344 347 357 360 367 371 373 376 381 384 387 390 397 399 402 411 415 421 428 430 434 439 441 448 449 450 458 460 466 478 480 482 483 492 494 496 500 503 508 509 514 518 522 526 528 530 533 537 540 545 547 556 558 564 568 570 571 575 581 584 585 589 595 596 600 603 607 610 615 619 622 631 632 637 640 643 644 650 655 658 661 665 669 671 675 679 683 685 689 691 694 697 698 703 707 708 716 718 719 720 726 729 733 736 738 740 744 748 752 755 758 760 763 766 771 774 780 783 790 792 794 797 802 805 810 811 814 817 821 824 827 828 833 836 840 842 845 
267 273 291 297 300 308 311 318 323 330 332 343 347 351 358 363 371 374 377 380 382 385 389 393 401 404 407 412 418 422 432 433 435 440 444 449 451 454 462 464 469 481 482 486 489 496 498 501 505 509 511 513 517 521 525 528 532 535 536 538 544 547 548 560 564 565 571 575 578 579 583 587 591 592 596 599 604 607 610 614 619 621 624 634 636 638 644 645 648 651 656 660 665 669 671 672 678 680 685 686 690 694 696 701 702 707 709 713 718 720 721 724 727 731 736 740 743 747 751 753 756 758 761 762 764 767 773 775 781 785 792 795 799 801 805 807 813 815 819 822 824 826 828 830 835 838 843 847 851 
268 277 295 298 301 311 315 321 324 332 333 346 348 355 360 367 373 375 380 383 386 390 392 396 402 406 411 414 421 424 435 438 439 444 445 450 454 458 464 465 470 483 484 488 490 500 504 507 511 514 517 520 521 524 526 529 533 537 538 539 548 550 552 563 565 566 575 578 581 585 586 589 593 594 598 603 608 610 613 616 622 623 626 637 641 643 648 650 653 656 660 662 669 672 675 676 679 681 687 691 692 697 699 702 703 711 713 717 722 725 728 732 736 739 743 746 748 750 752 754 757 760 765 766 770 771 777 779 782 788 794 799 802 803 809 811 817 818 820 823 827 831 834 835 839 843 846 849 853 
271 278 297 299 302 313 318 322 326 334 335 348 349 359 363 371 377 378 384 385 389 392 394 399 405 409 412 417 425 428 438 441 442 448 451 452 457 459 467 470 472 487 490 493 496 504 506 510 512 518 522 525 527 529 530 532 537 538 540 541 549 554 555 565 568 570 576 581 582 589 592 593 597 601 604 605 609 612 614 618 626 629 632 639 643 646 652 655 657 659 663 667 673 676 679 680 684 686 688 695 696 698 701 705 707 713 714 718 723 727 729 735 737 742 744 749 752 755 759 762 766 767 770 771 774 775 779 782 783 789 797 803 804 807 812 815 818 819 823 826 828 833 835 836 841 844 848 852 857 
275 281 300 304 308 317 319 324 330 336 339 352 356 363 366 375 381 382 387 389 392 395 396 402 408 411 415 421 428 431 441 443 444 451 454 455 458 462 469 472 475 489 494 498 502 505 510 513 517 519 526 529 533 536 539 540 542 545 548 552 554 556 557 569 573 577 579 584 588 593 595 598 602 606 609 611 612 614 616 621 630 631 633 641 645 650 655 657 659 660 666 670 677 681 683 685 686 690 692 696 699 702 705 708 712 716 719 722 725 730 734 739 743 744 747 751 754 758 760 765 770 771 772 773 775 777 782 786 788 791 799 807 808 810 814 819 821 824 826 830 832 836 838 842 845 847 849 855 859 
276 284 301 305 312 319 320 327 332 339 341 353 357 364 370 379 382 386 391 392 396 397 399 403 411 414 417 422 431 432 443 447 451 455 458 462 464 466 471 476 477 491 496 501 505 509 512 517 521 525 529 531 535 538 542 543 547 549 551 554 557 558 562 572 574 580 584 587 590 594 599 600 606 609 611 613 616 620 623 626 634 636 637 645 647 652 656 658 661 665 670 671 679 682 687 690 693 695 697 701 705 709 711 713 717 719 722 723 726 731 738 743 745 749 753 756 758 760 763 767 771 775 776 779 781 783 787 791 792 795 802 809 812 814 817 821 822 827 829 833 834 838 841 843 846 848 853 856 861 
278 287 304 309 315 320 323 331 334 340 342 356 358 368 374 381 385 389 394 396 400 401 405 406 415 416 421 426 432 434 444 448 454 458 461 463 466 468 474 478 480 492 498 502 508 511 516 521 522 527 533 537 538 540 546 549 553 557 560 562 563 564 567 575 579 583 585 588 594 597 602 604 607 610 613 617 621 625 628 632 636 637 641 647 648 655 658 662 664 668 672 674 682 684 689 694 698 700 701 703 708 711 715 719 723 724 728 729 730 735 739 746 750 754 758 762 764 766 768 772 773 776 777 782 784 787 788 795 796 800 803 813 816 817 818 823 825 830 833 834 835 840 844 848 850 853 857 859 862 
280 289 306 311 316 323 327 333 336 344 348 359 362 369 378 382 389 392 395 399 402 406 409 413 418 419 425 429 434 436 448 452 457 462 464 467 469 471 477 482 483 493 501 503 509 514 519 524 527 530 534 540 541 543 549 550 556 561 563 564 566 570 574 578 581 584 586 591 598 601 603 605 611 614 617 619 625 629 632 636 637 638 644 650 654 658 662 665 666 670 676 679 684 685 692 697 702 703 706 707 710 713 719 721 724 727 730 732 733 737 742 748 753 755 761 765 767 771 774 775 778 779 781 786 787 790 793 799 802 803 807 816 817 818 822 826 828 833 835 838 842 844 846 852 854 855 858 863 864 
282 293 307 314 318 325 331 336 337 348 351 361 365 370 379 385 392 395 397 403 407 408 411 414 422 424 427 431 438 440 451 456 458 463 465 470 474 476 478 485 486 496 503 507 511 517 520 525 531 535 536 541 544 545 553 555 559 563 566 568 572 573 578 582 586 587 589 593 602 605 606 609 614 616 618 620 628 630 634 640 642 645 646 651 655 659 665 666 669 671 680 683 687 688 693 699 704 706 708 709 713 717 721 724 726 729 733 737 741 742 745 751 754 759 762 767 768 775 777 780 783 787 789 791 792 795 797 800 805 808 809 817 821 823 826 830 832 834 836 839 843 845 848 856 860 864 866 867 870 
283 295 308 318 322 328 335 338 339 352 355 362 369 371 380 388 394 399 402 406 410 412 414 417 425 428 431 433 439 443 452 457 462 466 468 472 476 479 481 486 490 498 505 508 513 521 523 528 535 536 539 545 547 550 556 559 561 565 568 571 574 575 579 583 590 594 597 600 606 610 611 614 617 621 625 627 631 634 635 644 645 647 651 653 659 663 668 671 672 674 682 687 690 692 695 701 707 708 712 714 717 721 723 727 728 730 736 738 742 743 746 754 756 760 764 770 774 777 780 783 786 791 792 793 794 797 798 803 806 811 813 819 824 828 829 832 834 835 838 841 845 849 853 858 862 865 867 870 871 
286 297 309 320 325 330 336 339 340 355 357 366 371 375 381 389 395 403 406 408 414 416 420 421 426 432 436 438 442 446 454 460 463 469 473 475 479 483 484 490 491 500 508 512 516 522 524 529 538 539 543 546 549 554 560 562 563 568 571 572 576 579 582 584 593 598 600 604 609 613 614 615 619 624 628 631 634 636 638 647 651 655 658 661 664 665 671 674 676 678 684 691 694 696 700 703 708 711 713 717 721 723 726 730 734 737 740 741 743 744 748 756 760 761 765 771 778 782 786 788 792 793 795 796 799 803 805 807 810 813 817 821 828 829 830 833 835 836 839 845 846 853 854 861 865 869 872 874 875 
289 300 311 322 329 331 338 342 346 359 360 369 373 378 384 390 397 405 410 413 417 418 422 424 429 434 438 441 445 450 458 461 464 470 477 480 483 485 486 492 494 502 509 514 518 525 527 531 539 540 544 547 553 558 563 567 570 573 574 578 579 583 585 586 597 599 604 606 610 616 619 621 625 627 632 635 636 637 640 648 653 658 660 665 669 673 674 678 681 685 688 692 695 700 703 706 709 715 716 720 725 727 731 734 738 739 743 744 746 748 752 760 763 766 768 775 782 785 788 792 796 797 801 802 804 808 812 816 817 819 821 823 831 832 835 838 841 845 846 847 849 854 855 862 869 870 875 878 880 
293 301 313 326 331 332 341 344 347 360 361 371 376 381 385 392 400 409 414 416 421 422 424 428 431 438 442 445 447 452 459 464 466 474 481 483 485 489 492 495 497 505 510 517 522 529 530 532 540 542 548 549 554 561 567 570 572 576 580 582 585 586 590 592 600 601 606 607 613 620 624 627 630 634 638 641 643 645 647 652 656 662 666 667 673 677 680 682 685 686 692 693 697 701 705 709 713 717 719 724 728 730 735 738 741 744 745 746 747 750 753 762 767 769 771 778 783 788 791 795 799 802 804 806 808 811 815 818 822 823 827 830 832 836 837 839 843 846 850 851 854 855 858 866 872 876 880 883 885 
297 302 314 329 334 335 343 346 350 364 367 374 379 383 387 396 403 412 417 419 423 424 426 429 435 442 443 446 448 453 463 465 470 477 482 485 488 493 494 497 498 506 513 518 524 530 533 534 542 544 549 550 557 564 568 573 576 578 581 586 589 593 596 597 603 607 609 611 617 621 627 630 633 635 642 646 649 650 653 655 658 666 668 671 674 679 682 683 686 690 694 698 700 702 708 710 715 719 720 726 730 732 737 741 744 745 747 751 753 754 758 766 770 774 776 781 786 791 795 796 803 804 805 809 813 817 821 822 826 829 833 837 841 844 847 849 853 857 859 861 865 868 869 872 873 880 882 886 887 
298 306 318 330 335 337 344 347 353 367 369 376 382 386 391 400 407 416 420 422 427 429 431 433 436 445 446 449 453 454 465 468 474 478 483 488 489 496 498 499 503 508 516 520 526 533 537 540 544 548 552 556 560 566 569 577 578 579 582 589 592 594 599 600 606 611 615 616 620 624 631 632 636 637 644 649 653 655 656 658 662 670 673 676 680 684 686 688 689 694 695 699 701 703 711 712 718 720 721 728 734 735 738 745 746 748 751 753 757 758 761 768 771 776 777 783 790 795 797 799 807 809 811 814 818 820 825 829 832 833 837 840 845 846 848 850 854 861 862 864 869 873 876 879 883 886 889 891 893 
299 308 322 333 336 338 347 348 354 368 373 379 384 390 395 402 410 420 421 426 429 432 433 435 437 447 451 454 457 461 467 470 477 479 485 490 494 497 499 500 504 512 517 524 528 537 539 541 547 551 555 557 562 570 573 581 584 586 587 591 593 596 602 605 609 614 617 619 622 628 633 634 637 639 647 653 656 657 658 661 664 671 676 677 681 686 688 690 691 698 702 706 710 713 716 720 723 724 728 730 737 739 742 746 749 752 754 756 761 763 764 769 773 777 779 785 794 796 801 804 809 813 815 819 822 823 828 833 835 836 841 843 846 848 851 855 857 862 863 865 871 874 880 881 885 890 892 896 898 
303 312 325 335 337 340 351 352 355 372 377 382 387 391 396 406 413 421 424 429 432 435 438 440 443 448 453 455 460 464 470 472 481 482 488 494 495 501 504 508 510 514 520 528 532 539 540 544 551 554 556 560 563 571 574 582 587 590 592 594 597 601 604 606 611 617 619 620 625 632 636 639 642 645 650 657 658 662 664 668 672 676 678 681 685 689 693 695 696 699 705 709 713 716 720 722 726 729 730 731 739 740 743 748 750 755 756 759 763 766 769 771 777 779 781 787 795 799 803 807 811 815 818 820 823 825 831 835 839 841 843 844 847 851 853 858 859 863 867 871 874 876 882 884 889 892 893 899 900 
304 314 328 338 341 343 354 357 359 373 381 385 389 392 397 408 414 423 427 430 436 438 440 443 447 452 457 460 463 467 473 475 484 485 489 496 500 505 508 510 512 518 521 530 534 542 546 550 555 556 558 564 565 574 575 586 588 594 595 599 601 603 607 610 614 621 623 626 627 634 637 641 646 650 651 661 664 666 668 669 675 678 681 683 688 690 697 700 703 706 709 712 715 719 721 724 729 730 734 735 741 744 748 749 754 758 762 766 769 771 773 777 780 784 788 790 796 803 805 810 815 817 821 824 825 829 832 838 841 845 848 852 854 855 858 861 862 864 870 872 875 880 884 886 893 897 900 903 907 
308 315 330 340 343 346 356 359 363 375 384 386 390 394 399 412 417 427 428 432 440 441 443 446 451 456 459 461 464 471 474 476 488 489 490 498 502 507 509 512 516 519 522 531 538 546 549 554 556 558 562 566 568 576 578 589 593 595 596 603 604 606 608 614 618 622 626 630 631 635 638 643 649 653 654 665 666 667 672 673 679 683 685 686 689 691 698 704 707 709 711 715 719 720 724 727 732 736 740 743 744 747 751 754 757 760 765 768 773 774 776 781 782 788 790 792 799 807 810 812 819 823 826 829 832 835 838 842 844 847 849 854 857 861 862 864 865 866 874 875 878 884 886 887 895 900 901 906 909 
312 318 333 344 347 348 359 360 364 379 387 389 391 395 402 416 419 428 432 436 443 444 448 450 452 457 461 463 467 474 478 479 490 494 496 500 505 510 514 515 517 523 526 534 540 548 553 558 560 561 565 567 569 580 583 590 595 596 600 606 609 613 614 615 621 624 628 633 637 638 640 647 651 655 659 669 671 672 674 677 680 686 690 694 697 700 702 705 708 710 713 716 722 726 727 729 734 737 741 747 751 753 757 760 764 767 771 775 779 783 784 787 789 790 792 796 800 809 813 814 821 825 827 832 833 837 839 846 847 848 850 857 860 863 867 868 871 874 877 881 882 887 891 894 897 902 905 909 912 
315 319 337 345 351 355 361 362 366 380 391 394 396 398 406 417 421 432 433 439 445 447 452 456 458 459 463 465 469 477 482 485 493 498 499 502 507 511 518 522 524 526 528 537 543 552 555 560 563 566 567 570 574 584 588 594 597 599 602 608 611 616 619 622 626 629 631 635 638 641 643 650 654 659 663 672 674 677 681 685 688 689 693 697 700 704 705 707 712 713 716 720 725 727 729 731 736 741 742 748 755 759 761 764 767 771 774 777 782 784 788 789 793 796 799 802 806 810 815 817 824 828 832 834 836 840 842 847 849 852 856 858 861 865 870 873 876 878 882 883 884 891 893 895 901 905 906 910 915 
316 321 341 348 353 357 365 367 371 382 392 397 401 405 409 421 423 436 437 440 446 448 456 459 462 464 468 472 473 481 486 489 494 499 501 506 511 514 520 524 526 528 530 538 545 556 557 562 567 568 569 574 577 586 591 597 600 604 606 611 612 620 623 625 628 632 634 637 640 643 646 651 655 662 666 673 676 679 682 688 690 693 695 699 703 708 711 715 716 718 721 723 726 731 734 738 741 742 745 749 757 761 764 766 769 772 778 779 784 785 791 794 795 799 800 804 810 814 818 821 827 831 833 835 837 841 846 851 855 858 860 861 865 869 874 877 878 879 885 886 887 895 899 903 907 910 912 916 920 
317 324 344 350 355 360 369 372 376 386 395 398 404 407 410 425 429 438 439 443 449 451 458 463 464 468 472 473 474 484 487 490 496 503 506 510 515 519 522 526 528 529 533 539 548 559 563 565 568 571 574 575 578 587 594 599 602 608 612 613 616 624 626 630 633 634 638 641 642 647 651 652 657 664 667 674 680 684 686 691 694 697 698 703 706 711 713 717 721 725 727 729 732 734 736 740 742 746 749 750 761 765 769 772 773 776 781 782 788 789 793 797 800 801 802 807 811 816 819 825 828 833 837 839 841 843 849 852 858 862 864 867 871 875 877 880 883 886 887 891 893 897 901 907 908 912 913 920 924 
318 327 348 354 359 364 370 375 378 388 396 401 405 408 412 429 431 439 440 445 452 454 462 464 467 472 474 475 477 486 489 494 500 505 509 512 518 520 525 527 529 533 534 541 550 561 566 567 571 573 575 576 582 590 595 601 606 612 613 614 617 628 630 631 635 636 642 645 648 650 653 656 660 668 670 676 683 688 691 694 697 698 701 704 707 713 716 719 723 728 729 731 733 737 739 743 745 750 752 754 763 769 771 773 776 780 785 789 790 792 796 800 802 804 808 811 814 818 823 828 832 834 841 843 845 849 851 853 859 866 869 873 875 878 879 881 885 887 889 895 898 902 904 909 910 916 917 924 925 
320 328 351 358 361 365 372 378 382 389 397 405 409 410 415 430 434 442 444 449 453 458 466 470 472 475 478 481 483 488 491 497 501 509 512 514 520 524 528 531 534 537 539 542 551 565 568 570 573 576 580 581 586 592 596 602 608 614 617 621 623 631 633 635 639 643 644 646 650 654 655 660 662 670 672 679 685 692 695 698 699 701 703 707 711 716 717 720 726 729 732 734 737 740 741 746 749 753 755 756 765 770 775 776 780 784 789 791 792 796 800 803 805 809 813 816 817 822 825 832 835 836 842 847 850 852 855 858 862 870 874 878 880 882 885 888 889 890 893 897 902 906 908 913 915 918 921 925 926 
321 332 353 359 362 367 375 382 385 390 400 406 412 415 418 431 437 446 448 450 455 460 467 473 474 477 480 484 486 491 494 501 504 510 516 517 523 528 529 535 536 538 540 545 554 567 572 574 575 577 583 585 590 594 600 605 609 617 621 622 626 632 634 638 643 646 650 653 656 658 659 661 664 672 676 683 687 695 697 702 706 708 711 714 717 718 721 722 730 731 734 738 739 743 744 749 753 755 758 759 768 772 778 781 784 785 791 793 796 798 804 805 809 812 814 820 822 826 830 835 838 841 844 848 851 853 857 861 865 871 875 880 884 885 889 892 893 897 900 902 904 907 910 916 917 921 922 928 930 
324 335 356 362 363 369 376 384 389 392 404 409 416 419 420 435 439 449 452 455 457 461 469 474 475 479 481 488 492 495 497 503 506 513 517 520 527 529 530 538 539 541 543 547 556 570 574 577 581 583 584 587 592 596 604 609 610 618 625 626 630 636 640 643 645 647 654 656 659 663 665 669 673 674 677 685 688 698 701 703 710 711 715 717 718 721 722 724 731 733 736 742 743 746 750 753 755 758 760 764 770 774 782 785 789 790 794 798 801 803 806 809 812 813 816 822 826 829 832 838 841 845 849 852 856 858 859 862 867 874 876 883 886 888 890 893 897 901 905 909 910 914 918 921 924 927 928 932 933 
325 337 357 363 366 372 379 388 391 393 408 410 418 423 426 437 443 452 453 456 460 465 470 475 479 481 483 491 495 499 501 504 507 514 519 523 531 532 534 542 543 546 547 550 559 572 578 582 584 586 588 591 596 599 607 610 612 619 629 631 634 639 642 646 647 648 658 661 663 666 669 670 674 677 681 686 689 702 703 704 714 718 719 723 724 726 729 732 734 735 738 744 746 748 753 755 758 759 764 766 772 777 786 790 791 793 797 801 802 806 809 811 815 819 822 826 830 834 835 839 844 847 850 853 858 860 863 867 870 877 881 886 887 892 894 895 898 902 906 911 914 917 920 923 926 931 934 937 940 
328 339 360 367 371 375 381 391 393 395 411 414 419 426 430 439 446 455 457 460 461 467 472 476 483 484 485 493 499 500 502 505 510 517 523 525 533 534 535 543 546 550 553 555 560 576 579 584 585 589 591 594 597 601 611 614 617 620 631 632 638 640 645 649 653 655 659 663 665 667 670 671 677 680 684 689 690 705 708 711 715 722 724 728 732 733 735 736 739 743 746 747 749 752 757 758 761 764 767 769 774 779 787 794 797 799 801 803 806 810 813 816 817 822 823 830 831 835 839 841 846 850 852 854 862 864 868 871 875 880 883 887 889 893 897 898 901 903 910 914 918 921 924 926 927 935 939 940 943 
329 340 361 370 374 379 382 394 396 397 414 418 421 430 431 442 448 456 459 464 468 472 473 477 484 488 492 497 501 503 504 508 512 518 525 527 536 540 542 544 549 553 556 557 563 578 581 587 589 592 593 598 599 602 613 615 619 622 633 637 639 644 648 652 655 656 662 667 669 672 673 676 680 684 685 692 693 709 713 714 718 724 725 732 733 734 738 739 742 744 750 752 756 757 761 764 766 770 771 773 776 782 788 798 802 803 807 809 811 813 815 819 821 823 825 833 834 837 842 844 850 853 855 857 865 867 872 875 876 883 884 888 890 895 898 902 906 910 911 918 921 923 927 930 931 936 942 945 946 
333 342 362 372 376 382 386 397 401 404 415 421 422 431 435 443 449 460 464 465 469 474 475 479 485 491 495 500 504 505 506 510 513 521 528 532 538 541 545 547 553 557 560 562 565 580 583 589 593 597 600 604 605 607 615 618 620 623 635 639 642 647 652 653 656 659 665 671 674 675 676 680 681 685 687 696 697 712 715 717 720 728 730 736 740 741 743 744 747 751 753 755 760 763 764 767 768 773 775 778 780 783 789 800 803 807 810 813 816 818 821 823 825 827 829 836 838 839 843 846 852 854 857 860 868 871 874 877 880 884 885 890 894 897 902 906 907 914 918 922 924 927 928 932 933 937 945 948 951 
335 344 363 376 378 383 390 401 402 408 417 423 426 432 439 446 452 463 466 469 471 477 481 482 489 495 498 501 506 507 510 513 516 522 532 535 541 544 548 551 557 560 562 565 567 584 585 590 597 599 601 608 611 615 617 620 623 627 638 642 643 649 654 655 657 662 666 674 677 679 681 684 685 689 690 697 699 715 716 718 724 730 731 740 742 743 746 750 752 756 760 763 767 771 774 777 778 781 785 789 791 794 798 803 807 809 811 815 820 822 826 830 834 836 838 840 842 845 847 849 854 856 861 865 869 875 876 880 882 886 887 892 896 898 905 908 911 916 921 925 927 928 932 934 936 940 949 953 957 
337 345 366 377 381 384 391 403 404 411 419 427 429 435 443 447 454 467 471 474 476 478 485 487 491 499 502 503 508 510 514 515 520 524 536 537 545 548 550 554 560 563 566 568 570 585 587 593 598 603 604 612 613 619 620 624 628 630 639 645 646 651 657 660 664 667 671 676 679 682 686 688 689 692 695 700 701 716 719 723 728 733 736 743 747 748 749 751 756 757 762 764 771 774 777 778 781 782 786 793 796 798 800 804 810 813 817 821 822 825 829 834 835 837 839 844 846 849 851 852 858 861 865 868 873 876 880 883 884 887 888 893 897 902 908 909 914 920 924 926 930 931 936 938 942 943 953 956 960 
341 346 368 378 382 388 393 405 407 413 420 428 431 438 444 448 455 470 472 476 478 479 488 491 494 500 505 509 512 514 515 519 522 525 537 540 549 553 555 558 562 566 569 571 572 588 590 596 602 605 609 614 615 622 624 628 630 632 641 648 651 654 661 663 665 668 673 680 683 687 688 689 690 695 697 701 704 717 720 724 732 734 739 745 748 749 752 756 758 761 764 766 773 775 779 782 785 787 788 795 797 800 803 806 811 814 821 822 826 828 832 836 839 841 845 848 850 854 856 860 863 867 868 872 875 879 881 887 889 892 896 899 902 906 911 914 918 921 926 927 931 934 940 941 946 949 956 958 963 
343 349 372 380 383 391 395 409 411 416 424 429 434 441 445 452 457 473 475 477 480 482 492 493 497 503 507 510 513 517 520 524 527 530 538 544 553 555 559 563 565 570 574 576 577 589 594 599 605 608 611 615 617 624 625 629 632 634 644 649 655 656 664 667 671 675 676 682 686 688 689 692 693 696 701 703 708 720 723 727 736 737 742 749 753 756 757 759 763 767 771 775 779 782 786 789 790 794 798 799 802 805 807 810 812 818 823 827 828 829 836 837 840 844 849 852 855 856 858 862 865 868 870 874 879 881 882 891 894 895 900 901 906 908 914 916 921 925 930 933 936 937 942 944 949 952 957 959 965 
346 351 376 383 384 394 398 411 415 420 425 431 436 444 449 455 458 475 477 478 484 488 496 497 498 507 508 513 516 518 523 525 531 534 539 548 555 558 562 564 569 573 575 577 578 591 596 601 608 610 615 618 621 626 629 632 636 637 646 653 656 660 667 671 672 678 681 684 687 689 692 694 697 700 704 706 712 723 724 731 737 740 745 753 756 758 762 765 769 771 772 779 781 785 787 792 795 797 802 804 808 812 814 815 817 819 825 828 830 832 837 838 843 848 853 857 858 862 864 866 869 872 873 877 882 886 888 894 898 902 903 904 908 911 918 921 924 929 933 937 940 944 946 950 953 955 961 963 969 
348 353 378 384 388 396 401 414 417 422 429 434 440 445 452 456 460 477 481 482 486 492 499 500 501 511 514 515 517 520 525 528 533 538 541 550 558 562 565 569 570 575 579 581 584 595 597 602 610 613 617 620 624 627 631 636 638 640 649 656 659 661 671 672 674 681 683 685 689 692 694 698 701 702 705 710 716 724 728 733 740 744 748 755 758 759 763 768 770 773 777 783 784 789 793 797 799 800 805 809 811 815 819 820 821 822 828 832 835 839 842 845 849 853 855 858 860 865 867 871 873 877 881 884 885 888 891 898 902 904 906 910 911 913 921 924 925 933 937 940 944 947 948 952 956 959 963 966 971 
349 356 380 386 391 399 404 416 420 424 432 438 444 449 455 458 464 478 485 489 491 496 503 504 505 512 515 518 522 523 527 532 535 541 544 553 559 563 568 570 572 578 580 583 587 598 599 606 611 614 621 624 627 628 635 637 641 642 650 659 662 666 674 676 679 685 688 691 693 694 698 701 702 705 708 714 719 726 732 734 742 748 751 758 759 760 765 770 773 775 778 787 790 791 797 800 804 808 812 815 818 822 824 826 828 832 833 837 841 844 846 849 850 857 860 861 862 866 869 873 877 878 883 886 889 892 893 900 903 906 909 912 916 918 925 928 930 934 938 943 948 949 950 953 960 962 966 969 975 
353 359 382 389 394 400 407 417 423 427 434 442 446 451 459 462 465 481 486 490 494 497 504 505 506 515 519 521 523 526 528 535 538 544 546 556 561 567 569 573 577 579 583 585 589 601 604 610 613 618 622 627 630 631 637 639 644 648 653 663 666 670 677 679 682 689 691 693 696 697 702 703 706 707 711 718 723 728 734 737 744 750 753 762 763 764 766 771 777 780 784 790 791 795 798 804 808 811 816 817 821 826 830 832 833 834 837 838 844 848 851 852 854 859 861 863 865 868 871 877 881 882 884 889 891 896 898 902 905 909 910 913 920 921 927 930 932 935 939 944 949 952 956 959 961 964 967 973 979 
354 362 385 393 397 402 411 421 425 428 435 443 448 454 461 465 466 483 488 492 496 498 506 509 512 519 523 526 530 531 535 538 540 547 551 558 563 570 574 576 581 583 586 590 591 604 606 612 615 621 625 629 631 635 640 641 645 650 657 667 669 671 680 681 685 690 694 695 699 701 705 708 709 712 713 722 727 732 737 739 745 751 757 764 768 769 771 772 781 784 785 793 794 799 803 806 811 813 817 818 823 829 833 836 840 841 844 848 850 854 857 860 862 866 867 868 870 872 874 878 885 887 889 893 897 900 904 908 910 911 914 915 924 925 929 932 933 939 940 948 950 954 958 962 964 967 971 977 981 
355 365 389 395 400 405 412 425 429 430 438 444 450 455 464 468 472 484 492 493 500 504 507 513 516 523 526 530 533 534 538 540 543 550 553 561 564 573 575 578 582 587 590 591 593 607 611 616 619 625 628 631 632 638 642 643 647 653 661 671 673 677 683 685 688 693 697 700 702 706 708 712 716 719 723 724 730 735 739 742 746 753 758 765 772 773 776 778 785 788 790 797 801 805 807 809 812 816 818 819 826 833 834 837 842 844 847 851 853 857 858 861 866 869 872 874 875 879 881 885 888 891 892 897 898 903 907 911 912 915 918 921 926 929 933 937 939 941 943 952 955 957 961 966 969 970 972 981 984 
356 369 391 397 402 409 415 429 433 436 439 447 451 458 468 469 475 485 494 495 503 505 508 515 517 527 531 532 537 541 544 547 551 555 557 562 566 575 576 579 586 588 593 597 601 610 612 617 623 627 632 635 639 641 645 646 651 655 665 672 677 680 685 686 690 696 700 702 704 709 712 716 719 723 725 728 733 739 743 745 750 754 759 768 774 778 782 785 789 791 793 801 803 806 810 811 814 819 823 827 831 837 841 844 847 851 854 857 861 864 866 870 873 874 875 878 882 884 887 889 892 895 896 900 904 907 909 915 919 920 922 923 929 931 936 941 943 947 950 953 957 960 962 968 973 976 978 983 986 
357 373 395 399 404 413 418 432 434 439 442 451 454 461 471 474 478 489 496 498 507 510 511 516 518 529 532 533 541 544 547 551 553 556 561 565 568 579 582 585 587 591 594 600 603 614 616 619 624 630 633 639 640 643 649 652 655 658 668 673 679 682 687 690 694 698 704 708 709 713 716 720 724 726 727 731 734 743 744 749 751 757 763 770 775 779 785 788 791 795 798 804 806 808 814 817 818 820 827 828 835 839 844 846 850 855 856 861 862 865 867 874 877 880 883 887 891 894 895 899 902 903 906 910 911 912 914 917 920 921 925 926 933 937 941 943 944 950 951 957 959 964 965 969 974 979 982 984 988 
361 374 397 401 406 417 422 433 437 443 447 454 458 463 474 475 481 491 499 500 509 511 512 519 521 530 535 539 543 547 549 555 559 560 563 566 570 581 583 589 591 592 595 602 604 615 618 621 628 634 635 641 643 647 650 654 658 661 671 676 682 683 688 691 696 702 706 711 715 719 721 724 728 732 736 739 740 745 747 752 755 759 767 772 777 780 787 792 796 798 800 806 810 811 816 821 823 824 830 833 836 840 845 847 853 856 857 862 864 866 869 875 878 884 886 890 893 896 897 901 906 909 912 913 915 919 921 922 924 927 928 929 937 939 943 945 948 953 956 958 962 968 969 973 978 981 984 986 989 
363 375 400 404 410 420 424 436 440 444 451 457 459 465 477 480 482 492 502 505 513 516 517 523 527 532 538 541 546 548 550 559 562 565 568 572 574 583 584 591 594 598 601 603 608 617 621 623 632 637 639 644 646 648 651 658 659 664 672 677 686 690 691 693 699 703 708 715 718 720 725 726 730 734 737 740 741 747 750 756 757 761 771 775 781 782 789 795 800 801 805 808 814 817 818 823 826 827 833 837 838 842 848 850 856 859 861 863 866 867 871 877 879 888 889 891 894 899 902 903 910 914 915 917 920 923 924 928 931 932 934 935 938 940 945 949 953 954 958 962 963 969 970 974 982 985 989 991 992 
366 376 401 405 414 422 427 438 442 448 454 460 461 466 480 484 485 496 506 509 514 519 520 526 531 536 539 544 548 549 553 562 565 566 571 576 577 586 587 595 598 601 605 608 612 621 622 625 634 641 644 647 649 652 655 659 663 668 674 679 687 692 693 696 700 706 711 716 720 721 729 733 737 741 744 745 747 751 753 757 760 765 775 777 783 786 793 799 803 806 809 811 817 820 823 827 831 833 836 840 842 843 850 852 860 864 866 869 872 876 880 881 884 890 894 897 901 903 906 910 911 918 920 922 925 927 930 931 933 937 940 941 944 947 948 953 956 958 959 964 968 971 973 978 986 988 993 996 997 
367 379 402 406 415 425 430 440 444 452 455 463 467 469 482 488 490 500 510 512 516 522 523 527 532 537 542 545 552 556 558 564 566 570 572 577 580 590 594 596 601 602 609 610 614 622 625 628 638 643 645 650 654 657 659 661 667 670 675 681 690 696 697 700 702 710 713 718 722 725 732 736 739 742 746 748 751 753 754 758 763 767 777 780 784 789 794 803 806 808 813 814 819 822 825 828 835 839 841 842 844 847 851 854 864 867 869 872 875 878 883 885 887 894 895 900 902 907 910 914 917 920 924 927 931 933 936 940 944 948 949 950 952 954 955 959 960 964 966 968 970 972 975 982 989 990 994 999 1001 
