3 6 8 11 13 17 20 22 26 29 32 34 36 39 43 44 47 49 53 57 59 62 63 64 68 69 70 72 74 78 81 84 88 92 96 99 102 103 105 106 110 112 116 119 123 127 131 135 136 140 142 145 146 148 151 155 156 158 160 161 163 166 167 170 172 175 178 179 180 181 183 184 185 186 190 191 192 196 200 201 204 207 208 211 214 216 217 221 224 226 227 228 229 231 234 238 239 240 244 245 247 251 254 255 259 262 265 268 271 275 278 280 281 283 286 287 291 292 294 298 302 303 306 307 311 314 315 316 318 322 323 325 328 332 333 335 339 343 346 
6 10 11 15 16 18 23 25 27 32 34 36 38 41 47 49 50 51 55 58 63 64 65 68 72 76 78 82 84 87 89 90 93 97 101 103 105 107 110 112 113 116 120 123 126 129 135 136 140 141 145 149 152 154 156 159 162 164 168 171 174 176 179 180 183 187 190 191 194 198 200 203 207 210 214 217 221 223 224 227 230 233 235 236 238 239 240 244 245 247 250 251 253 254 255 258 261 262 263 265 268 270 272 274 278 281 284 286 289 290 292 293 296 298 299 301 303 304 306 309 312 313 315 318 321 323 324 328 331 333 337 341 344 346 350 354 356 359 363 
8 12 16 17 21 22 24 27 30 33 35 38 41 45 49 50 52 53 58 62 66 68 70 74 75 78 82 83 88 91 94 97 101 103 107 108 110 114 116 117 119 122 123 126 129 130 136 137 143 146 149 153 157 160 162 166 170 174 175 179 183 187 191 195 198 199 202 203 204 207 210 212 216 219 220 224 227 228 230 234 238 239 240 244 246 249 252 256 257 259 263 266 270 273 275 277 278 281 284 285 288 291 293 294 295 297 300 304 306 309 311 312 313 315 316 320 324 328 329 332 334 338 342 343 346 349 351 352 353 355 359 363 364 366 368 372 376 380 384 
12 15 19 22 24 28 30 34 35 36 37 40 45 49 53 57 60 62 65 66 68 70 73 78 81 83 84 86 91 95 97 101 105 107 108 110 114 116 119 123 126 129 132 133 136 137 140 143 145 148 150 157 161 163 165 168 173 176 180 181 186 188 193 199 201 204 205 208 210 212 216 217 219 221 225 229 232 235 236 239 241 245 246 249 250 252 256 260 263 266 270 273 277 279 283 286 287 288 291 294 297 301 302 305 306 307 308 312 316 317 318 319 321 323 326 330 332 334 338 339 341 344 345 349 352 354 356 359 361 365 368 370 374 378 379 380 382 383 387 
16 19 22 24 25 32 35 38 41 45 46 50 51 52 54 61 62 65 68 69 72 75 78 81 83 87 90 93 94 98 99 103 108 109 110 113 116 117 121 124 128 131 136 138 140 141 145 148 152 154 156 161 163 167 170 174 175 180 183 186 189 192 197 203 206 210 212 214 217 219 221 223 227 231 233 236 237 239 241 244 247 248 252 253 255 259 261 263 266 268 274 275 281 282 287 288 290 292 294 295 298 305 307 311 312 316 320 323 325 326 330 331 332 335 338 342 345 346 347 348 352 355 357 358 361 365 367 369 371 373 375 377 378 379 380 381 385 386 389 
17 20 26 27 29 35 39 40 42 46 49 54 58 61 63 64 65 67 70 72 74 78 82 86 90 94 95 98 101 105 109 112 113 114 117 120 122 126 128 131 132 135 139 141 144 145 147 152 156 158 160 163 165 168 173 176 178 184 188 190 191 193 198 204 210 211 214 216 221 222 226 230 232 236 240 241 243 246 247 250 251 252 256 257 258 260 262 265 267 270 275 278 283 287 289 293 295 296 299 302 306 309 311 313 316 317 321 326 328 331 335 337 339 343 346 348 352 354 357 360 362 364 366 368 371 372 374 378 380 384 386 389 392 394 398 399 402 403 405 
19 24 29 31 32 39 43 45 49 52 54 58 60 64 67 68 72 76 77 79 81 84 87 91 94 96 98 102 103 109 113 117 120 123 124 126 127 131 135 136 139 140 144 148 149 150 153 154 157 161 162 167 171 175 179 180 182 186 189 192 193 195 200 208 211 212 215 219 224 228 232 235 237 240 244 245 249 250 254 255 258 262 265 266 269 270 272 274 276 278 279 281 286 290 292 296 300 303 305 309 312 316 317 321 325 326 328 329 331 332 339 340 343 347 350 351 353 355 360 361 365 366 368 371 373 377 380 384 388 389 393 394 396 399 400 403 405 409 412 
20 27 32 34 35 41 44 49 53 55 56 62 64 67 69 73 74 77 78 82 86 89 93 96 97 98 102 105 107 113 116 120 121 125 128 132 136 137 140 144 146 149 153 155 159 162 163 167 171 175 179 183 186 189 193 195 198 199 200 201 202 206 207 209 213 214 216 221 225 232 234 237 239 244 246 248 252 256 259 262 264 266 268 269 271 273 276 277 281 283 286 287 291 295 298 302 305 306 310 313 316 320 321 323 328 331 335 337 340 342 346 348 351 352 353 355 356 358 364 365 366 369 370 374 375 380 384 387 391 395 399 403 404 407 409 412 413 416 419 
24 30 35 36 38 44 48 50 54 58 61 65 68 71 72 74 76 81 84 85 88 92 97 100 102 103 104 107 110 116 119 122 123 128 131 136 137 141 143 145 147 150 154 157 162 164 166 171 174 177 182 185 189 193 195 196 202 204 206 207 210 211 212 214 218 221 222 223 226 235 239 242 245 248 249 250 256 258 261 263 268 270 272 275 276 280 283 287 291 295 299 302 304 308 310 311 314 318 319 321 322 325 328 329 330 335 336 338 341 345 347 351 353 354 357 358 360 361 367 369 372 374 377 380 381 382 387 388 394 399 402 405 407 408 412 413 416 418 422 
26 33 38 41 42 45 50 51 57 62 63 67 72 74 76 80 83 86 90 92 96 97 98 104 106 107 109 113 115 120 124 127 130 132 136 138 141 145 148 149 152 153 157 159 163 167 170 174 175 178 183 188 193 197 201 202 203 208 211 212 214 215 217 221 224 227 229 233 236 238 243 244 249 252 253 254 260 261 262 264 270 271 273 277 279 282 286 289 295 298 303 305 307 311 314 317 319 320 322 325 327 330 333 336 340 342 346 347 348 352 356 357 360 362 364 365 367 369 373 376 380 382 385 386 387 388 390 393 395 401 405 408 412 416 418 421 424 425 427 
28 36 41 42 45 48 53 54 58 64 68 72 76 79 80 84 86 90 91 93 100 103 104 105 110 113 117 121 125 129 130 131 132 135 139 140 144 148 149 151 155 157 161 163 165 170 171 176 179 182 184 192 194 201 202 205 206 212 215 219 223 226 228 229 230 231 232 234 240 242 245 248 252 255 256 259 264 265 269 270 273 274 278 281 283 287 289 290 296 302 305 307 309 314 317 319 322 325 327 331 333 335 336 338 343 347 350 353 354 356 359 362 364 368 370 372 376 379 382 386 388 391 393 395 398 402 406 408 411 415 417 421 423 426 427 430 432 436 439 
32 37 45 49 51 53 55 57 62 67 69 73 77 80 82 88 90 93 97 100 103 106 109 112 116 118 122 125 127 132 136 139 142 146 150 154 155 159 163 165 168 170 171 173 174 177 179 181 183 185 188 194 197 202 206 208 211 213 216 220 227 228 231 235 236 237 241 243 245 249 251 252 254 258 259 261 265 268 272 274 276 277 280 282 286 291 293 296 298 306 310 311 314 318 321 322 325 328 330 334 338 341 345 348 352 354 357 359 362 364 365 368 371 372 373 377 378 382 385 389 390 395 399 401 403 405 409 413 416 419 421 424 428 430 431 434 438 440 441 
34 41 46 50 52 56 60 64 68 70 74 75 81 83 84 90 93 97 101 102 104 107 113 117 118 120 124 129 130 135 137 143 144 149 154 157 161 164 166 167 172 174 177 179 182 184 186 187 190 191 195 199 201 204 208 210 214 215 218 224 228 230 234 237 239 242 245 247 249 251 252 254 255 262 265 266 269 271 275 279 280 283 285 287 290 294 295 297 301 307 314 316 317 320 324 326 329 333 337 340 341 343 346 350 356 358 362 364 365 366 369 370 375 378 381 382 385 389 392 393 394 396 402 403 407 408 410 417 419 423 426 427 429 433 437 441 442 445 447 
38 44 48 52 54 59 64 68 71 72 78 81 85 86 89 93 95 100 103 104 107 111 117 119 121 123 125 133 136 140 144 148 150 152 158 161 165 168 169 172 176 178 182 183 187 188 191 194 198 202 205 209 213 214 217 219 220 223 226 227 230 232 235 239 242 246 247 251 254 258 260 264 266 268 271 274 275 278 282 286 287 290 293 294 297 300 301 303 307 309 316 318 320 323 327 331 335 338 339 342 343 345 347 353 358 360 363 367 370 373 376 377 378 381 382 385 388 390 393 395 399 403 407 411 414 417 420 421 424 428 431 433 434 438 441 444 447 448 450 
40 46 50 54 55 61 66 72 74 76 80 83 87 91 94 98 100 102 104 108 110 114 119 121 124 127 130 134 139 144 148 150 154 156 162 166 169 170 173 175 177 180 184 185 191 193 197 201 203 206 208 211 215 217 218 222 226 227 230 233 237 238 240 241 244 249 252 253 255 261 262 265 270 273 277 281 283 284 288 292 295 297 299 302 305 307 308 311 314 317 319 320 321 325 328 334 336 342 343 347 350 353 356 359 363 364 365 368 373 375 378 381 385 389 393 396 398 401 404 405 406 409 412 413 416 421 423 424 425 430 434 438 442 445 448 450 452 453 454 
41 48 52 55 57 64 68 76 78 79 83 86 89 95 96 102 106 109 113 117 119 120 122 123 126 130 133 135 141 146 149 152 158 160 163 169 172 174 176 178 179 181 188 189 193 194 198 204 205 210 214 217 219 223 226 230 232 234 235 236 239 240 244 245 247 250 255 256 258 262 266 268 271 277 279 285 287 290 294 295 298 301 302 305 306 310 314 318 322 326 327 330 333 334 338 342 346 348 350 354 357 360 361 364 367 370 372 375 376 378 380 382 386 392 394 400 404 405 408 410 411 413 415 417 421 425 426 428 429 431 438 441 445 447 450 454 456 457 460 
45 52 54 59 62 66 72 77 79 83 87 88 91 96 100 105 110 113 117 119 123 127 128 130 133 136 138 141 145 148 150 155 160 162 165 172 176 178 182 185 189 190 191 193 197 198 199 208 211 213 215 220 223 225 228 234 237 240 244 245 246 247 249 252 255 258 260 262 263 266 268 271 273 281 283 287 289 294 297 299 302 303 307 310 312 313 315 321 324 329 330 333 337 341 344 345 348 349 352 355 358 364 366 367 368 372 374 377 381 385 389 393 394 396 399 402 407 411 413 416 417 420 421 425 427 430 434 437 441 445 449 452 454 457 458 459 462 466 467 
49 56 60 62 66 70 74 78 81 85 90 94 98 102 103 109 111 117 120 123 126 131 133 136 140 141 142 145 149 150 152 157 161 166 168 174 178 182 186 187 193 194 197 201 203 205 207 211 215 218 220 223 224 227 231 238 240 242 246 249 252 255 259 260 261 262 266 270 274 275 278 279 283 284 285 291 295 298 301 302 306 307 310 312 315 316 320 323 326 330 332 336 340 345 348 352 354 356 358 361 363 368 371 374 375 376 379 383 385 386 390 395 399 403 405 409 412 416 420 424 427 431 432 436 438 440 443 446 450 453 456 460 464 467 471 474 476 480 481 
53 58 63 67 69 72 77 79 84 86 93 96 102 105 109 112 116 119 123 126 129 132 134 140 144 147 150 153 155 156 160 161 165 169 170 177 181 184 189 191 195 197 201 205 209 213 215 218 219 222 223 225 227 230 234 239 244 246 248 253 257 259 260 264 266 268 272 274 275 277 281 285 286 287 291 292 296 299 303 304 309 312 315 318 320 324 325 327 329 331 336 340 344 348 350 353 356 358 362 363 365 369 373 378 380 381 384 388 389 392 394 397 400 405 408 410 415 419 422 428 429 432 435 439 443 446 449 451 453 455 460 461 465 470 474 475 478 482 486 
56 59 64 71 72 75 80 81 85 87 96 100 105 109 110 116 120 124 125 128 133 134 135 142 147 149 151 157 158 159 164 168 169 170 173 179 185 187 192 196 198 202 203 207 210 216 218 220 222 226 228 232 234 235 238 242 248 250 253 257 260 261 264 265 270 274 278 279 283 285 286 287 291 294 295 296 300 303 307 311 312 316 317 322 325 329 332 333 337 338 341 343 345 350 351 355 358 359 366 369 371 374 375 379 381 384 385 392 394 396 399 401 402 409 410 414 416 423 424 429 433 436 437 443 447 451 452 456 458 459 461 464 468 472 477 479 480 483 489 
58 61 68 73 75 78 81 82 86 90 100 104 108 110 111 120 121 126 129 131 137 141 143 147 149 150 152 158 161 165 166 169 173 175 176 183 186 188 195 199 201 204 206 211 214 219 223 226 229 231 232 235 236 237 241 243 251 255 257 258 262 266 267 270 272 278 280 284 286 290 293 296 298 300 302 303 304 306 309 313 316 320 322 324 327 330 336 338 340 344 347 349 352 353 355 358 362 363 368 373 374 376 380 383 387 390 392 395 398 402 403 405 408 410 413 415 418 425 426 432 437 440 442 445 451 452 455 457 461 464 465 469 472 476 481 484 488 489 491 
59 62 71 74 76 79 85 89 92 95 104 107 110 113 116 122 124 130 133 137 141 142 144 148 151 153 155 159 164 166 167 171 174 176 178 184 187 189 196 203 204 207 211 214 215 222 224 228 232 235 238 242 246 250 252 255 258 259 261 262 263 267 269 273 277 282 284 286 290 292 294 297 301 302 303 306 310 313 317 321 325 328 330 332 333 336 340 344 348 350 354 358 360 362 363 365 369 370 374 375 378 381 382 387 388 392 394 396 400 403 405 406 412 413 416 417 420 427 429 433 438 441 443 449 453 455 457 459 463 465 469 471 475 479 483 488 492 495 498 
62 63 72 77 80 83 89 90 94 98 107 108 114 117 119 125 128 132 137 141 142 144 148 152 153 157 161 162 165 169 173 176 177 179 182 186 189 192 199 207 211 215 219 221 224 225 228 230 236 240 244 248 249 252 253 257 262 266 270 273 274 276 278 279 281 283 288 289 293 295 299 302 303 307 310 313 317 321 324 325 329 330 334 335 337 341 343 347 350 352 358 362 364 367 369 373 375 377 378 379 383 386 390 392 393 394 397 398 401 407 411 415 418 421 422 425 428 429 431 436 441 442 445 452 455 457 458 463 465 468 473 476 480 483 485 491 495 499 501 
66 70 76 80 84 87 91 95 96 100 109 112 115 119 123 129 130 133 141 145 149 150 151 153 156 158 163 165 166 173 175 179 180 182 186 187 191 194 203 208 212 218 222 225 228 232 234 238 240 242 248 250 252 255 256 260 263 268 274 278 279 280 284 288 292 293 295 299 303 307 309 313 317 319 320 321 324 328 331 335 338 340 344 348 351 355 357 360 361 364 368 369 373 377 379 382 386 387 389 392 395 399 402 404 408 409 413 416 419 421 422 424 427 428 429 431 435 436 438 442 444 446 449 455 458 460 461 465 468 471 474 479 483 484 486 494 497 501 504 
70 74 79 81 85 90 95 98 101 104 110 114 118 123 125 131 134 138 142 146 152 154 156 158 159 163 164 168 170 176 179 180 182 184 190 194 197 198 204 211 215 221 223 229 230 235 239 243 244 247 252 253 257 260 262 265 269 270 277 281 283 285 289 292 294 295 296 300 307 309 313 316 319 320 321 324 325 329 335 337 339 343 346 351 352 357 358 361 365 366 371 374 377 378 381 383 388 389 392 393 396 400 405 409 412 416 419 423 426 429 432 434 436 440 444 447 449 450 451 453 457 459 463 465 467 469 472 474 477 478 479 480 486 489 491 495 500 503 505 
73 75 80 82 87 94 97 101 102 106 114 118 119 125 128 133 135 140 144 148 156 158 161 165 166 169 173 177 178 182 185 187 189 190 192 195 199 203 206 214 216 224 227 231 232 237 242 244 245 250 253 255 260 263 264 269 272 274 280 284 288 289 293 294 297 298 299 303 310 311 314 319 320 323 324 326 327 331 339 340 341 345 349 354 356 358 362 365 366 369 372 376 378 380 385 387 391 392 393 395 398 401 406 411 416 420 422 427 430 431 436 440 441 442 445 449 453 457 461 462 466 469 472 474 477 478 482 483 484 485 489 493 494 496 499 501 505 508 510 
75 76 83 85 89 96 101 104 106 108 116 119 122 126 130 136 139 142 147 149 157 162 163 168 171 173 175 180 182 186 189 192 193 194 196 200 202 205 210 216 220 228 230 235 239 240 246 249 252 254 258 259 263 265 268 272 273 276 282 286 291 295 299 300 303 307 310 311 313 314 317 322 325 326 329 330 332 334 342 346 350 351 355 359 363 367 370 374 376 377 381 383 385 389 390 391 393 397 399 400 402 404 408 412 420 421 423 428 432 436 439 442 446 447 449 450 455 461 465 468 470 473 475 478 480 481 484 487 490 493 496 500 501 503 506 510 514 516 518 
76 79 87 91 94 98 103 106 108 111 118 121 126 130 133 139 143 144 148 151 160 166 168 171 173 174 177 181 184 190 193 195 196 197 199 203 207 208 211 220 222 230 232 236 241 244 248 250 253 255 261 264 266 269 273 276 279 280 284 290 294 297 303 304 308 311 313 315 316 319 322 324 328 332 335 336 338 342 343 349 351 353 358 362 364 369 372 378 382 384 388 392 396 397 399 402 404 406 407 410 412 413 417 419 422 426 427 429 433 438 443 444 447 449 451 453 459 464 469 473 474 475 476 482 483 487 490 494 495 496 500 501 503 507 511 515 518 520 522 
78 80 89 92 95 100 104 109 112 115 121 125 129 131 135 142 147 150 152 156 164 168 172 173 175 179 183 185 186 191 195 198 200 201 203 206 209 212 214 223 225 231 233 237 245 246 251 255 259 262 265 266 269 273 277 279 282 285 287 293 296 299 306 307 310 312 315 317 321 322 326 329 332 333 339 342 343 346 347 353 354 356 359 366 369 371 373 380 385 388 390 396 398 402 404 408 410 411 412 415 419 421 424 428 431 435 438 440 444 448 450 453 455 456 457 460 462 465 472 474 477 479 481 484 487 489 493 495 496 497 504 505 509 513 515 516 519 524 525 
79 83 92 95 97 101 105 110 116 117 124 126 130 132 138 143 148 154 156 159 168 170 176 177 181 184 186 190 192 194 198 202 206 208 212 216 219 222 224 225 228 233 234 241 248 249 252 256 263 267 268 270 274 275 280 284 285 287 288 297 298 302 309 313 316 319 322 325 326 328 332 335 336 337 343 345 347 348 352 356 358 360 364 367 373 375 379 383 388 392 394 397 401 406 409 413 415 418 420 423 424 426 428 431 433 439 443 446 449 450 451 456 459 462 464 468 472 475 478 479 483 487 490 491 495 499 500 503 507 510 512 516 517 521 524 526 529 532 535 
82 85 96 98 102 104 106 112 119 122 127 128 133 134 139 144 149 156 157 161 172 176 180 184 186 189 193 194 198 201 204 206 207 212 214 218 221 226 230 231 234 237 238 243 249 250 256 259 264 270 273 275 279 280 283 286 289 291 295 301 304 306 312 317 319 323 327 331 333 337 339 343 346 349 352 356 359 362 365 369 370 371 375 377 381 385 387 391 395 399 402 405 408 409 413 415 417 419 423 424 425 427 429 432 437 441 445 449 450 454 455 458 463 467 469 472 473 479 481 483 487 490 493 495 497 501 503 507 510 513 514 517 521 525 526 530 532 536 539 
84 89 97 102 104 107 108 114 120 125 130 133 136 137 143 148 150 157 160 164 175 177 181 185 189 190 195 197 202 203 205 210 213 214 218 219 225 227 234 236 238 239 241 245 252 253 257 261 266 274 277 278 280 284 287 290 291 294 298 305 308 311 315 321 324 327 328 332 336 339 340 344 348 353 356 359 361 366 367 373 375 378 380 381 382 388 392 394 398 400 404 406 409 412 416 419 420 422 426 429 433 437 440 442 443 445 448 450 454 455 457 459 466 471 475 479 480 484 488 490 491 495 497 498 499 503 505 511 514 517 520 524 526 528 530 531 533 537 542 
85 90 100 106 107 109 111 116 122 129 132 135 139 140 145 151 155 158 161 165 177 181 184 189 190 194 199 200 203 206 210 211 215 217 221 225 226 230 235 239 241 242 246 248 254 257 258 262 269 276 280 283 285 288 290 291 294 295 299 308 312 313 318 322 326 330 331 334 338 342 346 348 351 354 358 363 364 368 370 376 380 381 384 386 389 392 395 396 399 402 407 411 415 416 420 421 422 425 427 432 435 440 442 443 446 450 451 455 456 458 459 462 470 474 477 481 484 487 492 493 497 501 503 504 508 510 511 514 517 519 524 528 531 533 537 541 542 543 545 
87 92 104 108 111 114 117 118 123 131 136 138 143 145 147 155 156 162 166 167 181 182 185 193 194 195 203 207 209 213 217 221 225 229 231 232 234 238 239 241 242 246 250 251 255 260 262 263 273 278 284 288 290 292 295 297 300 301 303 311 316 320 324 325 328 333 337 338 341 345 349 350 355 357 362 367 369 372 376 380 384 388 391 395 396 400 401 405 408 409 410 413 419 422 423 427 429 430 434 435 437 441 443 447 451 452 455 459 461 465 466 468 472 477 478 484 488 490 495 497 501 503 507 508 512 515 518 520 524 528 529 533 534 538 542 546 547 549 550 
88 94 107 109 113 116 121 124 125 132 139 140 146 149 150 159 161 163 169 173 182 185 186 194 197 200 205 210 213 217 220 224 227 233 234 236 239 243 244 247 250 252 253 254 259 263 267 268 274 279 287 291 294 295 297 299 301 302 305 313 318 322 325 328 330 336 341 345 348 351 354 358 360 363 364 371 375 379 383 386 388 389 392 399 401 402 404 406 409 411 414 416 423 424 425 429 430 434 438 440 442 445 446 449 452 456 458 462 465 468 472 476 478 481 482 488 491 493 499 502 505 507 510 513 517 521 524 528 530 533 535 538 540 544 545 550 551 555 556 
92 98 109 110 116 118 123 125 128 134 143 146 148 151 154 163 166 170 173 176 186 189 193 196 199 203 208 212 215 218 223 228 230 234 235 238 240 245 247 249 253 255 256 259 260 266 269 272 276 280 290 292 298 301 304 305 307 311 313 316 320 323 326 331 335 338 344 346 351 352 357 362 365 369 373 374 378 382 386 387 392 396 399 401 405 406 408 409 413 414 417 421 425 427 428 433 437 441 445 448 451 454 455 457 459 462 465 467 469 473 474 480 484 485 488 490 493 496 501 506 508 510 513 514 520 524 527 530 532 536 540 541 545 546 548 554 556 558 560 
96 102 112 116 119 122 126 130 133 137 147 148 152 156 158 166 167 172 174 180 187 193 194 197 201 204 211 216 217 219 224 232 233 235 237 239 243 246 249 252 257 260 261 263 264 267 270 275 277 282 292 294 301 305 306 309 313 315 318 319 321 327 331 335 338 340 348 352 356 357 359 365 368 372 377 381 385 389 392 396 400 404 408 410 411 413 414 416 418 421 425 426 428 432 436 437 441 443 446 449 455 456 460 462 465 467 468 469 472 476 477 482 488 492 493 494 498 499 502 507 510 514 518 522 525 527 530 533 534 539 544 546 547 548 549 556 558 561 565 
97 105 113 119 120 126 130 132 137 139 148 152 154 160 162 169 173 174 177 181 188 195 198 200 202 208 214 220 222 225 228 234 238 242 244 246 249 250 253 255 259 264 268 272 274 275 278 279 282 283 293 296 302 307 309 311 314 319 323 325 326 330 335 337 341 345 349 355 359 361 364 367 372 376 379 384 386 391 395 397 403 405 411 414 416 420 423 426 428 431 434 435 438 440 444 447 449 451 455 456 459 460 462 466 467 468 471 475 479 480 482 485 492 496 500 502 506 508 512 516 520 521 523 526 530 533 534 537 540 544 547 548 550 552 553 558 560 563 569 
101 106 115 122 123 128 132 133 141 145 151 153 155 164 165 171 174 176 178 183 190 197 200 202 203 210 217 222 224 226 232 238 241 246 247 251 252 254 257 259 260 266 269 275 279 283 284 287 289 291 295 299 305 310 312 313 316 322 325 327 330 332 336 339 343 347 353 356 363 367 371 372 373 378 381 386 388 392 398 402 406 409 415 418 420 422 427 430 431 435 436 437 442 446 447 449 451 454 459 463 466 467 471 475 476 479 483 484 486 488 490 492 496 499 501 504 510 513 516 517 524 528 529 533 536 537 540 541 543 547 549 552 554 558 562 563 567 569 573 
102 108 117 123 124 130 135 138 144 149 152 156 157 166 170 173 177 178 181 184 193 200 201 206 208 211 219 225 227 230 233 241 243 248 249 255 257 259 262 265 267 269 272 278 280 285 287 289 290 294 298 302 306 312 315 316 319 323 327 329 333 337 340 344 347 351 355 359 367 369 372 373 374 380 385 389 390 395 401 405 410 413 417 420 421 423 429 433 434 438 440 444 445 449 452 455 457 459 460 466 470 474 476 479 482 486 490 494 498 502 504 508 511 515 516 517 521 523 524 528 532 536 537 541 543 544 548 552 554 558 559 562 565 568 571 575 579 580 582 
103 111 118 127 129 131 139 143 148 152 153 158 162 167 173 175 178 179 184 188 195 203 204 210 212 215 222 226 228 233 237 244 247 250 253 257 259 260 263 269 270 274 275 282 284 286 290 294 297 300 301 305 310 316 320 323 326 328 329 330 337 341 343 348 349 355 356 362 370 371 375 379 380 383 388 391 393 396 404 407 411 417 419 424 426 427 430 436 438 441 444 446 449 450 453 458 460 462 463 467 471 475 478 482 485 488 492 498 500 506 509 510 514 519 522 525 529 531 533 536 538 541 545 546 548 551 554 555 556 559 561 564 568 569 572 579 581 584 585 
104 113 120 130 133 135 141 144 152 154 156 161 163 168 177 181 183 187 188 192 196 205 207 211 214 218 225 229 231 235 239 248 252 253 257 260 264 267 268 270 273 278 282 285 288 292 294 295 299 302 303 309 311 319 321 324 329 331 333 334 340 343 344 350 354 357 358 363 373 375 376 383 385 386 390 394 397 398 407 410 413 419 422 426 429 432 435 440 444 448 451 454 455 458 460 463 466 469 471 474 475 477 480 485 489 493 495 502 505 510 512 513 515 522 523 529 531 533 535 537 542 546 547 551 555 558 561 562 566 570 571 573 574 577 580 581 584 586 589 
108 116 121 132 135 139 145 147 155 157 159 165 167 170 181 185 186 191 193 197 199 209 210 214 215 222 228 232 236 239 241 252 253 254 258 264 268 271 274 275 278 279 284 286 290 294 297 298 300 304 308 313 316 322 326 327 331 334 337 340 341 346 349 352 357 358 361 366 377 381 382 386 387 390 392 395 398 399 411 414 418 421 424 427 432 434 439 443 445 449 455 458 462 464 468 469 471 474 477 478 481 483 485 489 491 496 498 505 509 512 516 520 521 523 524 533 535 538 539 542 546 547 549 554 556 561 563 567 571 573 575 579 582 583 587 588 589 590 593 
109 119 122 133 139 142 146 149 156 161 163 166 169 172 182 188 189 195 199 200 203 212 216 220 221 223 231 236 238 243 245 255 257 260 264 265 269 275 278 279 282 283 288 289 292 295 301 305 306 307 310 316 318 324 330 331 335 338 340 344 347 350 354 356 358 362 363 367 381 383 386 388 390 394 398 399 400 403 413 415 421 425 429 431 433 435 442 447 451 453 456 462 465 468 471 473 476 477 481 483 486 488 490 493 494 500 501 508 511 513 517 523 526 530 534 536 540 544 545 548 551 553 557 558 561 563 565 568 573 574 579 583 587 588 592 596 597 598 599 
112 121 123 136 141 145 150 151 159 164 166 170 171 176 185 191 195 196 203 205 208 214 220 221 223 225 232 240 241 247 248 257 260 263 267 271 275 279 281 283 286 288 290 294 295 297 305 307 308 311 312 320 322 328 332 334 336 342 344 347 351 354 357 358 362 363 367 368 383 384 388 389 391 395 400 401 402 407 416 418 422 429 432 433 435 438 443 451 452 457 460 463 469 472 474 476 477 481 485 488 492 494 495 497 501 503 505 509 512 515 518 527 531 535 536 538 542 547 550 551 552 556 559 563 565 566 569 570 574 577 582 584 589 593 595 597 598 599 602 
115 123 127 139 143 146 152 154 162 166 167 173 174 177 186 193 196 198 205 209 211 216 223 227 228 231 235 242 244 251 255 260 262 266 270 272 277 280 283 284 289 293 297 300 302 303 309 312 313 314 315 324 325 330 333 336 337 345 346 350 354 358 362 365 368 369 372 373 385 387 392 396 398 400 404 407 410 414 419 422 424 432 436 437 440 442 445 453 456 458 463 467 472 474 478 481 482 484 489 492 493 498 502 503 504 508 509 511 516 519 521 530 535 538 540 543 547 551 552 554 558 562 566 567 569 573 576 579 580 584 585 589 590 595 599 602 604 607 610 
117 127 130 142 147 150 155 157 166 167 168 177 178 179 189 195 199 200 209 211 212 219 226 228 229 232 238 243 246 254 256 263 265 269 271 275 279 282 285 288 292 297 299 304 305 308 311 316 319 322 325 326 330 331 334 337 339 347 348 353 357 360 366 367 372 374 377 380 387 388 393 398 399 402 407 411 413 415 422 426 430 435 440 441 443 447 448 454 458 459 464 468 473 475 480 483 486 488 490 493 497 501 505 506 510 511 515 518 521 523 526 532 538 540 543 546 549 554 557 561 564 566 570 573 576 578 581 585 587 591 595 596 599 603 606 609 611 612 615 
118 129 132 145 148 154 159 163 169 173 176 179 182 184 190 197 203 205 213 215 217 221 228 229 233 236 240 247 251 256 258 264 269 271 274 276 281 283 289 293 297 299 301 307 310 311 313 318 321 323 328 329 332 336 338 339 341 348 352 356 361 364 369 370 373 375 378 382 391 392 396 402 403 404 411 414 416 419 425 428 433 438 442 446 447 451 452 457 460 461 465 470 476 477 484 488 490 491 494 495 498 505 507 509 513 517 521 525 526 529 533 535 539 542 546 550 553 556 561 564 567 569 571 574 579 581 584 586 591 595 596 599 603 606 607 610 612 613 616 
120 131 133 146 152 158 160 165 172 176 180 181 183 186 193 199 207 208 214 217 220 222 231 234 237 240 242 251 252 257 261 267 273 276 277 281 284 287 292 294 301 302 303 309 311 312 315 319 323 325 329 333 334 340 344 345 349 352 355 359 365 368 373 377 379 382 384 385 392 393 400 403 405 406 413 415 420 421 427 429 437 441 445 447 449 454 457 461 465 466 469 471 479 483 485 492 493 497 498 499 501 509 510 512 516 519 522 526 530 533 537 541 544 545 547 553 556 560 564 567 569 570 574 577 582 583 585 587 595 596 600 604 606 607 611 614 616 619 620 
121 135 136 150 155 161 162 169 176 177 181 183 186 190 194 203 210 214 216 221 222 223 234 236 238 241 243 253 254 258 262 271 275 279 282 285 286 288 295 299 302 304 306 312 314 317 318 323 326 328 332 337 338 341 346 348 351 356 357 362 368 371 375 378 383 386 388 392 393 394 404 406 408 411 415 417 423 425 428 432 439 444 448 449 453 456 459 463 467 470 472 476 483 486 487 495 498 500 503 505 509 513 514 518 521 525 528 530 532 537 540 542 547 549 553 554 557 561 566 570 571 573 578 579 584 585 589 591 598 600 603 605 607 609 615 616 619 623 627 
122 139 140 153 159 162 164 170 179 180 185 189 190 194 196 205 213 218 219 225 226 229 235 238 240 245 249 257 261 265 268 273 278 281 283 288 290 293 299 303 306 310 314 318 322 324 326 329 333 334 337 339 340 345 348 349 354 358 360 365 370 374 377 379 387 391 392 393 396 398 407 410 414 416 420 421 427 430 434 437 443 446 449 452 457 461 463 465 470 473 475 478 486 490 493 496 501 504 505 507 511 515 516 520 523 526 530 534 538 539 542 545 549 551 555 559 562 564 568 574 577 579 582 583 585 588 590 592 602 603 604 606 608 613 617 621 623 627 631 
123 142 144 155 162 164 166 173 180 184 187 192 194 198 200 209 217 220 223 227 229 233 237 239 241 246 252 260 262 266 270 276 279 285 286 289 292 294 303 306 310 312 316 322 323 327 331 333 336 338 341 343 346 348 350 354 355 361 364 368 373 378 381 384 391 395 398 399 401 405 411 414 417 420 423 424 431 432 435 441 444 450 452 455 458 463 467 468 472 475 476 481 490 492 494 497 505 507 511 515 519 520 522 526 530 531 534 535 539 543 544 548 552 553 556 563 567 571 575 577 578 581 585 587 589 592 595 598 605 607 611 613 615 616 620 622 626 628 634 
126 144 147 159 166 168 172 176 184 188 192 193 197 202 203 212 219 222 227 231 233 236 238 243 247 251 254 261 265 267 272 279 283 288 291 295 296 299 305 309 311 313 320 326 328 331 333 334 338 339 344 345 347 352 353 356 358 362 367 372 376 379 385 388 393 397 402 405 409 411 413 418 420 424 426 430 434 437 440 443 446 452 454 456 460 467 468 472 476 480 483 484 494 497 498 500 509 512 515 517 520 521 526 530 533 537 539 543 546 550 554 555 558 559 562 567 568 573 578 580 583 587 589 593 596 597 600 604 607 609 613 614 617 619 624 625 629 632 636 
130 145 150 163 169 170 174 180 187 191 194 198 199 204 207 216 223 225 230 233 237 241 242 244 251 253 257 262 268 271 274 281 287 289 295 297 301 304 308 310 314 315 321 330 332 335 336 340 341 342 347 348 351 353 356 360 363 365 371 375 379 381 387 392 396 398 406 409 413 414 416 419 423 425 430 431 438 441 445 447 448 454 456 459 464 470 473 477 481 485 486 487 495 499 500 502 510 513 517 521 523 525 530 533 534 539 541 546 547 552 557 559 561 562 565 568 572 577 580 582 587 591 593 594 597 599 602 607 608 613 617 620 623 624 628 631 634 635 640 
134 147 153 165 170 173 178 183 191 192 197 201 205 207 210 220 226 227 232 234 238 243 247 249 253 256 260 265 270 272 276 285 291 294 298 300 304 305 310 311 316 317 325 332 334 337 339 343 347 351 353 357 359 361 362 365 367 369 373 377 383 384 391 393 398 399 407 411 417 421 422 425 427 430 433 437 440 442 448 451 453 455 457 460 466 471 477 481 483 488 491 495 496 500 502 503 514 517 519 524 526 530 531 535 539 540 543 550 554 557 560 561 565 568 569 570 573 580 583 587 590 592 596 598 602 606 610 612 615 616 620 621 627 630 631 634 636 640 642 
137 148 155 169 174 177 180 187 193 194 201 202 209 211 214 221 228 230 236 239 240 244 249 251 257 258 261 269 271 276 279 289 292 295 300 304 307 309 312 316 319 322 326 333 336 338 342 345 348 352 356 360 364 365 366 370 371 373 374 379 386 389 393 397 400 404 409 413 420 423 426 427 429 431 436 440 443 445 449 452 454 458 462 464 467 474 480 483 486 492 495 497 499 501 504 508 518 519 522 526 530 531 533 536 541 544 548 553 556 560 561 564 568 571 573 575 579 584 586 588 593 596 597 599 606 610 613 615 617 621 622 625 631 633 637 640 641 645 649 
139 151 159 173 175 178 182 189 196 200 203 207 210 215 216 223 231 232 239 240 244 248 252 253 260 262 265 272 276 279 280 291 296 298 302 306 309 310 315 318 321 324 328 337 339 343 344 346 351 356 358 362 365 369 373 377 378 379 381 384 387 393 395 400 404 408 412 414 424 426 429 430 431 433 437 441 444 448 453 454 456 460 463 465 471 478 484 488 491 493 498 499 500 503 505 511 521 523 526 529 532 535 539 543 547 551 555 559 561 563 567 570 571 574 578 582 586 590 592 594 595 597 600 601 607 614 616 618 620 622 625 627 633 636 639 643 644 649 652 
142 152 163 174 178 181 184 191 197 201 205 211 212 216 220 227 235 237 240 243 247 250 256 257 263 264 267 273 279 282 286 294 299 303 305 307 312 316 318 319 324 328 331 338 340 345 347 350 353 360 362 366 367 371 374 378 380 384 387 388 392 394 397 404 406 411 415 418 425 430 431 435 437 440 444 448 452 455 456 458 461 464 467 469 473 482 485 492 493 497 499 500 502 506 509 514 525 529 532 534 535 536 542 545 551 552 558 562 566 569 571 572 574 578 582 586 587 592 596 597 598 599 604 606 610 617 621 622 624 625 627 628 636 640 644 645 647 653 655 
146 154 164 176 179 182 185 194 199 202 207 214 216 220 223 229 237 240 242 247 248 252 260 264 265 266 270 276 280 285 289 297 302 307 311 315 319 320 324 327 331 335 338 341 342 348 352 353 354 364 365 369 372 375 376 381 383 385 389 392 393 397 399 406 408 415 417 421 427 432 436 437 438 444 446 449 456 458 462 464 466 468 470 472 476 483 488 493 496 499 501 504 505 510 513 516 526 530 533 537 540 541 544 546 555 559 563 567 568 571 574 575 579 582 585 590 594 595 598 600 603 607 609 611 612 621 625 627 628 629 631 635 637 642 647 648 652 654 658 
148 156 167 180 181 184 187 195 203 207 210 218 220 223 225 231 241 242 245 249 251 254 263 268 271 272 276 279 281 287 291 299 305 308 315 317 321 325 329 330 333 337 341 342 345 349 355 356 358 367 371 373 375 377 378 382 384 387 391 395 396 399 402 408 409 416 421 423 429 436 440 444 447 450 454 456 458 459 466 467 470 471 475 477 480 486 491 495 500 503 504 505 507 511 515 517 528 533 536 541 545 548 551 553 557 560 565 569 573 577 580 581 583 584 587 592 597 599 603 605 608 609 612 613 616 624 629 630 633 635 637 640 644 646 650 653 654 656 660 
149 160 171 182 185 186 190 197 205 210 214 219 223 226 230 233 244 245 248 250 253 258 265 270 275 276 278 283 286 291 295 301 307 309 319 322 326 329 331 335 336 338 343 345 349 351 356 359 361 369 374 377 380 384 388 391 393 396 398 400 401 402 406 409 413 420 424 428 432 440 444 448 451 455 458 461 465 468 471 474 478 482 483 484 487 488 493 497 504 506 510 511 513 515 519 520 529 536 539 542 548 552 554 556 561 564 569 572 577 580 581 583 584 585 588 596 601 603 605 609 610 611 614 616 619 628 632 634 636 640 644 647 648 652 655 659 660 664 668 
153 162 172 186 190 193 195 200 206 213 218 220 225 230 231 235 246 247 252 253 255 260 267 272 277 279 281 284 289 294 297 305 311 313 320 324 329 332 334 337 339 342 345 349 351 355 359 360 362 372 378 380 381 385 389 393 397 400 401 403 405 406 407 410 414 424 426 432 435 443 445 451 454 457 460 463 467 470 473 477 480 486 490 491 494 495 498 502 505 510 511 512 515 519 522 523 530 537 542 546 549 553 556 557 565 567 573 575 580 581 583 584 588 591 593 598 604 605 608 612 614 618 622 624 625 629 633 638 640 641 648 650 653 657 658 661 663 665 669 
156 165 173 187 193 197 199 204 207 216 219 224 229 231 233 239 247 251 256 258 259 264 271 276 281 282 283 285 291 297 300 309 315 317 322 328 332 335 338 342 345 349 353 354 355 357 360 361 366 374 380 383 386 388 393 396 399 404 406 408 412 416 419 421 422 428 431 436 437 446 448 454 455 458 463 466 471 474 475 479 484 489 492 494 497 498 502 503 508 513 514 516 520 524 527 528 532 538 543 548 550 555 557 560 566 569 575 576 582 586 590 593 597 599 600 602 605 607 611 613 615 621 623 628 630 631 634 639 641 645 650 651 654 660 662 665 668 669 672 
158 168 174 191 194 198 200 205 208 217 223 225 232 233 236 243 249 254 259 262 265 268 275 280 285 286 289 293 294 300 302 313 318 321 325 329 333 336 342 345 349 351 354 357 358 362 363 367 371 378 381 386 390 391 396 398 402 405 410 414 417 421 424 427 431 433 435 438 440 449 453 458 459 463 465 470 472 476 478 481 486 491 494 495 499 502 505 509 512 514 518 521 522 525 529 532 533 539 547 550 553 557 561 564 567 570 576 580 583 589 591 597 600 601 605 608 611 614 617 621 622 626 628 630 632 636 637 643 645 647 654 658 660 664 667 671 674 678 680 
159 169 176 195 196 199 204 207 211 220 226 228 236 240 241 244 251 257 261 263 266 269 276 284 288 291 295 299 301 305 306 317 322 325 326 330 335 339 346 350 353 356 358 361 362 365 368 372 373 381 385 387 394 396 397 402 406 407 411 418 419 425 428 430 433 435 439 443 446 451 456 460 461 466 468 472 476 480 484 488 490 495 496 500 502 505 506 510 513 517 520 525 526 528 531 534 535 541 551 553 556 560 563 567 570 571 580 583 585 590 595 599 602 603 606 609 613 617 619 622 626 629 630 632 636 638 641 646 649 650 658 659 662 667 669 673 675 682 683 
161 171 178 196 200 201 207 208 212 221 228 229 239 244 247 248 254 260 262 264 270 273 280 288 289 292 296 303 307 308 311 319 326 330 332 334 336 342 348 351 356 358 362 365 369 372 376 377 379 385 389 393 397 400 401 406 407 410 413 421 425 427 431 434 435 437 443 445 450 454 460 464 466 468 470 476 477 483 487 490 491 498 499 501 503 506 509 514 515 519 523 528 532 535 538 540 541 542 553 556 557 563 565 568 572 576 584 585 587 592 599 603 604 605 608 611 614 621 625 629 632 636 639 641 642 645 648 649 652 655 660 663 665 670 672 675 676 686 689 
163 174 179 198 204 206 211 214 217 225 230 233 241 248 249 251 257 263 267 271 274 275 284 290 293 295 299 306 309 313 315 322 329 334 336 337 340 346 349 352 358 360 364 369 371 375 380 381 382 389 393 396 401 402 403 409 410 414 416 424 428 430 432 437 439 443 445 449 453 456 463 468 471 474 478 480 484 486 491 495 497 499 500 505 506 508 510 517 519 521 524 530 536 537 539 542 544 545 554 560 561 566 569 573 576 579 587 591 594 598 603 607 610 613 614 616 618 622 626 631 635 638 643 645 647 649 653 657 661 664 665 666 668 673 676 679 682 688 690 
165 175 181 201 206 207 215 216 220 226 234 238 245 251 255 258 262 265 271 275 279 282 287 293 294 299 301 307 312 315 318 324 332 336 337 339 342 347 351 355 362 363 365 371 375 378 382 383 384 393 396 399 405 409 413 414 418 422 423 426 432 435 436 439 440 444 446 450 454 460 467 470 474 476 480 482 487 488 494 497 499 503 504 508 511 512 514 520 524 525 526 531 538 541 545 549 552 555 557 561 562 570 572 576 579 580 589 595 596 602 606 611 615 617 621 623 626 630 632 634 637 640 645 647 649 652 656 659 665 667 670 672 675 679 683 685 688 691 693 
167 176 184 202 208 212 216 220 222 227 236 241 247 253 258 261 263 268 275 278 281 284 289 297 298 300 304 309 316 318 319 328 333 337 338 342 345 349 354 358 366 367 370 374 379 383 384 385 388 397 401 402 409 412 416 418 420 423 424 428 436 440 442 446 450 453 455 457 458 464 470 474 475 477 482 485 488 489 495 498 501 506 508 511 513 515 516 524 526 530 533 536 540 544 548 552 553 557 558 562 563 573 576 579 582 586 593 598 599 606 609 615 619 623 626 630 631 635 638 641 643 645 648 651 653 655 658 663 667 669 673 676 679 680 685 686 691 695 699 
168 177 188 205 209 213 220 224 227 228 238 244 250 256 259 263 265 269 277 279 283 288 291 301 304 308 312 313 317 320 324 332 335 339 342 343 349 352 356 359 370 373 374 376 380 384 387 391 392 399 402 405 410 416 417 422 426 428 429 433 437 441 445 450 454 458 461 465 469 472 473 475 477 478 483 489 491 492 499 502 503 508 510 515 517 520 523 526 528 531 536 540 541 545 551 553 554 558 560 564 565 576 580 583 584 588 596 600 604 609 610 619 621 625 628 632 636 640 644 648 651 653 656 657 658 660 664 665 671 673 675 678 680 682 687 691 695 697 703 
172 180 190 209 210 217 223 227 228 229 239 245 251 259 263 264 267 271 279 280 285 290 292 303 308 312 316 319 322 326 327 335 336 341 344 348 353 356 360 361 372 377 381 382 383 388 389 392 395 402 406 410 411 419 423 424 430 431 433 435 441 443 447 452 458 462 466 467 470 474 475 479 483 485 488 493 497 501 503 506 510 511 514 517 519 522 527 529 530 535 539 542 543 547 552 555 556 560 562 565 567 580 583 586 589 592 598 603 606 613 617 623 625 627 630 636 637 642 645 649 655 658 659 663 666 667 669 672 674 678 681 682 686 687 691 694 697 701 706 
173 183 191 212 214 218 227 231 232 235 243 248 252 260 267 269 272 276 282 286 287 292 295 306 310 314 317 323 324 328 329 336 338 345 348 352 356 360 362 366 375 380 384 387 391 395 396 397 401 405 410 414 415 422 424 428 431 435 438 439 445 448 452 456 461 463 468 470 474 477 480 481 486 490 491 494 499 504 507 510 511 515 518 520 523 526 530 533 537 539 543 547 548 551 555 556 557 562 565 568 571 583 584 588 593 596 600 605 609 614 619 627 629 631 635 638 642 644 647 653 658 662 666 668 670 673 676 680 682 683 684 686 690 692 693 695 698 704 709 
175 186 193 214 216 220 230 234 238 240 247 249 255 262 271 273 277 281 284 288 291 294 296 307 311 316 318 327 331 335 337 338 339 348 350 353 357 361 363 368 378 384 387 388 394 398 400 404 408 410 414 418 419 423 425 430 433 436 441 442 446 449 456 457 464 468 471 472 476 478 483 487 491 492 494 497 502 507 508 512 516 517 519 524 528 532 533 536 540 541 547 551 553 555 559 561 565 567 568 572 573 584 586 591 594 597 604 609 611 616 623 631 632 633 638 641 646 650 654 657 659 664 667 670 674 676 678 682 683 687 691 695 696 698 702 706 707 711 712 
177 188 194 215 220 221 233 237 242 246 250 251 256 265 275 277 278 282 286 290 295 297 299 310 313 320 321 331 334 337 339 340 342 349 352 357 359 365 367 370 380 388 392 395 399 402 404 405 410 411 415 419 423 427 430 434 436 438 445 448 452 454 458 459 465 470 475 478 480 482 484 491 492 493 498 502 506 508 510 516 520 521 524 526 529 536 540 543 545 549 552 553 556 558 561 563 569 572 573 575 578 587 589 595 597 600 608 611 614 620 626 632 636 638 641 643 648 654 657 659 662 666 671 672 677 681 682 684 686 690 692 697 699 700 706 710 713 717 720 
181 192 196 216 222 224 234 238 244 248 251 254 257 268 276 279 281 286 289 294 298 302 303 312 317 324 325 333 338 341 345 349 352 355 359 362 363 366 369 372 383 392 394 398 403 404 405 407 413 415 418 422 424 428 433 436 438 440 446 452 454 457 460 462 468 471 476 481 483 485 489 495 499 500 503 505 507 509 513 519 521 523 528 532 534 540 543 545 546 553 557 559 563 565 567 570 571 576 580 582 584 588 591 599 602 604 609 612 616 624 630 633 637 642 645 648 649 658 659 662 663 670 675 677 680 683 684 687 691 695 696 700 701 702 709 713 716 721 722 
183 193 199 220 224 226 237 240 248 251 255 259 263 271 277 282 284 287 290 297 300 306 310 313 320 328 332 337 340 345 349 350 356 357 360 363 364 370 371 374 386 393 398 400 404 405 407 408 417 419 423 427 431 433 436 439 440 442 447 454 456 461 462 465 470 472 478 485 486 488 492 499 500 502 507 509 513 516 518 521 522 525 530 535 538 543 547 550 551 554 559 560 567 570 571 573 574 579 584 586 590 593 594 600 603 605 611 615 620 626 632 634 639 643 649 653 656 661 662 664 668 672 679 682 685 686 688 689 694 698 699 702 703 705 710 715 717 722 724 
187 195 202 223 227 231 240 243 249 254 257 262 264 274 279 283 288 292 294 298 304 310 313 314 321 330 335 341 343 346 351 354 357 360 363 367 368 372 373 378 388 394 399 401 406 407 410 414 421 422 424 431 434 438 440 442 446 448 449 455 457 463 465 467 474 477 479 488 492 496 499 502 505 506 511 512 517 519 520 523 527 531 535 539 543 547 551 552 556 558 561 565 571 573 576 577 578 582 586 587 591 595 597 604 605 608 615 617 622 628 633 635 643 646 652 656 660 665 668 671 675 678 681 683 689 690 694 697 698 702 703 706 708 709 711 719 723 724 728 
191 199 203 225 230 232 241 246 253 255 261 265 268 278 281 287 289 294 296 301 308 311 314 317 322 331 337 344 345 349 352 356 358 361 367 368 371 373 377 382 391 395 402 404 410 413 414 416 425 428 431 434 437 441 443 447 451 455 458 460 464 466 469 471 475 479 481 492 493 498 502 506 507 511 512 516 520 522 523 527 530 532 537 543 546 548 555 558 561 565 567 570 573 575 580 584 585 588 591 592 595 596 598 605 608 611 616 619 625 629 636 640 645 649 655 659 662 666 669 673 679 682 684 685 692 696 700 701 705 706 710 712 714 716 718 721 725 727 730 
192 200 204 229 232 234 243 247 255 256 264 269 273 282 284 291 293 297 298 304 310 312 318 321 323 334 339 345 347 351 356 359 363 367 370 373 375 376 381 383 395 396 406 408 411 415 419 422 428 429 432 438 442 446 447 448 453 459 463 465 468 470 471 474 476 480 484 496 497 501 504 508 509 513 515 520 522 526 529 530 531 534 538 544 550 552 556 561 565 566 569 573 577 579 582 585 587 592 594 595 597 601 605 608 609 613 619 622 629 630 638 643 646 651 658 662 664 670 673 676 680 684 685 688 696 700 703 704 706 710 713 714 717 720 721 723 726 728 733 
193 201 206 232 236 239 246 250 256 260 267 272 274 283 286 293 294 301 303 308 314 317 320 322 324 336 341 349 353 357 361 362 367 370 373 374 378 379 384 387 397 398 408 411 414 417 421 423 432 436 437 442 446 448 450 454 456 461 464 469 473 477 480 482 483 484 488 499 503 506 510 514 516 519 522 523 527 530 531 535 539 543 544 547 553 555 558 565 566 569 572 574 578 581 583 589 593 597 599 603 605 607 608 610 612 617 623 625 633 634 640 646 650 652 660 666 670 672 675 679 682 687 688 691 699 701 706 708 710 711 715 717 719 723 724 727 731 734 736 
195 203 207 236 239 243 247 254 259 262 270 275 277 284 287 295 299 302 306 311 317 319 321 325 328 340 343 353 356 358 363 367 368 373 375 376 382 383 387 391 400 403 411 412 418 420 422 426 433 438 441 445 447 451 454 456 459 464 468 473 474 479 481 484 488 489 493 501 505 508 512 517 521 523 527 528 529 531 532 538 542 545 549 552 555 558 561 568 570 573 576 579 581 584 585 592 597 598 600 606 609 610 614 617 618 621 627 628 637 638 643 650 653 654 661 669 672 675 677 683 687 690 694 698 700 704 709 710 712 715 716 718 723 727 731 732 734 736 738 
198 205 211 240 244 248 249 258 263 265 273 276 279 287 291 297 300 304 308 314 320 322 323 328 329 343 346 355 358 362 365 369 372 375 379 383 384 385 390 394 404 408 413 414 421 422 426 428 437 439 444 448 450 454 455 458 460 467 470 474 476 483 487 488 491 495 497 503 506 512 514 520 524 526 529 530 534 535 536 540 545 547 550 554 557 560 565 569 572 576 577 582 586 588 592 596 599 602 606 610 612 614 616 619 623 625 630 631 639 643 644 653 656 660 662 673 676 677 679 687 688 692 697 700 701 707 712 715 716 719 723 724 726 729 734 738 741 742 746 
202 209 213 241 245 251 253 262 267 268 276 279 282 288 292 301 305 307 309 318 321 323 327 329 333 345 349 358 362 363 368 372 373 378 381 384 386 389 392 397 405 411 417 418 425 429 432 435 439 443 446 450 451 457 461 465 467 469 473 475 477 484 489 490 493 497 500 507 508 515 517 521 528 530 531 533 535 539 543 545 547 548 554 557 561 562 569 572 574 579 580 583 587 589 593 598 603 605 610 614 616 619 622 623 627 628 634 635 641 646 647 656 659 661 663 674 677 679 682 689 691 694 701 702 704 711 715 717 719 721 725 729 732 733 738 739 744 746 747 
203 210 216 244 247 253 256 264 269 272 279 281 285 289 296 302 309 313 317 322 323 325 331 334 337 349 353 359 364 367 371 373 376 379 384 385 387 390 394 399 408 414 421 423 429 430 434 439 441 444 450 454 456 461 462 469 472 475 477 480 482 485 493 494 496 500 501 509 513 516 521 522 532 535 537 541 543 547 550 553 556 557 558 559 564 566 571 574 578 581 582 587 591 593 595 601 605 607 614 618 619 622 626 627 631 635 636 637 645 647 649 657 663 667 669 677 680 683 684 692 693 697 705 706 708 712 719 722 724 725 727 732 733 737 741 744 747 751 755 
206 211 217 245 249 256 258 268 273 276 283 285 287 292 300 303 310 314 320 326 328 329 333 336 339 351 357 360 367 371 374 376 379 383 385 388 390 394 397 402 411 415 424 427 432 436 439 442 446 450 454 457 460 465 466 471 474 476 479 483 486 488 497 500 501 505 509 510 515 518 525 528 536 539 542 544 546 551 555 557 559 560 561 565 568 570 572 576 581 585 587 590 595 597 599 602 608 610 616 622 623 626 630 631 632 638 639 643 649 652 656 660 664 670 674 678 682 684 686 696 697 698 708 710 711 715 721 726 729 730 734 737 740 742 746 747 748 754 759 
209 215 220 249 252 259 260 272 276 277 284 286 291 294 303 304 311 316 323 330 332 336 338 342 346 353 361 362 370 372 377 378 383 385 389 390 392 398 401 405 413 417 426 430 435 439 440 443 449 453 458 460 464 469 473 474 477 479 483 486 488 489 500 504 507 509 510 511 518 521 528 531 537 542 543 545 550 554 558 561 565 567 569 570 574 577 579 581 585 586 589 594 598 601 604 606 611 614 618 623 626 629 631 633 636 641 643 644 650 656 660 663 666 673 677 679 683 685 687 700 701 704 710 711 713 717 725 729 733 736 737 741 743 746 748 751 754 756 763 
213 218 221 253 256 260 264 276 278 281 286 287 292 295 307 309 315 317 326 332 334 338 339 345 350 355 365 368 371 375 380 382 386 388 393 394 396 401 404 408 416 421 430 432 436 441 442 447 453 455 460 463 465 471 476 478 482 485 486 490 494 496 502 505 508 513 517 520 524 528 529 535 540 546 547 551 555 556 562 564 566 569 571 574 576 579 581 585 587 590 593 598 599 605 609 612 613 616 619 626 630 633 634 635 637 644 645 646 654 660 662 664 670 674 681 682 687 689 693 704 707 708 712 716 718 722 727 731 734 740 744 745 746 749 753 757 760 762 764 
214 220 223 256 260 263 266 277 280 284 287 289 295 297 309 312 319 322 330 334 338 339 341 348 354 358 367 369 372 379 384 386 388 391 395 397 400 404 405 412 420 425 434 435 438 445 446 450 455 459 463 466 468 474 479 482 484 486 489 493 497 499 503 507 509 517 518 522 525 532 533 539 542 550 551 554 556 558 564 568 572 574 575 577 578 580 585 589 591 593 595 601 603 606 610 613 616 617 621 630 633 634 638 641 643 646 649 650 655 662 664 667 671 677 684 685 689 691 697 706 710 712 715 719 723 724 730 735 736 744 745 748 751 753 756 758 764 766 770 
215 221 225 257 261 266 269 279 281 286 288 292 298 301 312 316 321 324 334 336 339 340 342 350 356 359 369 370 376 380 388 390 392 395 398 400 401 408 411 413 421 428 438 441 445 446 450 453 456 462 465 467 471 475 481 484 487 491 493 497 499 500 507 508 511 519 523 525 529 534 537 541 546 551 555 556 557 559 566 569 576 579 581 585 589 590 594 598 601 602 605 608 611 613 616 617 618 619 622 632 634 636 640 643 645 649 650 651 656 664 668 670 672 680 685 687 690 694 698 709 713 715 719 721 727 730 732 736 739 746 747 749 754 756 758 761 766 769 771 
216 223 226 259 265 268 271 281 283 289 292 293 302 306 313 318 322 325 337 340 344 346 349 354 358 361 370 371 377 384 391 393 396 397 402 404 407 412 414 416 422 429 439 442 447 450 453 455 458 463 468 471 475 476 482 486 491 495 497 499 503 504 510 513 515 522 526 528 530 537 538 542 550 554 559 560 563 567 569 570 580 584 586 587 592 595 596 601 602 605 606 610 615 619 621 624 626 628 631 636 637 641 643 644 646 651 655 659 660 666 671 674 675 683 689 690 694 697 702 712 715 718 722 723 730 731 735 740 743 748 750 753 755 758 762 766 767 771 772 
219 226 227 261 267 269 275 282 287 291 294 296 304 308 314 321 325 329 339 341 346 349 353 355 362 363 374 375 381 385 392 397 398 399 406 408 412 415 416 417 426 432 440 446 450 454 456 459 461 467 471 475 479 482 484 490 493 498 499 500 505 508 511 516 517 526 529 532 535 541 542 543 552 558 560 562 567 569 570 571 583 587 588 589 593 596 599 605 606 607 608 612 618 623 625 627 628 632 634 637 640 642 645 647 650 655 656 662 665 669 672 678 679 686 692 693 698 702 703 715 719 720 726 728 732 735 738 742 744 749 752 757 761 762 764 769 772 776 779 
222 227 231 262 270 273 279 284 288 293 297 301 307 311 315 322 328 330 342 343 347 353 356 359 365 368 375 378 384 386 394 400 404 405 409 410 413 419 423 424 429 436 441 450 452 457 461 463 467 469 472 478 483 485 486 493 497 502 506 507 510 513 515 519 522 528 533 535 536 542 546 550 553 561 563 564 570 574 577 579 587 590 591 593 596 597 601 607 610 612 614 615 619 626 630 634 636 639 641 643 647 649 653 655 657 658 660 666 668 673 676 679 681 688 694 696 700 704 705 716 723 727 730 734 738 740 743 744 746 751 755 759 765 769 771 775 777 778 782 
224 231 233 266 273 277 281 288 291 297 298 304 309 314 319 323 330 331 345 346 350 354 359 360 366 372 378 382 388 389 397 402 406 409 412 416 417 423 426 428 431 438 445 452 456 460 465 466 468 473 474 482 487 490 491 494 499 504 510 514 515 518 519 520 524 532 534 538 539 543 549 554 558 565 566 567 574 578 579 583 589 594 598 601 605 606 609 611 615 616 618 619 622 629 633 638 640 644 648 649 652 653 656 658 660 663 666 668 672 675 678 683 684 692 696 700 704 707 711 717 727 729 732 735 740 742 747 751 755 757 758 761 766 772 773 776 781 782 786 
226 234 235 270 277 278 285 291 293 298 301 308 310 318 321 327 331 332 347 349 352 355 362 365 369 374 379 383 392 394 400 404 408 410 414 417 419 425 428 430 432 442 449 453 459 461 468 471 474 475 479 486 489 492 494 498 501 507 512 515 518 520 524 528 530 536 539 543 544 546 550 557 561 569 572 574 578 581 584 586 591 597 599 604 608 611 612 615 619 621 625 627 630 633 637 639 642 646 652 654 656 658 662 663 665 667 670 671 674 676 682 686 689 695 698 703 707 709 712 718 729 731 736 738 743 745 749 753 756 758 762 766 768 775 778 779 783 786 787 
227 235 239 274 279 283 287 292 297 300 304 310 311 320 324 328 333 335 348 351 356 359 365 367 372 375 381 387 393 396 401 405 411 413 418 419 422 429 431 435 439 443 453 457 460 463 472 476 478 479 480 487 491 496 498 499 502 510 515 516 520 524 527 531 532 538 543 547 548 551 555 561 562 571 575 579 580 582 587 589 594 599 603 607 610 614 617 620 624 625 627 629 634 635 640 641 645 647 653 656 657 661 663 664 666 668 671 673 678 682 686 687 690 696 700 707 710 714 716 722 733 735 738 741 747 751 753 755 759 761 764 768 770 778 779 780 787 788 791 
230 237 243 278 281 285 289 296 301 303 308 312 315 323 328 329 335 337 350 354 360 364 366 370 375 378 385 389 397 401 402 407 414 417 422 426 429 432 435 438 441 447 455 460 464 468 476 478 482 483 485 490 494 498 501 505 509 511 518 521 525 527 530 532 535 540 546 551 553 556 558 565 568 573 576 580 583 586 591 592 597 600 606 611 614 617 618 624 628 630 634 637 640 644 648 652 653 656 660 663 666 668 671 673 675 676 678 679 682 684 689 691 695 700 704 708 712 715 717 723 735 736 740 744 750 752 755 757 763 767 771 772 776 782 785 789 790 794 798 
232 239 246 280 285 287 293 299 302 304 311 313 316 327 330 332 337 339 353 356 361 368 372 375 379 380 389 393 401 404 405 408 417 420 425 429 433 437 440 444 447 448 456 462 468 469 480 483 487 488 490 492 495 502 503 509 510 515 519 525 529 533 534 535 537 543 550 554 556 558 559 568 569 576 577 583 587 590 592 594 598 602 607 614 618 619 621 626 629 633 635 641 644 647 650 655 657 658 662 664 669 672 674 678 682 685 687 690 694 696 698 699 702 703 705 711 715 717 718 724 737 738 743 746 754 757 761 765 769 771 773 777 779 783 789 790 791 797 802 
235 243 247 283 289 292 295 300 303 306 312 316 320 330 331 334 338 342 354 360 362 369 375 376 381 383 393 397 403 405 409 411 421 423 426 432 437 439 444 447 451 455 457 464 470 471 482 487 491 492 493 495 499 506 508 510 513 517 521 526 533 534 538 539 542 546 553 558 561 564 565 570 571 577 580 585 590 594 595 597 600 606 609 618 619 620 623 630 631 635 636 644 648 652 654 658 661 665 666 669 673 675 677 679 685 687 691 695 696 698 699 702 703 705 707 714 719 722 725 729 739 742 745 750 756 760 763 769 771 772 776 781 785 787 792 794 795 800 806 
239 245 249 286 292 294 297 303 305 309 314 319 322 333 336 339 343 345 358 362 366 372 377 379 385 388 396 400 406 408 413 417 425 427 428 436 441 444 446 451 454 458 462 468 474 475 483 490 493 497 501 502 505 507 512 515 516 520 525 527 536 538 541 544 546 548 554 560 563 566 570 572 574 578 581 586 592 597 600 601 605 607 612 619 622 624 626 633 636 638 641 647 651 654 658 661 662 668 671 673 674 678 680 681 688 691 692 698 701 704 706 707 710 714 715 717 722 726 727 731 743 744 749 753 758 764 767 773 774 775 778 784 786 789 793 795 798 801 807 
240 248 250 288 293 297 301 304 309 312 317 320 323 337 339 341 344 346 362 366 369 376 378 380 387 391 397 403 409 410 415 418 428 431 434 438 445 448 451 455 459 460 464 471 476 478 486 492 495 499 502 503 509 513 514 516 520 523 527 530 539 540 544 545 550 551 556 564 565 570 572 573 577 581 582 590 593 599 602 604 607 611 615 623 627 628 631 635 638 641 642 651 655 659 662 666 670 673 676 678 682 683 684 685 690 693 694 700 703 708 711 712 714 717 721 723 726 730 734 735 747 749 750 754 759 767 770 776 779 781 782 786 787 790 795 798 801 804 810 
241 251 254 291 297 300 304 306 311 316 318 324 328 338 343 346 347 350 364 369 371 379 381 384 390 395 400 404 413 416 419 421 429 434 437 441 448 450 455 456 461 465 468 474 478 480 487 495 499 501 505 509 512 517 519 522 523 525 529 534 543 545 548 552 553 557 559 568 569 572 575 577 579 582 585 591 595 603 607 610 612 616 620 624 631 635 638 641 644 648 650 652 659 661 666 670 673 675 677 682 686 688 691 693 695 699 702 703 706 712 716 719 721 725 729 730 733 737 738 739 748 750 751 757 763 769 772 777 783 784 786 789 791 792 798 801 802 807 812 
243 254 255 293 301 303 305 310 314 317 320 325 332 340 345 348 349 353 368 372 375 381 382 385 394 396 402 408 414 417 420 423 431 435 439 443 451 454 459 460 463 467 469 476 482 484 489 498 503 506 508 511 516 521 523 524 527 531 532 536 545 547 550 554 557 561 563 571 573 575 578 580 582 583 586 594 597 604 610 614 616 620 622 627 634 636 641 642 645 649 652 653 661 664 669 673 676 677 681 685 689 691 694 695 696 703 704 706 708 713 717 720 725 727 730 732 735 741 742 743 749 751 753 758 767 772 776 780 786 788 790 792 796 800 801 802 805 808 816 
247 256 259 297 304 308 310 314 317 320 323 326 333 342 346 350 353 356 369 376 378 384 385 387 397 399 405 411 417 418 421 425 434 437 443 446 453 458 462 466 468 470 473 480 484 486 490 499 507 510 513 516 517 523 527 528 529 534 535 540 549 553 556 559 563 567 571 575 579 580 583 584 588 589 593 598 600 606 614 618 619 623 625 630 638 641 643 647 650 651 655 657 663 668 670 674 678 681 685 688 692 695 697 699 702 707 710 713 717 720 724 725 728 731 734 735 739 743 746 747 750 752 757 759 768 776 779 784 788 790 791 794 800 802 805 809 810 812 818 
248 260 262 298 305 311 312 317 319 322 325 327 335 344 348 353 354 360 370 378 379 387 391 394 401 404 408 415 419 421 424 427 438 439 447 451 456 462 466 470 473 477 480 482 488 489 492 500 508 511 515 518 519 526 528 530 534 537 539 541 550 554 560 563 565 570 572 579 580 583 587 591 595 597 599 602 605 608 617 622 623 626 628 633 642 645 646 649 654 657 661 665 669 672 674 676 682 683 686 689 693 698 701 705 709 710 713 715 718 724 725 728 730 734 736 739 740 745 747 751 752 754 759 762 771 778 782 788 790 794 798 799 803 805 808 812 816 818 820 
249 263 264 300 308 315 317 318 321 326 330 332 336 347 352 354 358 364 372 382 383 390 393 396 402 406 409 416 423 426 427 430 439 442 448 452 460 466 470 472 477 478 484 486 490 491 495 503 512 514 518 522 526 527 530 533 535 538 540 542 554 556 563 566 570 573 576 580 584 586 589 593 596 599 602 605 609 612 618 626 628 632 636 637 644 648 650 651 657 658 665 669 671 675 677 679 686 688 691 692 694 700 703 707 712 716 717 721 723 726 728 731 735 738 740 742 745 747 751 753 754 757 762 766 773 779 786 792 796 798 800 802 805 806 810 813 819 822 823 
253 267 268 301 310 319 323 325 326 328 334 337 339 351 355 357 359 366 374 384 386 393 396 398 406 408 412 418 425 429 432 434 440 445 449 455 461 470 473 475 479 483 485 488 492 494 498 505 513 516 522 526 527 529 532 536 538 541 544 547 558 562 567 570 571 575 577 584 588 589 593 597 598 600 604 608 613 615 620 628 632 636 637 638 645 651 654 658 661 665 668 673 674 676 679 681 687 689 695 699 703 704 707 710 714 719 721 724 727 728 731 734 737 741 743 747 750 754 755 758 760 762 765 770 775 781 788 795 799 801 805 806 809 812 815 817 823 827 831 
257 271 275 302 314 320 324 328 329 332 335 340 344 354 358 360 362 367 376 388 391 394 400 401 407 411 414 419 427 430 434 438 442 447 453 456 463 471 476 479 481 486 490 493 497 500 502 508 514 519 526 529 533 536 540 542 545 549 552 554 559 564 571 574 576 579 581 588 592 595 596 598 600 602 608 611 615 618 623 629 634 638 639 641 647 652 655 660 663 666 669 674 675 677 680 682 691 693 698 701 704 707 711 715 719 720 724 725 730 731 735 739 741 743 746 748 751 755 757 760 762 763 769 771 779 783 789 798 801 802 809 813 815 816 820 823 827 828 835 
261 273 278 303 318 321 325 329 330 334 339 343 346 355 361 365 368 372 379 389 393 398 401 405 411 415 417 422 431 432 437 441 443 449 455 457 466 472 477 481 485 488 494 498 500 502 505 511 516 520 529 530 537 540 544 548 551 553 555 556 561 567 575 576 577 582 583 591 594 596 600 604 608 611 613 614 617 621 626 632 637 641 643 647 648 654 657 662 667 670 673 675 676 680 682 685 693 694 701 703 706 709 713 719 720 721 727 728 733 736 739 742 745 746 747 750 755 759 760 764 768 769 773 777 783 786 790 802 806 810 813 817 818 821 823 826 830 833 837 
263 274 281 305 322 326 329 333 337 339 342 344 348 356 363 367 371 376 383 393 396 400 405 409 413 417 418 424 434 437 440 444 448 450 456 459 470 475 478 485 488 490 496 502 506 508 511 513 519 522 533 536 539 542 545 551 553 555 559 560 565 570 578 579 581 584 585 592 595 598 604 608 610 614 616 618 621 622 628 633 640 642 645 649 651 657 660 665 671 673 676 677 681 684 686 690 695 697 705 708 711 713 714 720 723 726 731 732 737 740 744 745 746 749 753 755 756 761 764 765 769 770 775 779 784 790 791 803 808 813 817 821 825 828 832 835 837 841 844 
267 276 284 306 323 329 333 337 339 343 345 346 350 358 364 368 372 379 384 395 397 401 407 410 417 418 421 428 438 439 442 446 450 454 457 462 471 478 482 486 489 493 500 504 510 512 514 516 520 523 537 540 543 544 547 554 558 561 564 567 570 573 581 584 588 591 592 596 598 602 605 609 613 615 618 621 622 623 631 635 641 645 647 651 654 658 661 668 674 676 677 680 684 688 689 692 697 699 707 712 714 717 719 722 726 730 734 738 742 743 746 748 752 753 756 759 760 763 765 766 772 774 776 780 788 791 794 806 809 817 820 822 827 832 836 838 842 843 847 
269 278 285 310 327 330 334 338 343 345 348 350 354 360 367 369 376 381 388 396 401 403 410 411 421 422 425 431 440 441 444 449 452 456 458 466 473 479 486 489 490 494 503 505 512 516 518 521 523 526 539 543 547 550 554 558 559 562 565 571 573 575 584 587 589 593 594 598 602 604 606 613 614 617 622 626 630 632 634 637 644 647 650 652 657 661 663 671 678 681 683 686 690 691 695 699 703 706 708 714 718 722 726 728 729 734 738 740 746 748 749 752 754 756 760 764 768 772 773 775 776 780 781 785 790 794 798 808 811 820 822 823 828 834 837 841 844 846 848 
273 281 289 313 328 331 335 342 344 349 351 354 357 361 368 371 377 383 391 399 405 406 413 415 425 428 431 434 444 447 451 455 456 457 462 469 475 480 489 490 493 497 507 509 514 518 520 523 524 528 541 547 551 555 556 562 563 566 569 573 574 579 586 588 593 596 597 601 605 608 610 614 617 618 626 628 634 636 639 641 647 651 653 657 659 663 665 672 682 685 688 691 695 698 702 705 709 710 713 715 722 723 729 731 734 737 741 742 749 752 754 755 757 760 763 766 769 774 777 780 784 787 789 793 796 797 800 812 813 824 826 830 834 837 841 842 848 852 856 
275 283 291 317 331 333 339 346 348 350 355 356 361 364 369 374 379 385 393 403 406 408 416 418 427 432 434 437 448 450 455 459 460 462 466 471 479 484 492 495 497 499 508 512 517 519 523 526 529 533 542 551 554 556 558 566 569 570 574 577 580 582 590 593 596 597 601 604 606 611 615 619 623 624 629 633 636 640 644 645 650 654 655 658 661 666 667 674 684 687 691 693 699 703 706 707 713 716 717 719 724 725 733 734 735 739 743 745 752 756 760 764 766 770 774 775 778 782 785 789 792 793 797 799 801 803 804 813 817 826 830 834 836 841 845 848 849 856 860 
279 286 292 319 335 336 341 349 352 354 357 359 364 367 372 375 382 387 395 406 407 411 419 420 431 433 437 439 450 454 456 462 466 467 471 474 483 485 494 497 498 502 511 514 521 524 526 530 531 536 544 553 557 558 559 569 572 573 576 578 583 584 593 597 600 604 607 608 609 613 618 622 624 626 631 637 639 642 645 648 654 657 659 661 664 667 669 678 687 691 695 698 701 707 709 712 716 717 718 721 726 728 737 741 743 746 749 751 754 758 763 768 769 772 775 777 782 784 787 791 793 796 801 803 804 806 808 816 821 828 834 838 840 844 847 852 855 858 864 
281 287 293 322 337 340 342 351 353 358 360 364 365 368 376 379 385 388 397 408 410 413 420 424 432 437 440 444 453 457 458 465 467 468 475 477 486 490 497 500 502 505 512 515 523 527 531 532 536 540 548 556 561 564 565 573 575 578 579 582 584 586 596 599 601 606 610 612 615 618 622 625 628 631 634 639 640 645 648 652 656 659 660 662 667 670 671 680 691 692 699 703 706 711 714 716 718 720 723 727 731 734 739 745 748 751 755 758 762 766 768 772 776 779 780 782 783 787 791 795 796 799 803 806 807 809 811 818 825 830 838 841 845 846 851 856 858 861 868 
284 290 294 324 338 343 345 352 357 362 366 370 372 375 377 382 387 391 400 410 414 415 424 426 435 441 443 445 457 461 463 469 471 473 477 480 490 493 501 502 505 506 515 519 526 530 532 534 539 544 550 559 562 566 567 575 578 579 581 584 586 590 599 601 603 610 613 615 619 622 624 626 632 634 635 640 641 646 649 653 660 663 667 669 671 675 679 681 693 695 700 704 709 713 718 721 724 725 728 732 736 739 743 749 751 752 759 760 766 770 771 774 780 782 784 787 789 793 797 800 801 804 806 808 809 810 812 822 829 832 841 842 847 848 855 857 859 862 869 
287 292 295 328 342 346 347 354 358 364 367 373 377 380 383 387 388 392 404 411 415 416 425 430 438 444 446 448 460 464 465 473 477 479 481 483 493 496 503 505 507 510 519 523 528 532 536 537 541 545 551 561 565 568 569 578 581 583 585 588 592 595 600 604 606 614 617 620 623 626 630 633 635 639 643 644 647 649 650 654 663 666 670 673 677 681 684 685 696 697 703 705 711 715 719 722 727 730 731 735 738 742 746 751 755 758 761 762 769 772 774 778 783 785 788 789 790 794 799 801 804 808 812 815 818 821 825 827 832 835 845 846 851 854 856 861 863 864 870 
289 296 300 331 346 349 352 356 362 367 368 376 381 383 387 389 391 395 408 412 416 417 428 434 439 447 451 453 463 468 472 476 479 481 482 485 494 499 507 510 511 514 523 526 532 536 538 539 542 547 554 563 568 570 572 582 584 587 588 592 596 597 601 608 612 616 618 621 627 628 634 638 642 645 646 650 654 656 658 662 665 667 671 676 680 684 686 689 698 700 707 709 713 719 721 725 729 734 737 739 740 745 749 752 756 761 763 767 771 773 776 781 787 791 792 796 800 803 805 807 811 812 814 819 823 824 826 829 834 836 849 850 854 858 859 864 865 867 871 
290 297 303 332 349 350 354 360 364 371 374 377 384 386 390 393 395 398 412 415 418 422 431 436 440 448 455 458 465 471 473 477 482 484 488 491 495 503 509 514 515 518 524 527 536 539 543 547 549 550 556 566 570 574 578 586 589 591 595 599 602 606 608 610 614 617 621 624 630 634 637 639 645 647 649 654 657 661 663 664 667 669 673 677 683 686 688 690 699 702 710 713 717 720 722 729 730 736 739 741 744 746 753 756 758 763 767 769 772 777 780 783 788 793 795 800 801 806 808 809 814 816 819 821 826 827 829 832 836 839 851 853 857 862 863 868 871 874 877 
293 300 304 336 351 355 358 363 368 372 378 381 387 391 393 394 397 402 416 418 421 423 435 438 442 450 458 461 468 473 476 479 486 487 492 496 499 505 512 517 519 520 527 531 540 544 548 551 552 553 559 567 573 577 580 587 592 595 598 603 606 607 609 614 617 618 622 625 631 637 641 645 646 649 652 655 660 664 665 666 668 673 674 679 686 687 692 694 700 703 711 715 719 724 727 733 735 738 740 744 747 749 757 760 764 766 769 771 774 778 783 785 791 796 799 802 803 809 810 813 817 818 822 824 828 829 831 836 838 843 852 854 859 863 867 869 873 878 879 
297 303 306 337 353 356 359 364 371 374 382 383 389 393 394 398 402 406 419 423 426 427 439 440 444 453 461 465 472 474 479 481 487 489 493 498 502 508 514 521 522 524 530 535 543 547 550 554 557 559 562 571 576 578 581 591 596 600 601 606 610 614 617 618 622 626 629 632 636 638 644 646 648 650 654 658 663 665 668 670 674 678 682 683 688 690 693 698 704 708 713 719 721 725 731 735 737 740 741 748 752 755 761 765 766 767 770 775 779 782 787 789 793 797 803 807 809 812 814 815 818 821 824 828 829 830 834 837 839 844 854 858 860 865 868 873 875 881 882 
301 305 308 340 354 358 361 366 374 376 383 387 391 396 399 401 405 409 420 427 431 433 442 446 447 454 464 466 475 479 481 483 488 491 494 501 505 512 516 523 525 526 533 539 546 549 554 558 560 564 565 573 580 581 583 592 597 602 604 607 614 615 620 622 625 629 633 636 638 642 646 649 651 653 656 662 666 668 670 672 678 681 685 686 690 691 695 701 706 710 716 720 723 728 735 737 740 742 744 752 754 758 764 769 772 774 775 776 780 784 789 791 796 799 806 809 810 814 817 819 821 824 828 832 836 839 841 845 848 851 858 860 861 868 870 874 877 885 889 
303 306 311 342 356 361 365 369 375 378 387 391 393 398 400 404 408 412 421 428 433 434 446 450 454 458 466 470 479 481 482 487 490 493 496 503 506 515 518 525 529 532 535 543 550 554 558 562 564 566 569 576 582 586 589 593 601 606 608 610 615 616 623 625 629 631 635 639 643 647 649 652 654 658 660 666 668 670 672 674 682 686 689 693 694 697 700 703 708 712 720 722 725 729 736 740 744 745 749 756 757 761 766 772 775 778 779 781 782 788 792 795 797 803 810 814 815 816 819 820 822 826 829 835 840 843 846 849 851 855 859 864 866 871 875 877 880 889 891 
305 307 313 345 360 362 366 373 378 382 389 395 399 401 405 406 411 414 425 430 435 438 449 454 457 462 469 472 482 484 486 489 493 497 500 506 508 517 520 527 531 535 539 545 551 557 561 566 568 571 575 578 584 588 591 594 602 608 611 615 619 620 624 627 631 633 638 640 646 649 651 654 655 660 664 670 673 675 676 679 683 690 693 695 698 702 703 706 710 715 724 726 730 731 739 741 748 749 753 760 763 765 770 775 777 781 782 784 785 789 793 798 802 807 813 817 818 820 822 825 829 832 833 838 843 845 848 853 857 858 861 868 870 872 878 882 884 892 893 
306 308 317 348 362 365 368 377 379 384 392 397 401 402 408 412 414 416 426 434 439 442 453 458 461 464 471 475 486 488 491 494 497 499 503 508 510 519 523 528 535 536 542 549 552 561 562 570 573 575 579 581 588 591 593 598 604 610 612 619 622 625 628 629 634 637 640 641 647 652 656 659 660 664 666 671 674 679 681 683 686 694 695 697 702 703 705 710 711 718 726 729 731 735 742 743 752 755 756 764 767 770 774 779 782 783 787 788 792 795 797 800 804 810 817 818 820 822 826 829 833 837 840 844 847 848 851 857 859 861 865 871 872 873 879 883 888 896 899 
308 310 320 350 366 367 372 378 383 387 394 401 405 407 409 416 420 423 428 438 442 443 456 460 462 468 474 477 488 491 495 499 502 506 508 512 513 520 526 532 539 542 546 551 556 565 567 571 576 580 582 583 592 594 595 602 605 614 615 621 625 628 630 632 637 640 642 643 650 655 657 661 662 667 670 672 678 680 684 686 690 697 700 704 707 711 714 715 718 721 728 733 735 738 744 745 754 758 762 765 770 771 778 780 783 784 790 792 794 798 799 801 806 812 818 821 822 826 828 831 834 841 845 849 852 854 858 861 863 866 868 873 874 878 883 885 890 897 902 
309 312 323 351 367 368 374 379 385 391 395 405 408 412 413 420 424 425 432 441 444 448 459 464 467 470 478 480 491 492 497 501 504 510 514 517 519 523 528 535 543 547 550 555 558 568 569 573 580 582 585 588 594 597 600 604 608 615 616 624 628 632 633 634 639 644 647 651 653 659 663 665 666 669 671 673 682 684 686 690 694 701 702 708 710 714 717 719 722 725 732 735 738 741 747 748 758 759 766 769 774 776 781 785 786 788 794 795 797 802 805 807 808 815 820 825 827 828 832 833 835 844 848 853 855 859 862 863 864 869 873 875 878 882 885 888 893 900 904 
312 315 324 352 370 373 377 381 387 394 398 406 411 416 417 424 425 427 434 443 447 451 463 467 470 474 480 484 493 497 499 502 507 511 515 519 522 527 531 538 546 549 552 557 561 569 572 576 582 583 589 592 598 602 606 610 611 619 621 625 631 635 638 642 643 647 650 655 659 661 667 671 675 679 680 682 685 687 688 694 695 704 706 709 713 717 721 722 726 728 736 738 742 744 750 753 760 762 770 771 778 779 782 789 792 796 797 800 801 805 807 811 815 819 824 828 829 832 836 837 841 848 849 855 859 860 863 867 870 871 877 878 882 883 889 893 894 904 907 
316 319 327 354 371 377 381 383 390 395 402 410 414 419 421 425 427 430 437 447 450 455 465 468 473 475 481 486 496 498 502 505 508 512 519 522 524 530 532 541 549 550 553 559 564 573 577 581 586 587 590 596 602 604 609 613 616 621 623 628 635 637 642 646 650 651 652 656 663 665 670 672 678 680 683 686 690 693 697 699 700 708 709 712 716 721 723 724 729 733 739 742 743 745 753 757 763 767 772 774 782 786 790 793 795 800 804 806 808 810 814 815 816 823 825 831 833 837 841 844 847 851 854 857 861 864 867 869 872 875 880 883 885 889 892 897 899 908 911 
319 323 328 356 372 379 383 387 391 396 406 411 415 420 422 428 430 433 439 450 452 457 466 472 476 478 485 488 497 499 503 508 511 515 521 524 526 531 536 543 552 554 555 560 565 577 580 583 590 592 593 599 603 607 611 615 619 623 627 631 638 639 643 648 653 656 659 663 667 668 671 674 680 684 686 688 692 695 699 703 707 711 713 715 720 724 727 730 732 737 740 744 748 752 756 758 765 768 774 778 785 789 793 794 797 803 807 810 812 815 816 820 822 824 827 832 837 840 845 846 849 852 857 860 862 865 871 872 874 879 884 888 890 893 895 898 902 910 915 
321 327 329 358 375 380 384 388 395 400 409 414 416 423 427 432 435 438 442 453 455 460 468 475 479 483 486 492 500 503 507 511 512 516 525 526 529 532 540 547 554 555 559 563 566 579 581 585 593 594 597 602 604 610 615 616 623 624 628 635 641 644 647 649 655 657 662 667 670 673 674 675 681 687 689 693 694 697 700 705 711 714 715 716 724 725 731 734 738 741 742 745 750 753 757 760 767 772 776 782 788 793 795 797 801 804 810 811 815 818 821 822 825 827 830 833 841 842 847 851 854 858 860 861 864 866 872 874 875 882 887 892 895 897 899 903 905 914 919 
324 330 332 359 376 384 385 391 398 404 410 416 419 425 428 433 437 441 443 456 460 461 469 478 481 487 490 493 502 507 508 512 514 517 526 527 530 535 544 549 556 559 560 566 570 580 584 587 594 598 601 606 609 611 617 621 625 626 631 638 642 647 648 650 657 660 666 668 674 675 679 680 683 688 693 697 698 701 704 707 715 718 721 723 725 728 732 737 742 743 744 749 753 756 759 761 771 776 779 784 791 797 800 802 806 808 812 813 817 820 824 825 826 829 832 836 843 845 850 854 857 860 863 864 866 868 874 878 881 886 889 896 898 899 903 907 909 917 920 
326 332 335 363 380 385 389 392 400 408 413 418 420 427 431 436 441 442 446 460 462 463 472 480 483 489 493 495 505 508 512 515 516 520 529 531 532 539 546 551 559 560 561 568 572 581 586 588 595 601 604 607 612 614 619 623 626 628 632 642 645 649 651 653 659 664 668 669 678 681 682 684 686 690 697 701 705 706 710 713 718 721 725 728 731 733 736 738 744 745 746 752 754 758 762 766 773 780 783 785 795 799 804 807 811 814 815 816 821 823 825 828 829 832 833 838 845 846 853 858 859 862 864 865 869 873 877 880 883 887 892 897 900 904 905 910 914 919 922 
329 333 339 365 382 388 390 395 404 411 415 420 424 430 434 438 444 447 449 463 465 468 476 483 485 491 494 498 507 512 513 517 518 523 531 532 535 540 549 555 561 565 568 569 573 584 587 590 596 605 606 610 613 618 622 624 627 632 633 646 647 652 656 659 660 667 671 673 682 685 687 688 690 693 698 705 706 708 714 716 720 723 729 731 734 735 738 739 746 749 750 756 760 764 765 770 775 784 787 788 799 802 806 809 813 818 820 824 828 832 833 834 837 840 842 844 847 850 857 860 862 863 867 869 872 874 881 882 884 889 895 900 901 907 909 914 915 920 926 
331 336 343 369 386 392 395 399 406 415 418 424 427 431 435 440 446 449 450 464 469 471 477 484 487 493 498 501 510 516 518 522 524 528 533 536 540 541 552 558 562 567 572 574 575 587 589 591 599 608 610 612 616 621 625 626 631 636 637 648 650 653 657 663 665 668 674 677 686 687 688 689 693 696 702 707 708 709 716 717 722 724 731 733 735 737 741 743 750 751 755 757 763 767 768 774 777 788 789 791 802 806 808 810 815 821 824 825 829 835 839 842 845 847 848 850 851 854 858 864 868 872 874 878 879 882 886 888 890 892 899 904 905 909 911 916 919 922 927 
334 337 344 370 389 396 400 403 409 419 421 425 428 435 438 443 447 450 451 466 473 476 479 488 491 496 502 506 513 518 522 525 527 531 537 538 543 544 556 559 563 570 573 576 580 590 592 594 600 611 615 618 620 624 627 630 632 640 641 650 654 656 660 665 668 671 678 679 687 690 693 694 697 698 705 710 712 713 717 720 725 729 732 736 738 740 743 746 751 753 759 760 764 770 771 778 781 790 793 795 804 808 810 814 816 824 828 829 830 837 842 843 847 850 854 855 859 860 862 868 871 873 876 879 881 883 888 889 893 897 902 905 908 913 915 917 921 924 930 
337 340 345 373 392 397 402 407 412 420 423 429 431 436 442 447 448 452 455 469 477 481 483 491 492 500 504 509 514 522 525 529 530 534 539 543 545 549 560 562 565 573 576 580 583 592 594 597 602 613 617 620 624 625 629 634 637 641 644 653 657 659 663 666 670 672 681 684 690 694 695 698 700 701 706 713 717 720 724 725 727 732 735 740 741 744 746 750 753 755 760 763 767 773 774 780 784 794 798 801 807 811 814 818 819 827 831 834 837 840 845 848 851 854 856 858 861 862 863 869 872 877 880 882 885 886 891 892 897 899 903 909 912 914 916 919 925 926 931 
341 343 346 374 393 400 405 410 413 421 425 432 436 437 443 451 453 457 458 470 478 482 485 495 498 504 505 510 517 526 527 532 533 538 543 546 548 553 563 567 568 576 578 584 587 594 597 598 606 614 621 624 627 629 632 638 640 644 646 655 660 662 666 670 673 674 684 687 692 697 698 701 704 705 709 716 721 724 726 729 733 737 739 741 743 748 751 754 756 758 762 764 769 775 778 781 785 795 801 803 808 814 818 819 820 831 832 837 838 843 849 850 854 857 860 861 865 869 870 872 876 880 883 885 886 889 893 896 900 902 907 911 914 915 919 920 928 929 932 
345 348 350 377 394 404 407 414 415 424 429 434 439 443 446 453 454 460 464 474 482 484 487 499 501 506 507 514 521 529 533 537 538 539 545 547 550 555 566 569 572 580 584 588 589 598 599 601 608 617 625 626 628 631 634 642 646 650 654 658 661 664 669 672 676 678 686 688 696 699 700 704 707 708 710 720 722 728 731 735 736 741 745 746 748 752 756 757 759 760 763 767 771 776 782 785 789 797 804 807 809 818 820 823 826 834 838 842 844 845 851 852 858 859 863 864 869 870 871 874 880 882 887 888 890 891 896 897 902 903 910 913 918 920 923 926 932 935 939 
