5 7 8 11 14 16 18 20 22 25 26 30 31 35 39 42 45 48 49 53 55 56 58 61 64 67 70 73 74 75 79 80 82 85 88 90 91 93 95 97 100 101 102 104 106 109 110 113 117 121 124 128 132 133 137 138 141 143 145 146 147 149 152 154 155 156 157 158 159 160 162 164 165 168 171 172 173 176 179 180 183 185 187 189 191 195 197 199 202 206 208 211 215 219 223 225 227 231 235 237 240 244 247 250 253 257 259 262 265 269 273 276 279 281 282 
7 11 15 18 19 22 23 24 25 27 30 31 32 39 41 44 47 49 50 55 58 60 64 65 69 72 73 75 77 81 83 84 88 92 94 97 100 101 103 104 105 109 111 112 116 119 120 124 126 129 133 136 140 142 145 147 151 154 157 161 163 165 168 170 173 174 178 182 185 186 189 193 196 197 199 200 203 206 208 212 214 218 222 226 229 230 232 235 237 238 240 244 245 246 250 254 255 258 261 264 265 267 270 274 275 277 280 283 287 290 291 295 298 301 303 
8 15 19 21 25 27 29 31 35 39 43 46 50 54 55 58 61 65 68 71 72 75 77 80 82 83 85 88 89 91 92 95 97 98 100 103 107 111 115 118 120 121 125 128 129 130 131 135 137 140 143 146 147 150 151 152 154 158 159 165 168 169 170 172 177 178 179 183 188 190 194 197 198 200 202 205 206 210 211 214 216 221 225 230 233 236 239 240 243 246 250 252 255 258 260 264 267 271 274 278 282 285 289 291 292 295 296 300 302 305 307 310 312 316 317 
9 16 22 26 29 30 32 36 40 42 44 49 54 57 61 62 66 68 69 75 79 82 84 87 90 93 94 97 100 104 106 110 113 115 119 123 126 127 129 130 132 134 136 140 142 143 146 150 153 156 157 160 162 166 167 168 171 173 176 178 181 185 187 189 190 192 196 198 202 204 208 211 214 218 219 222 226 227 231 232 236 238 240 243 246 248 249 251 253 254 257 258 261 264 268 269 272 275 277 279 284 287 292 296 297 298 301 303 305 306 309 311 316 320 323 
10 20 26 27 31 33 36 37 41 46 47 51 57 58 64 67 69 73 75 79 83 86 88 92 93 94 98 102 105 106 109 111 114 119 123 125 128 132 133 136 140 144 147 148 152 156 159 161 162 163 166 167 170 172 176 178 179 181 184 185 188 190 191 194 195 198 200 203 204 207 209 212 217 220 222 226 228 232 235 236 240 244 246 249 252 255 256 258 259 262 264 267 268 269 272 275 277 278 282 283 288 290 293 298 301 302 305 307 309 312 313 317 321 322 327 
13 23 29 32 35 36 38 40 43 50 51 53 59 63 66 69 71 75 77 81 87 89 91 93 94 98 100 106 109 111 113 114 116 123 126 129 130 133 136 140 143 148 152 155 156 160 161 164 166 170 174 175 176 179 180 183 184 185 187 190 192 196 199 202 205 207 211 213 214 217 219 220 224 227 230 231 233 235 238 242 246 249 251 254 255 256 260 264 265 266 268 271 275 276 279 280 283 287 290 292 296 299 302 305 309 313 317 320 323 325 326 327 330 331 334 
14 25 33 37 41 42 46 50 53 57 59 60 61 66 70 74 76 80 83 85 88 91 95 99 102 105 107 111 113 116 120 122 125 127 130 132 136 138 140 142 144 152 156 158 159 161 163 166 169 172 177 181 185 186 188 190 194 195 198 202 204 208 212 216 219 220 221 223 227 230 232 235 238 242 244 246 248 251 253 256 259 262 266 269 273 275 277 281 285 287 291 294 295 299 301 305 309 311 313 314 316 318 321 325 326 329 330 332 334 335 338 341 342 344 348 
18 29 36 41 42 45 48 54 57 61 64 65 68 72 74 75 77 84 88 89 93 94 98 102 106 107 109 115 116 117 124 125 128 132 135 139 143 147 149 153 154 155 160 164 165 169 170 174 177 180 183 184 186 190 193 196 197 200 202 205 207 211 213 219 222 225 228 232 233 236 237 238 242 246 250 252 256 260 263 266 270 273 276 279 280 282 286 287 288 290 294 295 299 301 304 308 311 315 316 317 320 322 325 327 331 335 337 340 342 343 345 347 351 353 355 
22 30 40 42 44 46 52 56 60 63 66 70 71 73 78 79 80 87 89 93 94 97 100 103 108 109 113 116 118 121 126 128 131 133 138 141 144 150 152 154 158 159 163 165 169 172 174 178 179 183 187 191 193 197 199 203 207 209 211 214 218 219 223 224 228 230 233 235 239 240 244 245 247 248 254 255 258 262 264 270 274 277 280 281 283 284 289 293 297 300 303 304 306 307 308 312 314 317 319 322 323 327 329 332 334 337 339 342 343 345 349 353 354 355 358 
24 32 42 44 47 50 53 59 61 67 71 72 74 76 80 84 87 90 91 95 98 102 105 108 112 113 116 117 122 124 128 130 135 136 139 145 147 153 154 157 161 165 167 171 175 176 178 180 183 184 189 193 197 201 204 206 211 214 217 220 224 226 229 230 231 235 238 239 243 247 249 252 253 257 259 261 264 265 269 274 276 278 282 283 287 288 292 294 301 305 306 307 310 314 318 322 326 327 328 329 331 335 336 340 343 347 348 352 353 355 356 360 363 365 367 
27 33 45 48 49 52 54 60 65 68 72 75 79 80 83 85 90 93 94 97 101 105 107 112 115 117 118 122 123 125 131 135 139 141 144 147 148 156 159 163 167 169 170 175 176 177 182 183 184 185 191 194 201 204 206 207 213 218 221 223 227 230 233 236 239 242 243 244 247 249 251 254 255 261 264 266 269 272 273 277 280 281 286 288 291 292 293 296 303 308 311 312 316 319 320 326 329 332 335 339 340 341 344 345 348 351 353 354 355 359 361 364 365 368 369 
29 36 48 52 56 57 59 63 67 70 75 78 81 85 89 91 95 96 98 100 102 108 110 115 119 121 122 126 127 129 134 139 140 143 145 151 153 160 163 165 171 172 174 178 182 186 190 192 194 195 196 198 202 205 210 213 214 219 222 224 231 232 235 238 242 244 245 246 250 254 258 259 263 264 265 270 274 278 279 280 282 286 287 292 295 298 302 304 305 312 315 317 320 324 326 327 332 334 339 340 343 344 345 346 352 353 356 358 362 365 366 367 369 370 373 
30 40 50 53 60 63 65 67 69 73 77 79 83 89 90 95 98 99 101 105 106 109 114 118 122 123 127 129 130 132 137 142 146 147 149 154 156 164 166 169 172 173 177 181 185 188 194 198 202 204 206 208 211 214 215 219 220 224 225 226 233 235 237 241 245 249 250 254 257 261 265 268 269 272 274 275 276 279 283 286 289 291 293 294 298 301 304 306 308 313 317 319 322 326 329 332 333 335 340 343 347 351 352 354 358 359 362 366 369 371 373 375 378 381 382 
33 41 52 56 61 64 67 69 71 74 78 83 84 93 96 99 100 104 107 109 112 114 117 121 126 130 134 138 141 143 144 145 148 151 153 155 160 165 169 170 174 175 179 185 189 193 196 200 205 207 209 213 214 216 218 220 222 227 230 233 234 238 242 244 248 253 255 258 260 263 267 269 272 274 275 277 279 280 286 288 292 293 297 301 304 308 309 311 312 314 318 320 324 330 332 333 336 340 343 345 350 355 359 360 361 362 366 368 373 376 378 380 382 386 389 
37 45 54 59 62 65 68 73 74 75 81 86 89 96 97 103 107 108 109 111 114 116 119 123 130 134 138 139 142 145 148 152 153 156 158 161 162 167 170 174 176 178 180 186 192 197 200 201 207 208 210 216 219 221 222 226 228 231 235 239 240 242 244 248 249 256 258 262 264 266 268 271 273 278 280 284 286 289 291 293 294 295 299 302 305 312 316 318 320 321 323 326 330 334 335 338 339 342 346 350 353 356 362 365 369 371 375 378 379 381 382 386 389 390 391 
41 46 55 61 64 66 70 76 77 78 85 89 90 99 101 106 111 114 118 119 122 126 128 131 132 137 141 142 145 149 152 155 159 162 164 165 166 171 174 178 180 183 186 187 196 201 205 207 210 211 215 218 220 222 225 229 232 236 240 244 246 247 251 253 256 260 263 264 268 269 272 275 276 281 285 286 290 293 295 297 301 303 307 308 312 316 318 320 324 325 326 329 333 336 337 341 345 349 350 353 354 358 366 370 373 374 378 381 385 387 390 394 395 399 401 
43 47 56 64 68 70 71 80 83 85 87 92 94 101 105 110 112 118 122 123 127 131 132 136 138 142 144 148 152 154 155 156 160 166 167 168 172 175 178 180 183 187 190 194 199 203 209 213 214 216 219 220 223 227 230 234 235 240 242 245 248 252 254 257 260 263 265 266 269 271 273 276 280 283 288 291 294 297 301 304 308 311 312 313 315 320 322 323 327 328 332 335 336 338 339 343 349 352 354 355 357 361 368 373 374 377 382 384 386 389 393 397 400 402 405 
46 49 58 67 70 74 75 82 87 88 92 95 97 102 108 114 117 122 123 126 131 134 136 138 140 145 149 151 156 159 161 162 164 169 173 174 177 178 180 182 184 190 191 195 201 205 212 216 217 219 223 225 226 230 234 237 238 244 246 250 252 255 259 260 261 267 271 274 277 278 282 284 287 290 293 294 297 298 305 308 310 312 313 316 317 324 325 329 330 331 336 339 342 345 349 352 355 358 362 366 369 372 375 379 382 386 387 389 391 393 395 399 403 407 408 
49 52 62 69 73 76 77 84 91 94 96 99 103 105 109 115 119 125 126 129 132 136 140 142 145 147 153 154 159 162 165 168 169 171 174 176 180 183 185 187 188 191 194 198 202 207 213 219 223 225 228 230 232 233 238 239 241 247 250 251 255 257 261 263 265 268 272 275 279 282 285 287 289 291 296 297 301 305 308 312 313 317 321 325 329 330 333 337 338 339 342 343 345 348 353 354 359 362 366 369 371 373 378 383 386 389 392 396 400 402 403 404 408 412 415 
53 56 66 70 77 78 81 86 92 96 98 103 107 110 113 118 120 127 129 133 134 139 143 144 149 151 154 155 160 166 167 169 172 175 176 179 181 187 190 194 196 197 200 201 205 211 216 221 226 230 234 235 239 243 246 249 253 254 256 260 264 268 269 273 277 279 282 286 289 292 294 295 296 297 300 302 306 308 310 314 318 319 323 329 333 336 337 339 342 344 345 348 352 355 357 358 363 365 369 370 372 375 382 387 388 393 394 398 402 403 407 409 411 416 417 
55 57 69 74 80 84 87 89 95 100 102 104 109 112 116 120 124 130 133 136 139 143 145 149 151 155 156 159 162 170 171 172 175 178 182 183 185 190 193 195 199 201 204 207 208 213 219 223 230 232 235 238 240 244 247 252 256 259 260 262 266 270 273 274 281 283 284 289 290 296 300 303 305 309 311 314 315 317 319 322 326 327 329 331 337 338 341 344 348 352 353 356 358 360 361 365 366 368 372 373 376 380 384 389 392 395 396 402 406 409 411 415 417 420 423 
59 61 73 75 82 85 90 94 98 103 107 109 112 116 119 123 125 133 136 139 142 145 147 152 156 158 162 165 167 174 175 176 179 183 186 187 189 193 194 198 201 205 206 209 210 215 220 224 232 233 239 242 244 246 251 254 260 262 266 268 271 275 276 278 285 286 289 292 296 297 303 307 311 314 317 318 319 320 322 324 330 334 336 337 341 344 345 348 350 356 357 360 362 363 367 369 373 377 380 384 385 388 392 396 398 399 400 403 409 413 417 421 422 424 425 
62 64 77 81 84 87 91 98 102 104 110 114 117 119 122 127 128 134 138 143 147 148 150 154 160 161 165 168 171 175 179 183 184 186 188 189 191 195 199 203 205 209 213 217 220 222 224 228 234 238 243 244 245 248 255 258 261 265 267 270 275 279 281 282 286 290 292 293 297 298 307 310 312 315 321 325 326 327 328 332 333 336 337 341 344 347 350 352 354 360 361 363 365 366 368 372 377 380 383 385 388 391 396 398 399 403 406 408 410 416 420 425 426 430 433 
65 67 79 84 88 90 93 101 103 108 111 117 119 123 126 128 130 138 141 147 151 155 158 160 162 166 170 171 172 177 183 184 186 190 192 195 199 201 203 205 207 212 214 218 221 226 227 231 235 241 245 248 251 252 258 259 264 269 270 273 278 280 284 286 290 293 294 298 299 300 308 311 313 319 322 327 330 333 337 340 344 346 349 353 354 358 361 363 367 370 372 374 377 380 381 384 386 387 391 395 399 401 402 403 404 407 408 411 414 419 423 429 432 433 434 
66 70 81 87 90 93 95 102 106 109 113 120 122 126 130 131 133 142 145 151 153 159 162 163 164 168 171 172 176 181 185 187 188 192 194 197 201 202 204 207 210 213 217 220 223 230 233 237 240 245 246 251 252 255 260 261 266 273 277 279 283 287 288 291 292 295 299 302 304 306 310 315 318 321 323 331 335 338 340 341 346 347 351 354 356 361 364 368 370 374 376 379 383 385 389 393 396 398 402 404 405 409 411 413 415 419 420 421 423 426 428 433 434 437 439 
68 71 82 89 94 95 97 104 107 111 116 121 126 130 131 132 136 146 147 155 159 160 163 167 169 172 176 179 183 185 189 193 196 198 200 204 205 208 210 211 214 217 221 225 227 231 235 241 244 247 251 253 256 260 264 266 269 274 278 281 285 290 294 295 299 302 304 307 309 310 314 319 320 323 324 333 336 341 344 348 351 355 356 360 363 364 365 371 373 377 380 384 386 389 393 396 398 401 406 407 408 413 416 418 422 425 426 428 429 431 432 435 437 439 442 
69 73 84 90 98 101 102 105 110 115 118 123 127 132 135 139 142 148 150 157 160 162 167 169 172 173 179 181 187 190 192 195 199 203 206 208 211 213 217 220 221 224 225 229 231 234 239 243 246 251 254 257 261 262 267 269 272 276 279 285 286 292 297 300 303 304 305 310 311 313 316 322 326 328 329 337 341 342 345 352 355 356 358 362 365 369 371 374 375 380 381 388 391 393 396 400 403 405 408 409 410 417 418 421 423 427 430 434 437 439 443 446 450 453 456 
71 77 88 94 102 104 105 108 111 117 119 125 129 134 136 141 144 150 154 158 162 164 171 174 178 181 183 187 188 192 193 196 203 207 210 213 217 218 219 221 222 228 231 234 235 236 240 246 250 253 258 260 262 264 270 272 275 280 281 288 291 296 301 304 305 306 307 313 316 318 319 324 329 332 334 340 344 348 352 353 358 362 363 365 367 370 374 377 379 381 384 390 392 397 398 403 406 410 411 412 416 420 423 427 430 432 433 435 441 444 447 448 451 456 457 
72 80 92 97 104 106 110 114 117 121 123 129 130 138 142 145 149 153 158 160 163 166 175 176 180 184 187 190 193 197 198 201 205 210 213 214 218 220 224 227 228 230 234 237 241 244 245 248 251 256 262 264 268 272 273 274 278 283 286 291 294 299 303 305 308 309 313 316 319 321 324 328 332 333 337 341 348 350 356 360 364 367 368 371 372 373 376 379 382 385 389 392 394 401 405 408 410 413 415 417 421 424 428 432 434 437 439 442 445 446 450 454 458 459 463 
76 82 96 98 105 108 113 117 120 125 129 130 132 140 146 147 153 154 160 164 166 168 179 182 183 188 190 194 197 201 203 206 207 211 214 217 219 222 225 231 232 233 235 241 244 245 247 252 256 257 263 268 269 273 274 276 282 285 289 294 295 301 304 308 309 311 315 320 324 328 330 334 338 340 342 346 352 356 358 363 368 369 372 374 376 378 382 383 385 387 392 393 396 402 407 411 414 416 419 422 423 425 429 434 437 441 444 447 450 451 454 455 461 462 467 
77 84 97 100 109 113 117 121 125 126 133 137 141 143 150 154 158 160 162 166 167 171 183 184 188 190 194 197 201 202 207 209 212 213 216 220 224 226 230 234 238 240 243 247 249 252 254 257 259 261 267 271 274 275 276 279 283 288 291 298 301 302 305 311 314 318 321 323 327 332 335 338 341 343 346 348 355 358 361 365 369 372 376 380 382 383 387 389 393 395 399 400 402 404 410 414 416 417 421 425 428 431 432 435 439 444 445 450 454 455 457 460 464 467 471 
81 88 100 102 111 115 121 125 126 129 136 139 144 148 151 158 160 163 165 170 173 175 184 185 189 193 196 201 203 205 210 212 213 215 218 223 228 230 232 236 239 244 247 250 253 256 257 259 263 267 268 274 276 278 282 284 285 291 295 301 302 305 307 312 315 321 324 327 328 335 338 342 343 346 350 354 358 360 364 366 373 376 378 382 384 386 388 392 394 397 403 404 408 409 413 416 420 422 424 427 429 432 433 437 443 448 450 451 457 461 465 468 470 474 476 
82 91 102 104 115 116 124 129 133 136 140 143 148 152 156 159 162 164 167 174 177 180 187 190 192 195 198 205 206 209 213 217 220 223 225 227 232 235 237 240 242 248 249 253 256 259 261 265 269 271 275 276 280 283 285 288 292 295 298 305 308 311 315 319 320 323 326 331 332 337 341 344 345 350 353 355 359 361 365 369 377 380 381 383 388 391 395 399 400 404 405 406 410 411 416 420 422 424 428 431 433 435 438 441 445 449 454 455 459 464 468 469 472 476 478 
83 93 105 109 117 121 126 132 136 137 143 147 149 153 159 161 163 166 169 175 180 183 189 191 196 200 204 208 212 213 217 221 223 225 228 231 234 237 238 242 244 250 254 258 262 263 265 266 271 275 276 278 281 287 291 295 298 300 303 307 309 314 317 322 324 325 327 333 334 339 342 348 351 354 357 358 362 364 369 370 381 385 388 389 393 395 397 403 406 409 410 412 414 417 420 423 426 427 431 434 437 439 440 442 448 451 457 459 463 468 471 474 475 480 482 
85 97 107 110 119 123 130 135 137 141 146 149 151 156 163 165 167 170 171 178 183 186 192 195 199 204 206 209 216 219 221 222 227 229 231 234 237 241 242 244 245 253 256 259 263 264 267 269 275 277 279 283 287 289 295 296 299 304 305 308 312 318 322 323 327 328 330 336 340 342 344 351 354 355 358 359 363 365 372 374 382 386 390 391 395 397 400 406 409 413 414 415 417 420 424 425 428 430 432 437 438 441 442 443 451 454 460 461 465 471 474 477 481 483 486 
87 100 111 113 121 127 133 137 141 142 150 152 156 159 164 167 170 171 175 179 187 190 195 198 201 208 210 211 219 222 224 227 229 232 233 238 240 243 244 248 251 255 258 263 267 268 269 270 279 283 285 289 290 294 298 300 304 306 309 311 316 320 324 326 330 332 334 339 342 346 348 355 357 358 360 361 365 369 374 378 384 388 392 396 399 402 406 409 412 415 416 418 420 422 427 429 433 434 435 438 439 443 446 448 452 458 464 467 468 473 475 480 484 488 489 
90 102 113 115 125 129 136 140 145 147 151 153 159 162 167 170 173 174 178 181 190 191 199 203 206 211 213 216 221 223 227 230 231 236 239 243 247 251 255 258 260 261 265 268 270 272 274 278 281 286 289 293 296 298 301 302 307 309 312 314 319 321 325 330 331 334 337 341 345 350 353 356 360 362 366 367 369 373 375 382 387 392 395 398 400 404 408 410 416 418 421 424 427 428 431 433 434 438 442 444 445 447 448 451 454 459 466 469 470 475 476 482 485 491 493 
91 106 117 121 128 132 139 143 146 148 152 157 160 163 168 171 176 180 184 188 191 193 202 207 210 213 214 220 223 226 229 231 232 240 242 245 251 253 256 262 266 267 271 273 277 280 284 286 290 292 293 295 298 300 302 305 310 312 315 316 322 324 329 332 335 339 341 344 349 351 356 358 362 364 370 372 373 377 378 386 389 393 398 400 403 406 412 415 418 421 423 428 430 431 435 436 437 439 446 447 449 451 452 456 460 464 467 471 473 478 479 484 488 494 497 
95 110 121 123 129 134 140 144 149 152 154 158 164 168 169 173 180 181 186 190 195 199 206 210 212 215 216 222 225 228 232 236 237 243 244 247 253 255 257 265 268 269 272 275 279 282 287 289 292 293 295 296 299 301 304 309 314 315 318 322 323 327 331 335 336 340 343 347 352 353 358 362 365 366 373 375 379 381 383 390 392 394 400 404 406 410 416 418 422 426 429 433 437 438 439 441 444 446 450 454 455 459 461 462 466 467 470 473 474 481 484 485 492 497 501 
98 111 123 126 133 135 142 147 150 155 158 160 167 171 175 178 184 186 189 191 197 202 210 212 216 220 222 225 228 231 236 238 241 244 245 251 257 260 262 266 272 275 276 277 280 286 290 293 297 301 302 303 304 305 307 311 317 321 322 326 328 329 335 339 340 342 346 348 356 357 359 364 369 370 376 377 381 382 385 392 396 399 403 407 410 413 419 421 423 427 431 436 439 443 446 449 452 455 457 460 461 462 463 466 469 472 474 478 480 482 485 487 495 498 502 
102 113 125 130 137 138 143 150 154 157 161 165 168 173 177 179 188 192 196 198 200 206 211 216 219 223 226 229 230 234 239 243 247 248 251 253 259 261 264 270 273 279 280 282 283 289 292 297 298 305 308 309 310 312 314 317 320 323 326 329 332 333 337 340 342 343 347 349 358 361 362 367 371 372 377 379 385 387 390 395 398 402 404 410 412 417 423 426 427 429 434 440 444 447 451 453 457 461 465 469 471 472 473 475 477 480 481 484 486 487 488 490 499 503 505 
104 114 126 134 140 142 147 151 158 161 162 167 169 177 179 183 191 196 198 199 202 208 213 218 221 227 229 230 232 236 243 246 251 253 255 258 260 263 266 271 277 280 283 284 287 292 296 301 305 307 309 311 312 314 317 320 321 327 329 330 333 334 340 341 345 347 351 353 361 362 365 371 372 376 380 382 387 388 394 396 402 403 408 412 413 420 426 430 431 432 436 444 447 448 453 455 460 462 467 472 475 476 477 481 485 486 487 490 491 492 493 496 500 505 506 
107 116 128 137 141 145 150 154 161 164 166 171 175 180 182 185 194 200 203 204 208 209 214 222 226 229 230 234 236 237 244 250 255 257 259 261 265 267 270 274 278 283 286 290 292 296 299 305 307 308 311 312 313 316 318 323 326 331 332 334 338 340 344 347 348 351 353 354 362 365 368 375 377 379 382 385 391 393 397 400 405 407 409 414 417 423 427 432 434 438 439 445 450 453 457 458 464 468 471 474 477 480 481 482 487 490 491 492 495 499 503 507 509 511 514 
110 117 129 138 143 147 154 158 164 166 167 173 176 181 183 187 198 203 207 210 211 212 216 226 229 232 236 237 238 240 245 254 257 261 264 266 270 271 275 276 280 284 290 291 293 300 303 307 310 314 315 319 320 321 324 327 331 333 336 339 340 342 347 348 351 352 355 356 364 368 369 378 381 382 384 387 394 396 400 402 406 408 411 418 421 425 429 436 439 441 444 447 451 456 461 464 465 470 473 476 480 481 483 485 489 492 494 497 498 501 505 508 512 513 518 
113 121 133 139 144 149 158 162 166 167 168 174 178 182 187 189 202 206 209 214 217 218 219 229 231 236 237 239 241 242 247 255 258 263 267 271 275 279 283 287 288 290 293 296 297 301 307 311 312 315 319 321 322 323 328 330 333 337 338 340 343 345 351 352 356 360 364 365 366 371 375 380 383 387 389 392 396 397 401 403 410 414 417 420 424 427 432 437 441 443 445 450 454 459 464 465 467 474 478 481 484 488 491 493 496 497 499 502 506 510 512 516 517 520 523 
116 123 135 143 147 153 162 165 168 171 174 177 181 186 188 191 203 210 211 218 220 223 227 230 235 237 240 242 245 248 249 258 261 267 268 274 278 280 287 289 292 296 299 302 304 306 309 315 317 319 322 326 330 333 337 339 341 343 347 348 350 352 353 355 358 362 368 369 373 374 376 384 386 388 393 395 397 401 405 406 414 418 419 423 426 431 434 438 443 445 448 453 455 460 466 468 472 477 479 482 487 492 495 499 502 505 506 510 512 513 516 520 524 525 528 
119 124 136 147 148 156 164 169 173 174 178 182 183 187 191 194 205 214 215 221 222 224 229 233 236 241 243 246 248 250 251 261 264 271 273 277 282 286 289 293 296 299 301 306 307 311 314 319 321 325 326 330 332 335 340 342 345 346 348 349 354 355 357 361 365 369 370 372 374 376 380 388 390 392 395 397 401 402 406 408 418 422 426 430 434 437 439 442 444 448 450 456 459 462 467 469 474 479 482 483 491 494 498 501 506 507 511 515 518 521 523 524 526 528 530 
120 127 137 150 154 158 166 170 174 176 181 185 186 191 195 199 209 216 220 222 226 230 233 237 240 242 245 249 251 255 257 263 265 275 276 281 285 288 293 294 297 300 304 310 314 316 318 323 326 330 333 336 337 341 345 346 348 352 356 358 362 366 368 369 371 372 374 378 379 380 383 391 395 399 402 403 405 409 410 411 422 424 428 431 438 439 440 446 447 450 454 457 463 464 471 475 478 480 486 487 492 498 500 505 510 514 515 517 519 525 527 529 533 534 536 
123 129 139 151 156 160 170 174 176 179 185 188 192 195 197 201 213 220 222 225 230 234 238 239 241 243 249 250 255 256 259 264 269 276 279 283 287 291 296 299 302 303 306 312 318 321 324 328 331 335 339 343 346 349 350 354 356 360 363 367 370 374 377 380 381 382 384 385 389 391 393 396 397 403 407 409 412 415 418 420 423 425 429 432 442 446 449 450 452 453 455 460 467 468 474 477 482 486 489 492 496 499 503 507 514 515 518 519 523 527 530 531 534 536 538 
127 130 143 154 159 162 172 178 180 183 186 190 195 197 198 205 214 223 227 230 232 238 241 242 245 249 253 256 258 262 263 268 271 277 280 286 289 293 297 300 303 304 310 313 320 322 326 331 332 336 342 346 347 350 354 355 359 363 366 368 371 376 381 384 385 389 390 394 398 401 402 404 407 409 411 412 415 418 421 424 426 430 433 437 446 450 452 455 456 460 464 467 470 474 475 480 486 489 493 497 500 502 505 511 515 517 522 524 526 528 532 536 540 543 547 
130 134 145 158 162 165 175 179 184 188 191 193 198 201 202 206 217 225 230 234 236 241 245 249 250 253 255 259 262 265 267 269 272 279 281 288 291 296 301 302 305 308 311 314 323 326 329 335 337 340 345 349 353 357 359 362 366 369 373 374 378 381 384 385 389 390 393 396 401 403 407 409 413 417 420 422 426 430 433 436 437 438 441 442 449 454 455 459 463 464 468 470 474 476 479 482 490 493 496 499 503 506 510 512 517 520 525 529 533 535 537 541 544 548 552 
132 137 146 159 166 170 176 180 188 191 194 196 202 204 205 210 221 229 233 238 241 242 249 251 254 258 259 263 264 268 272 276 280 283 285 292 294 297 302 304 306 311 312 318 327 329 333 337 339 344 349 351 354 360 362 363 368 370 375 379 382 385 386 390 391 394 398 400 403 405 411 414 416 419 422 424 429 434 438 442 445 446 448 450 453 457 459 463 465 467 472 474 476 479 482 484 492 495 500 504 505 508 512 516 520 522 527 530 536 538 540 542 546 552 556 
135 138 149 162 169 171 180 182 191 194 195 198 205 208 209 213 225 233 235 242 246 249 251 254 257 261 263 266 270 271 275 279 282 284 287 296 299 301 304 306 307 312 316 320 330 333 335 341 345 346 352 356 358 361 363 367 369 373 377 381 383 386 388 394 395 399 402 406 407 411 414 416 418 421 425 428 430 435 441 443 449 452 453 454 457 459 461 464 468 471 476 478 479 480 484 487 493 497 504 507 509 510 514 519 524 525 531 533 537 541 543 545 550 556 557 
136 142 151 164 170 172 184 187 193 198 200 201 206 212 216 217 227 237 241 245 248 251 255 258 261 262 265 267 273 274 279 283 285 286 289 299 300 303 307 308 312 314 317 324 331 336 339 343 349 351 356 360 362 364 368 369 372 376 378 385 386 388 391 395 397 403 407 409 410 412 418 420 423 424 426 432 435 437 444 447 452 454 455 459 460 463 464 465 472 476 477 482 484 488 492 495 498 500 507 509 513 515 517 521 525 528 533 536 540 545 546 550 554 557 559 
139 145 154 166 173 176 186 189 196 200 204 206 210 214 219 220 230 240 245 246 249 252 256 259 264 266 269 271 277 278 280 286 290 294 297 301 305 306 310 311 313 318 319 327 333 340 341 347 351 352 359 364 368 372 373 376 378 382 384 389 390 391 394 397 401 405 408 410 414 417 421 424 426 430 433 435 438 439 448 451 453 457 461 462 466 470 472 476 478 479 483 485 488 492 495 497 502 505 510 514 517 520 524 526 527 532 534 537 543 548 552 553 555 558 563 
140 149 155 170 175 177 189 190 200 202 206 209 214 216 223 225 233 242 246 248 253 254 260 262 267 270 273 274 280 284 287 288 294 298 300 303 306 310 311 315 319 323 326 328 337 343 345 350 355 356 362 365 372 376 378 381 384 385 386 391 395 397 401 405 407 409 412 414 417 418 425 429 430 434 436 438 441 442 450 455 458 462 464 465 467 474 476 477 481 484 487 488 490 495 496 501 505 506 514 516 519 522 527 530 534 538 539 540 545 552 554 555 558 560 566 
144 150 158 174 176 178 192 196 203 205 210 212 216 219 225 229 234 244 249 252 257 261 263 267 268 274 278 282 286 288 291 292 297 301 305 306 309 314 317 320 322 327 329 330 340 346 349 351 358 361 364 366 373 380 381 382 386 387 389 393 399 400 402 407 410 413 417 419 422 425 428 433 437 439 443 445 446 448 454 456 462 463 465 469 472 477 480 481 485 488 491 492 496 498 502 505 507 510 516 520 523 524 531 534 537 539 543 546 548 553 557 558 559 561 569 
148 153 162 175 177 181 193 200 205 206 214 218 219 223 227 233 235 246 251 254 258 263 264 268 270 278 282 286 290 294 297 298 300 304 307 309 311 316 321 323 325 328 333 337 343 347 351 353 359 364 365 369 377 381 383 384 390 393 396 397 403 407 411 413 414 417 420 421 423 429 432 437 441 444 448 450 454 456 459 462 466 469 473 477 478 482 485 487 489 493 495 496 500 501 505 508 511 515 519 522 526 528 532 536 538 540 544 550 554 557 561 564 565 566 570 
150 156 165 177 180 185 194 201 209 211 215 220 221 225 229 237 241 247 252 256 262 266 270 271 272 281 286 288 292 296 298 299 301 308 312 313 315 318 324 325 329 330 335 338 347 350 354 355 363 365 369 370 381 384 386 387 391 397 398 399 407 411 414 417 419 420 422 425 427 432 434 441 443 445 449 454 455 457 461 463 470 473 474 481 485 489 493 494 496 498 502 504 505 509 512 516 520 524 526 528 532 535 539 540 544 546 549 554 555 560 562 567 568 572 575 
154 160 167 178 184 188 196 204 210 215 216 222 226 228 232 239 244 251 255 260 266 268 273 275 278 282 290 292 296 299 301 302 305 309 313 315 316 319 325 327 333 337 340 344 351 353 356 360 366 367 372 376 383 387 388 391 395 401 402 404 410 414 418 421 423 424 425 426 429 436 440 445 449 451 454 457 461 464 465 467 471 475 479 482 487 493 494 497 499 502 503 506 507 513 516 518 521 526 529 533 534 538 543 547 551 555 558 562 563 564 566 569 570 573 576 
155 163 170 179 188 191 197 205 212 219 223 226 228 230 234 242 245 254 257 262 270 273 274 278 280 286 292 293 298 302 304 306 310 314 317 318 320 324 327 331 334 339 341 348 355 358 359 364 368 369 374 379 386 391 394 398 401 405 406 408 414 416 422 426 428 431 432 434 438 439 443 449 451 452 458 461 464 466 469 473 476 480 484 487 489 496 499 503 507 511 515 518 520 523 525 527 531 534 538 542 546 547 550 553 555 557 562 566 569 572 574 578 579 582 585 
159 165 173 180 191 193 201 206 213 220 226 229 233 234 235 245 246 258 259 263 272 276 279 280 284 287 293 295 302 303 306 308 314 318 322 323 326 330 333 336 340 342 346 351 359 362 364 367 372 375 379 380 389 395 398 400 405 409 413 414 415 420 424 429 433 435 437 441 444 447 449 452 453 456 462 465 467 469 472 475 477 482 485 488 493 500 503 505 510 515 518 521 523 524 526 531 535 538 539 546 550 551 555 557 560 561 564 570 571 574 577 579 582 583 587 
161 169 174 181 195 199 205 210 217 221 229 233 236 237 240 246 249 260 263 267 274 277 281 283 286 288 296 300 306 310 314 317 318 319 324 327 330 333 337 338 342 346 348 353 362 365 369 372 376 378 380 381 390 396 402 404 409 413 414 417 419 421 427 432 437 440 442 443 447 451 454 458 462 466 467 471 472 474 475 476 481 485 489 491 497 503 507 510 511 516 520 525 529 530 534 535 539 543 545 550 554 558 559 563 566 569 571 575 577 581 584 585 586 589 591 
163 171 178 185 198 201 208 211 219 222 232 234 239 241 243 249 250 264 266 271 275 280 285 287 290 294 297 303 308 312 318 321 324 325 327 329 333 337 341 342 344 349 350 357 366 370 372 373 378 382 385 388 394 397 404 408 412 414 418 419 420 422 429 434 440 444 445 446 450 452 456 461 464 468 471 473 477 478 482 485 487 490 492 496 498 504 511 513 515 520 521 526 531 535 538 541 542 546 550 554 558 559 563 564 569 572 575 578 581 583 587 590 594 598 601 
165 174 180 187 202 204 209 213 221 223 233 236 242 243 244 252 254 266 269 272 278 283 289 290 292 298 299 305 309 314 321 325 329 332 334 335 336 340 344 346 347 352 355 359 370 373 375 378 381 384 388 390 395 400 408 412 416 420 423 427 430 432 436 440 441 445 448 450 452 456 460 462 466 470 473 476 478 481 486 489 490 491 493 498 501 508 513 515 519 523 527 531 534 536 540 545 546 547 553 558 561 562 565 568 570 574 579 582 585 587 591 593 596 600 603 
169 177 182 188 203 208 210 216 224 227 237 240 244 248 252 253 257 270 272 276 282 284 291 292 295 299 302 308 310 315 323 326 330 335 336 338 342 346 347 351 355 356 360 361 372 377 379 382 384 386 392 393 398 402 411 415 418 424 427 431 433 435 438 442 445 449 453 456 459 463 465 466 469 473 476 477 482 484 489 491 494 496 499 503 506 511 514 517 522 527 528 532 537 540 541 547 548 552 556 560 563 567 570 572 575 576 582 585 587 590 594 596 600 601 605 
172 179 186 191 207 210 211 220 225 229 241 242 245 250 255 259 262 272 276 280 286 290 293 297 301 305 308 309 311 316 327 329 331 337 341 345 347 348 350 354 357 359 361 364 373 378 380 385 386 390 394 397 401 405 414 416 420 425 431 432 437 440 443 445 448 451 456 458 462 464 469 471 475 477 480 484 488 491 492 495 496 497 500 505 508 515 519 521 525 529 531 533 540 542 543 549 552 554 557 563 566 571 574 577 581 583 585 586 591 593 595 599 604 606 607 
175 183 190 194 208 212 216 222 229 230 242 244 246 252 256 261 266 274 279 282 290 292 297 299 303 307 312 316 318 321 330 334 338 339 343 349 351 355 359 362 363 365 368 369 376 382 384 388 390 394 398 402 406 408 418 420 424 428 434 438 441 444 448 449 451 455 459 463 464 468 472 476 480 481 482 487 491 494 498 501 505 506 507 508 509 517 522 524 526 530 535 539 542 546 550 554 555 559 562 567 568 575 577 580 585 588 590 592 595 596 600 602 608 609 613 
178 187 193 198 209 216 219 226 231 232 245 247 249 254 257 263 270 276 281 285 294 297 298 300 304 311 314 317 319 324 333 337 340 342 345 350 352 357 362 363 366 367 371 374 377 386 388 391 393 397 400 405 409 413 419 421 425 431 436 442 444 447 451 454 457 459 460 467 468 471 474 479 482 484 486 489 493 498 499 504 508 509 512 515 518 520 523 528 529 533 537 543 545 549 554 556 559 563 565 571 575 579 582 585 588 592 596 600 602 606 608 610 613 614 616 
181 189 196 200 210 218 221 228 235 239 248 250 254 256 259 266 274 280 284 286 296 299 301 304 306 315 316 319 322 326 337 339 343 347 351 352 356 360 366 369 372 374 377 378 382 388 389 393 397 401 402 406 413 416 422 424 428 435 439 445 449 450 453 455 458 461 463 469 472 474 477 483 487 491 492 494 498 499 501 507 509 511 513 519 520 522 524 532 533 534 539 547 550 554 555 560 561 567 569 572 578 580 585 588 590 596 597 604 608 609 611 612 615 618 620 
182 193 199 203 213 220 224 231 237 241 251 253 256 259 260 269 276 282 288 290 297 303 304 308 312 317 321 324 327 330 341 343 345 348 353 357 361 362 368 373 374 378 382 386 388 390 394 398 399 402 403 409 415 419 426 427 430 437 443 448 451 452 457 461 462 463 466 471 476 480 481 484 488 493 496 499 500 501 505 511 513 515 516 520 521 524 527 533 535 536 543 550 552 555 557 563 564 570 571 576 579 583 588 590 594 599 602 608 610 612 616 619 622 623 626 
183 194 200 206 214 221 227 235 238 242 254 257 261 263 264 273 277 284 292 295 301 307 309 313 315 320 325 329 333 336 343 345 347 351 357 360 365 366 371 374 377 379 386 388 391 394 396 401 402 406 407 413 419 421 430 433 437 439 447 451 455 458 462 464 466 468 472 473 480 482 485 489 492 495 497 500 504 505 509 514 515 517 519 524 526 530 531 535 536 539 545 552 556 560 564 566 569 572 574 580 581 587 590 593 596 602 605 611 612 614 617 623 625 626 630 
184 195 204 207 216 224 229 239 242 244 257 259 265 269 270 277 279 287 296 300 303 308 313 315 317 323 328 333 334 340 345 348 352 356 359 362 369 372 373 378 380 383 388 389 395 396 398 403 405 407 409 417 423 427 432 434 438 440 451 454 456 460 465 469 472 475 478 480 481 485 488 491 495 497 501 505 506 507 513 515 519 523 526 527 530 534 535 537 540 541 548 553 559 562 567 570 572 573 575 583 587 589 593 595 598 605 608 612 615 618 620 625 629 633 635 
185 197 208 209 218 226 233 243 244 247 261 262 269 270 273 279 281 288 300 304 308 310 317 318 322 325 332 336 338 343 346 350 356 360 363 365 370 374 376 380 382 384 390 394 396 397 401 405 409 413 417 420 426 429 435 437 439 443 454 457 459 463 468 470 474 478 479 481 485 488 491 495 497 501 502 506 507 508 517 521 524 526 530 534 538 540 542 544 545 547 550 557 560 566 570 572 575 576 579 584 589 590 595 599 602 606 610 616 619 621 625 626 630 636 637 
189 198 211 215 220 229 237 245 246 248 263 266 271 272 277 281 283 289 301 306 310 313 321 323 327 329 335 337 339 347 351 353 357 362 364 369 373 376 380 384 387 391 392 397 399 401 402 407 413 416 420 423 427 430 436 438 441 445 457 461 465 466 471 472 478 480 484 486 488 492 495 496 500 502 504 509 510 514 519 522 527 529 532 535 540 543 547 548 552 554 557 559 562 568 571 573 578 580 583 585 592 594 599 602 603 609 612 619 620 622 629 633 635 640 641 
193 201 212 218 224 231 240 247 248 250 265 269 275 278 282 284 287 292 305 308 311 314 323 327 331 332 338 339 342 349 354 355 358 363 365 373 375 378 383 386 390 392 393 401 403 406 409 413 414 418 424 428 429 433 438 442 444 448 458 465 468 471 474 478 479 484 488 489 493 496 498 501 503 507 509 511 514 515 523 524 531 535 537 541 544 547 549 550 555 559 562 566 570 573 574 575 581 585 588 589 595 598 602 603 604 613 614 620 624 626 633 636 638 643 647 
196 202 216 220 226 234 241 249 250 254 268 271 277 280 285 288 292 294 306 309 314 316 326 331 335 336 340 342 346 352 355 358 360 366 370 377 379 382 384 388 394 398 399 404 407 409 411 415 419 420 428 432 434 436 441 445 446 451 460 467 469 475 477 482 484 488 490 492 495 500 503 507 508 509 511 513 517 519 527 528 535 539 540 543 546 548 550 554 559 560 563 569 574 578 580 583 587 591 594 595 596 602 604 605 606 614 618 624 628 630 634 638 639 644 650 
197 203 219 222 228 238 243 251 252 255 271 273 280 283 289 293 294 297 309 311 317 321 330 332 337 341 345 348 351 354 359 362 363 367 371 380 383 386 388 391 395 402 405 409 412 414 416 418 421 424 429 433 438 441 444 449 451 453 463 468 473 479 483 486 490 492 494 496 498 503 507 510 512 515 518 522 525 529 531 532 536 540 542 544 550 553 556 559 560 564 567 571 578 581 585 589 590 595 597 599 601 604 608 609 611 616 621 625 632 633 636 642 643 648 652 
198 207 223 226 231 239 244 254 257 259 274 275 281 286 290 295 296 300 313 315 318 325 333 337 341 344 348 350 353 356 363 367 370 373 376 382 385 387 390 393 399 404 409 412 413 416 419 420 425 427 432 435 442 443 445 453 456 458 464 469 474 481 487 491 495 496 500 501 502 505 508 514 516 518 519 525 527 533 535 536 539 541 543 545 553 555 560 561 562 568 571 573 582 584 587 593 595 598 599 602 606 607 612 613 614 619 623 628 634 637 640 646 650 654 656 
200 208 225 228 232 242 245 256 259 261 276 279 283 288 293 299 302 305 314 317 320 329 337 340 343 348 352 355 356 358 366 370 373 377 379 385 387 388 391 397 400 408 411 413 414 417 423 425 426 428 436 438 444 446 450 457 458 459 465 472 478 484 490 493 499 503 505 509 512 515 517 518 521 522 523 527 530 534 537 539 541 545 548 551 555 559 561 562 563 569 573 577 585 589 591 595 598 601 602 603 609 611 616 618 620 621 625 631 636 639 644 650 654 657 659 
202 212 228 230 236 245 248 257 262 266 277 281 284 292 294 300 306 310 315 320 321 332 341 343 344 351 356 357 359 363 369 373 376 381 384 387 389 391 395 399 404 410 414 418 421 422 426 429 431 432 438 442 447 448 453 458 462 464 468 473 480 487 494 498 502 504 509 512 513 519 522 524 528 531 535 538 540 543 546 547 550 551 553 555 558 561 562 563 565 571 576 579 589 590 593 596 602 604 608 612 613 616 619 621 625 627 631 635 638 640 646 654 657 658 660 
203 214 232 234 239 246 251 259 265 267 281 283 285 296 299 303 307 313 317 324 326 334 342 345 346 355 360 361 365 367 370 376 380 382 386 391 394 396 400 402 405 412 417 421 422 425 429 433 436 438 441 446 451 454 455 461 465 467 470 477 484 488 495 499 503 508 512 513 516 523 526 528 530 532 537 539 542 545 547 550 554 557 558 560 561 562 563 566 570 574 577 580 592 595 597 600 603 607 609 613 617 620 624 627 629 633 637 638 640 641 648 655 658 660 661 
204 217 236 239 240 249 255 263 269 272 282 285 288 300 302 306 310 314 319 326 327 335 344 348 350 356 364 368 369 372 376 378 381 384 390 393 395 398 403 404 408 414 421 423 426 430 434 436 438 442 443 450 454 457 459 462 467 471 474 480 488 489 499 502 506 511 513 517 518 527 528 532 533 536 539 541 546 549 550 553 557 561 563 567 568 569 572 576 577 581 583 587 595 596 600 603 607 608 611 615 620 622 628 631 632 637 640 644 646 649 653 656 659 662 664 
205 218 237 241 243 250 257 264 270 276 286 289 291 302 306 307 314 316 322 327 331 336 348 351 354 359 365 369 373 376 377 380 384 387 393 394 396 402 404 406 410 418 422 426 430 431 437 440 442 443 444 453 456 461 464 467 468 474 476 481 491 493 501 506 509 513 514 521 524 529 530 534 538 541 543 547 551 555 556 559 562 564 565 568 569 572 573 578 579 584 586 590 598 601 602 606 608 611 614 617 624 625 630 635 639 640 644 645 649 653 655 658 661 663 665 
209 220 238 242 244 254 259 267 274 280 287 293 296 303 310 311 318 320 324 328 333 339 349 352 356 360 367 372 376 379 383 387 389 390 394 395 400 405 408 409 412 419 425 428 432 433 440 443 447 449 452 454 458 462 465 469 470 476 477 482 492 495 505 509 511 514 517 523 526 532 535 536 539 545 549 550 555 558 562 565 566 568 571 575 578 581 585 589 590 594 596 598 601 604 607 608 611 614 617 621 626 629 634 639 641 644 646 650 652 656 657 659 663 664 667 
210 224 240 244 245 258 261 270 276 284 291 295 298 306 311 313 322 324 325 332 336 341 353 356 357 362 368 373 377 380 385 390 391 394 396 397 401 409 412 414 416 420 428 430 433 437 444 448 449 451 456 458 460 465 469 471 474 480 482 483 495 497 506 512 513 515 521 524 529 534 539 541 543 548 552 554 559 562 564 567 571 575 578 580 584 587 589 592 596 600 604 607 611 613 616 617 619 621 624 626 627 633 637 640 644 646 650 651 653 657 658 660 667 668 670 
211 227 244 245 247 260 263 274 279 287 295 297 301 308 313 316 325 329 333 334 337 343 354 360 363 367 371 375 379 382 386 393 395 397 399 403 406 412 415 418 421 424 432 435 439 443 445 451 454 457 459 460 461 469 472 476 477 481 485 489 499 500 509 516 520 521 522 527 531 536 540 542 544 550 556 558 562 564 565 570 572 578 582 583 585 590 591 594 597 601 605 610 615 619 622 626 629 630 634 636 639 642 644 645 647 650 652 654 655 659 660 661 668 671 672 
214 229 247 250 252 262 264 278 282 291 298 299 303 312 316 317 326 330 334 335 340 346 355 361 366 371 374 377 381 385 390 395 397 400 402 404 410 414 416 419 424 426 435 437 441 446 449 452 456 461 464 465 468 470 474 478 480 484 489 490 503 507 510 518 523 524 525 528 533 537 543 544 546 552 559 563 564 568 570 572 575 579 584 588 591 594 597 599 601 603 607 613 619 623 625 628 630 633 637 638 640 646 650 652 653 657 659 660 661 663 667 671 672 674 677 
217 230 248 252 256 263 268 279 284 292 301 303 304 315 319 323 327 332 336 339 344 350 359 365 368 372 375 380 382 389 391 398 402 406 409 410 412 418 421 425 429 431 438 440 443 450 454 458 460 464 467 468 469 474 477 480 482 485 491 493 507 510 511 519 526 527 528 532 537 541 545 549 553 556 562 567 569 571 574 575 578 583 588 591 595 598 601 603 606 608 610 616 621 624 629 631 633 634 638 640 641 650 654 658 659 662 666 667 669 673 676 679 682 683 686 
221 232 252 255 259 264 270 281 285 296 304 305 308 317 323 325 331 333 340 342 346 353 361 368 370 373 378 383 387 391 394 402 404 410 413 416 417 421 423 427 433 437 440 441 447 454 458 462 463 468 470 474 478 482 483 486 489 493 495 498 508 511 515 520 527 530 534 537 541 543 547 553 554 557 566 570 572 573 575 577 580 587 591 592 598 602 604 606 609 613 617 620 625 629 631 635 639 640 642 643 647 652 657 662 666 670 671 674 677 678 680 684 687 688 692 
223 235 253 257 263 265 274 284 289 300 306 307 310 318 325 326 334 335 341 346 347 357 363 369 371 375 380 384 389 395 398 403 405 413 415 418 422 424 428 432 434 440 443 444 448 457 462 464 467 472 473 478 480 484 485 489 491 497 499 502 510 514 518 521 528 532 538 540 545 547 548 557 560 563 570 572 574 575 577 581 585 590 594 597 600 604 607 610 613 617 619 624 629 631 635 636 642 646 647 649 651 655 660 664 670 672 676 677 681 684 686 689 690 694 697 
227 237 255 261 264 266 276 286 291 303 309 312 314 322 329 333 338 342 343 347 348 358 366 370 374 377 384 387 391 396 400 404 409 416 417 420 423 425 429 436 437 444 446 448 451 458 463 467 471 474 475 479 481 487 490 492 496 499 502 503 512 518 520 524 531 533 542 543 546 548 549 558 564 566 574 577 578 580 582 583 586 591 598 601 605 609 613 616 618 620 622 625 630 635 636 639 643 649 651 653 656 659 663 666 674 678 681 685 689 692 693 696 697 701 702 
230 240 256 262 267 269 280 287 294 306 312 314 315 324 332 335 339 343 345 348 350 361 368 371 378 379 385 388 393 399 401 407 411 419 423 425 429 431 434 440 442 448 449 452 455 461 466 471 472 477 479 480 483 488 493 497 500 503 504 505 516 519 521 527 533 535 544 547 551 554 555 562 568 571 576 580 584 587 591 593 597 599 602 606 607 610 614 620 624 626 627 629 632 639 641 642 647 653 656 660 663 664 667 668 675 679 684 687 693 696 698 699 701 703 705 
232 243 259 265 268 271 282 288 298 308 316 320 324 328 333 337 341 345 348 351 353 364 370 374 382 386 390 392 394 401 404 408 413 420 425 428 431 432 438 441 444 452 453 454 459 465 468 475 476 478 481 483 486 492 495 500 504 508 510 514 520 522 526 528 536 539 547 548 554 557 560 564 570 574 579 584 587 589 593 595 601 603 605 610 612 614 615 624 625 629 633 637 639 641 642 643 649 654 659 662 666 670 673 675 678 680 687 690 696 698 702 706 708 712 714 
234 245 260 267 269 275 286 291 302 312 319 321 326 329 336 341 342 348 351 355 357 368 373 378 384 388 392 396 400 404 406 409 415 424 429 430 433 437 442 446 447 453 454 458 460 466 472 478 481 485 488 491 495 498 502 504 506 509 511 516 524 526 530 534 537 541 549 552 558 560 562 567 572 578 582 588 589 590 594 596 605 606 607 611 614 616 620 628 631 634 635 640 644 646 649 652 656 658 663 667 668 671 676 679 681 684 688 694 697 701 706 710 713 715 718 
236 249 261 271 273 276 290 292 306 314 323 326 329 331 337 342 346 349 355 359 360 371 377 381 388 391 396 397 404 408 411 413 418 428 430 431 434 441 444 448 451 456 457 461 465 468 474 479 485 487 489 492 499 503 506 510 511 513 515 518 526 530 531 537 541 543 551 556 559 561 564 571 574 582 584 589 592 593 597 600 609 613 614 615 616 620 622 629 634 636 637 643 647 648 652 656 658 661 667 669 672 676 677 683 684 688 689 695 700 704 709 712 716 718 720 
239 252 263 273 276 280 292 293 309 315 325 328 331 332 338 346 348 350 357 360 362 374 378 383 392 395 398 401 406 409 414 418 420 429 434 436 437 443 445 449 452 458 461 464 467 469 478 481 489 490 492 494 501 506 510 512 514 517 519 522 529 531 535 541 543 545 552 557 562 563 568 573 576 584 585 593 597 599 600 601 610 614 615 617 619 621 624 631 635 640 642 645 649 651 654 658 662 666 668 671 674 679 681 684 686 689 693 697 703 707 711 715 718 721 725 
243 254 264 275 279 283 294 295 313 317 326 331 335 338 339 350 352 356 361 364 368 377 381 387 394 398 401 404 407 412 418 419 423 433 437 438 440 445 447 451 455 460 465 466 469 473 481 482 492 495 498 501 503 510 512 516 519 521 523 527 530 535 537 544 546 547 556 559 565 568 572 575 579 588 590 594 599 602 603 605 614 617 619 620 622 626 630 635 636 642 644 646 653 657 660 661 664 669 670 674 678 680 684 687 689 692 695 701 706 709 712 716 719 724 726 
245 258 267 278 281 287 297 299 315 319 327 334 336 340 342 353 357 361 363 368 372 379 383 388 396 400 402 405 408 414 422 426 430 435 439 442 445 447 449 455 459 461 466 468 470 474 484 488 493 496 500 503 506 514 518 520 522 526 527 531 535 537 538 548 549 553 560 562 566 571 573 578 583 591 593 598 603 607 608 611 618 619 623 625 626 629 632 638 641 645 648 649 657 658 662 665 667 671 673 677 681 682 688 692 695 697 700 702 707 712 713 720 724 728 732 
247 261 270 281 285 289 299 301 317 322 329 336 339 341 346 357 360 362 365 370 375 381 386 389 399 402 405 409 410 415 425 427 432 436 443 447 448 450 453 456 460 463 467 472 474 477 485 490 495 500 503 504 507 515 519 524 527 530 532 533 539 543 546 552 553 557 561 564 570 573 575 582 585 593 596 599 607 609 612 616 622 623 624 626 627 630 635 639 642 646 650 654 658 659 663 669 672 674 675 678 682 683 689 696 697 700 702 703 709 716 719 723 726 729 733 
248 265 274 282 288 292 301 303 321 326 331 337 340 344 349 359 363 365 367 373 377 382 389 392 403 406 407 412 413 419 427 429 434 437 446 451 454 458 461 463 465 466 471 476 478 481 489 493 499 503 505 509 511 519 520 528 532 534 536 538 543 545 548 553 554 558 562 568 571 574 576 583 589 596 598 602 610 614 618 619 624 626 629 630 631 635 639 642 645 650 653 655 661 663 664 671 674 675 677 679 685 686 691 699 702 703 707 710 712 719 722 726 727 730 737 
249 266 275 286 289 294 302 307 324 330 334 341 345 347 350 361 364 366 370 376 378 386 392 395 405 409 410 415 419 420 430 433 436 438 447 454 458 462 466 467 470 472 475 478 480 485 493 495 500 504 509 512 516 520 522 531 536 539 543 546 550 552 556 557 560 564 568 570 573 577 581 585 592 600 603 606 613 618 619 621 628 629 633 637 639 643 647 651 654 655 659 663 664 665 666 675 676 678 679 682 689 690 695 702 705 707 708 711 714 720 723 730 733 736 740 
253 270 277 290 292 297 305 311 327 334 335 344 347 348 352 363 368 372 373 377 380 388 393 399 406 412 413 417 420 423 433 436 437 440 449 456 462 464 468 469 471 476 480 483 485 487 497 499 502 508 512 513 518 522 525 534 538 543 545 548 552 553 560 563 567 568 570 571 576 579 583 588 594 604 607 608 617 620 624 628 630 632 637 638 641 644 648 653 658 659 662 666 670 673 675 678 680 682 684 687 690 694 698 706 710 713 714 715 717 724 725 732 737 740 744 
255 274 278 291 293 300 308 312 330 336 337 346 349 353 354 364 371 374 375 380 382 392 394 403 409 413 417 421 422 424 435 440 444 445 453 459 466 467 472 473 475 478 482 487 488 491 500 504 507 509 516 519 521 524 527 537 540 544 547 549 556 558 561 567 569 572 573 576 577 583 587 590 598 607 610 614 621 625 628 629 632 633 641 643 646 647 651 657 660 661 666 670 671 677 679 680 683 685 686 690 692 695 701 709 714 718 719 721 723 728 731 735 740 744 748 
259 277 280 292 295 302 309 315 332 340 344 350 351 357 359 365 375 376 378 382 383 394 396 404 413 417 418 422 425 426 437 442 446 449 455 462 469 470 473 475 478 479 485 489 490 493 504 506 509 513 517 520 522 526 530 540 543 548 552 555 559 563 564 569 573 575 577 579 581 587 591 592 602 608 612 615 623 626 632 633 634 638 644 645 647 649 652 658 662 664 668 674 675 679 683 686 689 693 695 699 701 703 706 710 715 719 723 726 729 730 733 739 744 745 749 
261 278 284 296 299 306 312 319 335 342 348 354 355 359 363 366 376 379 381 386 389 395 398 408 417 420 422 423 426 430 438 444 447 453 456 465 471 473 476 479 483 485 486 491 495 499 507 508 512 515 519 522 523 530 534 543 545 550 555 559 561 566 567 571 575 579 581 582 584 588 594 598 605 609 616 619 624 629 634 638 642 644 648 650 653 657 661 665 669 672 674 678 682 685 687 690 694 697 698 701 705 708 709 711 717 722 726 727 730 734 736 741 748 752 756 
262 279 286 299 303 310 316 321 339 345 350 355 356 361 366 367 377 381 384 390 393 397 401 412 421 423 427 428 429 431 442 445 449 457 460 467 474 478 480 481 487 491 493 497 499 501 511 513 514 518 520 524 528 533 537 546 547 551 558 560 565 569 570 572 579 582 583 585 589 591 597 600 609 610 619 622 627 631 638 640 644 648 649 651 657 659 663 666 672 673 676 681 685 687 688 692 695 699 703 705 706 710 713 715 718 726 728 732 733 738 741 745 752 756 758 
265 281 290 300 305 311 319 322 342 347 351 357 361 363 368 372 381 385 387 392 397 399 402 415 425 426 428 432 434 435 444 446 453 458 463 468 476 482 485 489 491 493 496 500 501 503 515 517 521 522 524 526 531 537 540 547 549 554 559 561 567 572 573 574 580 584 585 587 592 594 599 603 612 613 622 625 628 635 642 645 649 653 656 659 662 665 667 668 674 675 677 683 688 690 692 696 698 700 707 710 711 715 716 717 721 729 733 737 739 741 742 748 754 757 762 
269 283 293 302 309 315 323 327 344 351 353 358 362 364 369 375 385 387 389 396 400 403 404 419 428 430 433 437 439 443 447 449 455 461 466 470 480 486 487 493 494 497 499 504 505 507 516 521 523 526 527 529 535 540 541 548 550 555 563 566 569 575 578 580 581 587 589 593 595 598 602 605 613 616 625 627 632 637 643 649 652 654 660 664 666 668 672 674 678 682 685 689 693 697 700 702 706 709 712 716 719 723 726 728 729 731 734 740 741 744 748 752 758 759 764 
270 284 294 305 311 318 326 330 346 353 356 360 364 367 371 379 387 389 392 398 402 404 408 420 432 436 438 440 442 446 449 450 457 465 469 471 482 487 490 495 497 499 503 507 510 511 520 522 525 529 530 533 538 544 545 549 553 557 564 569 573 579 581 584 586 590 591 597 600 603 606 609 617 621 629 631 636 641 646 651 655 657 664 665 668 670 676 678 680 685 687 690 694 699 702 704 708 711 714 719 723 725 727 730 733 735 738 744 746 747 751 756 759 761 765 
272 287 298 307 315 320 328 332 347 355 360 363 367 371 373 380 389 392 393 399 403 407 411 424 435 440 442 445 447 450 451 453 458 466 473 475 484 488 493 497 501 502 506 509 512 513 523 526 529 530 531 536 540 546 550 554 558 560 567 573 577 583 585 586 589 591 595 601 603 607 611 614 618 625 633 637 638 645 649 652 657 660 667 668 671 672 677 681 685 686 689 693 697 700 706 708 711 715 716 723 726 729 733 735 736 739 741 747 751 753 755 759 763 765 769 
276 290 299 309 318 321 332 335 350 358 364 368 370 372 377 384 391 393 396 403 407 408 415 426 439 443 445 447 450 454 457 460 463 469 476 477 486 490 495 498 504 508 511 512 515 516 526 527 531 533 537 540 544 548 552 555 561 563 571 577 578 586 590 591 594 595 596 604 608 610 613 618 622 627 637 638 641 647 650 656 658 662 671 672 674 678 681 683 687 690 694 697 698 701 708 712 713 719 721 724 728 730 734 737 740 744 745 749 754 755 757 760 765 768 771 
278 293 303 312 320 323 335 338 351 361 366 372 373 376 378 385 394 395 397 404 408 411 418 429 440 445 448 452 453 455 459 463 464 471 479 482 489 492 499 500 507 512 513 516 517 518 527 530 532 537 538 544 546 549 555 558 564 565 575 578 580 588 591 594 598 601 604 608 610 611 617 619 625 630 638 642 644 649 654 659 660 664 672 675 676 681 685 688 690 692 698 701 705 707 709 715 719 720 725 727 731 734 735 741 744 745 747 752 757 761 763 764 769 773 774 
281 296 307 314 322 324 337 340 354 365 369 374 376 380 382 386 395 398 399 405 410 414 419 433 444 447 449 454 457 459 461 465 469 472 483 485 491 495 502 505 508 513 517 521 522 524 530 534 537 539 542 545 547 551 556 559 566 567 577 579 581 590 595 597 602 603 608 611 613 614 619 620 627 634 640 643 648 653 656 663 665 668 673 676 678 684 687 689 692 695 700 705 707 709 710 717 721 724 728 729 733 738 741 745 748 749 753 755 760 762 765 769 772 775 776 
282 299 308 316 325 329 340 342 356 367 371 378 380 382 385 388 396 400 403 408 412 417 420 436 445 451 452 456 461 462 463 468 470 476 485 488 492 496 505 506 509 515 521 524 526 529 533 535 539 541 544 546 549 553 559 562 567 571 580 584 586 593 599 603 605 607 609 613 617 619 621 622 630 637 644 645 649 655 658 666 670 672 676 678 679 685 689 692 693 698 704 707 709 711 714 719 724 726 732 736 740 742 743 747 749 750 755 758 763 764 769 771 775 779 783 
