5 6 10 13 16 19 23 24 27 29 33 35 38 41 45 46 49 51 53 54 55 59 60 61 62 66 68 71 74 75 76 80 81 82 83 85 89 93 97 101 105 106 107 110 112 114 117 118 120 124 126 127 130 134 136 140 141 144 148 150 152 156 157 161 163 165 167 168 170 171 173 177 178 181 182 185 189 191 194 195 196 200 204 207 208 210 211 212 214 217 219 222 225 228 230 232 236 240 241 242 245 246 250 251 252 255 258 262 263 266 269 272 276 279 283 284 286 288 292 296 297 300 304 305 309 311 312 315 316 318 319 323 324 326 329 333 335 337 340 343 
6 8 11 16 18 22 24 28 31 34 38 41 42 45 48 51 54 58 62 66 67 68 69 71 73 75 78 82 86 89 93 95 97 100 102 105 107 108 110 114 115 119 122 125 129 131 135 138 140 141 144 145 147 148 149 151 153 154 158 159 162 163 166 168 170 171 172 175 177 178 181 183 186 190 194 196 199 202 204 207 210 213 215 219 223 227 229 230 231 234 236 239 243 246 250 252 256 258 260 263 264 265 266 270 271 273 274 276 280 283 286 287 288 291 293 296 298 301 303 304 307 309 313 315 316 318 319 322 326 330 334 337 339 341 345 346 349 350 351 355 
7 10 12 18 21 25 26 29 35 39 40 45 47 50 54 56 57 61 63 69 70 71 75 79 81 85 86 89 91 95 99 103 104 107 110 112 114 117 120 122 125 129 133 137 138 141 144 145 147 150 152 153 156 157 160 163 164 167 171 172 176 179 181 185 189 190 192 194 195 196 197 198 201 203 205 206 210 211 213 214 215 219 220 224 226 231 234 237 239 243 245 246 248 251 255 258 262 264 268 269 270 274 275 278 280 283 285 288 290 293 296 297 298 299 302 305 306 309 310 313 315 316 317 321 324 326 330 331 332 333 337 341 345 348 349 351 354 356 360 364 
10 14 17 20 24 26 28 31 37 42 43 49 50 51 57 60 61 62 64 72 76 78 82 84 85 86 90 94 96 97 100 107 109 113 115 117 119 123 125 127 128 132 135 140 143 146 148 149 150 151 156 157 159 160 162 165 167 170 172 175 178 181 185 186 192 193 196 197 200 204 206 210 212 213 215 219 220 223 226 227 231 235 239 243 247 251 252 255 258 262 265 268 269 272 274 275 278 280 281 285 289 291 294 298 302 304 308 309 312 314 316 320 321 324 325 328 332 333 336 337 340 341 342 343 345 347 350 353 354 358 360 361 363 367 368 371 375 378 380 381 
11 15 20 23 27 29 32 35 39 46 50 51 53 57 61 62 64 65 66 73 80 81 86 89 92 93 95 96 97 99 101 108 111 117 120 122 124 125 129 131 133 134 139 142 144 150 154 158 159 160 162 165 166 170 171 174 176 178 182 186 188 192 195 197 201 205 206 210 211 214 217 218 221 224 226 228 231 233 237 238 240 243 244 248 251 252 253 258 261 265 266 269 272 273 275 277 279 283 287 291 293 297 301 303 305 308 311 313 316 319 323 324 328 329 332 336 340 344 347 349 353 357 361 362 366 367 368 369 373 376 378 381 383 387 388 392 393 396 398 402 
13 17 21 24 31 32 35 39 43 50 52 55 56 59 65 69 71 72 73 74 83 85 89 90 94 98 101 103 104 107 111 113 117 119 121 125 127 130 132 136 137 139 140 146 150 151 156 162 166 169 171 173 175 177 180 182 186 189 190 192 194 195 198 202 204 209 211 215 216 218 220 222 223 228 229 233 234 237 239 240 244 246 247 251 253 256 260 261 263 267 269 273 277 279 280 283 286 289 292 295 297 301 304 307 308 311 315 319 323 326 329 331 333 337 339 340 342 348 349 351 357 360 363 367 371 374 376 378 382 384 387 389 392 393 397 400 404 405 406 410 
16 18 25 26 33 37 40 44 48 53 56 60 62 66 69 70 73 77 80 84 87 90 94 97 98 101 103 104 105 108 113 117 120 121 123 127 128 134 137 141 143 146 148 149 152 153 157 164 170 173 174 176 180 183 186 189 192 193 197 198 202 203 207 209 213 216 218 220 224 228 229 233 237 241 243 246 248 251 252 256 257 260 264 268 270 273 274 276 280 282 286 288 290 292 294 297 301 302 305 306 310 313 314 316 320 324 327 330 331 332 335 337 339 342 343 345 348 349 353 354 358 361 367 371 372 378 381 383 385 387 388 392 395 397 399 403 408 411 412 416 
19 23 27 29 36 40 43 46 49 54 58 63 64 68 73 74 78 82 83 87 89 91 97 99 102 103 106 108 110 114 115 118 122 123 125 130 131 135 138 143 145 150 152 156 157 161 164 168 172 176 180 182 183 186 190 191 194 197 199 202 206 209 210 212 215 218 221 225 228 229 232 234 239 244 246 247 252 255 258 261 263 264 266 269 271 277 281 283 287 291 294 295 297 298 301 304 308 311 312 316 318 320 324 326 328 332 335 339 341 342 345 347 350 354 355 356 358 362 364 368 369 370 374 377 380 384 385 386 387 388 392 396 398 402 406 410 414 417 418 420 
20 24 31 32 39 41 46 49 52 55 61 64 65 69 77 78 81 85 89 92 95 98 100 103 104 105 109 112 113 118 119 122 124 126 127 133 136 140 143 144 148 151 156 158 162 165 168 172 173 180 181 186 187 189 191 195 198 199 201 203 209 213 215 218 219 221 222 226 231 234 237 240 244 248 250 252 255 257 261 263 267 271 273 274 278 281 284 287 288 293 298 299 303 305 309 311 313 316 320 322 325 326 328 330 331 334 336 340 342 343 347 350 353 355 359 362 366 370 371 373 377 379 381 383 386 387 388 392 396 397 400 404 407 411 412 413 418 420 421 425 
21 26 35 39 42 43 49 51 55 58 62 68 71 73 80 84 88 89 92 93 96 99 103 107 109 113 116 118 121 123 126 129 131 133 137 140 143 147 151 152 154 155 157 160 163 166 172 175 179 181 182 188 189 193 196 199 202 206 208 211 213 216 218 220 224 228 229 232 235 239 241 244 246 249 252 253 258 260 264 268 272 273 276 280 282 283 288 291 295 296 301 303 307 308 311 314 316 319 323 327 331 332 333 335 338 342 343 346 349 353 355 356 360 361 365 367 371 374 378 381 384 385 389 392 396 399 403 405 406 410 413 414 415 419 423 425 428 431 435 439 
24 27 38 43 45 46 51 55 57 60 65 71 75 79 81 85 91 93 95 99 100 103 105 111 113 114 120 121 124 126 130 133 134 135 138 142 144 148 152 153 157 158 160 161 164 167 174 179 181 185 186 191 192 196 197 200 205 210 211 212 215 217 219 222 225 230 234 237 240 242 244 246 247 253 255 256 260 264 267 271 275 277 281 283 287 290 294 297 299 301 305 307 308 312 315 319 320 324 326 329 334 336 340 341 345 346 350 351 352 355 357 360 362 364 366 370 375 377 380 385 389 392 395 398 401 402 406 409 410 411 415 416 417 423 426 427 430 434 439 440 
27 28 42 47 50 51 54 58 59 62 68 75 78 82 83 88 92 94 97 102 106 107 108 112 114 115 124 126 128 129 133 134 138 139 140 145 149 151 155 156 158 162 165 169 171 175 177 182 183 186 190 192 193 200 204 205 208 211 214 215 217 220 221 224 226 234 235 240 244 245 246 247 248 254 259 260 261 267 269 274 276 280 283 285 290 293 297 299 300 303 307 310 314 315 316 323 325 326 330 334 335 340 344 345 346 350 352 355 357 359 360 363 364 367 369 372 376 378 384 386 391 394 398 400 404 407 411 412 416 420 424 427 429 433 435 436 438 440 444 447 
29 31 46 51 53 55 58 60 62 66 72 76 80 84 86 92 94 95 100 103 107 108 110 115 116 119 125 127 131 135 137 139 143 145 148 152 155 157 160 163 164 167 169 170 174 177 179 184 188 192 196 197 199 202 206 210 211 213 217 218 219 221 223 227 230 236 237 241 246 247 248 250 252 256 263 265 268 269 273 277 281 282 285 287 291 297 300 302 304 305 309 312 317 321 324 326 330 334 336 339 343 347 351 354 358 359 361 365 366 369 373 374 375 378 379 381 382 386 387 388 392 397 402 405 409 411 413 417 418 421 428 430 431 437 439 441 442 444 446 449 
31 33 50 52 57 60 64 67 69 73 77 80 82 86 88 93 95 98 102 104 111 112 116 120 123 125 126 128 135 138 140 143 146 147 152 153 159 163 165 169 171 173 174 178 182 186 187 188 191 196 197 200 201 205 208 212 216 219 221 222 226 227 231 233 236 238 241 243 250 251 254 258 261 265 268 270 273 275 278 280 283 285 287 291 295 301 303 305 306 310 311 316 321 323 327 328 332 336 337 342 345 350 355 357 360 364 368 372 373 375 376 379 382 385 388 391 394 395 399 403 407 409 411 413 417 418 421 423 425 428 431 435 438 440 444 445 448 449 452 454 
34 38 52 56 58 62 67 71 75 78 79 83 85 88 90 94 96 101 104 106 112 116 118 124 127 128 132 135 136 142 145 149 153 157 159 163 165 167 168 170 172 174 178 180 185 188 190 194 197 201 204 208 212 213 217 218 222 224 225 229 230 234 237 238 239 240 242 246 251 253 257 261 265 267 272 276 278 280 282 286 289 293 294 295 299 302 306 310 311 315 316 320 323 327 328 329 336 337 341 345 348 351 359 363 364 365 372 375 377 378 379 382 385 389 393 395 396 398 403 405 410 413 414 418 421 422 423 424 429 431 433 438 442 443 445 449 450 453 455 458 
35 41 53 58 61 65 70 75 76 79 82 86 87 90 93 98 102 103 106 108 116 117 122 127 131 134 137 140 142 145 147 153 154 158 163 167 169 170 174 177 178 182 183 184 188 191 192 195 199 202 207 210 213 215 221 224 228 229 233 234 235 238 242 244 247 248 250 254 255 259 263 264 267 271 273 280 283 284 286 287 293 297 301 302 306 309 311 314 315 316 320 322 325 331 333 334 339 340 343 347 352 355 361 367 368 371 375 379 383 385 387 389 393 395 396 399 400 404 405 408 414 415 418 421 424 427 430 431 432 433 436 442 446 448 451 454 456 460 461 464 
38 44 56 62 65 68 71 77 79 82 84 88 91 92 95 102 103 104 109 111 117 118 123 131 135 136 141 145 147 151 152 154 156 160 167 168 173 174 176 181 185 187 189 193 194 195 196 198 200 203 209 213 215 217 225 226 231 232 234 237 241 242 245 249 250 253 254 258 262 266 270 272 275 277 280 281 285 288 292 293 294 299 303 307 309 312 315 316 320 322 325 328 330 333 335 337 342 345 347 350 356 358 362 368 372 376 379 380 384 389 392 396 399 400 404 407 409 411 412 415 418 422 423 426 427 431 435 438 441 442 444 446 448 450 455 457 459 464 467 471 
41 48 58 64 69 71 73 78 81 85 88 90 92 95 98 106 108 112 114 118 120 121 127 132 139 140 143 148 149 153 157 158 159 162 169 173 174 177 180 182 188 191 192 195 199 202 203 205 209 210 212 216 218 221 226 229 232 233 236 241 243 246 248 251 255 258 261 265 267 269 274 276 278 282 286 289 293 297 299 301 305 306 310 313 316 319 323 325 328 331 332 335 338 341 345 347 351 353 354 357 359 362 366 371 376 378 382 385 388 391 395 398 401 403 407 409 410 414 418 421 423 427 428 429 430 434 437 439 445 449 453 456 460 463 465 466 467 468 472 473 
45 52 60 68 72 76 77 82 83 89 91 93 94 96 102 107 112 115 119 121 122 125 131 136 143 147 149 150 154 155 159 160 162 163 170 174 175 179 184 187 192 195 199 203 206 207 210 213 214 216 219 220 221 224 230 231 233 235 240 244 246 247 251 255 258 262 263 267 268 271 275 277 280 286 288 292 294 298 300 303 308 311 313 317 318 323 324 328 329 334 338 342 344 346 347 348 354 355 356 358 363 366 367 374 377 379 383 387 390 394 398 402 403 404 410 413 416 420 424 428 430 432 435 438 441 444 448 452 455 458 460 461 464 467 468 470 471 473 475 478 
47 53 63 69 73 80 83 86 90 93 94 97 99 101 104 111 115 116 120 124 125 127 132 140 145 151 152 153 158 161 162 163 165 166 174 177 180 181 186 188 195 198 203 205 210 212 213 214 217 221 225 226 228 230 234 237 241 243 244 247 251 252 253 257 259 266 268 271 273 277 280 282 285 290 293 295 298 300 304 306 309 312 317 319 322 324 326 331 334 338 341 346 348 350 354 356 358 359 363 366 367 369 371 375 379 381 384 388 392 397 401 404 405 406 412 417 420 422 427 430 433 436 437 442 446 450 451 455 458 462 465 466 468 472 476 477 478 480 483 486 
48 57 64 70 74 83 85 88 91 96 97 100 103 105 106 112 119 122 124 128 132 134 136 144 149 154 155 158 159 165 167 171 172 175 177 180 183 184 189 193 197 202 205 207 213 214 218 220 224 225 228 229 232 235 239 243 245 246 249 251 253 257 259 262 266 268 271 275 279 281 285 287 288 293 296 300 304 305 309 310 314 316 318 322 324 326 328 333 336 339 343 349 352 354 356 360 364 368 372 375 379 382 386 388 390 394 398 402 406 410 414 417 419 421 422 424 426 429 430 431 435 437 439 444 447 452 453 456 461 463 468 469 470 473 480 484 486 487 490 494 
51 61 66 73 77 86 90 92 93 99 102 106 109 112 114 117 123 125 128 131 136 139 140 147 150 158 162 164 166 167 170 174 177 179 180 182 185 188 191 195 198 204 209 212 214 216 219 224 227 228 229 230 234 236 240 247 250 254 258 262 265 268 271 275 278 279 282 285 287 289 293 295 297 300 303 306 307 309 311 313 317 318 322 323 328 332 336 340 342 343 346 352 356 359 360 364 367 371 376 380 382 384 388 389 391 398 401 406 409 412 418 420 424 428 430 433 434 436 437 440 441 442 444 447 451 456 459 463 465 468 471 472 474 475 482 487 490 492 495 496 
52 63 70 74 78 90 93 95 99 103 104 108 111 113 116 118 126 130 134 137 141 145 147 150 152 161 164 167 170 173 176 180 183 184 185 188 192 196 199 202 204 206 213 214 217 219 222 225 231 234 235 237 240 242 244 248 251 256 261 264 269 272 276 279 282 284 286 289 290 291 295 298 300 304 305 307 308 312 314 315 318 321 326 327 331 336 337 344 345 346 348 355 359 361 365 368 369 375 380 383 387 391 395 397 401 402 404 407 410 414 419 424 427 432 436 439 441 445 448 450 451 454 458 460 462 463 464 466 468 472 473 474 478 481 485 490 492 495 498 500 
53 66 73 75 80 94 96 100 104 107 110 114 115 119 120 122 127 131 136 140 142 148 151 153 154 164 165 169 174 177 179 184 186 189 192 193 194 198 201 203 206 210 217 219 220 222 225 229 232 238 241 243 246 249 250 251 254 257 262 268 272 275 280 284 288 289 293 297 298 301 305 308 310 313 316 317 320 324 326 329 332 333 334 338 339 340 344 346 349 350 351 359 362 365 368 371 375 377 384 388 389 393 397 399 404 407 408 409 413 418 420 425 429 436 437 443 444 448 452 454 457 458 462 465 469 473 476 480 481 484 486 487 488 489 493 497 501 502 505 506 
56 67 77 79 83 98 100 104 107 110 111 117 120 121 123 127 128 135 137 143 146 151 152 156 160 167 168 172 176 180 181 188 192 195 197 201 203 206 208 209 213 215 219 222 223 227 229 230 236 242 245 246 247 250 252 253 255 261 265 270 275 279 282 285 292 293 297 298 302 303 309 313 314 318 321 322 325 326 328 331 336 338 339 341 342 345 348 349 353 354 355 363 365 368 369 372 376 379 386 389 391 397 399 402 407 409 412 413 416 419 424 428 433 440 443 444 447 451 454 455 459 461 463 469 471 475 480 483 486 487 491 493 496 498 500 504 508 510 512 513 
59 71 80 84 88 99 103 105 110 113 114 119 121 125 126 129 132 138 139 144 150 152 153 159 163 171 174 177 178 184 187 189 195 198 202 203 207 211 212 214 217 220 224 227 230 234 236 237 241 244 249 252 256 257 260 262 263 264 267 272 278 280 284 286 293 297 300 304 307 310 312 316 320 324 326 329 330 333 334 336 339 341 343 346 348 351 354 358 362 363 367 368 371 372 375 379 383 385 387 390 392 399 401 406 411 413 415 417 418 423 427 429 436 442 446 447 449 454 455 457 462 466 467 472 476 480 484 485 489 493 496 500 503 505 506 507 511 513 517 518 
60 73 82 86 90 102 106 108 112 117 120 124 126 129 131 134 137 142 145 147 151 156 157 162 166 172 176 179 181 188 189 190 198 202 203 205 209 215 217 218 222 224 228 230 234 235 240 241 243 246 253 256 260 262 265 269 271 275 276 279 281 285 289 293 296 300 302 305 308 311 315 318 324 328 329 330 331 336 339 343 344 348 350 352 353 357 359 361 366 367 368 369 374 375 377 383 384 388 391 393 394 403 405 410 415 418 419 421 423 427 429 431 437 446 450 453 456 460 462 464 468 469 470 476 479 483 488 489 491 496 497 503 504 506 509 513 516 518 520 522 
63 74 85 87 94 104 108 112 113 121 124 125 130 133 137 141 144 147 148 149 152 160 164 167 171 175 179 181 184 190 194 197 199 204 208 212 213 217 218 221 226 229 233 234 235 239 242 246 248 251 254 259 262 265 269 273 275 278 280 282 283 286 292 297 301 304 308 312 315 318 321 322 327 330 334 338 342 346 350 353 355 359 361 363 364 366 370 372 375 379 383 387 390 394 398 400 402 403 405 407 409 412 413 417 419 422 424 426 428 431 434 435 440 449 451 457 458 462 463 466 472 473 477 481 483 486 490 494 495 498 499 505 506 510 513 515 520 522 524 526 
65 78 88 90 97 107 110 116 117 122 126 127 131 134 138 145 149 153 155 156 158 163 165 171 172 178 183 187 191 194 196 200 204 206 209 216 219 221 225 226 228 231 237 238 239 242 244 250 252 256 259 263 265 268 270 275 277 282 286 290 292 296 299 301 304 305 311 315 318 319 323 327 329 333 336 340 346 347 352 357 359 361 362 367 371 375 376 377 381 382 384 388 394 398 400 404 408 412 413 417 419 422 424 427 430 431 432 433 437 440 443 444 448 450 454 460 462 464 468 470 473 477 481 482 486 487 492 497 501 505 509 512 516 518 520 523 527 528 529 531 
68 79 92 94 101 111 115 120 124 125 127 130 135 136 142 146 150 155 159 160 162 164 168 175 179 183 184 188 195 196 200 201 208 210 211 217 222 224 228 232 233 237 238 239 241 245 248 254 257 258 261 267 268 272 275 278 279 286 289 294 297 299 303 304 308 312 313 318 320 321 325 329 331 336 338 343 347 348 356 358 362 364 366 371 373 378 381 383 384 385 387 389 397 401 405 407 412 415 417 420 421 426 428 429 431 434 435 438 442 446 448 449 452 456 458 461 466 467 469 471 477 478 482 484 488 489 496 499 504 507 510 516 517 522 523 524 529 530 534 536 
69 81 96 97 104 112 117 123 125 129 130 131 138 139 144 148 151 157 162 163 166 167 171 178 183 185 188 189 197 201 202 204 209 211 215 219 225 229 232 234 238 240 244 245 249 250 251 257 261 265 266 270 271 273 277 279 280 290 294 298 302 304 305 307 311 315 317 322 323 324 328 331 332 338 340 346 350 351 358 362 364 366 367 374 375 382 386 390 392 394 395 397 398 405 409 411 416 418 420 424 425 428 431 433 435 436 439 440 446 447 452 456 460 463 464 467 468 472 476 479 483 484 486 490 494 498 502 505 509 513 517 519 521 524 527 528 533 535 539 543 
71 84 98 102 108 115 118 126 130 134 136 139 142 144 146 151 153 161 165 168 171 172 173 182 186 187 192 194 201 203 204 206 211 212 216 223 229 231 234 235 239 242 245 248 252 253 257 260 264 267 269 271 275 277 281 285 288 294 298 299 304 308 309 313 317 319 323 326 329 330 332 335 336 341 344 348 353 354 362 363 365 369 373 375 379 385 390 394 397 400 401 403 406 409 413 414 420 423 427 428 431 435 436 439 441 445 449 453 457 459 461 464 466 468 472 476 478 480 481 484 487 491 495 497 499 501 506 509 511 517 518 521 525 528 530 534 536 540 542 545 
74 88 99 103 111 118 120 130 131 138 140 142 144 146 149 153 157 162 166 169 172 176 179 183 188 190 195 198 205 209 213 215 218 220 221 224 233 235 236 237 243 244 249 252 254 256 260 262 266 271 272 274 276 279 283 288 292 297 301 305 309 312 313 314 320 323 326 327 332 335 337 340 344 347 351 353 354 357 363 364 367 373 376 377 380 386 391 397 401 404 408 411 412 413 417 421 423 426 429 432 434 439 443 446 448 452 454 458 460 462 464 465 467 469 473 480 484 485 488 491 493 497 499 500 504 507 509 511 514 520 524 526 530 532 533 536 537 542 543 547 
76 92 100 107 115 120 124 134 138 142 146 147 149 153 155 158 160 164 168 172 173 177 181 184 189 192 199 202 209 211 214 217 222 224 226 227 236 239 242 245 246 250 254 255 256 260 262 263 267 273 275 279 283 287 288 289 293 301 302 308 310 316 318 319 322 327 328 331 334 337 339 342 347 348 352 354 357 359 364 367 371 374 377 381 382 387 395 401 404 408 411 415 416 419 423 424 426 430 433 435 436 442 446 447 451 455 458 459 464 466 467 471 474 476 477 484 486 488 489 494 495 498 502 503 508 510 513 516 518 524 526 527 531 536 540 544 545 546 549 552 
78 95 104 110 118 122 125 136 139 143 148 151 152 155 157 162 165 166 172 174 175 181 185 186 193 195 202 206 211 212 215 218 223 227 228 229 240 242 243 246 250 252 257 258 261 263 265 266 269 277 281 282 286 291 295 299 302 305 306 311 313 320 324 326 330 332 333 337 340 342 345 346 351 355 358 361 365 369 373 374 377 379 382 385 387 388 399 405 409 413 417 419 422 424 425 426 427 431 437 441 443 446 449 452 454 457 460 462 465 469 470 474 476 478 481 487 489 490 491 497 499 502 504 508 512 513 514 517 522 526 529 530 534 539 541 546 547 549 552 554 
79 97 105 112 121 125 127 139 142 146 152 156 160 164 168 172 176 179 181 182 186 188 191 192 197 200 204 209 215 217 220 224 227 231 232 236 244 245 248 251 254 255 258 260 265 267 269 270 274 278 282 284 287 293 297 301 304 309 312 315 319 322 325 328 332 333 337 341 342 344 346 348 352 358 360 362 367 372 374 378 381 385 386 388 390 393 403 406 411 416 418 423 424 425 428 431 433 436 439 442 445 449 450 453 457 458 461 465 468 472 475 479 480 482 483 488 491 494 498 502 505 508 512 515 519 521 525 528 529 533 537 541 543 544 545 549 550 554 558 560 
80 101 108 113 124 129 132 141 146 148 154 158 162 168 169 174 178 180 182 185 190 194 195 199 203 206 208 211 217 220 222 225 228 234 235 237 245 247 249 255 257 259 261 265 269 272 274 276 279 282 286 289 290 294 300 302 306 312 316 317 321 324 328 329 334 338 342 343 347 351 355 359 362 365 368 372 373 377 380 384 387 391 394 398 402 404 406 407 414 417 422 425 426 430 431 432 435 437 443 445 446 450 453 455 460 462 464 467 471 474 479 481 482 486 490 491 495 498 501 503 506 509 516 518 522 524 529 532 535 539 543 546 549 550 552 553 557 559 562 565 
84 103 112 116 126 131 134 145 149 150 158 160 163 172 175 179 180 183 186 188 191 196 200 204 206 208 212 214 221 225 227 231 235 239 240 243 248 249 253 257 260 264 267 270 271 276 280 281 284 286 289 293 295 299 302 306 308 314 319 321 323 327 331 332 336 340 343 346 351 352 359 361 365 366 369 376 379 381 383 388 390 393 396 402 406 410 414 415 416 418 426 427 430 431 434 436 437 438 445 449 452 455 458 462 466 467 469 471 475 476 482 484 486 488 494 498 501 504 507 509 512 513 518 519 523 528 532 533 537 542 546 549 551 554 556 560 562 565 569 571 
88 107 116 119 130 133 137 147 151 155 161 164 165 176 178 182 186 188 189 193 194 198 204 205 210 211 213 217 225 229 231 232 238 241 244 246 249 250 254 258 264 268 269 274 278 279 283 286 287 290 292 297 298 300 303 307 309 315 321 323 327 329 332 335 338 343 344 347 353 356 363 364 368 370 373 377 381 383 385 391 395 398 401 403 407 413 415 418 421 422 428 429 432 433 436 438 442 444 449 450 456 457 460 463 467 469 470 472 479 482 486 488 492 495 497 500 503 506 511 513 517 521 523 527 529 533 537 541 544 547 551 554 556 559 560 561 565 569 572 575 
89 108 119 123 133 137 141 151 155 157 163 167 170 180 181 184 189 191 195 196 199 201 206 207 213 215 216 218 227 230 234 237 239 245 247 251 253 254 257 261 265 269 272 278 280 282 285 290 293 296 300 302 304 307 309 311 315 316 324 325 329 332 333 336 339 344 348 351 356 359 366 368 371 372 374 379 383 387 390 394 397 400 405 406 409 414 418 419 424 425 431 433 437 440 441 444 445 446 452 456 457 458 461 466 468 473 477 481 482 485 488 489 496 497 498 504 505 507 514 515 520 525 526 528 533 535 539 543 546 548 553 558 560 562 566 567 569 571 573 577 
90 111 121 127 135 138 145 152 156 158 164 169 173 181 183 186 190 193 198 199 201 203 207 211 215 219 221 225 230 234 237 240 243 248 250 253 257 260 263 264 269 272 273 279 283 286 290 291 294 299 301 305 309 310 312 315 319 320 326 330 331 334 337 338 341 345 350 354 358 362 367 370 373 377 379 382 386 389 393 398 401 402 408 411 415 416 422 423 426 428 433 434 440 444 448 452 455 458 461 465 466 468 472 474 476 477 478 485 486 488 490 491 497 501 504 505 506 509 518 521 523 527 531 532 535 539 541 545 549 551 555 561 564 566 567 571 572 575 576 580 
93 112 125 129 137 141 146 153 159 162 167 171 174 182 187 191 192 196 200 202 206 209 212 214 219 222 223 228 233 236 240 242 247 249 253 257 261 265 267 269 272 276 277 282 285 290 293 295 299 302 306 307 311 314 316 319 321 322 330 332 336 337 338 341 344 347 354 358 361 366 371 373 375 378 380 385 388 393 397 401 404 408 409 412 417 419 426 428 430 433 437 440 441 448 450 455 457 462 465 466 467 470 473 476 480 483 485 488 490 492 495 496 500 505 509 512 513 514 519 522 527 529 534 537 540 542 545 547 553 555 558 563 567 571 572 574 575 579 581 582 
94 113 129 132 139 144 149 156 161 165 169 173 175 184 190 194 198 202 203 207 210 211 215 217 223 227 230 232 237 240 241 243 250 251 255 260 262 268 269 271 275 279 280 283 289 294 295 297 300 304 307 308 315 317 318 322 324 326 333 337 341 342 344 348 349 353 357 361 363 370 373 374 377 379 383 387 392 397 401 402 407 411 414 418 422 424 427 429 432 437 440 441 443 452 456 458 461 463 466 468 472 473 476 479 481 486 489 490 493 494 497 500 501 508 511 515 519 520 521 525 531 532 537 540 542 544 546 550 555 557 559 564 570 572 576 579 583 586 589 590 
95 116 133 137 140 146 153 160 165 167 171 177 179 187 191 196 199 205 209 210 212 213 218 220 225 231 232 234 241 244 246 247 251 254 259 263 267 271 275 278 282 284 288 289 291 296 298 300 302 307 308 312 317 321 322 324 326 330 334 339 344 347 349 353 354 357 359 364 365 374 375 376 381 382 384 390 393 399 402 403 411 413 417 422 425 426 429 432 435 439 443 447 450 453 457 461 462 465 469 473 474 478 481 485 489 490 491 493 495 499 500 502 505 509 515 516 522 525 528 531 535 537 538 544 546 548 551 552 558 561 565 569 573 574 577 582 585 589 590 592 
96 120 134 140 144 150 156 163 169 171 175 180 183 188 193 197 200 209 212 216 219 223 227 229 230 235 236 239 242 245 248 249 252 257 261 265 271 273 279 283 285 289 293 294 297 300 304 306 309 312 313 316 321 324 326 329 330 332 338 343 346 348 352 356 358 359 363 365 368 376 377 379 385 388 390 394 397 400 406 409 412 416 421 426 428 432 435 436 440 443 445 449 451 454 460 464 467 471 472 476 478 481 482 488 490 493 497 498 499 501 505 507 509 510 516 519 526 529 531 534 539 540 541 548 552 555 559 560 562 563 569 570 574 578 580 583 587 593 595 596 
98 122 138 141 145 152 159 166 171 174 177 182 187 190 196 201 202 213 217 218 223 227 230 231 233 237 239 242 244 247 250 254 258 262 264 268 272 276 281 284 287 293 296 298 301 302 306 307 311 314 317 320 323 327 329 332 334 336 340 347 348 349 355 358 360 361 366 369 373 380 383 386 389 393 397 401 405 407 408 411 414 420 424 428 430 435 438 441 443 446 449 452 454 457 461 468 471 473 476 479 482 485 487 490 492 496 501 502 506 508 510 514 518 521 522 524 528 533 536 538 543 545 547 549 556 557 562 563 567 570 574 577 578 581 585 588 592 597 600 604 
101 123 140 142 148 154 161 169 172 178 181 185 191 192 199 203 204 217 221 223 226 229 231 234 236 238 242 243 247 248 253 258 262 266 267 269 274 278 285 289 290 295 298 300 305 307 309 312 316 320 322 324 328 329 332 335 339 341 343 348 351 352 357 362 366 370 372 375 377 381 384 387 390 396 400 403 408 410 414 417 420 421 425 429 434 438 439 443 445 447 452 455 456 458 465 472 474 478 480 481 486 488 491 494 495 498 502 504 510 513 517 520 523 527 529 530 531 534 538 541 547 549 553 556 559 561 564 566 571 574 578 581 584 588 591 595 599 600 602 605 
102 125 142 145 151 158 163 170 176 180 182 187 194 196 201 205 209 221 225 229 233 237 239 242 243 245 248 250 254 258 260 264 267 271 275 277 278 280 286 290 291 299 301 304 308 312 314 315 320 321 323 328 332 336 337 339 341 342 344 351 352 355 361 365 370 374 377 379 381 384 387 391 393 397 402 406 409 413 418 420 423 426 427 433 437 440 441 444 449 453 457 461 462 466 469 475 476 479 481 485 487 492 493 496 499 500 505 508 512 517 519 524 526 530 531 534 538 542 544 547 549 550 555 557 562 565 566 569 572 575 580 585 587 592 594 596 601 603 605 607 
106 129 145 149 153 160 165 172 179 181 186 191 195 199 203 206 212 224 226 230 234 239 243 247 248 251 254 256 259 262 264 268 269 275 276 281 283 286 290 292 293 301 304 306 312 313 316 317 323 327 331 332 336 338 342 345 347 349 351 353 355 356 364 369 374 377 379 380 382 386 388 392 396 401 405 408 410 417 420 422 425 429 433 436 441 443 446 447 453 454 461 465 467 468 470 476 477 482 484 488 491 494 495 500 504 505 508 510 513 520 524 526 528 532 533 536 539 544 546 550 554 558 559 563 566 568 571 574 575 576 584 589 592 593 598 600 603 606 610 614 
108 131 148 153 154 161 167 176 180 182 188 193 197 202 206 210 216 226 228 234 235 240 245 250 254 255 259 263 265 268 269 271 273 277 278 284 286 290 293 296 300 302 306 310 315 317 320 321 327 331 334 335 340 344 346 350 353 355 357 358 360 361 368 371 377 380 381 385 387 389 392 394 400 402 406 410 414 421 422 424 427 431 434 440 443 446 449 453 455 456 464 469 470 471 472 480 481 484 487 490 494 496 498 503 505 508 509 513 516 523 525 528 531 533 535 539 541 545 549 553 556 561 562 566 568 569 575 577 581 583 585 590 595 598 601 602 604 608 614 618 
111 133 152 157 159 164 171 179 184 186 192 194 200 206 209 213 218 228 231 236 240 243 247 253 256 257 261 267 271 273 275 277 278 280 282 286 288 292 297 298 301 303 309 313 317 318 321 322 328 333 338 339 343 347 350 351 355 356 360 364 365 368 372 376 381 382 386 387 390 391 396 397 401 404 408 414 418 425 427 430 434 435 439 443 446 449 450 455 457 458 465 473 474 476 479 483 487 489 492 495 497 499 501 506 510 513 514 517 519 527 530 531 533 535 537 543 546 549 550 554 558 562 566 569 571 573 579 582 585 589 592 595 599 601 605 607 609 613 616 619 
114 135 153 160 164 165 175 180 185 189 196 197 202 210 213 216 219 232 235 240 243 247 250 255 257 259 262 269 274 275 276 281 285 289 293 297 298 302 304 306 309 312 313 315 318 322 323 324 331 337 339 341 346 350 351 354 359 362 364 366 367 370 376 379 384 385 389 390 393 396 400 404 407 410 414 418 419 429 431 432 436 440 443 447 449 452 455 457 461 464 468 477 478 482 485 486 491 493 496 500 502 506 509 513 514 517 519 521 524 530 532 535 539 542 543 545 549 551 552 555 560 563 569 571 573 574 583 587 591 592 595 599 602 606 609 612 616 617 618 620 
116 136 156 162 165 166 178 183 187 191 197 200 206 212 216 220 221 234 237 241 244 250 252 256 258 262 266 273 278 279 281 283 287 293 296 298 300 304 308 310 311 316 320 323 327 331 335 339 340 342 345 349 352 353 355 359 361 363 368 369 373 376 378 380 385 388 391 393 397 398 401 407 409 411 417 419 423 433 437 438 442 443 446 450 454 456 460 461 465 469 470 480 484 488 491 494 495 498 502 503 504 509 510 515 519 522 526 527 529 534 536 537 543 546 549 550 554 557 561 562 566 570 573 574 577 578 587 588 593 597 599 603 604 609 613 616 618 621 625 628 
118 138 159 163 169 173 179 187 190 194 198 203 208 213 220 223 227 236 238 242 247 252 254 260 262 266 270 274 280 281 282 286 289 297 299 301 305 308 312 313 317 318 324 326 328 334 338 343 344 346 350 353 354 357 360 362 363 364 369 373 375 379 382 386 389 390 394 398 402 406 408 411 413 416 421 422 425 436 439 442 445 446 449 451 455 460 463 467 468 473 476 484 486 489 493 497 499 502 505 506 507 510 513 516 520 524 529 533 535 539 542 546 547 549 553 557 559 563 565 567 568 574 575 578 580 581 589 593 596 601 605 609 610 613 614 620 621 625 626 631 
120 139 163 165 170 174 180 188 192 196 202 205 212 216 222 226 229 240 242 245 251 256 259 263 266 269 271 277 284 288 291 292 293 301 303 305 308 309 315 319 321 323 326 329 332 335 339 344 347 349 351 355 359 361 362 363 367 369 372 375 379 380 384 387 391 394 395 399 405 408 409 413 416 418 422 423 428 438 441 445 447 451 452 453 459 463 467 471 472 475 480 486 489 493 496 500 504 505 506 507 511 515 517 519 521 526 532 535 538 543 546 549 553 555 557 560 563 565 566 571 575 579 583 584 586 587 593 594 598 605 608 612 614 617 620 622 624 628 631 635 
124 140 166 169 172 177 182 192 194 197 205 207 215 217 225 230 233 241 245 249 252 260 262 265 270 272 273 279 286 290 292 294 297 305 307 310 314 316 319 321 325 327 330 331 336 338 343 348 349 352 353 356 360 364 366 367 369 372 373 379 380 384 388 391 394 395 398 400 409 410 414 418 421 424 427 431 435 441 444 448 451 454 455 456 462 465 471 473 476 480 484 487 493 494 498 502 506 507 508 512 513 516 520 521 524 529 535 538 542 546 547 553 555 557 561 562 564 567 571 573 579 582 584 587 591 595 599 601 605 606 611 616 618 621 622 625 629 630 635 639 
127 143 169 172 173 180 184 196 200 204 209 211 216 219 227 234 236 242 248 252 255 264 268 272 275 279 281 282 287 291 296 299 302 308 311 314 315 318 320 322 328 331 333 334 338 342 346 352 356 357 359 361 365 369 370 371 373 374 377 381 382 385 391 393 395 399 401 404 412 413 417 421 424 428 432 435 439 445 446 451 453 456 458 462 464 467 474 475 477 484 488 491 497 500 504 508 512 515 516 519 523 526 527 528 532 534 537 541 543 548 551 554 558 561 565 566 570 574 577 580 584 587 588 590 595 599 600 603 609 613 617 620 621 625 628 631 634 635 637 641 
130 147 173 176 177 182 185 199 204 206 212 216 217 220 228 236 237 244 251 256 259 265 272 275 276 283 285 289 290 293 300 302 304 312 316 319 323 326 328 331 333 337 338 342 343 344 349 354 357 359 360 365 367 371 374 375 379 381 384 385 386 388 393 397 401 402 403 405 415 419 421 425 428 429 435 439 442 449 450 453 457 460 463 466 469 471 475 477 479 485 492 496 501 505 507 510 516 518 522 524 525 529 531 535 538 540 541 542 546 549 553 558 562 563 566 568 572 577 578 584 587 589 590 592 598 602 606 609 610 617 619 623 626 628 632 635 639 641 645 649 
133 151 177 178 179 184 188 203 208 210 214 219 223 224 231 240 243 248 253 257 262 267 276 277 280 286 288 290 291 295 304 305 309 314 317 320 324 328 330 335 338 340 344 346 350 352 356 359 361 365 366 368 369 375 376 380 381 382 386 388 391 395 398 400 403 404 405 407 419 421 422 427 429 431 437 440 446 451 455 456 458 464 465 468 470 475 477 478 480 488 493 500 503 509 512 514 517 522 523 528 531 533 536 539 542 543 544 546 549 551 556 559 564 566 570 573 577 579 580 587 590 593 596 599 600 605 608 610 613 620 621 625 630 631 636 638 642 645 647 652 
137 154 179 181 184 186 190 204 211 213 216 223 227 230 233 242 245 250 255 258 266 270 279 283 287 291 292 296 300 302 306 310 314 315 318 324 328 331 332 336 339 343 348 352 356 360 363 365 369 370 373 376 380 382 385 389 390 394 398 399 401 405 406 410 414 418 422 426 427 429 430 433 437 439 443 444 448 454 457 458 459 465 467 469 471 478 481 483 484 489 494 504 505 512 515 519 523 526 530 531 533 534 540 544 546 549 553 556 558 559 562 563 567 568 571 575 580 583 585 589 594 595 600 601 605 606 609 614 618 622 623 629 631 633 640 644 647 650 652 654 
138 157 181 183 186 189 191 207 212 216 220 227 228 234 235 246 250 253 259 262 267 271 281 285 291 294 295 298 304 308 311 312 315 319 321 325 330 334 337 340 341 344 350 354 358 364 365 369 371 374 377 379 382 386 387 392 393 396 402 405 409 412 414 417 419 423 427 429 433 434 436 438 441 443 447 450 453 458 459 463 464 469 472 476 479 481 485 487 490 492 498 505 509 513 516 523 525 527 531 533 537 541 542 548 549 551 557 560 561 562 564 567 569 573 576 578 584 585 586 593 597 599 604 607 611 615 619 622 623 627 629 630 633 636 643 645 648 654 655 657 
142 160 184 187 189 191 195 209 215 220 224 228 232 235 239 249 251 256 262 264 270 274 285 288 293 298 302 305 307 311 314 318 320 323 324 329 331 338 339 341 344 346 353 358 361 368 372 374 376 379 380 383 384 387 389 394 397 400 404 409 412 414 418 419 420 427 428 433 434 436 438 439 445 447 451 455 457 459 462 467 469 472 475 477 480 483 488 492 493 497 499 506 513 515 520 526 527 528 532 535 538 544 548 549 553 556 561 562 566 567 568 572 573 576 580 584 585 586 588 596 600 602 607 609 612 618 623 627 631 634 636 640 642 646 650 654 657 661 664 666 
144 163 186 191 192 195 197 211 218 222 225 232 236 240 241 253 255 260 266 269 273 276 288 292 297 302 304 306 308 314 318 321 323 326 328 330 334 341 345 348 351 353 357 359 364 369 375 377 381 384 385 386 390 394 396 399 401 405 409 410 415 419 420 421 424 431 434 436 439 440 444 447 449 450 453 459 463 467 471 475 476 480 483 485 487 491 492 493 496 501 504 509 515 518 521 529 530 534 537 539 541 546 551 554 558 561 565 569 571 574 575 576 577 580 581 587 590 591 594 599 603 604 609 611 614 620 624 631 633 638 639 643 646 649 651 656 659 663 666 668 
148 166 187 194 196 197 198 214 219 225 229 235 240 243 246 255 256 262 269 270 274 279 290 294 298 304 305 307 312 317 319 324 325 327 329 334 335 345 347 350 352 357 360 361 365 372 376 379 384 385 388 389 391 398 400 404 407 411 413 416 418 420 422 423 427 434 436 437 442 444 445 451 454 457 460 463 467 471 472 476 480 482 487 488 492 494 497 500 501 505 507 511 518 520 525 533 537 540 544 547 551 552 554 555 562 565 568 570 573 576 578 579 582 584 588 592 596 597 601 603 606 607 612 615 617 621 625 634 637 642 644 647 651 653 657 660 663 664 668 669 
152 169 189 197 198 202 203 215 221 226 230 236 243 244 247 256 257 264 271 273 276 283 291 297 300 305 308 310 315 318 323 327 328 329 332 335 336 349 350 351 354 358 364 365 369 374 379 383 385 386 390 393 394 400 403 406 410 414 416 420 424 425 427 429 430 435 438 442 443 448 452 455 456 461 465 467 470 473 475 479 483 486 488 491 495 497 500 502 506 510 514 518 519 521 526 536 540 541 547 551 555 558 559 562 566 568 569 574 577 578 580 582 584 585 592 594 598 601 604 608 611 613 617 620 622 625 627 636 640 644 647 651 652 657 659 661 664 668 669 673 
153 170 190 198 202 203 207 217 224 228 233 240 246 249 250 258 261 267 274 278 282 285 292 301 303 308 310 314 317 321 327 329 332 336 337 341 345 351 352 353 355 362 366 369 371 377 380 386 389 391 394 398 399 401 407 411 415 419 423 427 430 431 432 435 437 441 445 446 449 451 453 457 458 462 466 471 475 478 481 485 486 488 491 493 496 501 504 507 510 511 516 522 525 527 529 538 544 548 550 553 557 561 563 567 569 570 572 578 582 583 585 589 592 593 595 598 600 605 607 611 612 616 619 624 626 629 632 640 644 647 648 655 656 661 663 667 670 672 673 675 
155 174 194 201 203 204 209 219 226 230 234 244 247 253 255 262 265 271 278 279 284 289 293 303 306 312 316 320 321 322 331 332 336 337 338 344 346 355 357 360 364 366 369 370 375 378 381 390 394 397 401 404 407 411 413 416 417 421 427 431 433 437 440 441 442 443 447 448 452 454 457 459 462 463 468 474 479 481 485 487 488 490 492 494 499 504 507 509 511 514 519 524 526 530 533 539 546 550 552 556 560 562 564 568 572 573 577 581 586 587 591 595 597 600 602 606 608 609 613 615 618 620 623 625 630 632 633 642 648 650 654 657 659 664 667 668 672 673 674 679 
157 178 198 203 207 209 213 220 227 233 237 246 250 257 259 266 269 273 280 283 286 292 295 306 309 316 318 323 326 329 335 336 340 341 345 346 350 358 359 361 366 370 372 373 378 380 384 393 395 399 403 406 409 412 414 417 418 423 429 433 435 438 444 446 449 451 455 457 459 460 461 463 465 467 470 478 481 485 488 490 492 494 495 498 501 505 511 513 514 518 520 525 529 532 537 543 548 553 555 559 564 567 571 572 575 577 578 585 590 593 597 601 602 603 607 610 612 614 618 622 625 627 629 630 632 636 640 646 649 651 658 660 664 668 670 671 673 674 677 683 
158 182 199 204 211 212 217 223 230 235 241 249 253 260 261 270 273 274 283 285 289 295 299 308 310 320 323 325 328 331 337 339 342 345 349 353 356 362 364 366 369 371 373 375 381 384 386 396 399 401 406 407 410 415 416 421 423 427 431 436 437 441 446 449 451 452 457 461 465 466 470 471 472 476 477 481 484 486 490 494 496 498 502 503 505 509 514 518 521 522 526 530 534 536 540 547 552 554 558 560 567 569 574 578 582 585 588 591 595 597 599 604 608 612 616 617 621 623 625 629 631 634 638 640 643 647 651 652 653 657 661 662 667 672 674 675 677 679 682 687 
161 183 200 206 214 215 218 226 234 237 242 251 256 261 264 273 277 279 284 289 290 296 302 310 314 324 327 331 335 339 342 345 346 350 352 357 360 364 368 371 373 375 377 381 384 386 389 400 402 406 410 414 416 420 421 424 428 431 433 437 441 442 449 453 457 459 463 464 469 472 475 476 477 481 485 489 490 494 495 496 500 504 505 507 511 515 516 522 526 530 534 535 539 542 546 550 556 557 562 564 570 573 576 582 585 589 593 596 598 601 603 605 612 614 620 621 623 627 629 630 634 636 640 642 645 649 654 657 658 660 665 666 668 675 676 679 682 684 685 691 
162 185 202 210 216 219 222 230 235 240 244 252 259 264 265 276 278 282 285 292 295 299 304 311 316 328 330 333 337 341 343 349 353 354 355 361 364 365 369 374 375 377 381 384 387 390 393 404 405 407 411 416 417 423 425 429 433 435 438 440 443 444 453 455 458 461 466 469 471 475 478 479 483 485 488 492 494 497 499 501 505 509 513 514 518 521 522 526 529 532 536 537 542 544 548 553 560 561 563 566 571 575 578 585 588 590 594 600 603 607 610 614 618 620 622 623 624 628 630 632 638 639 641 646 649 650 656 659 662 666 667 669 671 676 678 680 686 689 693 696 
163 189 203 211 217 221 224 234 236 243 248 255 262 266 270 280 282 284 287 295 297 301 305 314 320 331 335 338 341 345 348 352 354 357 359 363 368 369 371 375 378 380 385 386 388 391 395 407 409 410 414 418 422 425 429 433 434 439 440 441 445 447 456 458 459 462 468 471 474 476 480 484 488 489 492 496 497 500 503 504 508 513 516 520 523 525 528 531 533 537 539 543 544 546 550 557 561 565 569 570 574 578 582 589 592 593 597 604 606 608 612 615 621 624 626 629 631 635 636 639 642 643 644 650 651 652 659 660 666 670 671 672 674 679 682 686 689 693 694 699 
166 191 204 212 219 225 228 236 237 247 252 256 264 270 271 284 287 290 291 298 300 304 309 316 324 332 339 343 347 348 351 354 357 359 362 366 369 370 372 377 379 383 387 390 391 395 396 410 413 416 420 423 424 427 430 436 439 442 443 447 451 452 457 459 463 465 470 474 478 481 485 488 490 493 496 498 501 504 505 508 510 517 521 524 525 529 530 533 537 540 542 544 548 550 552 559 565 569 571 573 577 580 584 591 595 599 601 605 608 609 616 619 623 625 630 633 634 637 639 643 647 648 652 654 657 658 660 661 669 673 676 678 680 684 687 690 692 695 698 700 
169 194 205 213 220 227 231 237 238 248 253 260 268 274 276 287 290 291 293 300 302 307 312 318 327 334 341 346 349 350 354 355 359 361 366 368 372 375 379 381 385 387 390 391 393 398 402 412 415 418 422 426 428 430 433 439 442 443 445 450 455 457 458 461 466 469 474 475 482 485 488 490 494 497 499 500 503 508 511 513 517 520 525 526 529 530 534 538 542 546 549 553 557 560 563 567 569 572 576 579 580 583 585 594 597 602 606 607 611 612 617 623 627 628 633 636 640 644 648 649 652 656 657 659 660 661 662 666 673 674 680 682 684 687 691 695 698 702 703 707 
171 198 206 217 224 228 232 238 241 252 254 263 272 278 282 290 292 294 296 304 307 311 316 319 331 338 342 350 352 353 358 360 361 362 370 372 375 376 383 384 388 391 395 399 402 405 408 414 417 419 426 429 430 434 436 441 443 446 450 451 458 460 464 468 469 470 478 481 486 490 494 497 501 504 505 507 508 511 514 518 522 526 529 530 533 534 537 541 546 548 553 554 558 563 565 571 575 577 581 585 586 588 590 596 601 604 608 609 613 617 620 624 630 633 637 640 643 645 650 651 655 657 658 661 664 667 670 673 674 675 681 684 688 692 694 699 702 706 708 710 
173 202 210 220 227 230 236 240 242 255 258 265 275 282 285 292 295 299 303 306 308 315 319 323 334 341 346 351 354 357 361 362 364 368 371 374 377 378 384 386 389 395 397 401 404 408 409 415 420 422 428 430 432 435 440 444 447 448 451 452 460 461 466 470 474 475 481 484 489 494 495 501 503 507 508 509 510 513 517 521 525 527 530 532 535 537 538 542 548 550 555 557 562 567 570 575 576 578 584 589 590 594 598 600 602 606 610 612 614 619 624 625 634 636 638 643 644 649 652 653 656 661 664 667 671 675 679 681 684 686 690 691 694 697 698 701 706 709 710 713 
176 205 213 221 230 234 239 241 246 257 261 269 278 286 290 296 297 301 304 310 312 319 320 327 338 344 350 354 356 359 362 364 367 370 375 377 380 384 387 390 394 397 400 402 406 409 412 417 424 425 431 435 437 440 441 445 450 454 457 460 462 465 467 471 478 482 485 488 492 497 500 503 504 508 510 512 514 517 521 523 527 531 535 539 542 545 546 549 552 556 560 561 564 569 573 577 580 584 587 590 594 596 600 604 605 608 614 615 618 621 626 628 636 637 641 645 646 651 655 658 662 663 665 668 674 678 680 684 688 692 694 696 700 704 707 711 712 714 718 719 
178 209 215 225 231 236 242 246 249 258 264 273 281 289 291 297 299 302 305 313 317 321 325 329 339 346 352 357 359 362 363 366 369 371 378 380 383 388 391 395 399 402 404 407 410 412 416 421 427 430 434 436 441 445 448 452 454 456 460 464 465 466 470 472 479 485 488 491 494 500 504 508 512 513 515 516 519 523 526 528 529 534 536 542 545 548 551 553 554 558 564 568 571 575 578 580 582 588 592 595 597 599 603 608 610 614 615 616 622 625 630 633 639 640 642 649 651 655 658 661 665 669 670 672 677 679 681 688 689 695 698 700 704 705 710 714 715 717 722 726 
181 210 218 226 232 239 244 250 253 260 268 275 282 292 295 299 301 305 309 315 320 325 329 330 342 348 354 358 361 365 369 371 375 378 381 383 386 392 395 396 403 406 407 411 414 415 418 422 430 432 436 439 443 446 450 455 456 457 462 465 467 471 475 476 483 489 490 494 498 504 507 510 515 517 518 519 523 526 527 532 536 539 541 544 546 550 553 555 558 562 567 571 572 579 580 581 584 590 596 597 600 602 604 612 616 619 620 622 625 627 632 637 643 647 648 651 654 657 662 664 669 670 671 673 679 680 685 689 693 699 701 702 705 706 713 718 720 723 726 730 
185 214 220 227 233 242 246 254 257 264 271 276 283 296 299 301 303 307 311 319 322 329 330 334 345 349 358 360 364 368 370 372 378 379 385 389 390 395 396 397 404 408 409 413 416 418 419 426 432 436 440 444 447 448 451 458 459 461 463 466 470 474 476 479 487 493 497 499 502 505 510 514 518 522 526 530 532 533 534 536 538 542 545 547 551 552 557 561 563 564 571 572 575 582 584 585 589 594 599 603 605 608 610 614 620 623 624 625 629 631 634 638 644 651 652 655 657 659 666 667 670 674 675 676 682 683 688 693 694 703 706 708 709 710 715 721 722 724 727 732 
188 215 223 230 237 245 250 257 259 267 274 277 285 299 303 306 307 309 313 320 324 331 332 335 346 350 362 364 365 371 372 374 381 382 388 393 395 396 400 402 407 412 413 415 420 424 426 428 436 437 441 445 448 451 453 462 464 466 467 469 472 477 481 485 491 497 501 504 505 506 514 518 520 523 529 532 534 535 538 539 542 546 547 550 552 553 560 562 567 570 574 577 578 584 586 590 591 596 601 606 607 609 611 618 623 624 628 632 634 635 636 641 645 653 654 656 658 662 667 669 673 678 680 683 687 688 691 697 699 706 710 711 714 715 717 722 725 727 728 733 
192 216 227 231 238 246 253 259 260 270 278 280 286 303 307 309 312 316 318 324 328 332 334 336 348 351 363 368 372 376 378 380 385 387 390 396 398 401 402 404 411 415 418 420 424 427 428 429 440 443 444 448 450 452 454 464 467 468 471 472 475 479 485 486 495 500 502 508 512 516 519 523 524 525 530 534 535 536 539 540 546 550 552 554 558 559 561 563 569 573 577 579 582 587 590 592 596 599 604 610 613 614 616 619 627 629 632 634 637 641 645 647 650 654 655 660 663 667 668 670 674 680 681 687 691 693 697 700 702 708 712 715 716 718 722 726 727 731 734 735 
193 220 228 235 242 247 255 261 264 271 281 283 287 304 309 313 315 319 321 325 330 333 337 339 350 355 367 369 376 379 380 383 389 390 391 397 402 403 405 409 415 416 422 423 425 430 434 435 441 444 447 449 454 455 456 466 468 472 476 478 479 480 487 488 498 502 505 512 516 518 522 527 530 534 537 539 542 546 548 552 555 556 557 560 562 566 570 571 572 576 580 584 585 588 591 595 598 601 606 611 614 615 618 621 631 633 637 639 640 643 648 650 654 658 659 662 667 670 672 674 676 683 685 688 694 698 699 702 704 712 714 716 720 723 727 729 730 734 736 738 
195 223 230 238 243 248 256 262 266 274 284 288 289 305 311 317 319 321 323 328 331 335 341 342 351 357 371 374 380 384 387 389 392 396 400 402 403 407 411 415 418 422 425 429 430 432 436 437 443 447 449 450 457 460 464 467 470 476 479 482 485 486 491 494 500 504 507 515 518 521 525 528 531 538 541 543 544 547 551 555 559 562 563 564 567 568 573 577 579 583 586 588 590 592 595 597 599 602 607 613 616 619 621 625 633 637 640 642 644 645 652 656 660 663 666 669 670 673 675 677 678 687 689 690 697 702 705 709 712 713 718 720 723 727 728 731 733 737 739 741 
199 226 231 240 245 250 257 264 267 276 288 290 292 306 313 319 323 325 328 332 333 339 344 348 352 359 372 375 384 385 390 394 398 399 404 407 409 411 412 418 419 424 429 433 434 436 437 441 444 450 452 456 461 464 468 472 474 480 484 486 490 494 495 497 501 507 508 519 522 523 529 532 534 542 543 545 549 553 556 559 560 566 567 568 569 571 577 581 582 585 587 592 593 594 597 599 601 606 609 617 621 625 628 631 635 638 641 646 647 650 654 660 664 668 669 673 677 680 683 686 688 690 693 697 701 706 710 712 713 715 719 722 725 729 730 732 735 738 740 742 
201 228 233 244 249 251 260 268 269 279 289 294 297 309 315 320 327 330 332 334 335 342 348 350 354 361 373 377 386 387 391 398 401 403 406 411 415 418 420 421 425 427 432 437 439 440 444 447 450 451 453 457 465 467 469 475 479 484 487 490 491 495 499 501 502 510 511 522 526 528 533 537 539 545 546 548 552 556 558 560 561 569 572 574 576 580 584 586 590 592 593 595 599 603 605 609 610 612 616 620 623 626 631 633 638 642 646 649 652 655 657 664 665 669 673 676 681 684 688 691 694 698 701 703 705 709 714 716 719 723 726 730 734 736 737 740 743 745 749 750 
205 232 235 247 250 252 262 271 275 281 290 297 300 310 317 324 331 333 335 338 339 346 352 355 359 365 375 378 388 392 393 400 402 406 409 413 418 419 424 425 429 430 436 441 442 444 446 450 452 455 457 460 467 470 472 477 481 485 491 493 495 496 503 504 507 512 514 524 528 529 537 538 543 547 550 551 554 557 560 563 564 571 576 579 580 584 587 590 592 593 597 601 604 605 609 611 613 617 618 623 624 628 634 638 640 645 649 653 656 657 659 667 670 674 677 680 684 688 692 694 697 700 702 704 708 710 715 718 723 724 727 733 736 739 742 745 748 749 750 753 
206 234 237 248 251 255 265 274 279 282 292 300 303 311 320 327 333 335 339 340 343 350 355 358 360 367 377 379 391 394 396 402 404 408 413 415 421 424 426 428 432 435 440 444 448 451 455 457 460 463 466 467 468 474 477 478 482 489 492 497 501 505 509 513 517 519 521 527 531 534 541 543 544 551 553 557 560 562 563 564 566 572 578 581 585 589 592 593 595 596 601 602 606 608 612 614 617 618 621 625 629 633 638 640 644 649 650 657 660 662 664 668 672 678 681 683 688 690 694 696 700 701 704 706 710 713 719 720 726 729 732 736 740 744 745 749 750 753 755 758 
207 235 241 252 254 259 267 275 281 284 295 301 306 315 322 329 336 337 340 342 347 353 359 361 363 368 379 382 392 397 401 405 406 410 417 419 425 426 430 434 437 438 442 447 452 456 457 458 462 467 469 470 474 475 478 479 485 491 493 499 502 508 512 515 520 524 528 530 534 535 544 546 547 553 555 560 561 564 565 568 570 575 581 585 588 590 593 594 597 601 605 608 609 611 614 615 621 623 626 628 632 637 641 642 647 652 655 660 664 666 669 671 675 682 684 686 692 696 699 700 701 702 707 708 714 715 722 724 729 733 737 739 742 747 748 750 753 755 756 760 
210 237 243 253 256 263 271 278 282 286 297 302 308 319 325 330 339 343 345 349 351 354 362 364 368 372 381 386 393 398 405 408 409 413 419 422 426 429 432 436 439 441 444 450 455 459 462 463 464 471 474 478 479 480 481 482 487 493 497 500 505 510 514 517 524 527 529 534 536 538 547 551 553 557 561 563 566 570 574 578 581 582 584 587 590 591 596 598 601 602 608 611 614 616 619 621 625 629 630 631 634 641 644 645 650 653 656 663 667 670 674 677 678 684 686 688 694 699 702 704 705 709 713 717 719 722 723 728 731 735 741 743 747 749 750 751 756 757 758 761 
212 240 246 256 257 266 274 282 286 290 298 303 309 321 326 332 340 346 350 351 353 355 363 366 370 375 385 389 397 402 406 411 415 417 422 423 428 431 435 438 443 446 447 452 459 463 466 468 472 473 478 481 482 486 487 488 491 496 500 504 508 511 515 521 528 531 532 537 541 544 550 553 557 558 562 567 568 573 577 581 584 586 589 592 595 598 602 605 606 610 611 615 618 621 622 625 626 633 635 637 641 643 648 649 651 655 660 665 669 671 675 679 681 687 690 692 695 701 703 705 709 711 714 720 722 723 725 730 733 738 742 744 751 754 758 759 761 764 768 771 
215 242 248 258 261 269 277 286 288 294 299 304 311 325 328 334 341 347 352 353 354 358 367 369 373 376 389 390 400 403 408 415 416 419 423 426 432 436 438 441 444 449 451 455 460 464 467 470 474 477 482 485 489 493 494 498 499 501 505 508 509 513 517 525 530 532 534 538 543 548 553 554 558 561 566 571 573 575 579 585 586 588 591 593 597 602 605 608 610 614 615 616 622 626 629 631 632 634 637 638 645 649 650 653 655 658 662 669 671 674 677 683 684 689 693 697 700 703 704 709 710 715 718 724 726 730 733 737 738 742 743 747 755 756 759 763 766 770 772 776 
216 243 252 260 263 272 281 290 293 297 302 308 315 328 329 337 344 349 355 357 361 362 368 373 376 378 392 393 404 407 409 419 423 424 426 428 434 438 442 443 446 453 457 460 462 466 469 471 478 480 485 486 490 495 496 501 505 508 510 511 514 516 521 528 534 538 539 540 547 550 554 558 559 563 567 574 577 579 582 586 587 589 592 594 600 605 607 612 615 618 619 622 624 627 630 632 634 636 639 642 647 650 653 654 658 662 665 673 674 678 679 686 689 691 696 698 703 706 707 713 717 718 720 728 730 732 735 739 740 743 746 748 758 760 764 765 770 771 776 779 
220 244 253 262 264 275 284 291 296 301 304 311 316 332 334 339 348 352 358 362 366 367 370 376 377 379 395 396 407 411 415 421 426 430 434 435 438 440 443 447 448 456 460 461 463 469 470 472 482 484 489 491 494 496 498 505 508 512 513 517 518 519 524 532 537 541 545 549 553 556 558 560 563 567 568 575 578 581 585 587 590 592 596 600 603 606 610 616 620 623 627 629 632 636 637 640 643 645 648 651 655 659 662 664 667 668 670 674 677 679 680 689 691 695 699 700 705 710 712 716 719 723 725 731 732 733 738 740 742 747 748 749 759 761 768 772 774 777 778 781 
221 248 254 266 269 277 285 292 300 303 306 312 319 336 338 342 351 356 359 366 368 370 373 378 381 383 396 397 410 413 417 422 430 434 438 441 445 449 453 456 458 461 464 467 469 472 475 479 486 490 492 493 497 501 503 509 510 513 514 519 520 521 528 535 541 542 547 552 557 559 563 564 566 570 572 576 581 584 589 591 594 597 599 602 606 607 613 620 623 625 629 632 636 639 642 644 648 650 651 652 656 663 667 670 673 677 681 684 686 689 692 695 698 702 705 709 712 716 720 722 723 727 729 732 735 739 742 746 749 751 753 757 762 763 769 776 777 778 779 785 
222 249 256 269 270 281 287 296 302 307 309 314 320 337 340 344 353 357 363 368 371 372 374 382 383 384 397 400 414 416 420 423 433 437 442 443 446 451 454 459 463 465 468 472 474 478 480 481 490 494 498 500 501 503 504 512 514 517 519 521 522 524 530 537 545 548 549 554 558 562 566 569 573 577 579 581 583 588 593 597 600 604 607 609 613 617 618 623 625 626 630 633 640 641 644 647 649 652 654 655 658 665 670 673 675 678 684 686 688 691 693 699 702 706 707 710 716 717 721 723 725 729 731 734 738 743 747 749 752 756 758 759 763 764 770 780 781 785 788 792 
224 251 257 271 273 283 289 298 304 308 312 317 322 340 341 348 356 360 365 370 373 376 379 383 387 390 400 403 418 420 422 427 435 441 443 445 447 453 457 463 466 468 469 474 477 482 483 485 492 498 501 505 508 511 515 518 519 521 525 526 527 531 534 538 548 550 551 558 562 566 567 570 577 581 582 585 589 591 595 600 603 606 611 612 616 619 623 626 629 631 632 637 642 644 646 648 650 655 659 660 664 667 673 677 678 679 687 690 691 693 694 702 704 707 710 713 719 723 724 728 730 733 734 737 740 744 748 753 757 758 761 762 765 767 774 782 785 788 789 795 
225 254 258 273 275 284 293 300 308 312 314 321 323 344 345 351 360 362 368 372 377 381 383 385 390 392 403 405 421 425 428 430 437 445 449 453 455 457 460 465 467 469 471 476 479 484 486 490 496 500 503 506 510 513 517 520 522 526 528 529 533 537 541 542 552 553 557 562 563 569 572 575 579 583 584 589 590 592 599 602 607 609 613 614 617 622 627 630 631 634 637 641 644 646 647 651 654 658 661 663 667 670 676 681 685 688 689 694 695 699 701 706 710 713 716 720 724 728 729 730 732 734 737 738 743 747 752 754 760 761 762 765 768 769 775 784 786 790 792 796 
227 255 260 277 281 287 296 304 311 315 318 323 327 348 351 355 363 364 370 374 379 385 389 393 395 397 407 408 422 428 430 432 438 449 453 454 458 460 461 467 468 471 475 477 480 488 492 495 497 504 508 510 513 515 519 521 523 528 530 534 538 539 543 547 554 555 560 566 569 570 573 579 582 586 588 593 596 600 602 603 611 615 616 620 623 626 630 632 636 640 643 645 648 652 655 656 658 662 666 669 671 673 679 683 688 691 693 695 699 700 704 709 712 716 717 723 725 731 735 738 739 742 743 745 747 749 754 757 764 768 769 771 772 775 777 788 789 794 796 797 
230 258 263 278 285 291 297 305 312 319 323 324 331 350 352 359 367 369 372 375 382 386 393 396 398 401 409 413 423 431 432 435 442 451 455 456 462 463 466 471 474 476 479 483 486 492 493 496 498 507 512 514 516 520 523 524 527 531 534 535 541 543 547 551 555 558 561 567 572 576 578 580 586 587 591 595 600 603 604 607 615 616 620 623 627 631 632 634 640 643 647 651 654 657 658 660 664 668 671 674 676 678 682 684 692 693 696 699 700 704 707 710 714 718 722 725 728 732 738 739 742 744 746 748 752 755 759 763 765 771 773 776 777 778 779 790 791 798 799 800 
231 260 264 282 289 294 301 308 313 320 326 329 332 352 354 362 370 373 374 376 383 387 394 399 402 405 413 416 427 435 438 439 445 454 456 458 465 468 472 476 479 483 487 489 491 496 497 501 504 509 513 515 519 522 524 526 531 534 536 538 542 544 548 553 556 562 565 571 573 579 581 585 588 590 595 597 602 605 609 612 617 621 623 626 630 632 636 638 644 648 651 655 656 659 663 665 666 671 675 679 680 684 687 688 693 695 700 701 703 707 708 713 717 719 726 727 731 733 742 745 746 749 751 753 757 758 763 766 769 774 776 779 780 784 786 793 797 800 804 808 
232 263 268 286 291 297 305 310 315 321 327 331 336 356 360 363 374 378 382 384 387 388 398 403 406 408 416 418 429 439 442 445 446 455 458 462 469 473 477 481 482 484 488 491 494 499 502 505 509 512 514 518 521 524 528 531 533 535 540 542 543 547 549 554 558 564 567 573 576 580 583 588 591 594 599 603 606 610 614 615 620 623 625 630 634 637 640 643 647 651 653 656 657 661 664 668 672 673 679 681 685 687 688 689 696 700 704 705 709 711 715 716 719 721 730 733 735 739 743 746 750 753 755 759 763 766 769 772 773 775 780 784 788 789 791 796 800 801 806 810 
234 266 272 287 295 301 309 313 319 325 328 333 337 358 363 366 376 382 384 388 391 392 399 406 408 409 419 420 430 442 446 448 450 459 463 467 471 477 480 484 486 489 491 495 499 500 505 508 511 516 520 523 527 529 533 537 539 542 546 548 549 553 557 559 560 567 570 574 580 582 587 592 596 597 602 604 608 612 616 619 624 628 629 631 635 638 641 647 649 652 656 660 664 667 669 671 675 677 682 686 689 690 694 695 697 703 705 706 711 715 718 721 722 723 732 737 741 743 747 750 751 755 757 760 765 769 771 774 777 780 781 787 789 792 794 797 804 807 808 811 
237 270 276 288 299 305 311 316 321 327 332 336 341 362 364 368 379 384 388 391 392 395 401 408 410 412 420 422 432 446 449 451 455 460 465 468 473 481 483 486 487 491 495 499 501 502 508 511 515 518 523 525 530 533 534 540 543 545 550 553 555 559 560 563 564 571 572 578 583 584 590 595 597 598 605 607 611 613 620 623 628 629 631 633 639 642 643 650 653 657 660 664 665 668 672 676 679 681 686 690 691 693 695 698 699 706 709 711 712 718 721 722 726 729 734 738 742 747 749 753 754 759 761 764 768 770 774 775 779 782 785 790 794 797 798 802 806 808 810 813 
239 271 279 290 302 307 315 319 324 331 336 339 344 363 366 371 383 387 389 393 396 400 402 409 411 415 421 423 434 447 451 454 458 462 468 472 476 483 486 487 488 494 498 503 504 506 511 513 519 523 526 528 531 536 537 543 544 546 554 556 560 561 564 565 569 574 578 579 586 588 592 598 602 606 608 611 612 615 622 626 632 633 635 636 643 644 648 651 654 659 662 667 668 669 675 680 681 683 690 693 695 696 698 701 703 710 712 716 720 722 724 726 730 731 737 739 744 751 755 756 757 763 766 767 771 773 775 777 782 784 786 793 795 798 800 805 810 811 814 817 
242 272 280 291 304 308 319 321 325 335 338 340 347 367 371 374 387 388 391 397 401 405 407 410 414 416 424 428 437 450 455 458 462 465 470 474 479 484 487 491 495 498 499 505 506 510 514 517 520 527 529 532 534 538 540 547 549 550 555 560 564 565 567 570 573 578 582 586 589 592 595 601 606 610 613 615 617 621 623 628 634 638 639 640 644 645 649 654 656 663 666 671 673 676 680 684 688 691 692 696 698 701 702 703 704 713 716 720 723 726 728 729 732 736 739 740 745 753 758 759 763 767 769 773 776 778 780 784 788 789 790 794 798 800 804 807 811 813 816 821 
245 274 282 293 307 312 320 324 329 338 339 344 351 371 374 378 390 393 397 400 404 409 410 411 416 419 428 431 438 451 457 459 465 466 471 476 481 488 491 494 497 502 503 506 508 514 517 521 523 531 534 537 539 541 543 549 552 555 556 563 568 572 575 576 580 584 588 589 591 593 597 603 608 612 617 621 625 629 630 634 636 639 643 644 648 649 651 656 659 667 671 675 677 678 683 688 692 696 699 702 703 705 707 709 711 714 718 723 724 729 730 732 733 737 743 745 748 755 762 766 770 773 776 777 778 781 782 788 792 794 797 799 801 803 806 809 814 816 820 824 
248 276 284 294 309 315 321 326 330 339 343 347 355 375 379 380 393 397 400 401 406 410 414 415 417 423 429 432 440 454 461 464 467 470 474 477 483 490 494 495 498 503 507 511 515 516 520 523 526 533 535 539 543 547 549 553 556 559 562 564 572 574 578 579 582 588 589 590 594 597 598 607 611 613 618 625 627 630 634 636 639 642 646 647 652 656 660 662 663 671 675 677 678 682 687 690 693 700 703 704 707 710 711 713 717 719 721 725 726 732 736 737 738 741 745 749 750 759 764 769 773 777 781 783 787 789 792 794 798 800 803 807 809 813 815 818 820 821 823 828 
250 280 288 296 310 319 323 329 333 343 347 351 359 377 382 384 396 399 403 406 410 413 418 422 423 425 431 436 441 458 464 467 471 472 475 481 485 494 495 499 501 506 508 515 519 520 521 526 529 536 537 540 546 550 554 557 559 562 565 566 573 578 582 586 587 591 595 597 601 602 604 611 613 617 621 627 631 632 635 639 643 646 650 653 657 658 663 667 671 672 677 680 681 686 688 691 695 702 705 707 709 711 712 716 720 722 726 727 731 736 738 742 746 748 749 752 756 760 767 770 774 780 783 786 788 792 796 798 800 801 807 808 811 816 818 820 823 827 828 831 
251 281 289 300 312 323 326 332 336 347 351 353 361 380 384 388 399 403 406 408 411 415 422 423 425 429 433 438 442 460 468 470 472 476 480 485 486 496 498 501 503 507 510 517 520 521 524 528 531 537 541 542 548 553 558 559 561 563 568 569 574 579 586 587 591 592 598 602 603 606 608 614 618 621 625 630 634 637 641 645 646 649 654 658 661 664 668 670 672 674 679 682 684 688 692 694 698 706 709 713 715 716 720 723 726 730 731 733 737 739 742 743 748 751 753 754 757 762 769 773 776 782 786 789 790 793 799 801 805 806 810 811 812 817 821 822 826 831 835 839 
254 283 292 302 316 327 329 335 337 349 352 354 362 382 387 392 403 406 409 413 417 418 423 427 428 430 436 440 445 464 469 471 474 480 481 489 490 500 502 503 504 511 512 521 525 529 532 535 537 541 544 547 550 554 562 565 568 572 573 577 580 583 589 590 592 593 602 604 608 609 610 618 619 625 626 631 635 640 645 648 650 651 655 662 665 669 670 671 675 676 680 685 689 693 697 698 701 709 711 716 720 721 724 725 728 733 736 740 741 745 746 748 752 755 757 760 763 766 772 776 778 785 788 790 792 796 802 805 809 810 811 814 816 821 824 828 830 833 837 841 
258 287 293 305 318 329 333 339 341 351 353 357 365 386 389 396 406 407 410 414 421 422 424 430 431 432 438 443 447 466 470 472 476 482 486 492 494 501 503 506 509 514 515 522 528 530 534 537 538 545 548 550 552 558 566 568 572 575 576 581 582 584 592 596 600 603 606 609 612 613 614 620 622 629 630 633 638 641 646 650 652 656 659 664 666 672 673 676 677 678 683 689 691 697 699 702 703 712 715 720 723 727 731 735 737 739 740 741 745 747 749 750 756 758 762 765 766 767 776 779 781 787 792 795 799 800 804 809 810 812 815 817 819 823 825 830 833 837 838 844 
260 288 297 308 319 333 334 341 343 355 356 359 368 389 391 399 409 412 413 416 423 424 426 431 432 433 441 447 451 467 472 474 477 484 489 493 496 503 507 511 515 517 521 525 529 533 535 541 545 549 551 555 556 559 567 569 575 579 583 586 590 592 596 599 603 604 610 614 617 620 622 625 626 631 633 636 642 644 647 651 655 659 661 667 668 675 676 680 681 682 684 693 695 699 700 705 706 715 718 724 727 728 734 739 740 744 746 747 751 753 755 757 759 760 763 768 771 772 779 781 783 788 793 799 803 805 807 810 811 813 817 819 821 826 829 834 837 838 839 848 
263 290 300 312 322 335 339 345 346 357 361 365 369 390 395 401 412 414 416 418 425 428 431 432 434 437 443 450 452 470 474 477 479 488 492 495 497 506 508 512 517 521 524 529 531 536 539 543 547 551 552 556 557 562 569 572 578 582 584 588 592 595 599 602 604 605 612 616 618 623 627 630 631 632 636 640 643 648 652 653 659 662 663 668 671 678 680 683 687 691 693 695 696 700 703 707 711 716 720 726 730 733 738 740 744 747 751 752 753 754 756 761 762 766 769 771 775 777 782 783 786 792 796 802 807 810 812 814 816 819 821 824 827 831 832 838 841 845 848 849 
265 291 304 315 323 336 341 347 348 359 365 366 372 392 399 405 415 419 422 423 428 430 432 434 437 441 444 454 456 471 478 481 483 489 496 498 501 507 511 514 518 525 529 530 534 537 543 544 551 554 558 561 562 566 571 575 579 584 588 590 595 599 603 605 607 609 616 617 621 624 629 633 634 635 640 643 647 652 653 655 661 665 668 670 675 682 684 686 688 693 694 699 700 703 704 710 715 718 723 730 731 737 741 744 748 749 752 755 759 761 762 763 765 770 771 774 776 778 786 789 792 795 799 804 809 813 817 818 821 823 826 828 831 833 834 839 842 847 850 851 
267 295 306 318 327 339 345 349 350 360 366 367 375 394 400 407 418 420 426 429 431 433 436 438 441 443 448 457 460 473 482 485 487 493 498 502 505 509 515 519 520 529 533 534 537 538 544 548 553 555 561 563 566 568 575 577 582 586 589 591 597 603 605 606 609 610 617 620 622 625 631 634 635 638 644 645 650 653 656 657 663 669 673 676 678 684 686 687 692 697 699 702 706 707 709 712 716 720 727 732 733 739 745 749 753 755 756 760 762 766 769 772 776 777 780 783 787 791 792 794 798 801 804 805 811 814 820 822 823 827 831 835 839 842 844 847 850 853 855 858 
269 297 307 319 330 342 346 350 354 361 369 373 378 398 402 411 419 423 430 431 434 436 440 441 444 446 449 460 461 474 483 487 491 496 501 505 508 510 518 520 523 530 535 538 542 546 547 552 554 556 565 568 571 575 578 582 586 590 592 594 601 605 606 610 613 616 619 624 627 629 634 638 642 644 648 650 652 657 658 659 667 673 677 678 679 687 688 690 693 698 701 704 708 710 711 714 719 722 730 733 734 742 748 752 757 759 761 762 765 768 770 774 778 779 782 784 789 795 796 798 802 805 806 808 814 818 822 823 824 831 833 839 842 845 848 850 852 855 856 860 
271 300 310 323 331 343 347 352 357 365 370 375 381 400 406 412 422 426 433 434 436 439 441 443 446 449 451 462 464 476 485 490 493 500 505 506 509 514 522 523 525 531 539 542 544 547 549 555 558 561 568 570 575 577 581 585 588 594 595 597 603 606 607 614 615 620 623 626 628 632 638 641 643 648 652 654 655 659 660 664 670 674 680 682 684 688 689 691 697 699 704 705 709 712 715 716 721 726 734 736 737 746 749 755 760 764 765 769 771 772 775 776 782 783 785 787 792 796 799 801 805 806 810 813 817 820 825 829 833 837 839 841 844 849 850 851 854 858 860 863 
272 304 314 325 332 345 348 355 361 366 374 377 384 402 407 416 426 429 436 438 440 443 444 445 448 452 455 466 467 477 486 492 495 504 507 509 512 515 524 525 528 534 542 543 546 551 553 558 561 564 571 573 578 581 583 586 592 595 597 598 605 609 613 615 618 623 627 629 633 637 641 642 647 649 653 657 660 664 666 667 673 675 684 688 692 693 695 696 699 701 708 710 714 715 719 721 725 727 735 737 739 750 751 756 762 765 769 773 774 775 779 783 786 788 792 795 799 800 801 802 809 813 814 817 819 824 826 832 834 838 840 845 847 850 851 852 858 860 861 865 
276 308 315 328 334 349 353 357 363 369 376 381 388 405 408 420 428 431 437 439 442 447 451 455 458 460 462 469 472 481 490 494 499 507 511 514 517 518 526 530 531 536 544 546 547 552 554 561 565 569 574 575 581 584 588 591 595 599 602 605 609 610 614 617 619 624 629 632 635 639 645 648 652 654 657 661 663 665 670 674 675 677 686 689 693 696 698 700 702 704 710 714 718 719 721 722 728 732 737 739 743 754 757 758 766 769 772 775 778 782 783 786 787 790 795 796 803 804 806 808 812 816 820 824 828 830 834 835 839 842 844 846 849 853 857 859 860 864 867 869 
280 310 316 331 337 353 354 358 364 370 378 382 390 408 410 424 431 434 441 442 443 448 454 457 461 465 468 472 474 484 492 497 502 511 512 517 518 519 528 534 536 538 548 550 553 555 556 564 566 570 578 581 585 588 590 594 598 600 605 606 612 614 615 619 620 625 630 636 639 641 647 652 655 656 660 662 667 670 671 677 678 680 687 693 694 698 701 704 707 711 714 718 721 722 726 728 731 733 740 742 745 755 758 760 767 771 773 777 782 784 786 788 792 794 797 800 807 809 813 817 818 820 824 825 830 833 836 837 842 843 847 850 852 854 861 864 868 871 874 876 
281 311 317 332 339 354 358 359 365 371 382 385 393 412 413 427 435 438 444 447 450 453 458 460 463 466 470 473 478 487 493 500 503 515 516 520 524 526 529 536 537 542 552 556 557 561 563 566 567 571 582 586 589 590 594 598 599 603 606 609 615 616 618 622 624 627 633 638 643 646 650 653 656 657 663 666 671 674 678 679 683 687 690 697 700 702 705 709 712 716 719 720 725 726 730 731 735 737 743 745 748 757 761 764 769 773 777 781 785 786 789 792 796 800 801 802 810 812 817 819 822 825 829 831 833 834 839 841 846 850 854 857 858 861 865 867 872 875 878 879 
283 312 320 333 342 358 361 362 369 374 385 387 397 415 418 431 438 440 445 448 451 456 459 463 467 469 473 477 481 488 495 504 508 517 520 524 526 530 534 540 541 546 553 558 561 565 568 571 575 577 586 590 592 596 600 602 606 610 614 616 617 620 623 624 627 628 636 639 645 648 654 658 662 665 669 670 674 676 682 684 687 689 691 700 701 703 708 712 714 718 722 724 727 728 733 734 736 741 744 747 751 758 763 768 773 777 781 785 787 790 794 795 798 803 805 806 814 816 821 823 827 829 831 835 837 838 843 846 850 853 856 858 862 865 866 869 876 880 881 882 
287 313 323 335 344 360 363 367 370 378 386 391 399 417 419 434 441 442 448 449 454 457 462 464 471 472 475 481 484 489 499 506 512 521 525 528 530 534 537 541 545 548 556 561 564 566 571 574 577 579 587 591 594 599 603 607 611 612 617 620 622 623 625 628 632 636 640 644 646 649 656 660 664 669 670 674 677 680 686 689 693 695 699 703 707 710 712 715 718 722 723 726 730 732 734 737 739 742 747 750 755 761 767 770 776 780 784 787 790 793 796 797 799 806 807 809 817 821 822 824 831 832 835 836 840 841 847 849 851 854 860 862 866 870 871 872 877 881 884 885 
290 314 327 337 348 363 366 371 373 382 389 392 400 418 423 435 444 445 451 453 456 458 466 469 473 477 481 482 487 490 500 509 514 522 529 531 534 536 540 543 548 551 560 563 565 568 575 578 579 581 588 595 597 601 605 611 614 617 621 624 627 631 632 634 638 642 643 646 648 652 657 664 668 670 674 678 681 683 687 693 694 697 702 707 711 713 714 717 722 723 727 728 734 735 736 738 740 746 748 753 757 763 770 774 777 782 787 788 793 794 800 803 804 809 812 816 818 822 824 825 832 833 838 842 846 848 849 851 852 857 864 867 869 872 874 876 879 884 885 889 
294 318 331 341 350 366 369 372 377 385 392 393 401 421 425 436 445 449 454 456 457 462 467 473 475 478 483 484 490 493 502 513 516 525 533 534 538 540 543 544 550 555 562 565 567 572 576 582 586 587 589 596 599 603 607 613 616 619 622 626 631 635 638 641 642 643 644 648 651 655 659 666 670 671 676 680 684 688 689 697 700 703 706 711 714 716 718 721 725 726 731 732 737 740 742 744 745 750 752 757 761 765 771 777 779 783 790 793 794 795 802 806 807 811 816 817 820 825 826 829 836 837 842 843 848 851 854 856 858 862 865 868 872 876 879 883 886 890 891 892 
296 320 335 344 353 369 372 376 378 389 393 397 405 423 426 440 448 451 457 460 463 465 471 477 478 482 487 488 491 494 505 515 520 526 536 537 542 543 544 547 552 556 565 566 571 573 580 585 590 592 594 597 601 606 608 615 620 624 625 628 632 639 641 645 646 650 652 656 660 661 665 670 672 674 678 682 688 691 695 700 702 705 710 713 718 720 722 723 729 732 735 739 742 746 748 749 753 757 759 763 767 771 775 780 784 786 793 794 797 799 803 807 810 813 818 820 821 826 828 830 840 844 845 849 852 854 858 860 863 866 870 873 877 880 883 887 891 893 895 898 
297 321 338 347 356 371 375 379 383 393 395 400 406 426 427 443 449 453 461 462 466 467 474 480 482 485 491 495 499 501 507 516 522 529 539 543 545 549 550 553 556 559 567 569 572 577 583 588 593 596 599 601 604 607 609 619 624 628 629 630 633 643 647 651 655 659 661 665 668 672 674 678 680 683 687 688 690 694 697 703 707 709 713 715 719 722 724 728 731 735 737 742 744 747 752 756 758 759 763 764 771 775 779 782 788 792 796 798 800 801 807 808 814 815 821 825 828 830 833 835 841 846 848 851 855 857 861 865 867 871 872 877 879 882 886 888 893 896 899 903 
301 324 339 349 360 375 378 380 384 394 398 402 409 428 430 446 451 456 465 468 471 475 479 483 485 486 494 499 502 505 508 518 526 531 541 544 546 550 553 557 561 562 569 571 574 580 585 590 595 597 603 606 607 611 615 623 625 632 635 639 640 645 651 652 656 662 664 668 669 673 677 681 683 685 689 693 694 697 699 705 709 711 717 720 724 728 731 735 736 740 744 747 748 752 753 759 763 766 770 772 776 779 782 786 790 796 799 803 807 811 814 816 818 820 825 829 831 835 839 843 845 849 850 852 859 861 863 866 871 872 873 878 883 886 887 889 897 900 903 905 
304 326 343 350 362 376 379 383 388 396 402 406 411 429 433 448 453 459 469 473 475 478 481 487 490 492 495 500 503 506 512 522 528 534 542 548 549 551 556 558 563 566 573 574 576 583 587 593 599 601 606 609 611 613 618 625 629 633 637 642 644 646 652 656 659 665 669 671 675 677 680 685 687 691 692 697 699 701 704 709 710 713 718 724 727 729 734 736 740 744 746 748 751 755 759 761 767 769 774 778 779 781 783 787 792 799 802 807 808 814 816 817 820 823 829 832 835 836 840 846 850 852 856 860 863 867 869 871 874 877 880 884 888 889 893 894 898 902 907 909 
307 328 347 351 364 377 383 386 389 397 405 408 413 431 436 450 457 463 472 477 481 485 486 491 493 495 499 504 505 509 515 523 531 536 543 552 555 559 561 564 568 570 575 577 580 587 591 595 600 605 608 612 616 617 619 627 630 634 638 643 646 650 653 657 663 669 671 672 676 678 684 689 690 693 694 701 704 705 707 711 712 714 722 725 729 733 735 738 743 747 750 752 754 759 760 763 770 774 778 781 783 786 790 791 794 802 805 810 813 816 817 819 824 826 830 836 837 840 843 848 851 854 858 864 868 871 874 876 880 881 885 888 891 893 895 896 901 904 910 912 
311 331 351 352 368 380 386 387 391 399 407 410 416 434 438 452 458 466 475 478 484 488 492 494 495 498 502 507 509 511 516 526 532 537 547 553 559 560 563 565 570 573 578 579 584 591 593 598 601 609 612 615 619 621 625 629 632 637 642 644 648 653 656 658 666 671 674 677 678 681 685 691 694 696 700 705 708 712 716 719 720 724 727 729 733 737 740 743 744 748 753 756 757 760 764 768 771 777 779 782 785 790 791 793 795 804 807 811 814 820 824 828 831 832 833 837 839 841 847 849 854 856 859 866 870 872 878 881 885 889 890 892 893 894 898 899 905 909 911 915 
313 332 354 355 371 384 390 392 395 402 410 413 419 438 440 454 459 469 476 480 488 491 494 496 497 501 506 511 512 513 518 530 534 538 548 555 560 563 566 570 573 577 581 583 586 593 597 602 606 611 616 618 621 623 629 631 636 640 643 645 651 655 658 660 668 674 678 681 682 686 689 692 696 700 703 707 709 714 719 722 724 725 729 732 736 741 744 745 749 752 755 760 761 764 766 769 774 781 782 784 787 792 795 796 797 805 809 814 817 823 825 830 832 835 838 841 844 847 849 853 855 858 863 870 872 874 882 885 886 891 895 897 898 899 900 903 907 910 915 919 
315 334 355 358 375 385 392 394 396 404 411 416 421 440 444 458 460 472 477 484 492 494 497 499 502 503 509 513 516 520 522 532 538 541 552 557 564 568 570 574 577 581 582 584 590 597 599 604 608 612 620 621 623 626 632 636 638 643 644 646 654 658 662 666 671 678 682 683 685 687 691 695 700 703 706 708 710 718 722 723 726 730 732 734 737 742 748 752 753 755 759 762 766 768 771 775 778 784 787 791 792 793 796 798 802 809 813 817 819 824 828 833 836 840 842 846 849 853 856 858 860 862 867 872 876 880 886 888 891 894 898 900 901 905 908 910 911 913 916 923 
319 337 358 362 377 388 396 398 400 405 415 417 425 442 445 461 463 474 478 488 495 496 500 504 507 510 514 516 518 522 525 535 542 543 553 558 566 570 574 577 578 585 587 591 592 599 602 607 611 613 621 623 624 629 635 637 639 644 645 650 658 659 663 669 674 679 684 687 691 695 697 700 704 705 710 711 714 720 725 726 727 734 735 737 739 745 751 754 757 759 761 766 767 770 773 776 780 785 791 794 798 799 803 807 811 814 815 818 823 827 832 834 840 842 843 849 851 855 860 864 866 867 870 875 880 884 888 890 892 898 902 905 907 909 911 913 914 915 919 925 
322 340 362 365 381 391 398 402 404 409 418 419 427 446 448 465 468 476 480 489 499 501 504 508 510 513 515 519 522 523 528 538 545 549 556 560 567 574 578 581 584 587 588 593 597 600 606 611 614 615 624 627 631 635 638 640 643 646 649 654 661 664 668 670 678 680 687 689 695 698 701 704 706 710 713 717 718 723 727 729 731 736 739 741 745 749 752 755 761 763 765 770 771 773 774 779 784 789 792 798 800 801 805 811 815 816 818 819 825 831 836 840 844 846 848 850 853 856 863 866 868 869 872 878 883 887 890 894 896 900 903 906 908 910 915 919 921 922 926 929 
325 344 364 366 384 393 402 404 406 411 420 422 431 447 452 469 470 478 484 492 503 505 506 511 515 518 522 526 527 529 531 542 546 552 560 561 568 576 582 583 588 591 594 598 599 603 607 615 618 619 626 628 632 638 641 644 648 651 652 658 664 668 671 674 681 684 690 692 699 702 704 706 709 711 715 720 723 724 728 730 735 737 740 743 746 752 753 757 763 764 766 773 774 776 779 780 786 793 795 802 803 805 807 815 817 820 824 827 831 832 838 843 847 850 851 852 856 857 864 870 872 873 875 879 884 888 892 898 900 901 907 908 912 916 919 920 924 928 929 933 
328 347 365 367 387 397 403 405 408 413 424 427 433 448 456 473 475 479 485 496 505 506 509 515 519 521 525 527 531 532 535 544 548 556 563 564 572 579 585 586 591 593 598 601 603 606 609 619 623 625 630 631 636 639 643 646 650 653 655 661 667 669 674 675 683 687 692 694 703 705 707 708 713 716 720 724 725 727 732 734 738 741 743 745 747 754 757 759 766 767 770 776 780 784 786 787 790 794 796 804 808 811 815 816 818 822 826 829 834 836 841 845 850 852 855 857 861 865 866 874 875 878 880 884 886 891 893 901 904 907 908 910 915 917 921 923 927 929 931 937 
329 348 368 371 391 398 406 408 410 414 425 429 437 451 460 475 478 481 487 499 506 510 511 516 523 527 531 533 536 538 542 548 551 560 566 567 576 582 586 588 594 595 602 603 605 607 611 620 627 629 631 634 638 643 645 648 651 655 659 663 669 673 677 678 684 691 694 697 705 708 711 715 716 719 724 728 731 735 737 741 744 747 751 753 756 757 760 761 768 769 774 779 782 787 788 790 794 796 799 806 811 815 819 821 825 826 829 831 835 839 842 846 851 855 858 859 862 869 873 877 879 881 883 888 890 894 896 903 908 909 910 912 918 922 925 928 929 932 935 941 
331 351 372 376 395 401 410 414 418 421 427 430 439 452 464 478 480 484 488 500 507 511 512 520 527 531 532 535 537 542 546 551 553 564 570 571 577 585 588 592 598 599 604 606 608 612 613 622 630 633 635 639 642 644 648 649 654 659 662 664 671 677 679 683 685 695 698 701 709 712 713 719 720 724 727 732 733 737 739 743 745 749 752 755 759 763 766 769 771 772 776 781 783 791 793 794 797 799 800 809 815 816 820 825 827 831 832 835 836 840 846 850 854 856 860 862 866 872 874 880 882 886 889 890 892 898 902 907 910 912 914 916 921 926 929 931 935 938 939 942 
