4 7 9 10 11 12 16 20 21 23 24 28 31 33 37 39 42 45 46 49 51 54 55 58 61 64 66 70 73 77 79 81 85 86 90 93 97 101 105 107 110 113 117 121 122 123 124 125 129 132 134 135 137 141 145 146 150 153 157 160 164 168 169 171 175 178 179 181 184 187 191 195 198 200 203 206 208 
7 11 14 15 17 19 20 24 27 28 30 32 35 39 43 46 47 49 50 54 57 60 61 65 66 67 68 73 76 80 84 86 87 91 95 99 102 105 109 113 117 120 124 126 128 129 132 136 140 144 148 150 153 155 157 159 163 164 165 169 173 176 178 181 185 188 191 194 198 202 206 209 212 215 219 221 224 
11 13 17 18 19 20 21 25 31 35 37 39 42 44 48 49 51 54 56 57 59 64 66 68 69 72 73 77 79 84 85 87 91 95 99 102 103 109 110 114 120 121 128 132 134 137 141 144 147 149 153 155 158 160 162 163 164 165 166 171 174 178 181 183 187 189 193 196 199 206 208 210 214 219 222 226 229 
15 16 21 22 24 27 29 33 35 37 41 43 44 45 50 52 54 57 58 62 65 68 71 74 78 80 83 85 88 91 93 96 98 101 104 106 109 111 112 116 121 122 130 135 136 140 142 146 148 153 156 160 164 167 170 174 178 179 183 185 187 190 192 196 200 201 202 203 206 208 211 214 218 223 224 228 231 
16 19 25 28 30 32 34 37 40 43 45 46 49 53 54 58 60 62 65 66 70 73 77 79 83 85 86 89 90 94 95 99 101 104 107 109 113 115 118 120 125 127 133 139 141 142 144 147 152 155 158 161 165 168 172 178 179 180 187 189 190 193 197 200 203 205 208 211 212 214 217 219 220 227 231 235 238 
17 21 27 30 32 34 35 39 41 44 46 50 53 54 56 62 65 66 68 70 71 75 81 83 85 86 88 90 93 97 100 101 104 106 111 113 115 118 122 125 126 129 137 141 143 145 147 148 153 159 161 165 168 170 176 182 186 189 192 193 196 197 201 205 207 209 211 215 217 220 224 227 228 232 236 240 241 
20 22 29 33 37 39 40 41 43 46 50 51 55 58 61 64 69 73 77 81 85 89 92 94 96 97 98 102 103 107 111 115 116 118 119 122 123 127 128 131 135 136 141 143 146 150 153 155 156 160 164 166 169 173 180 183 190 193 196 200 202 204 207 209 213 216 218 219 222 226 227 231 235 237 238 244 248 
24 26 33 36 41 45 46 50 51 52 54 55 58 61 62 65 73 76 80 85 87 92 94 98 101 102 103 105 108 112 115 117 118 119 121 124 126 131 135 136 140 143 147 149 150 153 155 158 160 161 165 167 171 174 181 184 191 194 200 203 207 210 214 218 220 223 226 229 232 236 239 243 245 248 252 253 256 
25 29 36 37 44 48 50 52 53 54 56 60 61 64 66 68 75 80 82 86 91 96 98 99 104 106 110 112 116 117 121 122 124 125 128 132 135 137 138 140 142 144 150 151 153 157 160 164 167 171 173 174 176 178 182 188 192 197 204 207 209 214 215 222 225 226 229 232 235 238 242 246 248 250 253 257 258 
26 32 40 41 45 51 55 58 62 64 66 67 71 74 75 76 80 82 84 87 94 100 103 104 106 109 114 117 121 125 126 130 131 132 134 135 137 141 143 145 149 152 154 155 156 160 164 165 171 172 175 178 181 184 186 192 194 199 206 208 211 218 222 224 227 228 230 235 239 243 247 250 251 253 257 258 260 
27 36 44 45 46 53 58 62 63 67 69 70 74 75 79 83 87 88 91 92 98 104 106 110 111 112 116 119 122 127 129 131 132 133 137 140 144 146 147 149 152 156 160 163 165 166 169 172 175 178 179 180 182 185 189 196 198 202 208 212 216 222 225 227 229 232 234 236 241 246 250 252 253 256 261 264 266 
29 37 47 50 53 57 60 63 66 71 73 74 78 81 84 87 90 94 98 100 101 106 109 114 118 121 123 126 128 129 131 133 135 136 141 144 146 148 149 151 156 157 162 166 170 174 175 177 179 180 184 185 189 191 192 198 199 204 210 215 220 226 229 233 237 239 240 244 248 251 253 255 256 257 263 265 267 
32 41 49 51 55 59 61 67 70 75 76 79 80 82 88 92 93 97 99 104 105 109 113 118 120 124 126 130 131 132 135 138 141 143 145 146 149 152 153 154 159 163 166 169 171 176 179 182 184 186 189 191 192 195 196 200 204 206 214 218 224 227 233 235 238 240 242 247 252 255 257 260 261 265 267 268 269 
33 45 53 55 58 63 67 70 74 77 80 82 83 84 92 95 98 102 104 106 107 112 115 119 122 125 129 131 132 134 136 140 142 146 148 150 152 153 154 158 163 167 168 171 175 178 182 184 186 189 190 194 198 199 200 202 205 210 215 219 228 230 235 236 241 243 246 248 256 260 261 263 267 269 273 276 280 
37 46 56 57 60 66 71 75 76 80 82 84 86 87 96 100 102 106 108 111 113 116 120 123 125 128 133 135 137 139 143 147 149 151 154 156 160 162 165 169 173 176 180 181 182 186 188 190 193 195 197 198 199 203 206 210 213 216 219 221 232 236 238 241 245 249 253 254 260 263 267 269 273 274 275 279 282 
40 48 58 62 66 69 74 77 80 83 86 90 94 98 100 103 105 109 113 117 118 121 125 129 133 135 139 143 146 149 150 154 156 159 160 164 168 171 172 173 177 180 183 185 186 188 189 192 197 198 202 206 208 209 211 212 216 219 220 223 234 238 242 246 250 253 255 256 264 268 271 272 275 277 279 282 285 
42 49 60 63 69 70 78 82 84 88 92 94 96 102 103 104 107 113 117 120 122 126 128 132 135 137 140 145 149 150 153 157 159 163 164 165 172 175 179 183 184 186 188 192 195 198 200 203 205 209 213 217 221 223 224 226 228 232 235 236 239 242 246 249 253 256 259 260 266 269 273 275 279 282 285 288 289 
43 51 62 66 71 73 79 86 88 90 96 99 102 104 105 108 109 115 121 122 125 129 133 136 140 144 146 148 150 153 154 160 163 167 170 171 176 177 181 185 187 191 195 197 200 204 205 206 210 212 217 220 225 227 229 232 236 240 241 242 245 247 249 253 255 257 260 264 267 271 275 277 281 284 288 291 293 
44 53 65 69 73 76 81 87 90 92 100 104 106 108 111 112 116 119 125 128 131 133 134 139 144 147 149 152 154 155 157 162 166 171 173 177 179 181 183 186 189 193 197 200 204 205 209 211 212 216 221 225 227 231 232 235 239 243 245 246 247 250 251 257 261 263 266 269 271 274 276 280 283 287 289 294 297 
48 54 67 72 75 78 83 88 92 93 104 106 108 110 113 115 117 122 129 131 132 136 139 140 146 150 153 154 155 158 162 163 168 173 175 180 184 188 191 195 199 202 206 210 213 215 216 220 221 223 226 229 232 236 237 238 241 247 248 252 255 259 261 264 267 269 273 276 280 284 287 291 293 297 299 303 304 
52 57 68 74 76 81 87 90 95 98 105 107 112 116 120 124 128 132 133 135 138 140 142 143 150 151 156 157 160 164 168 172 173 176 177 181 187 191 193 199 200 204 209 211 216 220 222 224 225 227 229 230 236 239 243 245 249 252 254 258 259 262 264 268 270 273 276 280 281 285 291 293 295 298 300 305 307 
56 59 70 78 82 83 90 91 96 101 109 113 114 118 122 128 131 134 138 142 144 145 146 148 154 156 160 163 167 168 171 175 179 183 185 188 190 192 195 202 206 207 212 215 220 224 225 229 233 235 236 239 243 246 250 252 256 258 259 263 267 271 274 276 277 281 284 285 286 287 293 297 298 300 303 307 309 
58 61 71 80 86 89 92 94 98 103 113 115 117 121 124 132 135 137 141 146 147 150 151 155 156 157 164 167 171 175 177 181 184 188 189 190 193 197 200 206 208 212 214 218 224 227 231 235 237 240 242 246 250 253 257 258 260 262 266 269 272 275 276 278 281 285 288 291 294 296 298 300 304 306 307 311 313 
62 65 72 84 88 92 93 96 101 104 116 118 119 124 126 133 138 142 144 149 152 153 156 158 159 160 165 171 175 179 183 185 189 193 194 196 197 201 203 207 212 216 218 219 226 231 232 239 240 244 245 248 251 254 260 263 266 269 272 276 280 282 284 286 289 292 293 295 297 299 302 304 307 311 312 315 317 
66 70 75 86 89 96 97 99 104 107 119 120 122 126 129 136 141 144 148 150 155 157 160 161 164 168 170 172 179 180 187 190 193 194 198 201 204 205 209 212 216 220 224 227 231 234 238 241 242 245 247 252 255 258 261 264 268 272 275 278 282 286 290 291 292 296 299 300 301 303 305 306 309 315 317 319 321 
67 72 79 87 93 98 101 103 107 109 123 125 127 129 133 139 145 149 153 156 158 159 162 165 166 170 174 175 182 185 188 192 195 196 199 203 206 210 213 217 220 222 226 229 234 237 239 242 244 249 252 256 257 262 265 269 271 275 279 280 283 287 291 294 296 300 303 304 306 309 312 314 315 317 320 322 324 
69 73 82 88 97 100 105 106 111 113 124 128 131 134 136 142 146 153 155 160 161 165 168 170 173 177 181 183 185 188 192 196 199 200 202 205 209 213 217 219 222 225 229 231 238 242 246 248 252 255 256 257 261 264 268 271 272 277 282 285 286 290 294 298 301 305 309 313 316 317 318 319 320 321 325 326 327 
71 74 86 90 101 103 109 110 113 116 128 132 136 140 143 144 150 154 159 162 166 169 173 174 176 179 185 189 192 195 198 199 201 202 206 207 211 216 220 222 226 227 230 232 241 246 247 252 256 258 262 264 266 267 272 276 277 280 284 289 293 294 298 300 304 308 311 316 317 319 321 323 327 329 330 333 334 
72 75 87 93 102 104 110 112 115 120 131 133 137 142 145 149 152 155 161 164 169 170 176 180 183 184 188 191 194 197 199 200 204 208 209 210 213 217 221 224 230 232 234 236 245 248 251 255 258 259 265 268 272 276 278 280 281 284 286 290 297 298 301 303 305 312 315 320 322 323 326 327 329 331 335 338 340 
73 79 91 96 106 108 114 118 119 121 133 134 140 145 148 150 156 159 162 165 173 175 179 184 186 190 192 196 198 202 205 207 209 211 214 215 219 222 226 227 231 236 238 240 247 250 254 256 261 265 266 270 275 280 281 283 285 288 290 292 299 301 302 305 309 314 318 323 325 328 329 331 334 337 340 342 343 
75 83 95 99 108 112 115 120 122 125 137 138 144 149 151 155 160 163 165 169 175 176 181 188 191 192 196 198 200 204 209 212 216 218 219 223 226 227 230 233 236 240 242 246 250 254 257 261 265 266 268 272 279 283 286 290 294 295 297 298 300 304 306 310 312 318 319 326 330 331 335 339 343 345 347 351 352 
76 87 99 100 112 113 117 123 126 128 140 143 147 150 152 157 162 167 171 175 177 179 185 189 192 194 200 203 206 207 213 216 218 220 223 224 229 232 233 234 238 241 246 249 253 258 261 265 266 269 270 276 283 287 291 293 296 297 300 303 304 307 311 312 313 320 321 327 333 336 340 344 345 348 349 353 357 
80 91 102 104 116 118 122 127 129 132 143 145 149 154 158 160 166 170 174 177 180 182 188 190 196 199 202 207 209 211 217 219 221 222 225 228 233 236 240 244 245 246 250 252 254 261 265 269 271 275 278 279 285 290 293 295 300 301 303 304 305 311 313 316 320 322 325 331 335 337 343 346 348 352 354 357 359 
84 94 103 105 120 122 126 129 130 135 147 151 154 157 161 163 168 172 178 182 185 186 189 192 197 202 206 211 214 218 221 224 225 229 232 233 234 239 241 246 247 251 252 256 258 264 267 272 275 277 282 285 288 292 295 297 302 303 305 309 310 315 316 319 323 325 329 334 336 338 346 348 350 356 357 358 363 
86 97 105 108 122 125 130 132 136 140 148 153 158 162 163 164 171 175 180 184 187 188 190 195 200 204 210 212 216 220 223 225 229 231 235 239 240 244 246 247 251 252 254 259 261 265 271 275 279 282 284 286 290 296 300 302 304 308 312 316 319 320 324 326 329 330 333 338 340 342 347 351 353 360 362 363 367 
87 101 107 111 125 127 133 135 137 144 151 157 159 165 167 168 173 176 184 188 189 193 195 199 203 206 214 215 217 221 225 226 230 234 237 243 246 250 253 257 259 261 262 266 267 268 273 278 281 283 288 290 294 297 301 305 308 312 316 320 321 324 328 331 334 338 339 343 347 350 354 358 360 364 367 371 375 
90 102 110 115 127 130 135 139 142 148 155 158 163 169 170 172 174 177 186 191 195 199 203 206 208 210 218 219 222 226 229 233 234 237 239 247 248 251 257 258 261 263 266 268 270 273 275 279 283 285 292 295 298 300 302 306 312 314 320 324 326 330 333 336 340 343 344 348 350 353 356 361 364 367 369 374 377 
92 106 113 117 129 132 137 141 145 151 157 159 166 172 176 178 182 183 187 195 199 201 204 208 212 214 221 224 228 230 234 235 238 240 244 248 252 255 260 262 266 268 271 272 274 277 279 281 284 287 295 298 301 302 303 309 315 319 324 328 332 333 335 338 344 348 350 352 355 358 360 363 368 370 372 376 381 
96 108 115 118 131 134 141 144 146 152 159 163 170 175 180 183 185 189 192 199 201 203 205 209 214 215 222 226 232 236 237 240 241 244 248 250 253 259 263 264 270 271 273 277 280 282 285 289 291 292 296 302 306 308 311 314 318 323 325 330 336 339 343 345 347 352 356 360 361 363 367 370 374 377 378 382 383 
99 111 116 120 135 137 145 148 151 153 163 164 173 177 181 186 189 193 194 201 204 208 212 214 218 221 224 228 233 237 241 245 248 252 253 255 258 260 264 267 273 274 278 282 284 288 289 291 294 297 300 306 308 310 315 319 323 326 329 334 337 341 345 348 351 354 360 362 366 369 372 373 377 381 384 388 390 
100 114 120 123 138 142 147 152 154 155 166 170 175 178 184 190 191 196 200 205 208 209 215 219 222 225 227 230 234 240 244 247 251 256 258 259 261 264 268 270 275 276 282 284 285 292 296 297 301 304 308 311 315 317 319 321 327 330 331 337 341 342 348 349 355 358 364 366 370 371 375 379 383 386 389 392 395 
104 117 121 125 142 144 151 156 159 163 169 174 179 182 186 192 193 199 202 207 211 213 219 220 223 226 228 232 235 242 246 250 252 260 263 267 271 274 275 276 278 281 283 285 287 295 299 301 303 305 309 312 318 319 323 325 330 333 336 340 342 343 350 354 359 363 365 368 374 375 379 381 384 389 391 393 399 
105 118 124 128 145 146 155 160 162 167 170 178 181 185 190 196 200 204 207 208 212 214 221 222 225 228 232 235 238 245 248 254 255 261 267 269 273 275 277 279 283 286 287 291 292 299 303 307 310 314 315 316 320 324 326 329 331 334 337 341 346 350 352 357 363 364 369 371 376 379 382 386 389 390 394 396 401 
107 122 127 132 146 150 156 164 165 168 172 182 184 189 194 199 204 206 209 210 213 217 222 226 230 234 236 239 240 246 249 256 258 262 271 273 274 279 280 282 286 287 290 295 298 302 305 310 311 318 320 322 324 327 328 333 334 336 338 345 349 353 354 361 364 365 372 375 378 382 383 387 391 393 396 397 402 
108 123 131 133 150 153 159 165 166 171 174 185 188 191 196 203 206 208 210 214 216 218 223 230 234 235 238 240 244 247 253 260 263 267 273 276 279 283 286 287 291 294 297 300 303 306 307 311 313 319 324 327 328 330 331 335 337 340 342 346 351 356 357 364 368 369 374 377 380 384 385 391 395 396 400 402 403 
112 124 132 134 154 157 163 166 168 172 176 186 189 194 200 205 209 213 216 220 222 223 227 232 238 242 243 244 245 250 255 262 265 271 275 277 281 286 290 292 294 297 299 304 307 311 313 316 320 321 327 328 331 333 335 339 342 345 349 351 355 358 360 366 371 372 378 381 384 387 388 392 397 400 402 405 407 
116 125 136 139 156 159 165 168 170 174 177 187 190 197 202 208 210 215 219 221 223 226 231 233 239 245 247 249 251 252 258 263 268 274 278 282 285 287 292 293 298 300 302 308 309 315 318 320 321 323 330 331 335 337 340 341 345 349 353 356 357 362 363 370 372 376 380 383 387 388 390 395 400 402 404 406 409 
120 127 139 140 160 161 169 173 175 179 180 189 192 198 205 212 214 217 223 224 227 228 232 237 242 247 250 253 254 258 259 266 270 276 280 285 289 293 295 299 303 307 311 313 316 319 320 322 325 328 331 333 337 340 341 345 348 352 355 360 363 365 369 374 376 380 381 385 389 393 397 400 403 406 408 409 410 
121 131 141 142 161 164 173 175 178 183 184 193 196 199 207 213 217 220 225 227 231 234 235 241 244 250 253 255 259 262 264 269 272 277 281 287 291 295 296 302 307 310 315 318 319 323 327 330 331 332 333 334 338 341 344 347 352 355 357 364 367 371 375 376 380 382 384 388 391 394 401 403 404 410 414 415 416 
123 133 143 144 163 167 174 176 182 184 188 196 197 200 209 217 219 224 227 228 235 239 242 246 247 253 255 259 260 266 268 271 274 278 284 291 294 298 302 305 309 312 317 320 321 327 329 334 336 337 338 340 343 345 349 353 356 357 358 368 371 372 379 380 384 388 389 393 395 399 405 408 412 416 418 420 421 
125 134 146 149 167 170 177 179 184 187 191 197 200 202 212 220 224 226 229 233 237 240 244 247 251 254 259 263 265 270 272 274 278 280 287 295 296 301 303 308 313 316 321 322 325 328 332 335 340 343 344 348 352 353 357 359 361 365 367 372 373 376 380 383 388 391 395 397 401 403 408 409 413 420 424 428 432 
128 136 147 150 169 172 180 184 187 190 192 198 204 208 213 222 225 228 231 236 239 241 248 252 255 256 263 267 269 271 275 279 282 286 289 297 298 302 306 310 316 317 325 329 331 335 339 342 344 346 349 351 356 360 362 366 369 371 374 377 381 382 386 389 391 392 399 400 404 406 410 414 418 424 427 431 433 
131 138 151 154 171 173 182 185 189 191 194 200 206 209 214 225 229 232 233 238 240 242 250 254 257 259 267 269 270 272 277 283 287 289 292 300 302 305 307 311 319 323 328 330 333 339 343 344 347 351 353 356 359 362 364 369 371 375 378 379 385 389 392 393 394 397 401 405 409 410 412 417 422 425 429 435 436 
134 140 153 158 175 178 184 186 190 195 196 201 210 211 217 226 231 233 236 242 245 246 252 257 261 265 269 272 274 275 281 285 288 293 296 303 306 307 311 312 322 326 329 333 337 340 344 348 352 355 357 361 364 366 368 370 375 379 381 384 388 390 394 398 401 405 409 412 414 415 416 420 425 428 431 437 438 
137 143 155 162 177 182 188 190 191 199 202 206 211 213 218 228 235 237 241 244 248 249 253 261 265 266 270 275 279 280 282 286 291 296 298 305 309 310 314 318 324 330 334 336 340 344 348 351 356 360 364 368 372 375 379 380 381 385 386 389 393 396 399 403 406 410 411 414 416 420 423 424 428 429 433 439 441 
138 147 157 166 180 185 192 194 196 201 204 209 213 215 219 230 237 239 245 248 250 252 257 263 268 271 274 279 282 284 287 288 294 297 299 307 311 315 317 319 327 331 338 341 343 347 351 354 358 361 367 371 374 376 382 385 387 390 393 397 398 402 404 407 411 414 415 418 422 424 427 430 432 434 436 441 442 
142 150 158 168 182 188 196 197 198 204 208 213 215 218 220 231 241 243 246 251 254 257 259 266 270 273 276 282 285 286 291 293 296 300 301 310 313 319 322 326 330 334 340 343 347 351 352 356 360 363 370 373 378 381 386 389 393 394 397 400 401 405 406 410 412 415 416 420 425 428 431 435 437 439 440 443 446 
146 154 160 169 183 190 199 200 201 206 209 215 216 221 222 233 244 247 249 254 255 261 262 269 271 277 278 284 287 289 292 297 300 301 305 313 315 320 323 329 331 335 343 346 351 353 355 360 362 364 374 377 381 385 388 393 395 398 402 403 404 406 408 413 416 420 421 422 428 431 432 438 440 443 446 450 451 
149 158 163 172 185 193 202 203 205 209 211 218 220 223 224 234 245 248 252 258 262 264 267 272 273 279 282 286 288 291 296 299 303 304 308 316 317 322 326 332 334 336 347 351 355 358 361 363 366 368 377 378 382 389 390 397 400 404 408 409 411 413 416 418 420 424 426 429 431 435 438 441 445 449 450 451 453 
151 160 167 176 186 197 204 206 207 210 212 220 222 224 227 235 247 252 253 261 266 268 270 276 280 282 286 289 291 293 299 303 307 310 313 317 318 324 327 333 335 338 349 355 359 362 364 368 370 371 379 380 384 390 394 398 404 407 409 413 414 416 419 422 424 426 429 430 432 437 440 442 449 452 456 460 464 
154 162 170 177 188 199 207 208 209 211 216 224 227 230 234 239 248 254 258 263 269 272 276 278 282 283 287 291 292 297 303 305 308 312 316 320 321 327 331 336 337 341 350 356 360 365 368 370 372 374 380 382 387 394 398 401 407 408 412 414 415 420 422 426 430 433 437 441 442 445 449 451 453 454 458 464 468 
158 166 172 181 189 201 211 214 216 218 219 227 231 234 237 241 250 257 262 267 271 273 278 281 285 287 289 293 297 299 306 307 312 313 320 323 324 331 335 338 342 344 351 357 363 366 370 373 375 379 381 385 389 397 402 404 411 413 417 421 424 425 427 429 431 435 440 442 446 450 451 454 458 460 463 465 469 
159 167 173 182 191 202 215 219 221 223 224 228 232 235 241 243 253 258 264 271 273 276 282 284 286 290 294 297 301 304 307 308 316 318 322 327 330 334 338 339 345 348 355 360 364 368 373 374 376 380 385 389 393 399 403 408 414 417 421 422 425 428 429 430 432 438 444 446 447 451 453 457 462 466 468 472 475 
161 171 176 186 193 203 219 221 225 228 229 233 236 237 244 246 256 262 268 272 275 278 286 289 293 295 296 299 302 305 309 313 320 322 323 331 334 338 342 345 348 351 357 363 365 371 376 377 380 384 388 390 394 403 405 409 418 420 422 424 426 429 432 434 436 441 445 448 451 452 456 461 463 467 470 474 477 
163 175 177 190 195 207 223 227 230 232 233 235 238 240 248 249 257 266 271 274 277 282 288 291 297 299 302 304 308 309 311 315 321 325 326 333 336 340 346 349 353 357 358 366 367 375 377 378 381 385 391 394 398 404 409 410 422 426 430 431 433 436 438 441 444 445 448 452 456 459 460 465 468 470 474 478 480 
165 179 180 194 196 211 227 228 233 235 238 242 245 247 252 256 258 268 272 278 281 284 291 293 300 301 304 306 312 313 316 319 324 329 330 335 338 344 348 351 356 359 363 368 370 378 382 385 388 389 395 396 401 406 412 415 425 430 433 435 438 440 444 447 449 451 455 458 460 462 464 466 472 475 478 480 483 
168 181 185 198 201 212 229 230 236 237 241 245 248 249 255 258 262 272 274 279 283 286 295 297 304 306 307 308 314 317 319 323 325 331 335 339 340 348 351 353 357 360 366 370 374 379 385 387 392 396 400 402 405 409 414 418 428 431 437 439 443 447 451 453 457 460 461 465 467 468 470 474 477 479 481 485 489 
172 184 188 201 204 214 230 231 237 239 245 248 249 253 259 263 266 276 280 282 286 290 297 299 305 308 309 310 315 319 320 326 330 335 338 343 346 351 355 358 360 362 367 374 377 382 389 391 393 398 401 405 406 413 416 422 429 432 441 443 447 448 452 457 460 462 463 467 470 472 475 476 481 482 484 487 492 
174 188 190 204 205 216 233 237 241 245 249 251 254 256 263 265 270 278 284 287 288 292 298 300 306 311 315 319 321 325 326 327 331 339 340 344 348 354 357 361 364 368 371 375 379 383 390 395 399 402 405 406 409 415 420 424 431 434 444 448 449 453 456 460 463 466 467 470 471 475 478 482 485 488 492 494 495 
175 190 194 205 206 217 236 241 244 248 251 253 257 258 267 269 271 282 286 291 293 294 300 301 310 314 317 320 323 326 329 331 334 342 345 346 349 357 361 362 368 371 372 379 381 387 392 396 402 406 408 412 416 420 423 425 434 438 448 449 453 454 460 462 465 469 473 476 478 482 485 487 488 489 494 497 498 
176 191 197 207 208 221 239 242 245 252 255 257 258 261 270 273 277 286 287 295 296 297 301 302 314 318 320 321 327 331 335 337 338 344 349 350 351 360 362 364 372 376 377 380 383 389 396 399 404 408 410 415 419 423 425 426 438 441 451 454 456 460 461 465 467 473 477 478 479 485 486 489 490 494 498 499 501 
179 192 201 209 213 223 241 246 248 253 259 262 266 268 271 275 279 289 293 297 299 301 302 305 315 322 324 328 330 333 338 342 344 347 350 352 353 363 364 366 373 379 382 386 389 391 398 401 407 409 414 417 420 426 428 431 439 445 453 457 458 462 466 468 472 476 478 481 485 486 490 491 492 496 499 502 504 
183 196 204 211 214 226 245 248 252 255 262 265 268 272 273 278 280 293 294 299 302 304 305 306 318 326 329 333 337 341 345 348 351 353 357 360 362 364 368 369 377 382 384 387 393 396 399 402 409 413 415 419 422 429 431 435 443 447 454 461 465 467 471 475 477 478 480 482 486 488 491 492 494 499 500 504 507 
184 200 207 214 218 230 246 250 256 260 264 269 270 274 276 279 283 294 297 302 305 306 309 310 321 329 331 336 340 345 346 349 354 358 362 366 367 371 372 374 379 385 389 392 395 397 403 407 413 417 421 422 424 433 435 439 444 450 457 464 467 471 474 477 479 480 482 483 490 494 496 497 498 500 503 507 510 
187 204 208 215 221 232 250 253 258 264 266 270 272 275 280 281 284 296 300 304 308 311 312 314 325 332 333 339 341 347 348 350 358 360 366 370 373 377 381 382 384 388 393 396 400 404 406 408 414 418 425 426 430 437 438 443 448 454 461 465 471 473 478 481 485 489 492 495 496 498 499 500 504 505 508 512 514 
189 206 212 217 223 235 251 254 259 267 270 273 276 277 284 286 287 298 303 308 309 314 315 318 328 336 340 341 345 349 353 355 362 365 368 371 374 380 383 384 387 389 394 399 404 408 411 412 417 421 428 431 434 438 442 445 450 457 463 469 474 478 482 483 489 491 495 498 501 502 505 506 507 508 511 515 516 
193 210 215 219 225 237 254 255 261 269 273 275 277 281 286 287 291 300 304 311 312 316 318 321 330 339 343 347 349 351 355 356 366 369 370 374 378 382 384 386 391 394 395 401 407 411 412 414 419 424 431 432 436 439 446 450 453 461 467 470 477 479 485 489 493 496 497 502 505 507 511 513 517 520 521 524 528 
