4 7 9 13 14 15 18 21 22 24 25 29 31 33 37 40 43 46 48 50 54 58 61 62 63 64 66 68 72 74 76 78 81 84 86 89 91 92 94 96 99 103 106 109 112 113 115 118 119 122 126 127 131 132 134 138 142 146 149 150 154 157 158 161 162 166 168 172 175 179 182 185 188 191 194 198 199 200 203 205 207 211 214 216 218 220 223 224 228 
7 10 12 15 17 18 22 26 27 28 32 34 36 39 41 43 46 48 49 51 58 61 63 67 71 73 75 77 80 82 86 89 90 92 95 96 100 101 103 104 106 108 112 115 117 118 119 121 122 126 128 130 134 137 139 140 144 147 153 157 159 163 167 171 173 176 180 184 188 192 194 195 196 200 204 205 208 210 212 214 215 218 221 224 225 226 230 233 237 
8 12 15 19 20 24 26 29 33 36 37 41 43 46 47 49 51 54 58 61 62 63 65 69 75 79 82 85 87 90 94 97 100 102 103 106 107 111 112 114 118 122 124 127 131 135 137 141 143 144 145 148 150 154 155 159 163 165 167 170 173 177 179 183 184 187 189 191 194 198 200 204 205 209 213 216 217 218 219 223 226 229 232 236 237 239 241 242 246 
10 15 19 20 21 27 30 33 34 37 41 43 44 50 53 54 55 59 62 65 66 68 71 75 78 82 83 88 89 91 96 101 102 106 109 110 113 114 118 122 125 128 130 133 136 139 140 143 144 146 147 150 153 155 158 163 166 168 169 171 175 180 183 184 187 190 192 196 198 201 204 206 210 214 218 221 224 228 230 233 236 237 240 244 248 252 255 259 261 
12 17 20 21 24 28 31 36 37 39 42 47 51 53 56 59 62 64 68 71 75 79 81 83 86 88 89 93 95 99 101 104 106 109 113 115 116 118 119 123 128 129 134 135 137 141 145 148 149 152 155 157 160 163 166 168 170 172 173 174 179 184 188 189 193 196 199 202 204 207 211 212 214 217 222 225 227 232 234 237 240 241 244 247 250 253 258 263 266 
14 20 22 24 25 31 35 39 40 43 47 50 53 57 58 62 66 68 71 74 79 83 86 89 90 92 96 100 102 105 106 109 113 114 116 117 120 124 128 130 132 133 135 137 140 144 149 152 154 158 162 164 168 169 172 176 177 179 181 184 186 187 191 195 199 201 202 203 207 210 213 214 215 219 225 227 231 236 240 244 247 251 252 256 259 263 265 266 270 
15 21 24 28 32 34 36 41 44 47 50 52 55 61 63 65 69 73 74 78 81 85 89 93 94 96 99 101 104 107 111 114 118 121 122 123 127 131 132 135 139 141 145 146 148 152 154 157 158 159 166 167 172 175 179 181 185 186 189 193 194 196 200 203 204 205 209 211 215 218 219 223 225 228 231 235 237 239 244 248 250 254 256 258 262 264 266 269 272 
16 22 27 30 34 37 41 43 47 50 53 56 60 64 68 71 72 77 80 82 86 88 91 95 96 99 101 105 109 110 115 119 120 123 126 127 131 133 134 138 140 143 149 153 155 156 157 159 162 165 170 173 177 178 180 183 187 189 191 194 197 200 204 206 208 210 214 218 220 224 225 226 229 232 234 236 238 242 248 249 252 255 257 262 266 267 271 274 275 
19 26 29 34 37 39 44 45 48 53 57 59 64 67 70 75 77 79 81 86 87 92 96 99 101 104 106 110 112 115 116 121 124 128 129 130 132 134 136 142 145 149 151 154 159 162 164 165 168 171 174 178 182 184 186 190 191 193 197 200 204 207 211 215 217 219 222 223 227 230 233 236 237 240 241 245 247 250 253 256 257 259 261 264 270 271 274 275 279 
22 28 30 36 39 43 45 47 51 57 61 65 66 70 74 78 80 82 85 90 94 98 100 104 105 108 109 114 116 119 122 126 129 130 131 132 135 137 138 143 149 151 153 156 163 166 170 171 172 175 179 181 186 187 188 191 192 194 198 201 206 209 215 216 221 225 226 230 231 235 236 239 242 244 247 251 255 257 259 260 262 264 266 270 274 277 278 280 284 
26 32 36 37 43 45 48 50 53 59 65 67 69 73 77 81 83 84 86 92 98 102 105 107 110 113 115 118 122 123 127 128 130 133 137 139 142 145 148 150 151 153 154 160 166 167 171 173 174 178 182 183 190 194 198 201 202 206 210 214 216 219 220 223 225 229 232 234 236 237 241 242 244 248 251 252 257 258 262 266 267 268 269 273 278 281 283 284 285 
27 34 40 44 47 50 53 56 60 63 68 70 72 76 79 82 86 89 91 95 100 104 107 109 112 117 121 123 124 128 130 132 136 139 141 143 146 148 149 154 156 160 163 166 169 173 175 177 181 183 187 191 194 198 199 204 208 210 214 217 220 223 226 230 234 237 241 243 247 248 251 252 255 259 263 264 268 270 273 277 280 281 283 286 290 292 294 298 299 
31 38 43 46 50 54 56 59 61 64 72 76 80 82 84 87 91 94 97 100 101 108 111 112 114 120 125 129 130 131 135 139 141 144 148 151 153 157 161 162 165 166 170 172 176 180 184 186 187 189 190 194 198 199 201 205 211 214 217 218 224 226 227 232 237 241 244 248 249 251 252 253 257 260 265 268 272 273 274 279 281 283 284 288 291 296 297 299 302 
35 41 47 50 54 56 57 60 65 66 75 78 83 84 86 88 94 96 101 105 106 111 113 115 118 123 128 132 136 137 140 141 144 145 150 152 156 160 164 166 169 170 172 173 179 181 185 188 191 195 199 202 203 206 208 209 212 215 219 223 227 231 233 235 241 245 246 250 254 258 262 266 268 270 272 273 274 277 278 281 285 288 291 294 297 298 300 301 304 
36 42 50 52 55 59 63 65 67 69 79 82 84 87 89 91 98 102 104 108 109 112 117 120 124 127 131 136 137 139 141 144 145 146 152 155 159 164 166 167 170 173 175 178 181 182 189 190 193 196 202 204 205 209 213 214 215 216 220 226 230 235 238 240 242 246 247 251 257 260 266 267 271 275 278 282 285 288 290 292 294 295 299 302 306 309 310 313 315 
37 43 53 55 57 60 66 67 68 70 83 85 89 91 93 96 99 104 107 110 111 113 121 125 127 131 135 138 140 144 148 150 153 155 156 158 161 166 167 169 171 175 177 181 182 183 190 192 197 199 206 210 211 214 216 218 221 222 223 230 232 239 242 246 249 250 252 255 259 264 269 270 274 277 280 286 287 290 294 298 299 303 306 308 311 312 315 317 319 
40 46 55 56 58 62 70 72 75 79 86 89 91 92 97 100 102 108 111 112 116 118 125 126 130 135 138 140 144 146 149 154 155 156 159 160 165 168 170 174 176 178 182 186 188 190 194 196 198 202 209 212 214 218 222 223 227 230 233 236 237 243 244 249 253 257 258 261 263 266 272 273 278 281 285 290 293 294 296 302 305 306 309 313 314 316 319 322 323 
42 47 56 60 61 66 73 76 78 83 87 91 92 94 100 101 104 112 114 116 117 120 126 129 133 139 143 145 146 148 151 155 158 160 161 163 167 170 171 176 178 181 185 189 192 193 197 201 204 208 213 216 219 222 225 226 229 233 237 238 242 245 248 251 257 259 263 265 267 270 275 278 280 285 289 293 294 297 300 304 309 310 312 317 321 324 328 330 331 
45 49 57 61 65 69 77 78 81 85 90 94 96 100 102 106 110 115 118 122 126 128 131 133 134 141 145 149 153 157 158 160 162 165 167 169 172 176 177 179 183 186 189 193 194 196 199 203 205 212 216 218 220 224 229 233 236 239 243 245 247 250 252 253 261 264 265 266 270 273 277 279 282 289 293 294 295 300 301 305 312 315 317 319 322 326 332 335 339 
49 52 61 64 67 72 79 80 83 87 93 96 98 102 104 109 111 119 121 126 127 131 135 139 141 145 149 152 156 159 160 162 166 170 173 176 178 182 183 186 190 192 194 198 200 203 205 207 208 215 218 221 225 228 230 235 237 242 245 248 252 255 257 261 265 269 271 275 279 282 283 284 288 291 295 296 299 301 302 307 314 316 321 324 326 330 336 338 340 
51 55 65 66 70 75 81 83 86 90 96 100 103 104 108 112 115 121 123 130 131 134 139 142 143 147 151 154 160 164 165 166 167 172 175 177 182 183 185 190 191 194 195 200 201 207 209 210 214 216 220 225 226 229 233 238 240 245 248 250 256 259 263 267 269 270 274 279 283 286 287 290 292 295 298 301 304 305 306 310 318 320 323 327 330 333 338 339 342 
53 58 69 71 74 76 82 86 90 91 100 104 106 107 112 114 117 124 125 132 134 138 141 146 150 151 153 156 161 167 171 173 177 181 183 186 188 190 194 197 198 201 203 207 208 210 211 214 218 220 224 226 230 234 236 240 243 246 251 254 260 262 267 270 272 273 278 281 284 290 291 292 295 296 302 305 308 312 315 317 322 324 326 331 333 334 340 344 345 
54 59 70 75 76 80 86 90 92 93 104 105 110 113 117 120 122 125 129 135 139 141 143 149 152 155 158 161 164 169 174 177 179 185 188 189 191 195 198 199 200 204 205 211 212 213 216 217 220 222 225 228 234 237 239 241 245 250 254 258 261 263 269 271 274 277 279 285 287 292 296 297 299 302 305 309 312 313 316 319 324 328 331 333 336 337 343 348 350 
58 63 71 78 81 82 89 91 96 98 105 108 111 116 118 122 124 128 132 137 142 146 149 153 156 160 162 163 167 172 178 180 184 186 192 193 196 200 204 206 209 213 215 218 220 224 228 232 236 237 239 243 244 245 246 249 250 254 255 261 265 267 270 272 276 281 284 286 290 293 298 302 303 305 308 310 316 320 322 326 330 334 338 342 343 346 348 349 352 
62 67 72 82 83 87 90 95 97 100 109 113 115 119 121 125 126 132 136 138 145 150 153 154 159 161 164 165 170 174 180 182 187 190 194 195 198 202 208 210 212 214 216 222 225 228 230 233 239 240 242 247 249 253 256 257 259 262 264 265 266 268 271 275 278 283 285 289 291 297 299 304 306 308 312 315 319 321 323 329 334 337 342 346 348 350 351 353 354 
64 70 74 84 88 89 91 97 98 104 113 115 116 120 123 127 131 134 139 142 149 151 156 160 163 166 167 170 172 178 181 186 189 194 196 198 199 205 211 215 218 222 225 227 228 231 234 238 242 246 247 249 253 255 257 261 262 265 269 270 274 277 280 283 284 287 291 293 294 298 301 306 310 313 316 319 323 325 328 333 338 339 345 350 352 356 359 362 366 
67 73 78 87 92 93 95 99 102 107 116 119 120 122 124 128 135 139 143 146 152 154 159 161 164 170 172 174 177 181 184 187 190 196 197 199 200 209 213 217 220 224 227 228 232 233 235 240 244 250 253 257 259 261 262 264 268 270 273 277 281 284 288 290 292 293 294 298 302 305 306 310 311 316 319 322 324 329 332 335 342 344 346 351 353 357 361 363 367 
68 76 79 88 95 98 100 101 104 110 117 123 125 127 131 132 137 141 146 148 156 159 160 163 168 173 176 179 180 184 187 189 193 197 199 200 202 212 215 220 221 228 231 233 237 241 245 249 252 254 257 261 263 267 270 271 275 277 280 284 288 290 292 293 294 297 299 303 306 307 310 313 314 320 323 324 328 333 337 340 343 346 350 352 357 360 365 367 370 
69 77 81 91 98 102 104 107 111 115 121 125 126 130 134 136 140 143 149 151 158 161 164 165 170 174 177 183 186 188 191 192 196 200 202 204 208 216 217 223 224 232 234 235 238 243 248 251 254 257 261 265 266 270 274 275 277 278 283 285 289 292 294 297 299 301 304 305 309 313 317 318 322 325 329 330 332 337 339 341 345 349 352 355 360 363 366 369 371 
71 78 85 95 100 106 110 113 116 118 124 128 129 132 136 139 142 146 153 154 161 163 165 166 171 176 178 185 189 190 194 197 199 204 207 208 211 220 224 225 226 233 236 240 243 245 251 255 257 258 264 267 271 275 278 281 285 287 289 291 295 299 300 304 308 312 313 315 318 322 323 326 330 332 334 335 339 340 342 343 347 353 355 356 362 366 368 372 376 
74 81 87 96 101 107 114 117 121 125 129 131 134 135 140 143 146 150 157 161 164 168 172 175 176 179 182 187 191 192 197 201 202 207 210 214 217 222 228 232 233 237 238 243 244 247 255 259 262 265 269 273 277 279 282 283 286 288 290 294 298 300 304 306 309 316 318 322 323 326 330 333 335 337 339 340 343 346 347 351 353 357 361 363 366 370 374 378 380 
75 82 91 98 104 110 117 120 125 128 130 132 136 139 144 147 149 151 161 164 166 170 176 180 182 185 187 188 192 194 199 203 204 209 214 217 219 225 230 235 236 240 244 248 249 251 259 263 265 266 270 275 281 282 285 286 288 291 294 295 300 302 308 311 312 318 320 324 327 329 331 335 337 338 341 344 346 350 351 354 356 361 365 369 371 375 376 380 384 
77 84 93 100 106 114 121 123 126 132 133 135 137 143 147 149 150 154 163 165 168 172 178 181 185 187 188 191 196 197 201 207 211 212 216 220 222 226 234 239 242 245 249 250 251 253 260 267 271 274 275 277 283 287 288 291 294 296 299 302 304 307 309 312 316 322 323 328 329 333 336 337 340 342 345 347 349 353 356 357 361 364 367 371 374 377 380 381 387 
78 87 95 101 109 117 125 127 131 135 136 139 140 147 150 152 153 156 166 169 173 176 179 185 189 193 195 198 200 203 207 209 213 214 220 222 225 229 235 240 246 247 251 253 256 259 262 271 274 277 278 281 286 289 293 294 298 300 304 305 307 309 313 315 318 324 328 329 332 334 337 340 344 346 347 350 353 356 358 359 362 366 368 373 377 378 383 385 391 
79 88 98 102 112 118 126 129 132 136 138 142 146 149 153 155 156 160 168 171 175 180 181 189 191 194 199 201 204 206 210 211 214 217 223 224 227 232 239 241 249 251 255 259 260 261 266 273 275 278 279 282 288 292 296 299 301 305 306 308 309 313 317 318 322 327 329 332 335 338 342 344 345 349 351 355 357 360 363 366 370 374 378 382 385 386 389 390 395 
81 91 100 105 113 122 127 131 135 137 142 145 149 151 155 158 160 164 172 175 176 184 187 193 196 199 201 202 206 210 213 217 218 222 226 229 230 235 241 245 253 256 258 263 266 269 273 276 280 282 283 284 291 295 297 300 302 308 309 311 315 318 321 324 326 328 330 335 338 341 344 347 351 352 355 358 362 363 366 367 372 377 382 383 387 389 393 394 399 
84 95 101 107 115 124 129 135 139 142 144 148 151 153 157 160 163 167 175 178 180 185 188 195 197 201 203 205 207 212 215 221 223 224 229 230 232 238 242 247 256 260 263 266 268 270 275 279 282 284 285 287 294 298 299 301 304 312 315 319 320 323 326 329 330 331 332 338 341 345 347 350 355 356 360 361 363 366 367 371 376 379 385 387 388 391 395 398 401 
87 99 103 108 116 126 132 138 143 147 151 152 156 159 161 164 168 172 177 182 183 188 191 199 202 205 209 210 212 213 216 223 226 228 233 235 239 240 245 251 260 264 265 269 271 272 277 280 285 287 289 290 295 300 301 305 308 315 316 321 325 326 329 332 336 339 343 346 349 350 353 356 359 360 363 365 368 370 373 374 378 381 387 389 392 393 399 403 406 
88 100 106 112 119 127 135 141 146 148 155 159 162 164 167 169 172 174 179 186 189 191 192 201 203 207 211 215 217 218 221 226 227 232 235 237 240 242 249 252 264 267 268 270 273 277 281 284 289 290 291 293 298 304 307 311 314 318 322 326 330 332 335 338 341 345 347 351 354 357 359 363 366 369 371 372 376 380 382 386 390 391 394 397 398 400 403 405 408 
91 102 109 115 120 130 137 142 150 153 157 163 166 168 171 173 175 178 182 189 192 195 199 204 207 211 213 218 220 224 226 230 234 238 240 242 244 246 250 256 266 270 271 273 276 278 285 288 291 292 296 298 299 308 311 315 317 320 325 327 334 335 337 339 345 348 352 355 359 362 366 369 372 373 375 378 382 386 389 392 396 400 404 406 407 410 412 414 415 
95 105 110 116 123 131 139 143 152 157 159 164 169 172 175 176 180 181 185 193 197 199 203 206 211 214 217 220 223 226 230 233 237 239 244 245 249 251 255 260 270 271 273 277 279 281 288 292 296 300 302 303 307 309 313 316 321 324 329 332 336 338 339 341 348 352 353 359 361 364 369 373 374 377 379 380 386 388 391 393 398 403 407 408 409 414 416 417 419 
98 108 114 118 124 135 140 144 156 158 161 166 171 176 180 182 184 188 191 195 199 203 205 208 213 218 220 224 225 227 232 235 240 242 248 252 256 257 258 261 274 278 282 285 287 289 293 297 300 301 305 306 311 315 319 321 323 328 333 335 339 342 346 349 352 353 355 362 366 370 373 377 381 382 385 387 388 392 395 397 402 405 411 414 416 419 423 427 428 
99 111 117 122 127 136 142 148 158 159 165 169 173 179 184 188 191 193 194 196 203 205 206 210 217 220 223 225 228 229 235 238 242 246 249 253 260 263 267 270 276 280 286 288 292 293 296 300 304 306 307 311 312 318 321 322 325 330 335 336 342 346 348 350 353 354 358 363 367 372 374 378 385 388 390 393 396 400 403 406 408 409 412 416 418 421 425 429 433 
101 114 119 125 129 140 143 151 160 164 167 172 175 183 188 192 193 196 198 199 207 209 213 216 218 222 227 230 233 234 236 240 243 248 250 256 261 266 268 272 277 281 290 292 295 297 298 304 308 309 310 313 315 319 324 327 331 334 336 340 345 349 351 352 355 357 362 364 369 373 376 381 389 391 393 394 397 403 405 408 410 411 414 419 422 423 426 430 436 
103 116 123 126 130 142 144 155 163 166 171 173 178 185 192 195 198 200 204 207 208 213 216 218 222 225 228 233 235 239 242 243 245 251 255 259 265 269 270 274 279 285 294 297 298 301 305 308 310 313 315 316 318 321 326 328 333 335 337 341 347 353 354 357 360 364 365 366 371 374 379 383 392 395 399 401 402 405 407 411 415 419 421 423 426 427 428 432 439 
104 120 127 130 131 145 147 158 166 169 172 177 182 189 194 198 199 204 206 210 212 214 218 222 225 227 232 236 240 244 247 249 250 252 257 262 266 272 275 276 280 289 298 299 300 304 308 309 314 318 319 321 322 323 330 331 335 336 341 343 349 356 360 362 366 370 374 377 378 380 382 385 394 398 401 405 406 408 411 412 416 423 427 430 431 433 434 436 441 
107 122 130 132 134 148 152 161 167 170 173 178 185 193 198 202 205 209 210 213 215 216 219 225 228 230 234 237 241 246 248 253 254 257 260 266 268 276 280 284 287 292 302 306 310 311 312 316 318 320 323 327 328 332 333 335 339 340 343 345 352 357 363 366 368 372 378 381 384 388 389 393 397 401 405 409 411 415 417 420 421 424 429 433 436 439 442 445 448 
111 124 131 135 138 149 153 164 169 172 175 180 186 197 202 203 208 213 215 218 220 222 223 229 232 236 238 241 243 247 249 254 258 259 263 268 270 280 282 285 290 294 305 308 312 315 317 321 323 324 325 328 330 333 337 339 340 342 347 348 353 360 364 368 372 376 381 382 387 389 392 397 401 405 409 410 415 419 420 424 425 426 430 435 440 441 444 448 449 
112 126 133 138 141 152 157 165 172 176 178 183 187 200 206 208 209 217 219 222 225 227 229 231 235 240 243 244 248 251 254 255 260 262 265 269 274 284 287 290 294 295 306 312 313 318 320 324 326 327 328 331 334 336 340 344 348 352 353 355 357 361 365 372 373 379 382 386 391 393 397 401 402 407 412 413 416 421 423 428 432 433 436 437 441 443 447 451 452 
114 128 134 139 144 154 161 166 176 179 180 184 190 201 210 212 216 218 223 225 229 230 234 238 239 241 245 249 252 255 256 259 262 264 267 271 275 285 290 292 296 299 310 316 317 320 324 328 330 333 334 335 336 338 341 348 350 354 356 360 363 367 370 373 376 383 385 387 395 396 400 405 407 411 415 419 423 427 428 432 436 437 438 439 442 446 450 454 456 
115 129 137 141 146 158 163 167 177 180 183 188 192 205 211 214 220 221 226 229 233 235 239 241 245 247 248 250 254 259 261 263 266 270 271 272 279 289 293 296 297 300 312 320 324 325 326 332 333 337 341 343 345 348 351 355 356 358 359 364 368 370 372 377 378 384 386 389 397 398 402 409 411 413 416 420 427 429 432 433 438 442 445 447 448 450 453 458 462 
117 130 141 143 147 162 165 171 178 182 187 189 194 206 215 217 223 226 230 232 236 238 243 245 246 248 252 256 257 262 266 269 273 275 277 280 284 291 295 300 301 304 316 322 327 330 333 334 335 340 344 345 347 351 352 358 359 363 366 370 371 373 374 380 381 388 392 395 399 403 407 412 413 416 418 423 431 433 436 437 442 445 446 448 450 451 456 462 463 
118 131 144 145 150 166 169 174 180 186 190 192 196 209 217 220 225 228 234 235 240 241 246 249 251 252 255 258 260 265 270 271 276 277 278 281 287 294 296 301 303 305 318 325 331 333 335 338 342 343 347 349 353 357 360 362 366 368 371 372 375 378 380 384 388 391 393 399 402 407 411 414 417 419 421 425 432 434 439 443 445 447 451 453 454 456 458 465 469 
122 133 148 149 151 170 174 176 181 190 192 195 198 213 218 223 228 230 235 237 242 246 248 250 252 256 257 259 262 267 273 276 277 280 281 282 288 297 298 305 307 311 319 328 332 336 340 341 345 349 352 356 357 361 362 366 369 372 374 378 382 386 390 393 394 398 400 402 404 410 415 417 421 422 424 427 436 439 440 447 449 450 452 457 458 461 462 469 472 
125 136 149 153 155 172 175 177 185 191 196 197 202 215 220 225 231 235 236 239 245 249 252 255 259 261 262 266 269 273 276 279 281 284 287 290 294 298 299 307 310 312 321 332 335 338 342 345 349 350 355 357 361 363 364 368 371 374 377 379 385 388 393 396 398 399 402 405 408 411 417 421 423 427 429 431 440 442 444 448 450 454 456 461 465 467 471 474 476 
129 139 153 157 158 176 177 178 186 195 197 198 204 217 222 227 233 236 240 242 247 252 256 258 262 263 267 269 273 277 281 285 289 291 293 295 298 302 305 308 314 316 322 335 339 343 346 349 351 353 358 362 363 366 369 370 374 376 378 380 386 390 396 399 402 404 405 406 409 414 420 423 426 431 434 437 443 444 446 452 456 457 460 464 468 470 474 478 479 
130 141 156 160 164 179 183 184 188 199 200 203 208 220 225 231 235 239 242 243 250 254 258 262 264 267 271 272 276 278 285 286 291 294 297 298 302 305 308 310 317 318 323 338 343 345 349 351 354 357 359 364 368 372 374 377 381 385 388 392 394 397 398 403 405 407 409 411 412 417 423 426 427 432 438 442 447 448 451 455 459 462 465 466 469 473 475 481 482 
132 145 160 161 167 182 186 188 189 202 206 209 212 222 229 233 236 240 243 245 253 255 262 264 268 272 274 276 279 283 286 288 293 296 301 305 307 310 311 315 320 321 325 339 347 350 354 358 360 361 364 367 372 376 379 381 382 389 391 393 398 399 402 404 409 411 412 415 419 420 424 427 431 435 442 445 448 451 454 456 460 465 467 470 473 477 480 482 485 
136 147 163 164 168 184 190 191 193 204 209 210 216 223 233 234 237 241 247 248 255 257 263 268 271 273 277 278 280 286 289 291 297 299 303 307 310 312 313 319 321 323 326 340 348 352 358 361 364 367 371 372 376 380 383 387 391 392 394 395 400 401 405 408 412 415 416 419 420 421 427 430 432 436 446 447 450 455 459 461 464 469 470 473 475 480 483 487 490 
137 150 167 168 169 187 191 192 197 207 211 215 220 224 237 240 242 244 249 250 257 260 265 272 274 277 279 281 282 289 291 292 300 302 304 311 313 315 316 322 325 326 327 344 350 354 360 364 366 371 374 375 378 381 387 388 392 395 396 400 401 404 409 410 416 419 420 423 427 428 430 431 436 440 448 450 452 457 460 465 467 470 472 476 477 481 486 489 492 
139 153 168 171 174 191 195 199 201 209 213 217 223 228 238 244 248 250 254 257 258 262 269 274 278 279 280 282 283 292 294 298 302 303 308 315 318 320 323 325 327 328 332 345 351 357 364 368 372 375 379 383 384 388 392 396 400 402 403 405 408 412 413 417 418 423 425 429 431 435 437 439 442 445 451 454 456 458 464 469 471 474 476 477 478 484 489 490 493 
140 157 170 174 175 192 198 201 202 210 216 221 225 229 240 245 249 252 257 258 261 265 272 278 280 281 282 285 288 295 298 300 306 310 312 317 322 324 328 330 333 336 338 348 352 361 365 370 376 379 381 387 391 392 396 399 401 403 407 409 410 415 416 420 422 427 430 433 437 439 443 447 450 451 452 456 458 461 466 473 474 477 480 482 486 487 491 494 498 
143 159 174 177 179 194 201 202 204 213 218 225 226 230 243 248 253 255 261 263 265 266 275 281 284 287 288 291 295 298 299 301 307 314 317 320 326 328 330 333 336 340 344 349 355 362 366 373 378 381 383 389 392 394 399 400 404 407 409 411 415 419 420 421 425 428 432 437 438 440 446 449 451 453 454 459 460 463 468 477 480 484 488 490 491 493 497 499 501 
146 162 178 181 185 195 203 204 205 214 221 229 233 234 246 251 256 260 264 268 271 273 276 284 287 288 289 293 299 303 305 307 308 316 320 321 329 332 335 338 340 341 345 352 357 363 369 376 379 382 386 391 396 397 400 404 408 409 412 415 418 420 422 425 427 431 433 440 442 446 448 452 454 458 460 461 464 467 471 478 483 485 489 491 494 495 500 503 507 
149 164 180 184 186 198 205 209 211 216 224 231 234 236 247 254 259 264 267 269 274 276 280 287 288 289 290 295 302 306 307 309 310 318 322 324 332 333 336 339 344 347 349 356 359 364 371 380 384 385 387 392 400 402 404 407 409 412 413 419 421 422 423 429 430 434 438 441 444 448 451 455 459 460 463 467 471 474 475 481 485 487 493 496 498 499 503 507 508 
153 168 182 188 189 200 209 210 212 217 225 232 238 240 250 256 262 265 269 273 275 277 282 288 289 293 297 300 305 309 313 314 317 322 323 328 335 339 340 344 345 348 352 357 363 366 375 382 385 386 390 396 403 406 409 410 412 414 418 423 425 427 430 434 438 441 445 449 451 452 453 458 463 467 470 471 474 477 480 484 487 488 497 500 503 504 507 508 511 
154 171 183 191 194 202 213 215 218 221 229 235 241 245 253 257 263 266 271 274 279 281 286 289 290 295 299 301 309 311 315 317 319 326 327 331 338 342 343 346 349 351 356 358 364 370 377 385 389 390 393 400 407 411 413 417 419 423 427 430 434 437 441 444 445 449 451 455 459 463 466 470 473 476 480 481 482 485 487 489 491 494 501 503 504 505 510 513 514 
156 172 187 195 199 205 216 218 222 224 231 236 242 247 255 261 265 270 272 275 281 282 290 293 294 298 303 304 310 315 318 319 320 327 328 335 339 345 348 349 352 355 359 363 367 373 379 388 393 397 399 403 410 415 417 420 423 427 431 432 437 440 444 448 449 451 455 459 462 465 470 471 474 479 481 482 483 486 491 493 496 500 505 508 509 510 513 515 519 
160 176 190 196 203 206 220 221 225 228 232 239 244 248 256 263 267 271 273 278 285 286 291 295 296 300 307 309 312 316 321 322 325 329 331 336 342 348 349 353 354 356 361 366 369 375 380 390 397 401 402 405 413 418 419 422 427 428 435 437 439 441 445 449 451 455 459 463 465 468 472 473 478 480 483 485 489 491 492 497 498 503 506 510 514 516 517 519 521 
164 177 192 199 206 209 224 228 229 230 235 242 246 249 259 267 269 274 276 279 287 291 293 297 301 305 309 313 314 320 323 326 328 330 333 337 346 352 354 357 360 362 363 369 370 376 384 392 399 403 405 406 416 422 423 425 429 430 436 439 443 444 448 453 455 458 462 465 466 471 475 477 481 485 489 491 493 496 499 503 507 508 509 512 517 518 520 524 528 
168 181 193 203 207 213 227 232 234 237 241 244 249 250 260 268 273 275 280 284 288 292 297 300 304 306 313 314 315 324 327 331 335 337 338 339 347 353 355 358 361 365 369 371 373 378 386 394 403 405 406 409 420 426 430 434 436 439 440 442 444 448 449 456 459 462 466 470 474 475 479 482 483 489 492 495 499 502 505 507 508 510 511 514 520 523 525 529 531 
171 183 195 205 209 216 229 236 240 241 243 245 250 251 261 270 274 277 284 287 291 296 301 305 306 307 317 319 321 325 330 333 339 340 342 346 348 354 357 359 362 367 371 374 377 380 387 396 404 408 410 414 422 427 431 436 438 442 443 445 446 451 452 458 460 463 470 472 475 478 482 484 486 491 494 496 502 506 508 510 512 513 514 517 523 524 527 530 534 
173 186 199 208 211 217 233 240 244 248 251 254 257 260 265 274 277 278 286 291 295 297 303 306 308 311 320 323 325 327 331 336 340 343 344 347 351 358 362 365 368 370 372 378 380 381 390 399 408 410 411 416 425 430 434 439 442 443 446 447 451 455 457 459 462 465 474 476 480 483 486 490 492 494 498 499 504 507 510 514 515 517 521 523 527 528 532 534 537 
174 187 202 209 215 220 235 241 247 252 255 256 258 263 269 278 281 284 288 294 299 302 307 308 309 315 323 325 326 331 333 340 341 344 345 349 352 360 364 368 371 375 379 383 387 388 392 402 410 413 415 420 428 433 435 442 444 448 449 450 455 457 458 462 466 467 476 477 483 487 490 494 496 497 501 505 509 512 513 517 520 524 525 529 533 537 538 541 542 
177 188 206 212 219 223 239 245 248 253 258 260 263 264 272 280 282 288 291 295 302 306 310 314 318 322 324 327 329 334 335 344 345 349 350 352 353 363 365 371 373 378 380 384 389 391 393 404 413 417 418 424 429 435 436 445 448 449 450 452 457 459 463 465 468 470 477 480 485 491 494 495 500 502 505 508 513 517 521 525 526 528 532 534 536 540 542 546 547 
181 192 208 215 222 227 240 246 250 257 259 261 265 267 275 281 283 291 295 296 305 309 313 317 321 323 328 330 331 338 341 347 351 353 354 355 357 366 368 375 376 381 382 385 392 396 400 406 414 420 422 426 430 437 439 446 450 451 454 455 461 463 465 468 469 474 480 482 487 493 498 500 501 505 506 510 515 518 523 529 531 535 538 539 541 542 543 547 548 
182 193 210 216 224 229 241 249 253 258 263 264 269 272 278 282 284 292 299 302 309 311 317 318 322 324 332 336 338 342 344 349 354 357 359 362 363 370 372 377 379 383 386 390 395 399 404 407 415 424 426 429 432 440 444 450 452 455 459 460 463 466 467 472 475 477 482 485 489 494 500 503 507 510 511 515 518 519 524 533 537 539 542 544 547 551 555 558 560 
185 195 212 220 225 230 244 251 257 261 267 270 273 274 279 286 289 293 303 306 310 313 319 323 327 329 333 340 344 345 346 351 355 358 360 363 364 374 377 379 381 385 390 393 398 402 407 408 418 426 428 433 434 441 446 453 456 460 461 462 466 468 470 475 477 479 485 489 493 497 503 506 511 513 515 517 521 523 525 534 538 540 545 547 551 552 557 560 562 
187 198 216 223 227 234 247 254 261 263 269 273 277 279 281 287 292 294 304 308 312 314 320 325 328 331 334 343 348 351 352 354 356 361 364 366 370 377 378 382 385 388 392 397 399 406 410 411 421 430 433 434 435 445 448 454 459 464 465 466 467 470 473 478 480 481 489 491 497 501 506 508 513 516 520 521 524 528 529 538 540 541 548 549 554 556 561 563 564 
189 200 220 224 228 237 250 258 263 265 272 276 278 280 284 291 296 300 308 312 314 318 323 328 332 336 337 344 351 354 357 361 364 367 369 371 372 378 381 384 389 393 396 399 400 408 413 416 422 432 437 439 441 446 452 456 461 466 468 472 476 477 478 482 485 489 490 494 501 505 507 509 517 518 522 524 528 531 533 541 543 547 552 554 557 561 563 564 566 
190 202 224 228 230 239 251 260 265 268 276 280 282 285 289 293 297 303 310 316 320 322 327 331 334 338 341 345 355 356 359 365 369 373 377 378 380 383 387 388 390 394 399 402 405 412 416 419 423 435 439 440 443 449 455 459 464 467 469 476 477 478 482 485 488 490 492 498 502 507 510 514 520 522 524 525 531 534 538 545 546 551 556 557 559 565 566 567 570 
192 205 227 230 233 241 252 262 268 270 278 283 287 289 291 297 301 306 313 317 324 328 332 335 339 343 346 348 359 360 363 368 370 376 378 382 385 386 390 394 398 399 403 406 408 416 417 423 427 438 443 447 450 453 458 461 465 470 474 480 484 487 488 490 492 496 498 500 503 509 512 516 521 524 528 531 533 536 542 548 552 556 557 559 562 567 568 572 573 
194 209 229 231 234 243 255 266 270 274 279 287 289 293 295 298 302 307 317 320 328 332 333 338 343 344 347 352 363 366 370 371 375 378 380 385 386 389 393 395 401 403 405 407 410 418 421 424 431 439 447 450 452 456 462 466 468 473 477 483 488 490 492 496 500 501 503 505 509 511 515 519 525 527 531 533 535 539 543 550 556 560 561 564 568 572 576 580 584 
198 213 230 235 238 244 258 267 273 276 280 289 292 296 297 300 306 309 320 322 332 335 339 342 345 346 348 354 367 368 373 375 378 379 382 389 391 394 398 400 403 405 408 412 416 421 423 428 435 442 451 455 459 463 465 469 470 475 479 485 492 493 495 499 501 504 507 509 513 515 518 522 526 528 532 534 536 543 546 551 557 561 564 565 572 574 578 584 586 
201 217 234 236 240 247 259 269 277 281 284 293 295 297 298 302 308 311 324 328 333 336 343 344 347 351 353 357 368 370 374 377 382 385 388 391 394 395 402 406 410 413 415 418 422 424 426 432 438 445 455 456 462 464 468 473 476 479 481 487 494 496 500 502 505 508 511 513 516 517 520 524 527 532 534 537 540 544 549 553 559 562 567 569 573 576 581 588 592 
203 219 238 240 241 249 260 270 280 284 285 294 298 302 303 307 311 313 326 330 335 338 345 349 350 355 357 361 372 373 375 379 384 387 389 394 396 397 406 407 414 417 419 421 424 426 427 434 440 448 458 462 463 467 470 477 481 485 486 488 495 498 503 504 509 513 516 517 519 523 527 529 531 534 538 539 544 545 550 554 562 565 568 570 574 580 584 589 594 
205 220 242 244 247 251 262 273 282 286 289 296 301 304 307 311 315 319 328 332 338 341 349 350 353 356 359 364 373 374 377 380 388 389 391 395 400 403 409 412 418 419 421 423 427 430 434 438 442 450 459 466 468 472 474 479 482 488 489 492 498 499 507 511 515 516 517 521 522 524 528 532 534 538 540 543 547 551 555 559 563 569 570 572 577 582 586 593 597 
206 222 243 247 251 255 264 274 284 288 291 299 303 306 309 315 318 321 330 336 341 343 352 354 355 360 362 365 377 378 382 386 391 395 396 398 401 404 413 417 421 425 428 429 430 431 437 439 443 454 463 470 471 474 476 480 485 489 493 494 499 503 510 513 519 522 525 529 533 534 535 536 538 540 541 545 549 553 556 562 564 573 577 580 584 585 590 596 600 
209 226 246 251 254 258 265 278 288 292 294 301 304 308 311 317 320 322 332 337 345 349 356 359 362 366 370 372 381 385 388 390 394 396 399 401 404 406 417 419 424 426 432 436 437 441 445 446 449 456 465 472 476 478 482 484 486 491 495 497 503 504 514 516 520 525 527 531 534 535 538 540 542 546 550 551 553 554 559 563 568 577 579 582 586 588 592 598 603 
