2 6 9 11 14 18 20 21 24 27 30 31 32 33 36 39 41 43 44 47 48 51 53 57 59 61 64 67 69 71 75 78 79 83 86 87 90 93 97 99 100 104 108 109 112 116 120 122 123 125 126 128 130 132 135 136 140 144 147 148 150 151 155 157 161 162 166 167 171 172 175 178 180 182 185 187 189 193 196 200 202 205 
4 9 13 14 18 20 22 25 27 30 33 37 39 42 45 46 48 51 52 55 57 60 61 64 65 69 73 74 78 80 82 84 85 87 89 93 94 95 99 101 105 108 110 114 116 118 123 125 129 130 132 135 136 138 140 141 143 148 151 154 155 159 162 166 169 171 175 176 179 181 182 183 186 190 192 193 195 197 198 202 206 207 
8 13 16 19 23 25 28 30 32 36 37 39 41 45 49 50 54 56 58 60 64 68 71 72 76 78 80 83 84 86 90 92 95 97 100 102 106 110 111 114 115 117 118 119 121 124 128 129 130 131 133 138 139 143 146 147 148 152 156 159 162 166 168 169 170 172 177 179 180 183 185 187 189 191 196 200 202 205 207 209 211 213 
11 14 20 24 27 30 31 33 34 39 40 43 46 49 50 54 58 59 60 63 67 72 76 79 81 84 86 87 88 89 91 96 97 98 104 105 110 114 117 120 123 125 127 129 130 134 135 138 140 144 145 146 148 150 154 157 159 163 165 169 173 177 181 183 185 187 188 190 194 197 201 205 209 213 217 220 221 225 228 231 233 234 
15 16 21 26 30 34 37 41 42 43 47 49 50 51 55 56 61 62 66 68 71 75 77 82 85 89 92 95 96 99 102 103 107 109 111 113 117 120 122 123 127 129 130 131 134 137 138 142 145 146 149 153 156 158 160 163 165 166 168 172 176 179 185 188 192 195 196 198 200 201 204 207 210 215 219 223 227 228 230 235 237 241 
16 17 23 29 33 35 39 43 46 47 49 51 54 58 60 63 67 68 70 71 74 78 81 83 88 93 95 97 101 105 109 111 114 117 118 122 124 126 129 133 137 138 139 143 145 149 150 151 152 154 158 161 165 166 169 173 176 179 181 185 186 187 188 189 196 198 200 202 206 209 210 211 212 216 220 226 228 230 234 236 239 243 
20 24 25 31 34 37 41 44 47 50 51 52 55 61 64 68 69 70 73 77 79 83 86 90 94 98 99 103 107 110 112 115 118 119 121 126 128 132 135 136 138 142 145 146 147 153 155 159 161 163 165 168 171 175 176 180 182 186 189 193 197 199 202 203 204 206 210 211 213 217 220 224 225 226 229 233 236 238 242 244 248 252 
22 26 29 34 38 41 42 45 48 52 56 57 60 65 66 71 72 74 76 78 80 85 90 94 98 102 105 108 112 116 119 121 124 125 129 133 137 140 144 145 146 149 151 155 158 160 163 165 166 170 171 174 178 179 182 184 187 190 193 195 200 202 204 207 209 213 216 218 221 222 223 228 231 233 234 237 240 242 246 247 251 254 
25 30 33 35 42 46 47 49 50 56 59 61 64 66 68 73 77 80 83 86 87 90 91 97 101 105 108 110 113 118 122 125 126 128 131 134 139 142 147 148 152 154 158 161 163 165 169 172 175 176 179 183 184 185 189 191 195 199 201 202 205 209 212 213 215 217 218 219 224 228 229 232 234 236 237 240 242 244 247 248 253 255 
29 31 36 40 46 48 51 54 55 58 62 63 67 70 73 74 80 84 87 89 91 92 95 98 103 109 111 112 117 120 126 128 132 134 136 138 142 146 151 154 158 160 164 166 170 171 173 177 181 184 188 190 191 193 195 199 202 205 208 210 211 213 215 217 220 222 226 229 231 232 235 239 241 244 246 247 251 255 258 260 264 266 
32 34 40 44 48 50 52 57 58 61 63 64 68 73 75 78 83 87 89 93 96 98 101 102 107 112 114 118 122 126 128 132 134 135 139 141 145 147 154 156 161 163 168 171 175 178 179 183 184 186 190 191 193 194 196 203 205 207 210 214 218 222 224 228 232 235 236 240 243 244 246 249 253 256 257 258 260 264 268 272 274 275 
35 36 41 46 49 51 54 61 63 64 66 70 74 78 79 80 85 91 95 97 101 104 105 107 108 113 118 120 123 127 132 133 138 142 146 149 150 151 156 158 164 167 172 173 178 182 183 186 190 194 196 198 200 201 203 204 209 213 214 215 220 223 228 232 233 237 238 242 245 246 247 250 257 260 261 262 264 268 270 273 278 279 
38 41 44 49 52 55 57 64 66 68 71 74 78 82 84 86 89 94 99 100 105 106 108 111 115 116 121 124 126 130 135 136 140 144 148 151 155 159 162 165 169 173 174 177 182 184 185 189 193 196 198 201 205 208 211 214 217 219 221 222 224 227 229 235 238 241 245 248 249 250 252 254 259 264 266 270 273 274 278 281 283 284 
41 42 47 52 53 57 58 68 71 75 76 77 79 83 87 90 93 95 102 105 107 108 112 114 117 120 125 126 130 133 139 142 143 145 152 154 156 160 163 168 172 175 177 179 184 187 189 191 195 197 201 202 207 210 213 215 219 221 224 226 227 230 232 237 240 242 247 250 254 255 259 263 264 266 270 274 276 278 280 285 286 288 
43 47 48 55 59 63 64 72 75 78 82 83 87 91 93 95 97 99 103 106 108 112 115 118 122 124 127 128 134 136 142 143 146 147 155 159 162 163 167 172 176 180 183 185 187 190 192 193 196 201 204 205 209 212 215 217 220 223 227 230 231 234 238 242 246 247 250 254 257 261 262 266 267 268 274 275 278 280 284 288 292 294 
45 48 50 58 63 67 71 74 79 80 86 89 92 94 98 102 103 104 105 108 112 116 117 120 124 126 128 130 137 140 144 146 149 152 159 161 163 166 169 173 180 184 187 189 191 195 197 199 200 203 206 208 213 214 216 220 222 226 228 231 233 238 242 246 248 251 252 256 261 265 269 270 273 276 278 279 280 283 286 290 295 297 
49 53 57 61 66 69 74 77 80 82 87 91 95 98 102 103 106 109 112 115 117 119 123 127 129 130 131 132 139 143 148 151 155 157 163 164 168 169 173 174 183 188 191 193 194 199 200 203 207 208 210 214 216 217 218 222 225 227 231 235 237 241 244 248 251 252 254 258 262 266 273 275 279 283 284 286 289 291 293 297 299 303 
52 55 60 64 70 74 78 82 85 87 90 95 97 101 105 109 112 114 116 119 122 126 129 132 133 136 138 141 143 146 149 154 159 163 167 171 175 178 182 184 188 192 194 197 198 203 206 209 213 216 218 220 222 224 227 230 231 233 235 239 242 243 245 252 256 257 261 265 266 267 274 276 281 286 290 293 294 298 299 300 304 305 
54 59 64 67 73 77 80 85 87 90 93 97 101 105 109 110 116 120 124 128 129 133 136 139 141 142 146 148 150 154 155 159 161 164 170 172 178 180 186 190 193 196 198 201 205 209 211 214 215 220 223 227 229 232 235 238 242 245 249 250 253 254 258 262 263 267 271 273 275 279 282 284 288 290 292 297 298 299 303 304 308 312 
58 63 67 68 77 80 82 86 88 93 97 99 105 109 113 114 119 121 125 131 135 138 140 141 145 149 152 156 158 162 166 170 172 174 177 181 183 186 188 192 196 199 203 207 210 212 214 216 218 222 226 228 232 234 237 240 245 247 251 253 257 261 264 267 271 275 276 278 279 282 286 289 292 295 299 300 303 306 308 310 312 316 
59 67 69 72 78 84 87 89 90 96 98 103 106 111 117 118 121 125 127 132 139 142 143 144 148 152 156 159 162 165 170 173 177 180 183 185 186 190 193 196 200 203 204 208 211 215 218 220 223 224 230 233 236 237 238 241 249 252 253 255 260 262 265 271 272 279 282 283 285 289 293 297 298 300 301 305 309 312 316 319 320 323 
60 70 73 75 79 85 89 91 94 98 102 106 110 113 121 124 126 129 131 136 142 146 150 153 155 156 157 160 166 170 171 175 178 183 185 189 190 191 197 201 202 207 208 212 215 217 221 223 224 226 232 236 237 241 244 247 250 253 254 259 263 264 267 272 275 283 286 287 289 290 294 300 303 305 307 310 313 316 317 323 327 328 
64 71 74 76 80 88 91 95 97 100 104 108 111 115 125 129 131 134 136 139 145 147 152 154 157 161 165 166 169 171 175 177 179 186 190 191 195 198 199 203 204 211 213 216 217 221 222 226 228 232 233 239 243 245 248 251 255 258 260 262 265 269 271 276 278 285 288 289 293 296 298 304 307 308 310 313 314 320 321 324 329 332 
66 72 75 77 81 90 93 99 100 103 108 111 112 118 127 130 135 136 139 142 147 149 156 160 161 162 167 170 172 173 177 181 183 188 193 197 201 204 205 208 209 214 217 221 225 227 231 234 237 241 245 249 251 252 256 258 259 263 267 271 272 275 278 282 286 288 290 291 294 297 299 308 312 314 318 322 324 325 328 330 332 334 
70 74 78 79 82 91 95 101 104 105 112 115 119 120 131 133 136 140 142 145 148 150 160 164 166 169 171 172 174 175 178 182 184 190 195 201 204 208 211 215 217 221 224 225 229 233 236 239 240 245 246 252 255 256 258 260 262 265 271 272 275 276 279 286 289 290 292 294 295 301 305 311 316 320 324 328 332 333 334 336 338 339 
71 78 82 83 87 94 98 104 107 110 116 119 123 124 132 134 139 144 145 147 151 154 162 167 170 173 174 178 181 182 184 187 191 193 196 202 208 212 215 216 220 224 225 228 230 235 237 240 243 249 250 254 256 258 259 264 265 267 275 276 277 279 283 287 291 295 296 297 301 302 307 314 318 324 326 330 335 336 337 341 344 346 
72 80 84 85 89 95 99 105 108 112 117 123 125 128 136 140 141 148 149 152 153 155 166 169 174 177 178 180 184 188 189 190 193 196 199 206 212 213 216 217 223 225 228 230 234 236 240 241 247 253 256 260 264 267 268 271 274 275 277 280 281 285 288 289 294 296 299 302 306 307 311 315 321 327 328 333 337 338 339 345 347 348 
75 84 86 90 91 97 101 107 110 116 118 124 128 132 140 142 143 149 153 154 156 159 167 170 178 182 186 189 193 195 199 202 203 205 206 208 216 220 224 226 230 233 234 236 239 242 244 245 249 255 257 261 266 268 272 275 278 281 283 287 290 293 294 295 298 300 303 305 310 312 313 319 325 330 333 336 340 344 346 350 354 358 
78 88 91 93 95 100 102 108 114 119 120 125 132 133 142 145 148 152 157 158 162 163 170 171 182 184 187 191 194 197 200 203 206 209 213 217 219 223 227 231 235 236 238 241 243 245 247 251 255 259 263 264 270 272 273 276 281 285 286 288 291 296 299 300 302 304 305 308 312 315 317 320 328 333 336 339 343 345 348 351 355 360 
81 90 94 97 98 101 103 112 117 121 122 128 133 137 146 150 152 156 159 160 164 166 174 178 186 190 193 194 197 200 202 204 210 214 215 221 223 225 230 233 236 237 242 244 246 247 249 252 257 262 265 267 274 278 279 281 285 288 291 294 298 302 306 310 312 315 319 323 324 327 330 331 334 338 342 344 347 348 351 354 359 362 
84 94 95 101 103 104 108 113 121 123 127 129 137 140 149 153 157 160 164 166 167 171 178 181 190 194 195 196 201 204 205 207 211 218 219 225 228 230 233 237 239 241 243 245 249 252 254 255 260 264 268 270 278 281 284 285 286 291 295 296 301 303 309 313 315 317 321 326 329 330 333 336 338 341 343 345 350 351 355 358 362 366 
85 95 99 102 106 108 110 117 124 125 129 130 140 141 153 155 161 165 166 170 172 173 182 183 191 197 198 200 202 208 212 214 216 220 221 226 232 234 235 238 243 247 249 251 254 258 261 262 263 266 270 273 280 284 287 288 292 294 296 297 305 306 311 316 317 320 325 327 331 334 336 339 342 346 349 351 353 356 358 361 364 369 
88 98 101 103 109 112 113 119 127 128 132 134 144 147 154 159 165 166 168 174 177 181 183 184 193 200 204 207 209 211 214 217 221 225 228 230 235 238 241 242 247 248 251 254 255 259 264 266 269 270 272 277 281 287 288 291 295 297 300 301 307 311 315 317 321 325 326 329 334 337 338 341 344 350 352 356 359 360 364 365 367 373 
90 101 104 107 113 116 117 121 130 132 133 135 145 148 157 162 167 169 173 177 178 184 187 188 197 204 208 211 212 216 220 224 227 228 229 231 236 239 243 247 248 250 252 256 258 260 266 269 270 272 274 278 285 290 291 293 297 300 301 302 308 314 318 321 325 326 330 334 338 340 341 345 346 354 355 358 363 364 366 369 372 377 
93 102 106 111 116 119 123 124 131 134 136 138 146 150 161 164 170 174 177 179 183 187 189 193 200 205 209 212 214 217 222 227 231 233 236 238 242 244 245 248 251 255 259 261 263 264 268 272 275 276 280 284 286 291 292 296 299 302 303 305 309 316 322 325 329 330 333 335 341 343 345 349 353 357 360 361 367 369 371 373 375 379 
94 104 107 114 117 120 125 129 132 138 140 142 148 153 162 165 174 177 179 181 186 189 193 196 202 207 213 215 217 221 226 231 235 238 241 245 249 250 254 257 258 259 260 262 266 267 271 276 279 281 285 286 289 294 296 299 303 304 307 309 311 320 324 327 332 335 336 339 344 346 349 350 354 361 364 365 371 375 379 383 384 388 
96 107 109 115 119 121 129 131 133 140 143 145 152 155 164 169 175 180 181 182 190 192 194 197 206 209 216 220 223 226 228 234 237 240 243 246 252 253 258 259 261 264 268 269 273 274 275 277 281 285 287 291 293 298 299 301 306 307 308 312 315 324 327 331 335 338 339 342 345 347 353 356 360 364 366 367 374 376 382 386 390 392 
100 109 112 116 122 124 133 136 137 144 146 149 156 159 166 173 177 181 185 186 193 194 196 199 210 212 219 223 226 230 231 237 239 241 246 249 256 259 261 265 269 270 273 277 279 282 286 289 291 292 296 298 299 300 301 304 307 311 313 314 317 327 330 335 336 342 346 347 349 351 355 357 364 365 368 372 376 380 386 389 392 395 
102 113 114 117 126 129 136 140 141 147 150 151 160 164 167 174 178 182 189 190 197 199 203 205 214 217 221 225 229 233 237 238 242 243 248 253 260 263 264 266 271 274 277 280 282 283 288 290 292 294 297 302 303 305 306 310 313 317 321 322 325 329 332 339 342 344 350 354 358 359 363 367 368 369 370 373 380 383 390 391 396 397 
106 114 118 120 127 133 137 143 147 150 154 155 162 166 168 177 181 185 192 193 199 200 204 209 216 221 225 229 233 235 239 243 244 248 249 254 264 266 268 270 273 275 279 284 288 290 293 297 299 302 303 305 307 308 310 313 314 319 322 326 328 333 335 341 346 347 353 356 359 360 367 371 375 379 382 386 388 389 393 396 400 401 
107 117 119 121 130 134 140 144 150 151 156 160 164 170 171 180 185 189 195 196 201 203 208 212 217 222 228 233 236 240 242 246 250 254 257 258 266 269 273 277 279 280 281 286 291 292 297 298 303 304 306 310 311 312 315 319 322 326 327 330 334 337 341 345 349 352 357 361 365 366 368 375 376 381 385 387 391 393 397 401 405 406 
111 120 121 123 132 137 141 148 153 154 159 161 165 171 175 182 187 191 198 202 206 207 209 215 221 226 232 234 237 242 244 247 253 257 260 263 267 273 275 280 284 288 290 292 295 297 299 300 305 308 310 311 313 315 318 321 326 328 330 334 336 339 344 349 352 356 358 365 368 371 373 377 378 385 389 393 394 396 400 404 407 408 
114 122 125 129 133 139 142 152 154 158 160 162 166 174 176 185 189 194 202 204 207 210 212 216 222 229 236 240 242 246 248 249 256 259 262 266 270 275 277 284 286 291 292 294 299 300 301 304 309 312 315 317 320 321 324 326 327 330 332 338 339 341 345 351 355 357 362 367 369 373 377 379 380 387 392 394 397 401 403 405 410 414 
115 126 130 133 137 142 145 156 157 160 162 164 170 176 179 187 191 198 203 207 211 214 215 219 224 230 238 243 247 250 254 256 260 264 265 270 274 277 279 285 287 292 294 296 303 305 307 308 313 314 317 319 321 322 327 330 333 334 336 339 342 346 350 352 356 358 363 371 372 375 378 382 384 389 393 395 400 403 407 411 414 418 
118 128 134 137 141 145 147 157 161 164 168 171 173 180 181 191 192 201 204 211 213 216 217 223 225 231 241 247 249 254 257 260 264 266 269 274 275 279 280 287 289 296 300 302 306 310 311 314 317 318 320 323 326 330 334 335 339 342 343 347 348 352 354 357 361 362 367 375 377 381 385 387 388 392 396 399 401 405 411 414 417 420 
121 130 138 140 143 147 149 158 165 168 171 172 177 183 187 194 198 202 207 212 214 220 222 227 228 234 245 250 253 255 258 262 266 270 273 275 276 281 283 290 292 298 303 306 310 312 313 315 321 322 325 327 331 332 338 340 343 346 349 353 356 357 359 360 363 367 370 377 380 384 387 391 393 397 401 405 408 411 412 416 420 422 
125 131 139 143 145 151 154 159 168 169 172 173 180 186 188 195 201 204 208 215 219 223 226 231 235 237 248 252 256 257 262 265 268 274 277 278 280 282 285 294 297 300 304 310 312 313 317 320 324 328 331 334 337 340 343 346 348 351 352 357 358 360 363 366 370 373 376 379 383 386 388 394 398 401 402 407 410 413 416 417 424 425 
128 132 141 144 146 154 155 163 169 170 174 178 181 187 192 196 202 205 210 217 220 226 230 235 237 239 250 253 258 260 263 267 271 275 280 281 282 284 289 295 301 305 306 311 315 318 322 323 327 330 334 337 341 345 347 349 351 353 355 360 363 365 368 370 374 378 379 382 386 388 391 396 399 403 406 408 413 415 420 424 427 430 
132 133 143 147 150 155 156 166 173 174 177 179 183 189 196 200 204 206 211 220 223 230 231 239 240 244 254 256 262 264 265 270 272 279 281 285 287 291 295 298 304 308 311 312 318 319 323 324 331 334 337 341 344 349 352 354 356 359 360 362 367 370 373 374 377 381 383 385 389 393 397 400 403 404 409 412 414 418 423 425 429 433 
136 140 147 148 151 156 159 167 175 177 181 183 184 190 198 204 206 210 212 223 224 231 233 243 245 248 258 259 266 270 272 274 275 283 284 286 288 295 296 301 307 312 314 316 319 320 326 330 334 338 341 344 348 353 357 360 363 366 369 373 377 379 381 383 387 389 393 396 399 401 403 404 405 408 411 415 416 421 427 431 433 435 
138 141 148 152 154 160 163 169 179 182 184 186 188 191 199 208 212 214 215 226 228 232 235 246 247 250 260 263 268 273 275 279 283 287 288 289 290 299 301 305 311 316 320 321 325 329 330 331 336 340 343 348 350 354 360 363 367 369 371 374 381 384 388 391 393 396 398 400 403 407 410 411 415 418 422 423 424 428 429 435 437 438 
141 143 149 153 157 164 166 173 183 186 190 192 193 194 201 211 216 220 222 227 230 236 240 249 252 253 261 265 269 274 279 282 287 289 291 295 298 301 304 306 315 320 321 322 329 333 336 337 338 344 345 351 355 358 363 364 371 374 377 381 382 387 389 394 395 400 404 407 408 412 416 418 420 423 424 426 429 431 433 438 439 440 
145 149 151 157 159 167 171 174 185 188 193 195 199 201 205 214 220 223 224 229 231 240 242 253 254 255 264 267 271 278 282 284 289 291 293 297 299 305 309 313 319 324 328 331 335 339 340 343 345 347 349 352 358 359 367 369 372 375 378 384 385 388 390 398 401 402 406 408 409 415 420 421 425 428 430 434 437 440 442 446 448 449 
148 152 156 159 160 169 174 178 186 192 197 198 203 204 208 218 222 227 231 235 239 244 245 255 258 262 266 271 274 280 284 288 291 293 294 299 303 307 313 315 322 328 330 332 336 341 343 346 348 349 350 353 361 362 369 371 374 379 380 385 388 389 392 401 405 406 408 409 412 419 421 425 427 430 432 436 439 442 446 448 449 450 
152 156 159 162 165 170 178 179 187 194 201 204 208 211 215 220 224 231 235 236 241 245 247 257 259 266 269 272 276 284 288 291 292 297 299 300 304 309 314 317 324 332 335 338 340 345 346 348 351 354 357 359 363 365 370 374 378 382 383 387 390 392 394 405 407 409 413 415 416 423 427 430 432 435 436 438 441 443 447 450 454 456 
156 159 163 167 169 174 179 182 191 195 204 206 209 214 218 224 225 234 238 241 245 248 250 261 262 267 273 277 278 288 291 292 293 300 302 306 309 311 317 318 326 336 339 340 342 348 351 355 357 359 360 361 366 367 374 375 381 383 385 389 394 395 397 409 412 416 418 419 421 426 429 434 436 438 439 440 445 448 449 454 457 461 
159 161 166 168 173 176 182 183 193 197 207 209 211 218 219 225 226 237 241 243 248 249 254 263 266 271 277 278 280 291 293 297 299 303 306 308 311 313 319 321 327 340 342 344 347 352 353 359 360 363 367 368 369 371 375 378 382 385 387 393 397 399 400 410 416 420 424 425 429 430 434 435 439 441 442 446 447 452 455 457 458 465 
160 165 170 173 174 177 186 188 194 200 209 210 215 219 223 228 229 239 245 248 252 253 258 267 268 273 281 285 288 292 295 301 302 306 308 310 314 315 323 326 330 341 343 348 351 356 359 361 362 364 371 372 375 377 379 382 384 386 391 394 398 400 401 411 420 424 425 428 430 432 436 437 441 442 444 447 451 455 459 460 464 468 
164 169 174 178 179 180 187 192 196 204 211 212 217 221 227 229 233 243 247 249 255 257 261 271 275 278 283 289 293 297 298 304 307 308 311 315 319 321 324 328 331 343 346 349 353 360 361 362 366 369 373 374 378 380 384 387 390 393 394 396 399 403 404 414 423 428 432 434 437 440 444 445 447 450 452 456 460 461 462 464 468 471 
165 170 178 182 184 185 189 193 197 208 215 218 219 223 229 233 236 246 249 252 259 260 262 272 278 280 285 293 296 300 303 307 310 314 317 319 323 325 328 329 333 347 351 354 358 361 365 366 370 374 376 379 383 384 385 391 394 397 400 403 404 406 409 417 426 432 433 437 441 445 448 450 453 457 461 463 466 470 473 475 479 483 
166 174 180 184 186 189 190 197 201 212 217 220 224 225 231 237 240 248 253 257 260 263 266 275 281 283 289 295 300 303 307 308 312 317 320 323 324 326 332 333 334 350 353 355 360 364 366 370 373 376 377 383 384 385 387 394 395 401 403 407 411 414 416 420 429 435 439 440 444 447 452 456 458 459 465 468 469 474 477 481 484 487 
170 175 184 186 188 193 196 200 202 215 219 224 228 232 236 238 241 252 255 258 261 266 268 277 282 284 293 296 303 307 311 313 314 321 324 328 329 333 335 337 340 351 355 357 364 365 367 371 377 378 381 387 391 393 394 396 397 404 407 409 412 417 418 423 433 439 443 445 446 451 453 457 462 463 469 472 474 475 480 484 487 491 
172 178 187 188 189 194 198 204 207 216 223 226 231 235 237 239 243 255 258 261 263 270 273 280 285 286 295 300 306 309 315 316 319 324 327 329 332 335 337 340 344 353 358 361 367 371 372 376 380 382 386 391 392 396 397 398 399 408 412 414 417 421 425 428 435 441 444 446 448 453 456 459 463 465 472 476 479 483 487 491 493 496 
176 179 189 192 193 198 199 207 211 218 225 230 235 236 240 243 246 258 260 264 268 274 275 284 288 292 299 302 307 312 317 320 321 325 331 334 337 341 344 346 350 355 361 363 368 375 377 381 385 388 389 393 396 398 400 404 408 409 416 419 421 422 427 429 439 443 448 450 454 458 459 462 465 467 475 480 482 485 490 494 495 500 
178 183 191 193 197 199 203 209 215 221 226 231 239 243 244 245 247 262 263 265 269 278 282 287 292 294 301 304 311 313 318 324 327 329 335 338 341 342 348 350 351 357 363 366 370 377 380 382 388 392 396 397 400 403 407 410 414 418 419 420 423 424 430 431 442 444 449 453 457 462 464 467 469 472 476 483 485 486 494 496 500 504 
181 187 192 195 200 202 207 211 216 225 227 234 241 245 249 250 253 265 269 272 275 280 285 288 293 295 305 309 314 317 319 328 330 331 336 340 343 345 349 351 352 359 367 368 372 380 384 387 392 395 399 402 406 407 410 412 416 421 422 425 429 432 436 440 445 446 450 456 461 464 466 470 472 473 479 484 486 490 498 499 504 507 
185 188 195 196 204 208 209 213 217 229 230 238 243 248 252 254 258 269 273 277 280 284 286 289 294 296 307 312 316 321 325 331 332 335 337 343 346 347 351 354 356 360 371 374 378 384 388 389 394 399 400 403 407 409 412 414 419 425 429 431 433 436 438 444 448 452 455 459 463 466 470 472 474 477 481 488 491 493 501 504 505 510 
188 192 196 199 205 209 211 216 220 230 233 240 246 252 256 259 261 270 277 281 283 286 290 294 296 299 308 314 320 324 327 333 334 337 338 346 350 354 357 358 361 364 373 376 380 387 389 391 398 401 403 404 410 411 415 419 421 429 431 435 439 440 443 446 449 455 458 463 467 471 475 478 479 482 484 490 492 494 504 505 506 511 
190 193 199 203 208 211 213 220 224 233 237 241 248 255 260 262 266 272 280 282 284 289 293 297 299 303 311 316 323 327 329 334 338 340 344 349 354 355 361 364 366 367 375 379 382 388 392 395 399 402 407 409 413 416 417 421 424 433 436 440 443 447 449 450 451 459 462 466 469 473 478 479 480 483 485 493 494 498 508 511 513 516 
191 194 201 204 209 213 217 224 225 236 241 243 252 258 261 263 267 274 283 286 287 291 297 299 300 306 314 320 325 331 335 338 341 343 348 353 356 358 362 367 371 372 378 381 386 391 395 398 402 404 411 414 417 420 423 427 430 436 438 443 444 451 453 455 457 462 463 469 472 477 482 485 487 488 490 496 499 502 511 515 518 520 
194 195 203 208 210 217 218 227 231 237 244 245 254 260 265 268 271 276 284 289 291 292 299 302 305 310 315 324 326 332 336 341 342 347 349 355 357 362 363 370 375 376 381 384 387 394 396 400 406 407 413 415 421 423 424 430 433 437 440 444 445 453 454 457 459 465 469 473 476 481 485 488 490 494 497 498 501 506 515 519 523 527 
195 199 206 211 214 220 222 229 232 240 245 248 256 261 267 272 275 279 285 290 293 295 303 306 309 314 319 325 329 336 338 344 347 350 353 358 362 366 369 374 376 379 382 388 390 397 399 403 408 411 414 418 425 427 428 434 437 440 444 448 451 456 457 461 463 466 471 474 478 484 489 491 492 498 499 503 505 508 517 521 525 530 
196 203 208 214 217 224 225 233 234 242 247 252 257 264 268 276 280 284 287 291 296 299 306 308 310 317 323 328 333 337 341 345 348 352 356 362 363 369 371 377 379 380 383 391 394 399 403 406 410 412 417 421 426 430 431 436 440 441 446 450 453 460 464 467 470 472 473 475 481 487 493 494 498 499 500 507 509 510 521 522 529 531 
197 204 211 216 220 226 228 236 240 243 248 253 258 266 270 278 281 286 289 293 300 303 307 311 314 321 327 330 336 340 345 349 351 356 360 363 366 373 377 379 381 384 387 393 396 401 405 410 413 417 421 423 428 433 435 440 443 447 450 451 456 461 467 468 472 474 476 477 482 489 496 499 501 504 507 508 512 514 525 529 532 533 
200 206 215 218 224 227 230 240 243 246 252 254 261 268 274 282 284 290 292 295 302 305 310 315 317 322 330 331 338 342 349 350 355 357 362 367 369 375 380 382 386 387 391 395 397 405 408 411 415 418 424 428 432 434 437 443 447 449 451 453 458 465 471 472 474 477 479 480 485 493 499 502 504 508 510 514 517 521 529 533 537 540 
204 208 218 219 228 230 233 242 246 250 256 257 264 269 275 284 285 293 294 299 305 306 314 317 321 323 334 336 340 345 352 354 356 361 363 369 373 377 381 384 389 390 395 397 399 406 412 414 417 420 425 430 435 439 440 444 450 454 458 460 463 466 474 478 479 482 484 488 490 496 501 503 505 509 514 518 521 523 533 534 538 542 
205 211 221 225 229 233 234 245 248 251 257 259 267 273 278 287 290 294 295 301 306 309 317 321 325 326 337 340 341 348 355 357 361 365 366 370 375 380 384 387 392 394 399 401 404 409 413 415 420 424 428 433 438 442 445 447 453 456 460 462 465 467 478 479 481 485 488 489 492 500 504 508 511 512 515 520 524 527 537 540 541 544 
209 213 224 229 233 237 239 249 250 254 258 261 270 274 280 291 292 298 302 303 308 312 318 322 328 329 338 343 344 350 357 360 363 369 373 376 380 384 385 391 396 398 402 406 409 411 416 418 423 425 432 436 442 446 450 454 456 458 463 466 468 470 482 485 487 488 491 495 497 504 506 509 513 515 517 523 526 530 538 541 542 548 
211 215 225 233 234 240 244 251 255 257 259 264 274 277 282 294 295 301 303 304 312 316 320 324 331 332 342 344 346 352 360 362 367 370 377 379 381 386 389 394 397 402 404 408 413 415 417 422 424 427 434 439 446 447 452 458 459 461 465 469 473 476 484 486 491 495 496 499 501 506 510 513 514 519 520 526 529 534 542 543 545 550 
214 218 228 234 237 244 246 253 258 259 263 266 277 278 285 298 299 305 308 309 314 317 322 327 332 334 345 348 350 355 362 363 369 372 378 382 383 387 393 398 399 406 408 412 414 416 420 426 427 430 437 441 449 450 454 462 463 467 468 471 477 478 488 491 493 499 502 504 508 509 514 518 519 523 526 528 530 537 543 547 550 554 
217 222 231 238 239 247 250 254 260 261 264 267 279 280 286 302 303 309 310 314 318 322 326 329 336 337 349 352 353 357 366 370 374 378 382 384 387 391 395 399 400 409 410 416 420 423 426 428 429 431 439 442 452 453 458 465 467 469 472 474 480 482 491 495 498 503 506 508 511 512 515 519 523 526 527 529 531 538 544 548 553 556 
220 226 234 240 242 249 254 257 263 267 269 272 281 282 290 305 307 311 312 317 320 323 330 332 339 341 353 356 359 360 368 374 377 380 386 388 389 393 398 400 402 410 411 418 423 427 431 434 438 441 444 445 455 458 459 469 473 474 475 478 484 485 492 498 499 505 507 509 513 514 519 520 527 528 530 534 536 542 548 551 556 557 
