5 8 10 14 16 17 19 21 23 27 29 31 34 36 40 44 46 47 48 52 54 56 57 59 63 67 69 71 73 74 78 80 83 84 85 87 90 93 95 98 101 103 106 108 110 
6 11 14 16 19 21 22 25 29 31 34 35 39 41 42 48 49 51 55 56 60 62 64 65 66 70 74 76 80 82 86 88 92 96 100 103 104 105 106 108 111 112 113 116 118 
8 15 18 19 20 25 26 30 33 34 37 39 43 46 50 53 54 58 61 64 66 69 71 75 78 79 83 84 88 90 91 92 95 100 103 107 109 110 113 115 117 118 120 124 125 
10 19 23 25 26 28 29 32 35 39 40 41 44 48 53 54 58 59 62 66 70 72 76 78 79 81 86 89 92 94 98 101 104 105 108 112 113 114 117 120 121 124 126 129 133 
12 20 27 28 30 34 37 38 40 42 46 49 51 53 55 59 60 64 65 67 73 75 79 83 85 89 93 97 101 102 104 105 108 109 112 113 115 116 120 123 125 126 129 132 134 
16 21 29 33 36 40 41 43 45 46 49 50 53 57 60 64 65 69 73 77 78 80 82 85 88 93 94 101 102 105 109 111 114 116 118 121 125 127 130 132 134 136 140 142 144 
17 24 33 35 38 43 44 45 49 50 54 56 59 63 65 68 69 71 77 79 82 85 86 90 94 98 102 105 107 109 111 112 118 122 124 128 131 134 136 137 138 142 146 150 151 
21 25 34 37 39 45 46 50 52 56 59 61 62 65 67 70 72 76 78 82 86 87 90 92 95 101 104 107 109 113 117 121 125 127 130 133 137 140 141 144 146 148 150 152 154 
23 26 38 40 44 47 51 52 54 58 62 65 69 73 77 78 82 84 87 91 94 96 98 99 102 103 106 109 110 116 118 125 128 131 134 138 142 145 147 149 150 151 154 157 160 
27 30 41 42 47 50 53 56 60 61 65 69 70 74 81 83 84 87 91 95 96 97 101 102 105 107 111 115 116 119 122 126 132 135 136 139 145 148 151 154 156 158 160 163 167 
30 33 44 47 49 54 57 58 64 68 70 71 75 76 84 87 88 91 92 96 97 101 102 104 108 109 115 118 122 126 127 131 135 136 140 142 149 153 155 158 161 164 165 169 172 
34 36 45 50 53 56 58 61 67 69 72 76 79 81 87 88 92 94 96 100 102 105 109 111 115 116 119 123 126 127 129 135 136 138 144 147 153 157 161 165 167 169 173 176 180 
38 39 48 54 58 61 65 68 70 71 75 79 82 85 90 93 96 99 100 101 103 108 113 116 118 120 124 128 132 136 139 140 144 148 152 155 158 161 162 166 170 174 176 178 182 
39 40 49 55 60 63 66 71 74 77 81 84 85 87 93 94 99 102 104 106 110 111 115 119 122 123 127 129 133 138 140 144 146 149 153 157 162 165 168 169 174 176 180 183 187 
42 45 51 58 64 68 70 75 78 82 86 88 89 91 96 98 101 106 110 111 114 115 116 120 124 127 128 131 136 139 142 147 150 153 155 158 164 168 169 173 177 179 182 185 191 
45 48 55 59 65 69 73 76 80 85 87 91 93 94 99 102 103 109 112 113 115 119 123 125 128 132 133 134 138 143 147 150 151 156 158 162 167 169 170 176 180 182 183 189 195 
48 50 58 61 67 73 74 79 82 89 93 95 97 101 104 108 111 113 114 118 122 123 127 131 133 134 136 140 144 146 148 153 154 160 164 167 169 170 174 178 184 186 188 193 199 
51 55 61 62 71 76 77 81 85 91 97 100 102 103 106 111 113 114 118 121 125 126 131 135 137 139 142 143 148 149 150 156 157 162 165 169 172 175 179 183 185 189 192 195 200 
54 58 65 67 72 79 83 84 87 94 101 104 108 112 114 115 119 120 122 125 128 129 132 137 141 145 147 151 155 159 163 166 170 174 178 179 180 183 185 187 190 192 193 199 204 
55 60 67 71 74 82 85 89 90 95 103 105 110 113 116 120 124 125 127 130 134 137 138 141 144 146 149 152 159 163 166 169 174 178 182 183 185 186 187 188 192 193 197 201 207 
57 64 69 72 76 86 90 93 95 97 107 108 112 114 119 122 126 128 131 133 138 142 146 149 153 154 158 161 162 164 169 172 178 181 184 187 190 194 196 197 201 204 206 207 211 
58 68 72 74 80 90 93 95 99 100 111 113 117 120 122 126 127 130 135 137 140 145 148 150 155 158 162 164 165 168 172 176 179 184 186 189 192 196 200 203 205 207 208 211 215 
61 70 75 76 84 91 96 97 100 102 115 117 121 123 127 129 133 136 137 139 144 149 151 154 158 160 164 166 168 170 174 180 182 187 191 192 193 200 204 205 209 213 214 215 218 
64 73 77 78 85 95 97 99 101 106 119 123 125 127 131 133 137 141 143 146 148 152 154 158 162 166 168 169 171 172 175 183 186 190 192 196 199 203 205 206 212 214 217 219 221 
65 77 80 84 88 98 101 105 108 111 121 124 126 128 135 137 139 143 144 150 151 154 158 159 164 167 171 175 176 180 182 184 190 193 196 198 200 205 207 208 214 217 219 222 226 
68 80 81 86 90 101 103 109 111 112 123 127 129 133 138 139 140 146 150 154 158 159 160 163 168 171 172 176 178 182 185 188 194 198 200 202 204 208 210 211 217 221 225 229 232 
71 82 85 90 92 103 107 112 116 120 125 129 133 137 140 142 144 150 154 155 159 160 162 166 171 174 178 179 182 183 188 189 198 200 201 204 205 210 212 216 219 224 229 232 233 
75 83 86 91 93 105 110 115 119 122 127 132 135 138 143 144 146 151 158 159 161 163 167 169 175 176 180 183 187 189 191 195 200 204 206 207 210 212 216 218 221 226 231 236 239 
79 85 87 94 97 108 113 117 120 126 129 133 139 142 147 148 150 152 159 160 162 167 168 173 178 179 184 185 191 193 196 197 203 208 209 211 212 216 218 219 222 228 234 239 241 
82 88 89 98 102 109 116 121 123 130 132 137 141 145 150 152 155 158 163 165 167 168 171 176 182 184 186 188 193 197 200 201 205 209 212 216 217 218 221 222 225 229 236 241 243 
84 89 93 101 103 113 120 124 126 131 135 140 145 149 152 156 159 163 166 169 170 173 174 178 183 187 189 190 196 199 201 205 206 211 213 220 224 227 230 232 233 234 238 245 248 
87 93 95 104 108 114 121 128 131 133 138 141 148 151 153 160 161 164 168 173 176 177 181 183 184 188 192 196 199 202 205 207 210 213 215 222 228 231 234 237 239 243 246 248 250 
90 94 96 106 109 117 123 131 134 137 142 144 151 155 159 163 166 168 170 175 178 179 185 189 193 196 197 198 200 204 208 209 212 215 219 226 231 233 235 239 243 247 250 251 253 
91 95 98 107 110 118 127 133 137 141 144 147 154 157 160 167 169 173 174 176 181 184 187 192 197 199 201 203 205 207 212 214 216 219 222 228 234 236 237 240 245 250 251 254 258 
93 96 99 108 113 120 131 135 139 143 145 149 156 158 161 171 173 176 180 183 187 188 190 195 200 204 206 209 212 216 220 224 226 227 231 234 235 238 240 244 247 254 257 261 263 
95 97 101 111 116 121 134 137 141 146 148 151 159 163 166 173 175 177 182 186 190 193 194 198 203 207 211 212 215 220 221 226 228 229 234 235 237 242 243 245 248 257 261 262 266 
99 102 106 114 119 122 135 140 144 149 153 154 162 167 170 176 178 182 184 190 192 196 200 201 207 210 214 215 217 224 226 229 231 235 237 241 245 247 249 250 254 259 265 266 270 
103 105 109 116 122 124 137 144 145 151 154 158 166 168 172 179 181 185 189 194 197 199 201 202 208 214 215 219 220 225 228 232 236 240 243 247 248 252 253 254 255 260 266 267 274 
106 108 110 118 126 129 139 147 149 154 158 160 170 174 177 183 187 188 191 198 201 204 208 211 213 215 218 220 224 226 230 234 238 242 245 249 251 254 255 258 259 262 269 272 275 
110 113 116 122 127 133 142 149 150 156 160 162 174 177 179 185 191 194 196 200 203 208 209 212 216 218 220 222 228 232 235 239 241 246 248 251 252 255 256 261 265 268 272 276 280 
113 115 117 125 129 134 146 150 151 157 162 164 177 179 182 186 192 198 202 203 207 209 210 214 218 222 226 228 229 234 237 241 242 247 250 255 259 261 265 266 267 270 276 280 282 
115 118 121 127 131 137 149 154 158 162 165 169 178 182 184 189 194 200 206 209 210 213 215 217 222 224 228 230 234 238 240 245 246 251 254 258 262 264 269 270 273 276 278 283 286 
116 122 124 131 135 138 150 158 162 165 167 170 180 184 188 191 195 201 207 212 213 214 219 222 225 227 231 235 237 242 244 249 253 254 257 260 265 266 270 274 276 277 280 286 290 
120 124 128 133 137 142 152 161 165 167 168 173 184 185 189 194 199 205 210 214 215 219 220 225 226 228 233 239 241 246 249 251 256 260 263 266 269 272 274 278 281 284 286 290 294 
123 126 130 134 140 143 154 163 166 170 171 174 188 191 193 197 202 207 213 218 220 224 226 230 232 234 238 242 245 248 253 256 259 264 268 269 272 276 277 281 285 286 288 293 296 
