5 6 10 13 17 20 23 25 26 27 28 32 34 37 40 44 48 49 50 54 58 59 60 64 65 69 73 74 76 78 81 84 86 90 93 96 98 102 104 107 110 112 116 118 121 124 126 129 133 135 139 140 141 142 143 144 146 150 154 157 161 163 165 169 170 172 174 178 181 182 184 188 192 195 197 199 203 205 206 210 212 213 215 218 220 222 224 226 227 230 231 235 239 243 246 250 252 253 255 256 257 258 261 262 265 266 270 271 272 273 275 278 280 283 285 286 289 293 294 298 299 303 
7 9 13 15 19 22 25 29 32 35 38 41 44 46 48 50 52 53 57 60 64 67 70 73 77 78 81 85 89 91 92 93 97 98 99 102 104 107 111 113 117 120 121 123 125 129 133 134 138 141 144 146 150 153 154 156 159 162 165 167 171 173 175 176 178 179 183 186 188 192 195 198 201 204 205 206 209 210 212 215 217 218 222 224 226 230 231 235 237 239 242 244 248 251 253 255 256 257 259 262 266 268 270 272 276 279 283 284 288 289 293 297 299 303 305 309 311 313 317 320 324 328 
11 14 18 21 24 26 28 33 36 40 42 43 48 52 56 58 60 61 64 67 69 70 73 77 81 85 87 88 91 93 96 99 101 103 107 109 110 114 118 119 123 124 125 129 133 136 140 141 142 144 148 150 154 156 158 160 164 167 168 169 173 176 177 178 179 181 185 187 191 196 200 203 205 208 212 215 219 222 223 225 227 230 233 234 236 238 239 240 242 244 246 250 253 254 257 261 264 268 269 273 277 279 280 284 285 288 289 293 295 299 301 305 308 309 310 314 316 319 322 325 326 330 
15 19 23 27 29 31 33 35 37 41 43 44 49 56 58 61 64 68 69 73 76 80 81 85 86 87 88 91 93 95 100 103 107 108 110 114 117 119 120 123 127 131 135 139 142 144 148 151 155 156 159 161 165 167 169 173 176 178 179 181 185 186 189 192 195 197 199 202 205 206 209 210 212 216 219 221 224 227 231 233 237 240 242 246 247 250 253 255 256 257 258 260 262 264 266 267 269 272 274 275 281 285 286 287 291 294 298 301 303 305 308 311 313 315 317 319 323 327 331 332 335 338 
19 22 24 28 31 32 36 40 41 43 44 48 51 60 64 66 70 73 74 75 80 84 85 88 91 95 99 100 102 104 106 109 112 114 118 122 126 129 131 135 136 139 142 145 147 148 152 156 158 159 160 163 166 169 172 174 179 182 185 188 190 194 196 197 200 203 207 211 215 216 217 218 221 223 227 229 232 233 234 237 240 244 248 252 255 257 259 261 263 266 270 274 275 276 279 283 285 287 291 295 299 303 307 311 312 314 317 321 323 326 327 329 331 332 335 338 341 344 345 346 350 352 
20 23 28 30 32 33 38 44 46 48 50 53 54 61 68 69 72 74 77 78 81 87 88 90 93 97 102 105 107 109 112 116 118 121 124 126 130 131 132 136 140 144 147 150 153 155 158 159 160 161 164 167 169 171 174 177 183 187 188 189 193 198 199 200 204 206 211 215 218 220 224 225 227 230 231 232 236 238 240 243 247 250 254 258 262 265 266 270 271 275 276 278 280 281 283 285 288 290 294 298 302 304 310 312 316 317 318 322 326 329 332 335 336 339 340 341 344 345 346 347 354 356 
21 24 29 34 36 40 42 47 50 52 54 56 60 63 69 72 73 78 79 83 84 89 91 92 96 100 103 106 109 111 113 118 120 125 128 132 136 137 138 141 144 147 150 152 156 157 160 163 167 168 172 174 177 178 182 184 185 189 191 192 195 202 204 206 207 209 212 218 221 223 228 232 233 236 237 238 240 242 243 244 248 254 255 260 263 266 269 271 273 277 279 280 283 284 286 289 291 294 295 299 305 309 314 315 319 321 325 328 330 333 334 338 340 341 342 344 347 351 352 355 356 359 
22 27 30 36 40 44 45 50 53 54 56 59 62 64 70 74 76 82 83 85 87 90 94 98 102 106 110 114 118 119 123 125 126 128 131 133 139 140 144 145 146 149 153 154 158 162 164 167 168 170 174 178 182 185 186 190 193 194 197 199 202 203 207 209 211 212 213 220 224 226 232 236 239 243 244 245 249 253 256 260 261 265 268 271 275 276 278 280 282 284 288 289 292 296 297 300 304 308 310 312 314 317 318 320 322 326 330 332 335 339 341 342 343 345 346 348 352 353 356 357 360 363 
23 28 34 39 42 47 48 51 56 57 61 62 64 65 74 78 80 85 86 88 89 94 98 102 104 109 112 115 121 122 126 127 128 131 134 138 142 145 147 148 149 153 155 157 159 165 168 171 172 175 178 179 186 189 193 196 198 201 203 207 209 213 214 216 220 221 225 228 230 234 235 237 242 245 248 250 254 255 257 263 267 271 273 274 277 279 281 285 289 293 297 298 299 301 303 305 307 311 312 314 318 319 321 325 326 327 332 333 336 343 344 345 346 348 349 352 356 360 362 366 370 372 
26 30 36 40 43 49 51 54 59 61 62 65 68 71 78 79 81 86 88 90 92 97 100 105 109 111 113 119 124 125 128 130 132 134 135 141 145 148 150 154 158 161 164 166 168 169 170 175 176 179 180 183 188 193 196 199 201 204 206 211 215 216 218 219 221 222 228 231 235 236 238 240 245 247 250 251 256 260 262 266 271 275 277 279 280 283 287 291 295 299 303 305 307 310 312 315 316 318 321 325 326 327 331 335 338 341 342 346 350 352 354 357 359 363 365 368 369 373 377 381 383 386 
28 33 37 44 48 53 55 57 62 64 65 66 71 73 80 83 85 88 91 92 94 101 102 109 110 115 119 121 127 131 134 137 138 142 143 144 147 150 153 157 159 163 165 170 172 175 178 181 182 185 186 187 190 197 198 202 203 207 208 213 216 220 221 223 227 229 232 235 236 237 241 242 249 253 256 259 260 264 266 267 273 276 278 280 281 284 291 292 297 303 307 311 315 318 320 321 325 327 331 335 336 339 342 346 348 351 354 358 360 363 367 369 373 374 375 378 380 384 386 387 389 391 
32 37 41 47 51 57 60 62 64 66 68 72 75 78 83 84 89 92 93 97 99 105 109 110 112 116 123 127 128 132 137 140 142 143 147 149 150 153 157 160 161 164 169 172 173 177 182 186 189 193 196 198 202 204 205 209 212 215 216 219 223 226 230 233 237 239 243 244 248 252 253 257 259 263 266 270 273 277 278 280 283 286 289 293 296 298 301 305 307 309 310 312 319 323 326 329 332 333 334 339 341 343 345 348 352 353 358 360 361 366 370 373 376 378 381 383 386 389 393 396 399 402 
36 40 43 49 54 61 62 64 65 68 69 75 78 80 86 89 91 93 96 100 103 108 113 114 118 120 126 131 134 137 140 143 145 146 150 151 152 157 161 164 167 169 172 174 175 178 184 190 191 195 199 203 204 208 209 213 216 220 224 226 227 228 231 234 240 243 246 249 251 254 258 259 262 267 268 271 275 279 280 283 287 291 295 297 300 303 306 310 311 313 317 320 324 327 328 333 336 340 344 346 349 350 354 355 359 363 367 371 373 377 381 385 388 389 391 395 399 401 405 408 411 412 
38 44 47 52 57 63 64 68 72 73 76 77 81 82 88 92 95 99 103 104 106 112 116 119 120 122 127 133 137 139 141 146 147 148 153 155 158 161 162 165 170 173 177 179 180 182 185 191 194 199 203 206 208 210 213 216 217 223 228 230 231 232 233 237 243 245 247 250 252 255 261 262 263 269 270 275 276 283 286 290 294 298 301 305 308 312 313 315 316 320 322 325 326 328 330 335 339 344 346 347 352 356 360 361 362 365 371 374 378 380 382 386 389 390 392 398 403 407 410 411 414 416 
42 45 51 54 61 64 68 70 76 79 81 83 85 88 92 95 97 100 107 110 114 116 118 122 125 129 132 135 141 142 144 148 149 152 154 156 162 163 165 167 171 174 178 180 183 187 188 193 196 201 205 210 212 216 219 220 224 227 229 234 236 237 238 241 244 247 249 254 255 258 264 268 271 275 277 278 282 287 291 293 297 302 303 309 312 315 318 321 325 327 329 333 335 336 337 341 344 345 348 352 356 357 362 363 366 370 373 377 380 383 387 388 393 397 401 403 406 409 413 417 420 422 
43 49 55 59 64 65 71 72 77 83 84 85 89 90 94 96 101 104 108 112 116 118 119 123 127 130 135 138 145 147 149 150 153 154 158 159 166 167 170 173 175 176 182 184 185 191 192 195 200 203 208 212 215 218 221 224 226 231 235 238 241 243 246 249 252 256 257 258 259 260 265 271 274 278 281 283 287 291 293 294 299 303 305 311 314 317 321 324 326 329 333 335 338 342 343 344 346 349 353 357 360 363 364 365 367 374 375 381 382 385 388 392 396 398 404 408 409 411 416 421 425 427 
44 50 59 63 65 67 74 76 79 87 90 92 95 98 102 103 106 108 111 114 119 120 121 124 131 132 139 141 146 151 152 154 157 161 165 169 171 175 176 177 180 182 186 187 188 195 196 200 204 207 212 215 216 222 226 228 230 233 239 243 244 246 250 251 255 260 261 263 264 266 269 273 277 280 283 287 290 292 295 299 300 306 310 313 317 321 325 327 328 332 337 338 339 346 349 353 357 361 363 367 369 373 376 377 379 381 383 385 386 389 391 393 399 400 405 410 413 414 418 424 426 430 
47 54 60 65 68 69 78 80 83 90 93 96 99 103 107 108 110 111 115 118 122 125 126 130 135 137 143 144 149 154 158 160 164 167 170 174 178 182 183 184 187 188 189 191 192 199 201 204 208 212 214 218 221 226 228 230 231 236 240 245 248 249 251 254 258 264 266 267 269 271 272 274 279 283 287 288 293 295 297 300 301 308 313 315 321 325 327 328 331 334 340 342 344 348 352 355 361 363 366 371 374 376 380 382 383 387 388 391 394 397 399 403 404 406 409 414 416 419 422 426 427 432 
50 55 63 67 71 75 80 83 86 92 95 100 104 108 110 114 118 121 122 123 125 128 132 133 137 141 145 148 150 155 162 165 166 171 173 178 179 183 186 187 188 189 191 192 196 200 205 208 210 216 218 220 224 227 229 233 236 240 244 249 251 254 256 257 261 266 270 271 272 274 275 277 280 285 289 293 296 299 301 305 309 310 316 318 322 328 329 330 334 338 341 343 347 352 354 359 363 365 367 374 375 379 384 387 388 390 392 396 399 402 403 404 405 407 411 415 419 420 426 429 433 437 
52 58 67 68 72 78 81 87 91 96 98 104 106 111 114 118 120 125 126 130 134 135 136 137 140 143 149 152 156 160 164 168 171 172 176 182 186 188 189 193 195 198 201 204 206 210 214 217 221 222 226 229 231 234 237 238 241 245 248 253 256 257 261 264 268 270 272 273 274 278 280 282 284 289 292 294 297 303 305 307 310 313 317 322 326 330 334 338 340 343 347 350 352 355 359 362 366 368 370 376 380 383 385 391 395 396 400 401 405 407 408 412 415 417 418 422 423 425 429 431 435 441 
56 62 68 71 74 82 86 91 94 99 103 107 111 112 118 121 125 126 128 131 138 139 140 143 145 148 153 157 158 163 166 170 174 177 181 183 189 191 195 198 202 203 204 207 210 211 216 220 223 227 229 231 235 236 240 244 248 251 253 254 259 260 262 265 271 273 274 278 279 281 282 285 289 292 293 295 300 304 309 313 315 317 319 324 327 334 336 341 345 349 353 355 356 360 363 365 368 370 373 378 383 387 391 394 399 401 404 408 412 413 414 418 421 424 428 432 436 440 444 445 448 451 
58 63 72 74 78 85 87 93 98 100 106 110 113 116 120 125 127 128 131 134 142 144 147 149 151 152 157 158 159 167 169 174 177 180 182 186 193 196 197 201 205 208 210 213 217 219 223 224 225 229 231 234 236 237 244 248 250 255 257 259 260 262 263 266 275 279 280 284 286 287 289 293 295 298 300 304 305 309 312 316 318 322 326 327 328 338 342 343 349 351 355 356 357 361 366 370 374 377 378 381 387 389 395 399 400 402 407 409 413 414 417 419 423 426 429 436 439 444 445 448 449 454 
59 67 73 75 79 89 90 96 100 104 109 111 116 117 121 127 131 132 133 135 144 146 149 153 155 157 161 163 164 170 174 175 180 183 184 187 196 197 201 204 206 209 214 216 220 221 225 229 230 231 233 236 239 241 247 252 255 258 261 264 268 270 272 275 276 280 281 288 292 295 297 298 302 303 305 307 308 313 314 320 321 323 328 330 333 342 345 349 352 354 358 360 362 364 369 371 375 379 382 384 388 392 396 403 404 405 411 415 417 421 425 426 429 430 431 439 442 445 449 453 456 459 
60 70 74 79 83 93 95 99 102 108 111 114 120 123 126 128 132 136 137 141 146 147 152 155 158 159 163 167 169 174 178 181 182 184 187 189 197 201 205 207 209 212 218 222 226 229 233 236 238 240 243 247 249 250 251 254 257 262 264 267 271 273 276 277 278 282 286 289 295 296 298 300 304 305 307 308 312 316 318 322 325 328 330 332 336 345 349 353 355 359 363 364 366 370 374 375 377 383 387 391 392 393 398 404 408 410 413 418 419 424 429 431 434 438 440 444 445 446 453 457 459 461 
62 73 76 80 86 95 98 101 104 109 115 116 123 127 128 131 133 138 142 146 148 152 153 158 162 166 170 173 177 180 181 183 185 189 192 194 201 203 207 208 212 213 220 223 228 230 237 240 242 243 245 251 252 253 254 255 261 266 269 273 274 278 281 282 286 287 289 291 298 300 304 306 310 313 315 317 320 321 325 328 331 335 339 340 344 346 350 354 357 363 365 367 371 372 375 376 379 387 390 393 396 399 403 408 411 413 416 419 423 425 430 433 438 439 443 446 450 454 456 459 460 464 
65 77 80 83 87 99 101 102 108 113 119 120 126 130 133 137 141 145 149 152 153 157 159 162 166 169 174 176 180 183 184 188 191 193 195 197 203 204 209 212 216 217 224 227 231 234 241 245 246 250 251 253 255 257 261 264 267 268 270 277 281 283 286 288 290 291 295 297 300 303 305 309 311 317 318 321 323 326 327 331 332 339 343 346 348 349 352 357 360 366 367 369 375 376 379 382 383 391 393 396 398 400 404 410 413 416 420 423 427 429 431 437 442 446 448 452 456 460 464 465 466 469 
66 79 83 85 91 102 104 106 111 115 120 123 127 132 137 138 142 149 153 156 160 164 168 170 174 175 179 180 184 188 189 191 194 196 199 202 206 210 213 216 218 220 225 230 232 236 245 246 250 251 254 256 257 258 262 266 268 271 275 278 282 287 291 295 297 301 305 309 311 315 317 319 320 322 323 325 329 333 336 339 341 345 346 349 350 353 354 359 361 368 369 370 376 380 381 384 386 393 394 398 402 405 407 412 416 417 424 426 429 432 435 441 446 450 453 455 460 464 467 471 475 477 
69 83 84 89 93 103 105 109 115 117 121 125 129 136 141 142 145 152 154 158 161 166 170 174 175 179 182 185 189 190 192 194 198 202 205 207 211 212 214 220 224 228 231 232 233 239 247 249 254 257 258 262 266 267 268 269 273 277 281 282 285 289 294 296 300 304 309 311 313 318 320 323 324 327 328 330 332 335 337 342 344 348 349 350 352 355 357 360 362 370 373 377 381 383 385 387 388 394 395 401 405 407 411 413 418 420 427 430 433 437 441 444 450 452 454 456 462 467 470 472 478 480 
71 86 88 92 97 104 108 112 119 123 127 131 133 140 144 148 150 156 160 162 165 167 171 176 179 182 186 188 192 194 195 196 200 206 207 211 212 216 220 221 226 231 235 236 238 243 248 253 256 260 263 265 267 268 271 273 277 279 283 284 288 290 298 300 302 305 311 315 317 321 322 326 328 329 333 334 335 338 342 345 349 351 354 356 358 362 366 370 372 373 377 381 384 386 390 392 394 395 398 402 406 408 412 417 420 422 431 434 436 439 442 446 453 457 460 463 464 468 474 476 479 481 
74 89 91 93 101 105 110 113 123 124 131 134 135 144 145 150 151 157 164 167 169 171 174 178 183 186 189 193 194 195 196 197 204 209 211 212 215 218 221 222 229 233 236 239 243 244 251 255 259 262 267 271 273 276 278 279 280 283 285 287 292 293 299 303 305 307 314 317 319 325 328 329 330 331 337 340 343 347 348 350 352 353 356 358 360 364 368 372 376 377 381 385 387 388 391 394 397 400 402 404 409 412 413 421 423 424 433 435 440 444 448 452 455 461 462 467 469 473 475 480 481 482 
77 92 95 99 102 107 113 116 126 129 133 137 139 147 151 154 157 158 165 169 170 174 176 179 184 190 194 195 196 200 203 204 205 213 215 217 221 223 226 227 232 234 238 242 246 249 252 258 262 265 268 272 276 278 282 286 290 293 295 296 298 302 303 306 308 310 315 320 323 329 332 336 338 339 340 343 347 350 351 352 356 360 364 367 370 372 373 374 380 382 384 389 392 395 397 398 401 405 406 410 411 414 416 423 426 430 437 440 442 446 452 453 458 464 468 469 471 475 478 481 485 489 
78 96 98 103 107 110 117 120 129 131 134 141 142 148 152 158 159 160 169 171 175 176 178 181 186 193 195 198 201 203 207 210 214 217 219 220 223 225 229 230 234 235 242 243 250 252 256 259 265 268 272 273 277 280 285 287 293 296 300 302 306 309 313 316 317 321 324 328 329 333 336 337 340 342 344 346 350 351 353 354 360 362 365 368 371 374 376 378 381 383 386 392 393 399 403 406 408 411 414 416 420 423 427 431 433 434 439 442 446 450 456 460 463 465 470 471 474 477 479 483 487 491 
81 98 102 106 108 112 121 123 133 135 136 144 145 149 154 160 163 166 170 174 178 181 183 187 190 194 198 202 204 207 208 211 217 220 224 228 230 231 233 236 240 242 243 245 251 256 259 262 268 269 276 280 282 285 288 291 296 297 303 304 309 312 317 321 322 325 329 332 335 339 342 345 347 348 350 353 355 359 363 367 369 371 375 377 378 382 384 387 390 394 398 400 403 404 407 410 412 413 415 417 424 425 429 434 436 437 440 446 448 454 458 462 464 469 473 476 478 479 483 485 490 493 
83 99 104 107 112 113 124 128 137 139 143 146 147 152 157 163 166 170 171 176 182 185 189 191 193 195 201 203 205 210 211 213 221 224 226 232 233 235 236 239 241 243 246 248 255 260 263 265 271 274 278 284 287 290 291 293 299 301 306 307 313 314 318 324 327 329 330 335 337 341 344 347 349 352 356 357 361 365 369 370 373 377 379 383 386 389 393 396 400 403 405 409 413 416 419 422 425 427 429 432 435 438 441 444 445 447 448 449 453 455 462 464 465 473 477 481 482 483 486 489 492 495 
85 100 108 110 115 119 125 129 140 144 145 148 152 153 160 166 168 174 177 179 184 189 190 192 196 197 203 205 206 213 217 220 225 229 230 236 237 239 243 246 249 250 251 252 258 262 265 269 272 278 281 288 290 293 297 300 302 304 310 314 317 320 322 328 331 332 334 336 340 342 346 348 353 355 357 360 362 368 371 372 375 378 382 386 389 392 397 401 405 406 407 411 414 419 420 426 430 432 434 438 441 442 444 448 451 454 455 459 460 462 466 470 472 476 479 485 486 490 491 494 496 498 
88 101 111 113 119 121 127 133 144 147 151 154 158 161 164 170 173 178 182 185 187 190 193 197 201 205 208 212 213 216 221 225 226 233 234 238 240 243 244 249 252 255 257 259 262 264 266 272 274 279 282 290 291 295 299 304 305 307 313 317 320 321 325 329 333 334 337 339 342 345 347 351 357 361 362 363 365 371 375 376 377 380 383 387 390 394 398 405 409 411 413 414 418 421 423 428 433 437 438 442 446 448 450 454 458 460 463 464 466 470 473 477 478 479 480 487 490 492 495 498 500 503 
91 102 113 117 121 124 129 137 146 149 152 157 161 163 167 171 175 180 184 188 191 195 196 199 204 206 211 214 216 220 224 228 231 234 238 240 241 246 250 251 255 257 258 261 264 267 268 275 278 281 286 291 294 297 301 308 310 314 318 319 323 325 327 332 334 335 341 342 345 346 349 354 361 365 368 369 371 374 376 379 383 386 390 394 396 400 403 408 413 416 419 423 426 429 431 434 435 440 443 445 449 450 453 458 460 463 466 469 472 474 477 479 482 484 487 491 494 496 499 502 506 508 
93 106 114 121 125 128 130 140 147 152 154 158 165 166 168 174 179 184 188 191 192 198 200 203 208 211 215 216 218 221 225 231 235 239 241 245 247 250 251 253 256 258 260 264 266 268 271 279 282 286 288 293 297 299 302 309 312 317 320 322 326 329 331 333 336 340 342 343 349 351 354 358 363 368 371 375 377 379 380 381 384 389 392 398 400 402 404 411 414 420 424 425 430 434 438 442 443 447 451 455 459 463 464 467 468 471 473 476 477 478 482 484 487 490 493 494 496 500 501 506 509 512 
94 108 116 124 127 132 136 144 150 155 158 161 167 170 174 175 180 187 190 192 195 200 201 205 212 216 218 220 222 224 227 233 238 241 242 248 251 253 256 260 261 265 268 272 275 279 280 282 285 290 294 295 298 303 305 310 316 321 322 323 330 332 336 339 340 341 345 347 350 354 358 362 364 372 375 379 380 382 385 387 388 392 395 399 404 407 411 415 417 421 428 429 433 436 441 445 449 452 454 458 462 466 469 472 476 477 478 482 484 486 488 491 492 493 496 498 502 504 508 510 512 515 
98 112 118 127 130 135 139 145 153 159 161 164 168 174 175 179 184 191 194 196 198 202 206 207 215 220 222 226 229 232 236 237 242 246 250 251 253 257 261 265 268 271 274 276 278 281 283 286 290 292 296 297 301 304 308 311 319 323 326 329 333 334 337 342 344 347 348 352 354 357 361 364 367 376 380 384 386 387 388 389 391 396 399 401 406 408 414 419 420 422 431 435 437 438 442 449 450 456 458 460 464 469 472 476 479 480 484 488 491 495 498 500 502 503 505 508 510 513 514 515 519 523 
100 113 120 130 131 138 140 147 154 162 166 168 170 178 182 186 190 195 197 199 203 204 207 208 217 223 227 228 231 236 237 238 246 249 251 255 257 260 262 268 269 274 275 279 280 283 287 288 294 296 300 304 308 309 310 315 321 324 328 330 337 341 345 348 349 350 351 353 357 358 363 367 371 380 384 385 388 392 395 399 402 406 409 413 414 415 416 422 426 427 433 436 439 441 445 451 452 459 461 464 465 471 474 480 482 485 488 490 492 499 502 506 508 512 516 517 521 522 525 529 531 534 
103 114 123 131 134 140 144 149 157 166 167 169 172 179 183 187 193 198 200 203 205 209 211 212 219 226 231 233 235 237 240 242 249 251 255 257 260 263 266 272 274 275 278 280 283 284 290 291 298 300 303 308 311 313 317 321 324 328 329 332 339 343 346 350 353 356 357 358 359 360 364 370 373 383 388 392 393 395 396 401 403 409 411 417 420 421 424 425 430 434 435 438 443 445 446 454 457 463 467 469 470 474 478 484 485 488 492 493 496 503 507 508 511 515 517 521 524 528 530 532 535 536 
106 115 124 134 138 143 147 153 158 169 173 177 178 181 187 190 194 201 203 204 209 213 214 217 222 227 232 235 237 239 244 247 250 252 259 263 267 269 272 275 278 282 284 288 290 293 295 296 299 304 308 310 315 317 318 324 325 331 333 335 340 347 348 351 355 358 359 363 365 366 369 371 375 386 389 396 397 399 400 403 404 411 412 418 423 426 429 430 433 437 438 442 445 447 448 456 461 465 471 474 477 479 483 488 492 496 498 501 504 507 509 513 516 518 519 523 528 529 533 534 537 539 
110 116 125 137 142 145 148 156 160 171 175 178 180 183 188 193 198 203 205 209 212 215 218 220 224 229 236 239 241 245 248 249 253 254 263 266 269 272 275 276 281 283 285 289 292 294 298 301 304 307 311 314 317 321 323 327 331 335 339 342 345 351 355 357 358 360 361 366 368 370 373 374 376 388 393 400 402 406 409 412 414 416 418 419 427 429 430 431 437 440 442 444 447 448 451 460 465 466 473 478 479 482 485 492 493 499 502 503 508 512 513 515 520 523 525 527 529 532 536 537 538 542 
113 117 129 138 143 149 152 160 164 173 177 179 184 187 190 197 202 205 206 210 213 217 220 222 227 232 239 243 247 251 253 257 261 264 265 270 272 274 278 282 284 286 289 292 294 296 299 304 308 311 313 317 320 324 327 330 334 338 341 344 347 352 359 362 366 368 371 372 375 376 380 382 386 392 396 403 406 408 412 416 418 420 424 428 431 435 439 441 442 446 449 450 452 453 454 462 467 471 477 482 483 487 489 495 496 500 506 508 511 515 519 522 526 527 531 532 536 538 542 543 545 549 
115 119 132 141 144 153 156 163 165 177 178 180 187 190 191 201 205 207 211 214 217 220 223 226 230 236 243 245 250 255 258 260 262 265 267 271 274 278 282 285 288 290 293 294 295 299 302 306 311 312 316 321 323 325 328 331 338 340 345 349 352 354 361 366 368 371 375 377 381 385 388 391 395 398 400 407 411 413 415 417 422 426 429 430 433 439 440 442 445 449 452 455 456 459 461 463 468 472 478 486 488 492 494 497 501 503 509 513 516 517 522 523 527 528 532 534 538 541 545 549 553 557 
119 120 135 143 148 155 160 166 168 179 180 183 191 195 197 205 207 209 214 215 218 221 227 229 231 240 246 247 251 257 259 264 266 267 269 274 278 279 283 287 290 291 297 301 304 308 311 312 316 319 321 323 326 327 330 335 342 343 349 353 355 357 364 369 370 373 377 379 385 387 390 394 396 400 401 409 414 418 419 420 423 428 433 434 438 443 445 448 450 451 455 456 459 463 467 471 473 474 481 487 490 496 497 499 504 507 511 517 521 522 525 529 532 535 536 537 541 542 549 552 557 558 
120 123 136 146 150 159 161 169 173 183 187 189 193 196 200 208 210 212 216 218 221 224 231 234 235 243 250 253 257 261 264 268 269 271 275 276 279 280 287 289 293 297 299 304 308 309 315 316 320 322 326 327 329 330 334 336 343 347 352 355 359 361 366 372 375 377 381 383 388 390 391 396 398 401 403 413 415 421 422 425 427 431 437 441 443 447 450 453 456 459 462 463 466 470 472 476 480 483 487 491 493 499 503 505 506 508 514 519 523 527 530 531 536 540 543 546 547 551 553 556 559 560 
123 125 139 149 153 161 164 172 176 185 189 193 197 199 203 209 213 215 219 220 222 228 235 239 241 244 254 255 258 264 267 270 272 275 276 280 281 283 289 290 295 299 302 306 309 312 316 320 321 324 330 334 337 338 341 343 345 349 354 356 362 365 368 375 377 379 384 385 392 393 397 398 400 405 409 415 417 422 424 426 429 434 441 443 447 448 454 455 460 461 465 468 471 473 474 477 482 485 491 494 496 500 505 506 508 510 517 521 527 530 532 534 539 542 547 548 552 553 554 559 560 564 
127 130 143 153 157 164 166 173 179 187 192 197 201 205 209 213 217 221 222 224 226 230 238 243 245 248 255 256 262 267 268 274 278 282 284 285 287 289 291 294 298 300 305 310 313 317 321 324 325 326 332 336 338 341 342 345 349 350 355 360 365 366 371 378 382 386 390 391 396 397 400 402 403 408 413 418 422 426 430 431 435 437 445 449 450 451 456 460 462 466 468 471 473 477 480 484 488 492 495 497 500 503 509 511 513 517 521 523 531 535 538 541 543 546 549 553 557 558 560 563 567 569 
131 132 145 155 161 166 170 176 181 189 194 201 204 207 211 216 221 224 228 229 231 233 241 244 249 253 258 260 266 269 270 277 280 284 286 289 291 293 297 301 305 308 311 312 315 319 325 327 329 333 334 337 339 345 347 349 352 353 358 363 369 370 374 382 386 389 394 397 398 400 403 405 408 410 416 419 423 427 434 437 439 441 448 451 454 458 459 462 463 468 470 472 477 479 481 485 490 495 498 499 502 507 510 515 517 519 523 527 532 537 542 544 548 551 555 557 560 564 565 566 570 571 
132 135 146 159 162 167 174 178 185 191 196 203 205 209 213 219 223 227 229 232 233 236 243 245 251 254 262 264 270 271 273 280 284 287 291 292 295 296 299 304 306 312 314 315 316 322 328 329 330 334 336 339 343 348 349 351 356 360 363 364 370 372 376 385 387 390 396 398 401 405 407 411 412 416 420 422 427 428 438 440 441 442 452 453 457 460 464 466 470 473 476 478 479 481 483 489 493 497 499 500 504 508 514 517 521 523 527 531 533 538 545 547 551 552 556 560 564 566 569 572 575 579 
133 136 148 162 166 168 176 181 189 194 197 207 209 211 217 223 224 231 233 234 235 237 245 249 253 257 266 268 274 277 278 283 288 292 296 297 301 303 305 306 307 314 315 319 322 323 329 331 334 335 339 342 346 349 351 355 358 361 365 369 374 377 379 386 388 394 398 399 405 406 408 413 415 418 423 427 429 432 439 442 444 445 453 457 461 462 468 472 475 476 477 481 482 486 487 490 494 501 504 505 509 513 517 519 522 525 531 533 536 540 548 552 555 558 560 561 566 570 573 574 576 581 
134 137 152 166 170 172 179 182 193 195 198 210 212 215 219 224 227 233 235 237 240 244 247 251 254 259 268 272 275 280 281 284 292 296 298 301 303 304 308 311 315 318 319 322 326 327 332 335 337 339 343 346 349 350 355 357 361 363 369 373 376 378 383 387 390 395 402 405 409 411 414 416 417 421 424 430 434 437 441 443 448 449 457 461 464 466 472 476 477 480 481 484 485 489 490 492 498 502 507 510 513 517 521 523 524 529 535 539 543 546 551 555 556 562 563 566 567 571 575 577 580 583 
136 140 153 167 174 177 183 185 196 197 200 212 215 216 221 226 229 234 236 238 241 247 251 253 257 260 271 275 279 284 285 288 295 300 304 308 310 313 315 318 320 323 325 328 332 336 337 338 340 343 347 348 351 353 359 363 365 369 370 376 378 381 386 390 392 396 406 410 413 414 417 420 421 425 429 433 436 440 445 446 450 454 459 463 466 467 475 477 479 481 482 485 487 493 497 501 503 504 511 514 518 519 523 527 529 531 539 542 544 549 553 559 562 564 567 570 571 575 577 580 583 587 
140 143 154 169 177 178 184 188 199 201 203 215 218 221 222 229 232 237 240 241 244 251 253 255 260 261 273 278 282 287 288 290 299 302 305 312 313 317 321 323 326 327 330 332 336 337 340 342 345 349 351 354 358 359 361 365 368 372 374 378 381 382 390 392 394 397 407 413 414 415 419 421 425 429 431 434 440 444 449 452 455 459 461 465 468 472 479 482 483 487 490 492 494 495 499 505 507 511 514 515 521 525 528 529 532 534 543 546 550 552 556 560 564 568 569 574 576 577 580 584 586 591 
142 144 158 173 178 181 186 192 203 207 211 216 220 223 224 233 236 241 243 247 250 252 255 259 263 266 277 279 285 291 293 295 303 307 310 314 318 321 325 328 330 332 336 338 339 342 346 350 353 356 360 361 363 364 368 371 372 375 378 381 385 386 393 397 398 400 409 414 417 418 420 423 426 432 435 439 443 447 452 453 456 462 465 469 473 477 481 483 484 489 492 496 498 501 504 509 510 514 516 518 522 526 531 535 537 539 546 549 551 553 559 561 567 570 572 578 580 581 582 587 590 594 
143 146 159 175 179 183 187 196 205 208 214 220 224 227 230 234 238 243 247 248 251 255 258 260 266 270 281 284 288 293 295 299 305 311 314 318 321 323 327 330 331 335 337 342 346 347 351 355 358 360 362 364 366 369 373 374 377 378 380 385 388 391 397 401 403 404 412 418 420 422 425 426 428 435 439 442 445 450 455 457 458 465 467 471 474 478 484 488 491 494 496 498 500 505 508 513 516 519 522 524 527 530 532 538 540 541 548 551 553 554 563 566 568 574 575 581 585 589 591 594 596 598 
146 149 160 179 183 184 189 198 207 209 215 222 227 231 233 235 240 245 249 252 256 259 262 264 268 273 285 286 289 296 300 302 306 313 317 320 323 326 329 332 333 339 340 345 350 353 354 356 361 364 365 367 371 375 379 383 384 387 391 395 398 402 403 404 408 411 415 420 421 425 428 431 432 438 442 443 447 453 458 461 463 466 469 475 478 479 487 490 494 495 500 501 504 506 512 517 520 521 523 527 529 534 535 540 541 543 549 555 558 561 567 570 572 576 580 585 589 592 595 596 597 600 
148 153 161 182 185 188 192 199 208 210 219 224 231 232 237 241 244 247 253 255 258 262 263 266 271 274 289 292 294 297 301 305 309 317 318 323 325 327 333 335 338 343 344 346 351 354 355 358 364 366 367 371 373 376 382 386 389 391 395 398 401 405 406 409 411 415 418 424 428 430 434 436 439 440 444 446 450 456 461 462 467 471 473 479 481 485 490 491 496 500 504 505 509 513 515 520 522 523 526 528 533 535 537 543 544 545 551 557 562 566 569 572 574 578 584 589 592 594 599 601 602 604 
150 154 164 184 189 193 195 200 211 214 221 225 233 235 239 245 246 251 256 259 261 265 269 272 273 275 293 296 297 299 303 309 310 318 319 327 328 330 336 339 341 344 348 350 353 355 357 361 368 371 375 377 379 380 386 390 394 395 399 400 402 407 408 413 414 417 419 426 430 434 435 437 441 444 445 449 452 460 465 468 471 473 476 481 484 487 492 494 498 503 505 509 511 515 519 523 524 526 528 529 534 537 541 544 546 549 552 559 565 567 571 575 579 580 586 592 594 597 603 606 610 611 
153 157 166 187 191 195 199 203 213 216 224 229 234 236 240 246 250 254 257 260 262 268 271 276 277 279 296 298 301 302 307 311 312 319 322 330 334 338 339 343 345 346 349 353 356 357 361 365 371 372 379 383 387 390 392 394 397 398 401 404 407 409 413 417 419 421 424 427 432 435 438 439 445 447 448 451 453 462 467 472 474 475 477 482 486 491 493 497 500 504 506 511 514 519 522 526 528 531 532 536 539 542 544 548 550 552 556 561 567 568 572 578 583 584 588 593 597 599 607 611 614 617 
155 160 167 191 194 196 202 206 215 218 228 230 238 240 242 247 252 256 261 264 266 270 273 279 283 285 298 300 302 303 311 312 313 320 326 332 336 340 342 346 347 348 353 354 358 362 363 368 373 375 381 385 391 395 398 399 401 405 408 409 412 416 420 421 424 425 426 428 436 440 442 443 446 448 450 453 454 466 470 475 477 478 482 484 489 495 499 500 504 505 507 513 517 520 523 527 529 535 539 540 543 546 547 549 551 556 559 562 569 573 574 581 584 585 590 594 599 602 608 614 615 620 
157 162 171 195 196 199 204 209 216 220 229 231 241 244 246 251 256 260 263 266 267 273 276 281 286 289 299 303 306 307 313 315 317 322 328 333 339 342 344 348 352 353 356 359 361 365 368 372 374 379 384 388 394 399 400 403 405 409 412 416 419 420 421 422 427 428 429 430 439 443 446 449 452 453 454 458 461 470 471 476 479 481 485 489 493 498 503 505 506 510 514 515 518 524 526 531 535 537 540 542 545 549 551 555 556 559 561 566 570 574 575 584 585 588 593 597 602 606 609 615 617 623 
158 165 175 199 200 204 206 212 217 222 232 233 244 248 252 256 260 263 265 268 270 277 281 282 288 292 302 306 308 309 315 319 323 327 331 337 343 345 347 350 356 360 361 364 367 370 371 375 378 383 388 389 396 401 405 406 409 412 413 418 423 424 427 430 433 435 436 438 443 445 450 451 454 455 456 462 463 472 474 478 481 485 487 491 495 500 507 511 514 515 519 523 526 528 531 533 536 538 544 545 548 553 556 560 561 563 565 570 571 575 576 585 588 590 595 600 605 608 610 619 622 627 
160 166 178 202 203 208 212 214 220 226 236 237 246 251 256 258 263 267 270 271 275 281 285 287 290 293 304 307 312 316 320 321 326 328 332 340 346 348 352 354 359 363 365 369 372 375 378 382 383 387 389 391 400 404 408 410 411 415 416 421 425 427 429 434 437 438 440 441 445 449 452 456 460 461 463 466 469 473 475 481 485 486 490 492 498 501 510 515 517 521 525 526 528 532 535 538 540 541 546 550 552 556 559 564 565 568 571 574 576 577 581 587 589 594 598 602 609 610 614 620 626 631 
161 169 180 206 208 210 216 220 222 229 239 241 248 254 258 260 264 271 274 278 279 284 286 290 294 295 305 309 314 319 324 325 328 332 334 344 348 351 353 356 363 367 370 373 377 378 380 384 385 389 391 394 403 407 411 414 416 418 421 422 428 432 434 437 439 443 446 450 451 452 455 457 462 463 465 469 470 476 479 484 486 487 494 495 500 503 513 519 521 522 526 528 530 534 536 541 543 544 549 552 553 559 563 565 569 573 575 576 579 581 582 590 592 598 602 604 610 612 615 623 630 634 
165 172 184 208 212 216 218 222 225 231 241 243 249 257 262 265 266 275 276 280 282 286 290 293 296 299 308 310 318 321 325 329 330 333 337 347 350 354 358 362 366 370 373 374 378 380 383 387 391 395 397 400 406 408 414 418 419 422 424 428 432 434 436 441 443 444 450 451 452 453 459 462 463 465 468 470 473 480 482 488 490 493 497 499 501 504 515 520 524 528 529 532 534 538 540 545 548 549 551 555 558 562 565 567 571 574 578 581 584 586 589 591 595 600 606 608 611 614 619 624 632 637 
167 176 187 212 214 217 221 224 228 234 243 247 250 261 263 268 270 278 282 286 289 291 295 296 300 303 309 314 321 322 328 330 331 335 339 350 352 355 361 363 368 371 377 381 384 387 388 391 394 397 398 401 407 410 415 420 424 428 429 431 433 437 438 444 446 448 454 456 457 459 461 466 469 473 477 478 481 483 484 489 492 494 500 503 504 508 518 521 528 532 536 537 539 542 546 548 549 551 553 557 561 563 566 568 574 578 580 582 586 589 591 594 596 604 608 612 613 617 621 627 634 638 
169 178 190 213 216 218 223 225 230 236 244 249 251 264 267 270 272 282 283 287 290 292 296 298 304 306 310 315 323 325 331 332 334 339 341 351 354 357 363 365 370 375 379 382 387 391 394 395 399 402 403 405 411 414 416 422 426 430 431 435 439 443 444 445 448 449 458 462 466 467 468 470 473 476 479 480 482 485 488 492 496 499 504 507 509 512 519 524 530 533 540 541 545 547 550 552 554 558 561 563 567 570 573 575 579 583 584 587 590 593 597 601 604 606 612 615 617 619 622 628 635 642 
171 182 193 214 217 220 224 226 234 240 247 250 252 268 269 273 277 283 286 291 293 297 300 304 306 307 312 317 324 327 333 337 340 341 345 354 356 358 364 367 371 378 383 385 390 394 397 398 400 406 409 412 415 419 420 426 428 432 434 437 440 444 447 448 452 456 459 464 468 469 471 473 476 478 481 484 487 489 491 494 499 502 507 508 513 517 523 525 531 536 544 548 549 551 554 558 559 563 567 570 573 577 581 585 588 592 596 600 604 606 610 613 615 619 621 624 628 629 630 631 639 645 
175 186 196 217 218 223 226 228 235 243 250 254 256 271 273 275 279 285 289 294 297 301 305 309 312 314 318 322 328 332 337 341 345 349 351 355 360 364 368 369 375 382 384 387 393 397 401 404 407 410 412 416 420 421 425 427 430 435 439 442 444 447 449 450 456 458 460 466 472 475 479 480 482 483 487 488 489 491 493 496 502 503 509 512 514 518 524 526 532 538 548 552 555 558 561 563 565 566 571 574 575 578 582 588 591 596 600 603 606 607 613 614 618 623 627 628 632 634 637 639 641 646 
177 188 198 221 224 226 229 232 236 246 253 258 262 275 279 280 284 289 293 297 301 303 308 310 313 315 322 325 330 334 338 345 348 353 354 358 364 366 372 373 377 383 388 390 395 399 404 408 410 411 413 420 423 424 428 430 434 437 443 444 447 449 450 454 458 461 465 470 476 478 483 485 486 489 492 495 499 502 503 506 509 512 516 518 521 524 525 530 536 542 551 554 558 561 562 564 568 570 572 577 580 582 583 592 595 597 604 608 610 613 617 619 621 624 631 635 639 640 642 644 645 647 
178 191 202 224 227 229 233 237 239 247 257 262 266 277 281 285 287 292 295 298 305 308 312 313 315 318 325 329 334 336 342 349 350 357 359 360 365 367 375 376 378 384 391 392 397 400 405 412 414 417 421 424 426 427 432 434 436 438 446 447 451 454 455 458 461 462 466 474 479 483 484 488 489 491 496 498 502 504 507 509 512 514 517 521 523 526 528 532 538 544 553 555 560 563 565 567 570 572 575 580 584 587 588 593 599 602 605 610 611 615 619 623 627 629 635 638 640 642 643 648 651 655 
181 192 205 227 231 234 236 240 243 248 260 263 268 279 283 289 291 296 297 300 307 310 316 319 323 326 329 331 338 341 343 351 355 361 364 368 369 373 379 383 385 387 395 396 401 402 408 413 415 420 423 428 430 433 436 438 440 444 449 450 453 455 459 462 465 466 468 476 481 484 486 492 496 500 504 505 506 509 511 512 513 515 521 522 524 530 533 535 539 545 554 557 562 567 570 574 576 578 582 586 588 590 591 594 603 605 606 611 613 619 623 625 631 634 636 640 642 644 646 651 655 657 
182 196 207 228 234 237 238 243 244 252 264 266 270 282 284 292 295 300 304 305 311 312 320 324 325 329 331 334 341 342 345 353 359 365 369 372 373 375 382 387 389 390 397 400 403 405 412 416 419 423 426 430 431 437 441 443 444 447 453 456 459 462 465 469 473 477 480 484 488 489 490 494 499 501 508 512 515 519 523 526 530 534 538 542 546 549 551 555 557 558 561 564 567 570 571 576 580 584 585 590 594 598 601 603 606 607 609 613 615 622 626 628 634 635 640 643 645 649 653 654 657 658 
183 197 210 232 235 239 242 247 248 255 265 269 271 283 286 294 299 304 307 311 314 315 324 325 327 333 336 337 342 343 347 356 360 369 371 375 376 378 383 391 393 395 398 404 408 412 413 420 422 427 430 432 436 439 445 447 450 453 455 460 461 463 467 471 477 480 481 486 489 492 495 496 502 504 511 514 519 520 527 528 532 538 541 546 547 551 553 557 561 562 566 570 573 574 576 579 583 588 589 591 596 601 605 606 607 610 614 617 619 626 630 631 635 639 641 647 650 651 656 660 662 663 
187 199 214 234 236 241 246 249 250 257 268 271 275 285 287 297 303 308 311 312 315 319 326 329 333 335 339 343 346 347 351 359 362 372 374 378 382 386 387 392 397 398 401 406 409 415 416 424 427 430 431 436 440 441 448 452 453 454 458 462 465 469 473 476 478 481 485 487 492 493 499 503 504 505 512 518 523 526 531 535 539 542 545 547 549 554 556 560 563 567 570 574 576 579 583 587 589 592 596 598 600 605 606 609 613 617 621 623 625 629 633 634 637 640 643 651 653 654 660 661 666 668 
188 200 217 237 240 243 250 251 254 259 271 274 277 289 290 299 304 309 313 314 318 321 328 330 334 338 341 346 347 350 355 363 366 376 380 384 388 389 391 395 399 402 403 409 410 419 421 427 428 431 435 439 444 448 449 455 458 459 462 466 469 470 475 478 481 483 486 488 494 498 503 504 505 507 514 520 527 531 532 536 543 545 547 550 553 555 558 561 564 568 574 577 580 583 587 588 591 595 598 602 605 606 609 613 617 620 623 625 628 630 634 638 640 642 647 653 655 658 663 666 670 672 
192 203 219 239 241 247 254 255 256 262 274 276 279 292 294 303 307 310 316 320 322 323 329 332 338 342 343 349 353 356 359 365 369 378 384 386 391 395 397 399 401 406 408 411 413 421 423 428 430 434 438 442 448 451 452 458 460 462 465 467 470 473 476 482 484 485 490 494 497 499 507 510 511 513 515 522 528 532 533 539 546 547 549 552 555 558 562 564 568 572 575 580 583 585 590 594 598 600 604 608 610 614 616 620 623 626 630 631 633 636 639 643 644 645 650 656 657 661 666 670 672 676 
193 205 223 243 245 249 255 258 261 263 275 280 281 293 298 307 310 311 318 321 323 325 333 335 340 343 344 352 357 359 363 367 371 382 387 391 392 398 402 403 407 409 413 416 417 422 424 432 436 440 443 447 451 452 455 461 462 463 469 470 472 474 479 483 487 488 491 496 500 502 511 514 515 519 522 523 529 535 538 543 547 549 552 556 560 564 567 571 573 575 578 583 586 589 594 598 600 602 608 611 612 617 621 624 627 630 634 637 639 642 643 645 646 649 654 660 663 666 669 672 674 677 
197 206 226 246 249 250 257 262 264 266 276 284 288 297 299 311 314 317 320 323 324 326 334 336 342 347 349 353 358 363 365 371 373 384 390 393 397 400 405 409 410 413 414 420 421 425 428 434 437 441 444 449 455 459 463 466 470 474 476 480 483 485 488 489 490 491 493 500 504 505 512 518 522 525 527 531 535 537 542 546 548 551 556 557 564 565 569 573 576 579 583 584 589 590 598 599 604 608 612 614 616 620 623 626 629 633 635 639 640 645 646 649 653 657 658 663 664 667 673 674 678 680 
199 208 230 248 250 254 259 263 267 268 277 286 289 299 301 312 315 319 324 326 330 333 335 339 346 349 352 354 361 364 369 375 377 388 393 397 399 402 407 413 414 416 418 423 424 426 429 436 438 442 447 450 459 460 465 467 471 478 482 485 488 492 495 496 499 503 504 508 511 512 513 520 525 528 529 535 538 540 543 547 551 552 558 561 567 568 573 577 578 582 585 589 592 593 602 605 608 611 613 616 619 624 626 628 633 635 638 643 644 646 649 653 655 660 662 666 667 668 676 678 682 684 
203 210 234 250 254 258 261 265 268 272 279 290 291 303 304 313 316 322 326 329 334 335 339 341 349 352 354 355 365 367 370 378 380 392 394 398 402 405 408 417 419 422 425 427 428 429 433 439 440 446 449 453 461 465 469 472 474 480 485 487 489 493 498 500 504 507 509 510 513 516 517 524 528 529 531 538 541 542 545 549 552 554 562 565 568 570 576 581 582 586 590 592 593 595 605 606 611 612 614 619 620 626 629 633 634 638 639 645 649 652 655 659 660 663 666 670 672 673 680 684 687 690 
204 213 235 254 258 260 265 268 271 275 281 294 296 305 309 314 318 326 329 332 337 339 342 345 351 354 356 359 369 372 376 382 386 396 397 401 403 408 410 420 423 426 429 433 434 435 439 443 445 447 452 455 465 468 470 473 476 481 488 490 492 497 500 502 508 510 513 515 519 522 523 526 530 534 537 540 544 548 550 553 557 561 563 566 570 572 578 585 586 590 591 596 600 601 608 609 614 618 622 626 627 630 632 637 641 643 644 647 650 655 659 663 664 668 670 671 673 675 684 686 691 693 
207 216 239 255 262 263 268 270 275 276 283 297 298 307 311 316 321 330 331 333 341 345 349 351 352 355 358 361 370 375 379 383 389 399 400 405 406 412 413 422 426 428 433 434 437 440 441 446 449 452 456 458 466 471 472 475 477 484 492 496 500 503 505 507 509 513 514 519 523 526 527 530 534 535 541 543 548 549 554 558 560 565 569 570 572 575 581 588 590 592 595 597 602 604 610 614 618 619 623 629 632 633 636 638 642 645 648 649 652 657 663 666 667 669 673 675 679 683 688 690 693 694 
209 220 240 257 265 267 269 271 276 278 287 301 305 309 315 317 324 332 336 337 345 348 350 353 357 360 363 367 371 377 380 385 392 400 404 407 409 415 419 424 430 434 437 441 444 445 446 450 451 455 457 460 470 473 477 480 483 485 496 497 502 507 509 511 512 514 516 522 526 528 529 534 535 537 544 546 549 551 555 562 564 569 571 573 577 580 583 592 594 596 600 604 606 609 614 618 620 624 627 630 634 637 640 641 645 646 651 655 659 661 666 669 672 673 677 680 684 686 691 695 698 702 
212 221 241 258 267 270 274 276 280 283 289 304 306 312 318 319 328 334 338 342 349 353 355 359 361 363 367 371 373 381 383 388 396 402 407 408 412 419 422 425 434 438 442 446 449 451 454 456 460 463 467 470 473 474 480 481 486 487 498 499 503 508 513 514 516 518 522 526 529 532 536 538 542 545 546 549 552 554 557 565 569 571 575 576 578 582 586 594 595 598 604 605 608 611 616 619 621 627 629 631 636 639 644 647 651 654 656 659 660 664 667 671 676 679 683 687 689 690 693 699 701 703 
213 225 245 259 271 272 276 277 282 286 292 308 309 314 322 324 330 336 340 346 353 354 359 363 367 370 371 372 376 383 384 392 397 405 409 411 413 423 425 428 435 439 446 448 451 454 455 459 464 467 471 473 475 476 484 485 490 494 501 502 507 512 516 520 523 525 526 529 530 535 537 539 544 547 548 550 555 559 561 567 573 576 578 582 586 587 590 597 601 604 607 609 612 613 617 620 625 628 631 635 640 643 645 650 653 658 659 661 664 666 669 673 679 682 684 689 690 693 694 702 704 708 
215 228 248 261 272 275 277 280 286 288 296 311 315 319 323 326 331 339 341 347 354 356 360 365 371 373 375 379 383 386 390 396 399 409 412 415 418 427 428 430 437 440 447 449 454 456 459 462 468 471 475 478 480 484 488 492 493 496 505 507 509 514 517 523 526 527 529 532 536 537 539 542 548 552 553 554 556 560 562 569 574 577 581 583 590 594 596 599 602 606 611 614 616 617 618 624 628 630 633 638 644 648 650 651 654 662 663 664 668 671 675 677 683 686 688 692 693 695 697 706 709 713 
216 229 250 264 276 278 280 281 288 291 297 315 319 322 327 328 333 341 345 350 358 360 364 369 372 377 381 382 384 388 394 398 403 411 415 418 422 431 433 437 439 444 448 451 458 461 464 468 471 473 476 481 484 486 489 493 496 500 507 508 510 516 521 525 529 530 534 538 540 544 547 551 552 555 556 558 559 564 568 573 575 578 582 584 594 598 602 604 606 610 615 619 620 622 624 628 631 633 634 639 647 650 651 652 656 664 666 669 671 672 678 682 686 689 690 694 696 697 698 707 710 716 
219 233 252 268 279 283 287 289 292 293 299 319 323 325 328 330 334 343 348 354 362 363 365 370 373 378 382 385 386 392 395 401 406 412 417 422 426 434 437 440 442 446 451 455 459 462 465 472 473 474 479 482 486 487 492 497 501 504 509 510 511 519 522 526 533 534 537 539 544 545 551 552 555 557 561 565 569 572 575 576 577 580 584 588 596 599 604 608 611 614 618 623 627 629 633 634 638 642 643 644 651 652 654 657 658 668 671 673 674 677 680 684 687 692 693 697 698 700 702 709 713 719 
221 234 254 272 282 287 289 291 294 295 300 320 325 329 330 334 335 345 351 355 364 368 372 376 379 383 384 388 392 395 397 404 409 416 419 424 429 435 441 445 449 450 453 459 462 465 467 475 477 481 483 485 488 492 496 500 504 505 513 514 516 523 526 530 537 541 542 545 547 551 552 555 558 559 563 569 573 574 576 577 578 582 585 592 598 603 605 609 614 617 619 624 631 634 636 639 643 647 650 653 654 657 658 661 664 670 673 675 679 683 687 689 690 693 697 701 704 707 708 712 714 722 
224 238 258 273 283 291 292 294 296 297 304 322 328 332 336 337 340 346 353 356 367 370 374 378 383 386 388 392 394 397 398 406 412 417 422 428 433 437 445 446 450 454 456 460 463 467 470 476 480 484 488 491 494 497 501 504 506 510 514 515 519 524 529 532 539 542 544 549 553 555 557 561 563 564 565 570 575 579 582 584 585 587 588 596 602 606 610 611 615 618 622 628 632 636 637 641 645 650 652 655 658 659 661 664 668 672 674 679 682 684 690 691 693 694 699 703 708 712 713 715 717 724 
227 242 259 274 284 292 294 295 299 302 307 323 329 334 337 340 341 349 354 359 370 371 375 379 387 390 392 393 397 399 400 408 416 419 425 432 437 441 448 449 453 457 461 464 466 470 473 479 484 486 489 495 499 500 503 508 510 514 515 518 523 527 530 535 542 544 546 552 555 558 561 562 567 570 571 572 577 581 586 590 594 597 599 602 604 610 613 615 617 622 624 629 633 637 641 644 649 653 657 661 662 666 667 671 674 678 680 684 686 689 694 695 697 701 702 706 712 715 717 719 723 728 
229 243 263 275 287 296 298 299 300 305 310 327 330 336 338 344 346 350 356 361 371 375 378 383 390 393 396 398 402 403 405 409 419 420 426 434 439 445 449 452 454 459 462 468 472 476 479 483 486 489 491 499 503 507 510 512 515 518 521 524 527 528 532 538 544 548 549 555 559 562 565 568 569 574 577 581 585 589 592 595 598 602 606 608 611 612 615 619 622 626 627 630 635 639 643 648 651 656 661 663 665 667 671 674 677 681 685 688 690 693 698 702 705 709 711 712 716 717 721 724 726 730 
230 245 265 278 289 299 303 307 310 313 317 331 333 338 342 345 347 352 358 362 372 379 381 386 392 394 400 403 407 410 411 413 423 426 428 437 440 447 450 453 457 463 465 469 474 477 482 485 487 491 492 501 504 508 511 514 516 521 522 526 528 531 535 541 545 549 551 557 562 566 568 569 571 575 578 582 588 592 594 599 601 605 607 610 615 619 623 625 626 629 632 636 637 643 644 651 652 657 664 668 672 673 674 675 678 685 688 690 691 695 699 705 708 711 715 719 723 724 728 730 731 733 
234 248 268 281 291 302 307 311 313 315 321 335 336 342 345 347 350 354 362 363 375 380 383 389 393 395 402 406 408 411 413 415 425 427 432 441 445 451 455 456 460 465 469 473 478 480 485 489 490 494 495 502 507 511 514 517 518 525 527 529 533 534 537 542 548 552 553 559 564 569 571 574 578 579 583 587 592 596 597 601 604 606 608 614 616 621 626 629 630 634 635 637 638 647 650 654 658 659 665 669 674 675 677 679 683 686 692 696 698 701 705 707 711 713 717 722 727 728 732 733 734 735 
236 250 271 283 294 304 310 313 314 319 323 336 339 346 347 350 354 356 363 367 376 384 385 390 395 398 403 410 414 417 419 420 427 431 436 443 446 453 456 458 462 467 470 476 482 484 488 490 491 495 497 504 511 512 516 518 520 529 530 531 537 539 540 543 552 555 558 560 566 570 572 575 580 581 585 589 593 599 601 603 605 607 611 618 620 623 629 632 636 637 639 643 647 648 654 656 659 662 668 673 676 680 682 683 684 690 694 697 701 705 706 710 715 719 722 723 728 731 735 736 737 741 
237 253 275 287 296 305 313 315 318 323 324 337 342 349 351 355 359 360 364 368 379 388 392 393 396 399 406 414 415 419 422 424 429 432 439 445 447 457 461 463 465 468 473 479 486 487 489 491 494 499 502 505 512 514 519 523 524 533 537 540 541 544 546 547 556 558 560 561 567 573 575 577 581 583 588 591 596 603 605 606 608 612 613 622 625 626 633 636 639 640 644 648 650 653 657 660 664 667 671 675 677 684 687 690 691 695 698 702 706 709 713 716 720 721 726 727 731 734 739 741 744 746 
238 255 277 288 297 307 316 318 322 327 329 341 343 350 353 356 360 364 366 369 380 392 396 400 401 403 409 415 416 420 426 430 431 434 441 446 450 459 464 468 470 472 475 481 488 490 493 497 499 500 505 508 514 516 520 526 530 534 540 543 547 548 551 553 558 562 563 566 571 574 576 581 583 586 590 595 599 604 608 610 611 613 617 623 628 629 636 638 642 643 645 649 651 654 658 662 665 668 673 678 681 686 691 694 697 701 703 705 709 713 715 717 721 723 729 731 732 735 740 744 747 751 
239 256 279 290 299 311 319 321 326 330 333 342 344 353 357 360 364 365 367 373 383 394 398 402 406 410 413 416 418 424 430 434 436 437 442 448 453 462 466 471 472 476 480 482 490 492 496 498 501 503 508 512 518 519 522 527 531 535 541 546 551 555 557 558 562 566 570 572 574 576 578 583 587 588 594 596 600 606 609 611 615 619 620 624 629 632 639 641 645 646 647 652 654 655 662 664 669 673 675 682 683 689 693 697 698 702 707 708 712 717 718 719 724 725 732 734 737 739 744 746 751 754 
242 260 283 294 302 313 323 324 330 334 338 345 346 355 359 361 366 369 372 374 385 395 402 403 408 411 414 418 421 427 432 435 439 441 443 452 456 466 469 475 478 479 481 486 493 494 497 499 504 508 510 515 521 524 525 530 533 538 543 547 553 557 558 562 564 570 574 577 578 580 583 585 591 595 597 600 604 609 610 615 617 623 627 628 632 633 643 646 647 650 653 657 658 662 666 667 672 675 678 686 689 692 694 698 699 705 711 714 715 718 720 723 728 729 735 739 741 745 747 748 755 756 
246 261 284 298 306 315 325 327 334 337 339 348 351 356 362 364 370 372 373 375 388 397 404 407 411 414 416 419 423 431 434 436 442 445 449 456 460 469 471 479 483 485 486 489 495 497 500 501 506 510 514 518 522 528 530 533 534 541 547 551 556 561 563 567 569 573 575 579 583 585 589 593 597 599 601 603 607 613 617 621 625 627 630 631 634 635 647 649 652 656 657 661 662 665 667 668 673 678 681 689 691 695 699 701 705 709 712 716 719 720 721 725 732 736 740 741 743 747 748 750 756 757 
247 264 288 301 308 317 326 329 338 340 341 351 354 358 363 365 373 374 375 378 390 399 405 410 414 417 418 422 424 434 438 441 443 449 450 460 464 472 473 481 484 486 488 493 496 501 504 508 512 514 517 522 524 529 533 537 541 545 548 554 558 562 566 569 572 576 580 584 587 590 593 597 601 604 606 610 613 617 619 622 628 632 636 639 642 645 650 652 654 659 663 664 665 668 671 675 677 680 685 691 694 697 702 705 706 710 714 718 722 724 728 730 733 740 742 744 745 749 751 755 759 763 
250 267 291 305 311 320 330 332 339 343 346 355 359 360 366 367 375 377 380 382 391 401 407 411 416 421 425 428 431 436 440 443 447 453 454 462 467 476 477 485 488 491 495 499 500 503 507 511 513 515 520 525 527 531 537 539 545 547 552 558 559 566 569 571 575 580 584 585 591 593 594 600 605 606 609 614 617 619 621 625 630 636 639 641 646 648 654 657 658 662 666 667 668 669 675 678 679 682 688 694 696 699 703 707 711 714 716 722 726 730 732 736 739 742 745 749 753 754 758 759 760 766 
252 268 295 309 315 324 332 335 340 345 347 356 361 363 369 371 378 381 385 388 393 403 410 413 419 423 428 429 435 437 441 447 448 455 456 464 471 479 483 486 492 496 497 501 504 505 510 513 515 517 523 528 529 535 541 545 548 552 555 562 563 570 572 576 577 582 586 587 594 595 598 601 606 608 611 616 618 621 624 629 634 637 643 645 647 652 656 659 660 665 670 673 677 680 683 685 686 688 692 698 701 705 709 711 715 717 720 724 727 734 736 738 742 745 747 751 757 761 763 766 770 771 
255 271 297 310 317 328 336 340 341 347 350 358 362 366 371 373 380 384 388 391 395 404 414 415 423 424 429 432 439 442 444 449 451 456 457 466 474 483 487 491 494 499 503 505 508 510 514 516 519 521 524 530 531 536 543 547 549 556 558 564 565 572 575 579 581 585 587 589 597 599 603 606 610 611 614 620 623 626 628 630 635 639 644 649 652 654 658 662 663 666 671 676 678 681 685 686 689 690 695 702 706 707 712 714 718 722 723 728 731 738 741 742 743 749 751 752 759 765 769 771 773 774 
256 275 298 311 319 332 338 344 348 350 353 362 365 367 374 377 381 388 389 394 397 405 415 417 426 427 431 433 443 444 447 451 454 458 461 467 475 486 490 492 498 503 506 508 510 512 515 519 521 524 526 531 532 538 544 549 550 560 563 567 570 573 576 582 584 589 590 593 598 600 607 610 611 615 617 622 625 628 632 634 638 643 648 653 657 659 663 664 668 672 673 678 681 684 686 688 691 693 698 703 709 711 716 718 722 726 729 731 732 739 745 749 752 756 758 759 761 767 771 772 777 779 
257 276 299 312 320 336 339 345 349 353 355 364 366 370 376 379 384 389 393 396 399 408 416 420 427 431 432 435 445 448 451 455 459 461 462 470 479 490 494 496 501 507 511 512 515 519 521 525 527 531 533 535 537 542 547 552 554 561 566 570 573 576 580 585 588 590 594 597 602 603 608 614 615 616 621 626 627 631 635 639 640 646 651 656 660 664 666 669 671 674 676 679 685 689 693 694 696 697 700 707 711 712 719 722 725 730 731 734 737 743 749 750 753 759 761 763 767 771 772 773 779 780 
258 279 302 314 323 338 341 349 353 356 360 366 368 373 378 381 387 390 397 398 403 412 420 423 431 432 436 438 446 452 454 459 461 465 468 472 480 491 497 499 503 508 513 517 518 521 523 527 528 533 535 538 539 543 551 554 555 562 570 574 576 577 582 586 589 591 596 600 604 605 609 615 618 619 625 628 630 633 636 642 643 648 654 658 663 665 668 671 674 675 680 682 689 691 697 700 704 708 709 713 716 719 723 725 726 732 734 736 740 745 750 754 758 762 764 766 769 772 776 779 780 781 
262 281 304 317 327 340 342 352 355 357 362 368 371 376 379 385 391 392 399 403 404 415 421 426 435 436 437 440 449 456 457 462 466 470 473 475 484 493 499 502 506 512 516 521 523 524 525 528 530 536 538 542 544 547 555 556 558 566 572 576 578 582 583 589 591 593 597 602 607 609 611 617 621 624 627 630 631 635 637 644 648 651 655 661 667 670 673 676 679 682 684 688 693 696 701 702 707 712 715 719 720 722 727 731 735 739 742 745 747 749 752 758 760 766 770 771 775 779 783 786 788 791 
264 283 307 320 328 343 347 353 359 360 365 371 372 379 380 389 394 396 401 405 409 417 422 429 438 440 441 445 451 459 462 463 470 472 474 476 485 495 502 503 508 514 518 523 527 530 534 537 539 540 541 543 547 549 556 558 559 568 575 580 584 587 591 594 595 598 599 606 611 613 616 619 625 628 631 632 633 639 640 648 650 654 656 662 668 673 676 678 680 683 687 692 696 698 705 706 709 713 718 722 724 728 732 736 739 742 743 746 749 750 755 762 766 770 772 773 776 783 784 787 790 794 
265 287 310 323 329 347 350 355 362 363 368 375 376 380 381 393 397 399 405 409 411 418 425 433 442 445 449 453 454 463 464 467 472 473 478 481 486 496 504 508 509 517 521 527 530 532 538 540 541 545 548 550 552 554 557 560 561 569 579 582 585 589 592 596 598 602 604 607 614 618 620 621 627 629 635 637 638 640 644 651 654 656 659 663 671 674 680 683 686 688 692 694 698 699 706 707 713 717 721 723 728 731 734 740 743 747 751 754 756 760 762 764 767 771 776 779 780 784 785 788 793 798 
266 291 312 324 330 351 353 359 366 369 371 378 382 383 387 395 398 401 407 413 417 419 429 436 443 449 453 456 460 466 470 472 476 479 482 486 487 497 505 509 512 520 522 530 531 534 541 542 546 548 549 553 555 558 559 564 566 573 583 585 587 591 593 597 599 606 608 609 615 622 626 627 629 633 639 641 645 646 649 655 656 660 663 665 674 678 684 688 689 693 695 696 701 703 709 713 717 719 725 729 730 735 739 743 746 751 755 759 763 767 771 772 774 775 777 782 785 789 793 794 796 800 
270 295 315 328 331 354 356 363 367 372 374 380 386 390 394 398 399 404 410 414 420 422 431 438 444 451 454 457 462 470 471 475 478 482 485 487 491 500 507 511 516 524 526 532 534 537 545 546 550 554 558 562 565 566 569 571 573 577 587 588 590 594 596 601 604 607 611 614 619 623 630 634 637 640 644 646 648 651 652 659 662 664 668 671 675 679 688 692 696 699 702 705 708 709 712 716 719 720 729 730 733 739 743 744 750 752 757 760 764 769 772 773 777 778 781 785 787 790 797 800 804 805 
274 298 316 330 334 356 360 367 370 375 378 381 388 391 395 399 402 405 413 416 423 427 435 440 445 452 456 460 466 474 476 477 479 486 487 491 494 501 508 513 517 525 529 535 539 541 548 552 556 560 564 566 568 569 570 575 578 582 591 595 599 602 603 607 609 612 615 616 621 627 634 637 641 645 648 652 654 655 658 660 663 668 672 676 680 683 692 695 699 700 705 707 711 713 715 719 723 725 731 733 737 743 746 750 754 755 761 765 769 771 773 774 780 783 787 788 792 796 801 804 806 810 
275 299 320 334 337 357 361 371 372 379 381 384 390 394 397 403 404 408 417 420 424 430 436 444 449 453 457 461 468 478 480 481 483 488 491 494 497 505 509 516 520 529 531 539 541 545 549 556 559 563 566 568 572 574 578 579 583 586 595 596 601 606 608 610 614 617 621 624 627 629 638 639 642 647 650 653 655 658 659 662 664 671 674 678 682 686 694 698 701 702 706 709 715 718 722 726 727 731 734 738 742 746 749 751 756 759 764 768 773 774 777 779 784 787 789 790 794 800 802 807 811 814 
276 302 323 335 339 359 364 372 376 381 384 385 391 398 399 405 408 411 419 423 426 431 437 447 453 457 461 463 472 480 484 485 487 490 492 495 500 509 511 518 523 531 535 540 545 548 551 558 563 567 569 572 576 577 581 582 587 590 599 601 603 609 610 613 617 619 625 629 633 635 641 643 646 650 654 655 657 661 662 664 667 672 678 679 683 687 698 699 704 708 711 715 718 722 724 729 731 735 737 740 746 748 751 752 759 761 766 770 775 776 780 783 787 790 792 795 796 801 806 811 812 818 
278 306 324 338 341 360 365 373 379 385 388 392 395 401 404 409 413 417 420 425 430 433 440 449 456 459 465 469 473 481 486 487 489 494 496 500 501 511 513 519 525 535 537 544 547 552 553 559 567 570 574 576 577 578 585 589 593 595 600 605 609 613 617 621 622 624 629 632 634 637 642 647 650 652 658 662 665 668 670 671 673 675 679 682 685 691 702 704 707 710 715 717 719 725 728 731 733 737 741 745 748 751 755 759 763 766 767 774 776 778 784 785 788 793 797 800 804 805 807 814 815 820 
279 309 326 339 345 362 369 376 383 389 393 396 398 405 408 410 414 420 422 426 432 437 444 453 459 461 466 471 474 483 487 490 491 495 499 504 508 512 516 521 528 537 541 546 550 556 559 563 571 572 575 577 578 581 588 592 595 597 604 607 611 614 620 625 628 632 636 637 639 643 644 650 652 654 660 664 668 669 673 676 679 681 682 683 688 692 704 705 711 714 716 720 722 727 731 733 736 738 743 747 752 753 756 762 764 770 773 775 778 781 788 789 793 797 798 801 807 811 815 816 817 824 
280 310 327 343 347 366 373 377 387 393 395 399 403 407 409 413 415 422 423 429 433 440 447 454 460 462 469 472 478 484 491 495 499 502 506 507 509 516 517 524 529 541 544 547 554 558 561 567 575 577 579 583 584 585 590 594 599 600 607 610 612 617 622 629 631 633 639 642 646 647 648 654 658 659 664 665 671 675 676 680 682 684 688 690 691 696 707 710 715 717 720 721 724 728 732 736 737 739 747 750 755 758 760 764 767 773 776 777 780 785 791 793 794 801 802 803 808 815 818 821 824 826 
