2 4 5 9 12 16 19 21 23 24 27 28 29 30 34 38 39 41 42 43 47 49 53 56 58 60 63 65 69 72 76 80 83 85 86 88 89 93 95 98 100 101 103 106 107 110 111 112 113 115 117 119 123 126 129 130 131 132 134 136 138 140 143 147 151 155 157 161 162 166 169 170 173 177 180 183 186 189 191 193 197 199 201 203 204 208 210 214 216 217 221 224 226 229 231 232 233 235 238 
6 9 12 14 17 21 25 28 32 33 36 39 40 41 43 46 47 48 50 52 54 57 58 61 63 66 69 71 72 73 78 81 87 88 89 91 95 96 99 101 102 104 106 110 112 116 118 120 124 126 129 133 137 140 142 145 149 151 154 155 156 159 163 165 168 172 173 175 179 180 181 185 189 191 194 195 198 202 204 206 210 211 214 218 222 224 227 228 231 232 233 237 239 240 241 245 246 247 251 
10 13 15 19 23 27 30 33 35 38 40 42 43 44 45 49 52 56 60 62 65 69 71 72 75 77 81 84 86 90 93 95 96 98 100 104 108 110 114 117 120 122 126 129 131 135 137 141 142 143 146 149 153 155 156 157 161 162 165 167 171 175 177 180 181 182 183 186 190 194 198 201 202 203 204 208 209 210 213 217 221 225 229 230 232 236 239 242 246 247 248 250 253 254 258 259 261 263 266 
12 17 21 24 27 29 33 37 39 40 42 45 48 51 53 55 56 57 62 64 69 73 74 75 78 79 83 86 87 91 96 97 99 100 101 106 112 116 118 120 124 125 127 131 134 138 140 144 145 149 152 156 158 160 163 167 171 174 177 180 184 186 188 190 193 195 196 199 202 204 208 209 213 216 217 220 221 225 226 227 230 234 236 237 238 241 244 248 252 255 258 259 263 265 268 270 271 272 276 
14 18 22 25 29 32 35 40 44 45 46 48 52 55 56 58 60 63 64 67 73 74 76 77 81 84 87 88 90 93 100 102 103 105 106 108 113 120 122 126 128 129 130 133 137 142 145 148 152 153 156 159 161 163 165 169 173 175 181 182 187 188 191 194 198 199 203 205 207 208 211 212 214 219 221 222 225 229 233 237 241 242 244 245 246 247 249 252 255 256 259 263 264 267 271 272 274 277 280 
17 20 24 29 33 35 39 43 47 48 49 50 53 59 63 64 68 69 72 74 75 76 77 78 84 85 88 90 94 97 101 104 105 106 110 114 118 124 125 128 132 136 140 142 143 146 150 154 155 157 160 164 168 170 174 175 176 178 185 189 192 194 197 198 202 205 208 211 212 213 214 218 221 224 228 229 231 233 234 240 244 245 246 247 250 254 256 257 261 263 267 271 273 275 279 282 285 287 291 
19 21 26 31 35 38 43 45 49 50 51 54 56 61 66 68 71 73 75 78 79 82 86 87 88 92 94 98 101 102 104 108 111 112 114 115 119 125 129 131 134 140 144 145 146 148 151 155 157 159 164 166 172 173 178 182 184 187 190 194 198 201 204 208 211 214 216 219 223 224 228 232 233 235 236 240 241 242 243 246 247 250 252 253 257 260 263 264 266 268 270 272 275 277 281 283 286 291 295 
23 27 30 35 38 40 44 48 51 53 54 55 58 62 70 71 72 75 76 81 85 86 89 93 94 95 98 99 102 103 108 112 116 117 121 122 126 129 132 135 137 142 145 147 149 152 154 158 159 161 166 168 175 178 182 186 189 190 191 198 199 203 206 209 215 217 219 222 225 228 230 233 234 239 240 243 247 248 249 253 256 257 260 263 266 268 271 272 275 277 278 279 282 284 285 289 290 295 297 
27 31 35 39 42 43 48 52 53 56 57 59 62 64 73 77 79 82 84 85 88 90 93 95 97 101 103 107 110 111 113 115 120 121 124 125 130 132 136 140 144 145 149 150 154 155 156 161 164 165 170 171 179 182 185 189 190 194 198 200 201 204 207 213 217 219 222 224 226 230 233 234 235 240 241 246 248 251 252 256 257 261 263 264 269 273 275 278 280 283 285 287 291 295 296 297 299 300 302 
31 33 36 43 44 45 52 53 54 60 61 63 64 67 74 81 82 86 87 88 89 93 97 100 104 108 111 114 116 117 121 122 124 127 131 135 139 140 143 144 146 148 151 152 157 161 163 165 166 167 172 176 182 185 189 192 195 199 203 207 211 215 219 220 224 226 229 233 234 237 238 240 242 244 247 250 251 255 258 259 260 265 266 267 273 275 278 282 283 285 289 292 293 299 300 303 307 308 309 
35 38 41 47 50 53 54 58 61 62 66 68 71 75 77 85 89 93 94 95 97 101 104 105 106 110 115 116 117 121 125 129 133 137 139 141 144 147 149 152 156 158 161 165 167 169 170 173 177 179 180 183 185 188 190 193 198 201 205 211 215 217 223 225 226 229 231 234 237 240 243 247 251 254 258 260 261 264 266 268 271 273 277 278 279 281 284 287 290 293 295 297 299 302 304 307 310 314 316 
36 40 42 48 52 55 57 59 65 68 69 73 75 79 80 86 92 97 101 104 105 106 108 112 115 119 121 124 125 126 129 132 134 138 140 142 145 149 152 156 158 160 164 166 168 171 173 177 181 185 188 190 191 195 198 202 204 207 210 215 217 219 226 228 231 235 239 243 245 246 249 253 254 255 261 265 266 268 271 272 276 277 278 279 281 285 289 292 296 297 300 303 304 307 309 310 314 318 320 
37 42 43 51 53 57 58 62 69 70 73 77 78 80 81 89 94 100 102 108 112 113 116 120 124 128 129 133 134 135 139 140 143 145 146 147 150 153 156 157 159 163 165 167 169 174 177 178 184 188 191 195 199 201 202 203 207 208 214 217 218 222 227 231 232 236 242 245 246 249 251 254 257 259 263 267 271 275 276 280 284 287 291 294 298 300 301 302 304 305 307 311 313 314 316 319 323 326 328 
41 43 45 55 56 60 61 65 73 76 79 80 84 86 88 93 95 104 107 110 115 118 122 125 129 132 134 136 137 141 145 146 150 152 156 158 160 163 164 167 170 173 176 180 183 184 185 188 191 195 197 200 204 208 211 212 215 216 220 222 226 227 228 232 234 237 243 246 250 254 256 258 260 264 266 270 275 279 280 284 288 290 294 296 301 305 307 311 315 319 322 325 329 330 334 338 339 343 345 
45 46 48 56 57 63 66 69 76 80 84 86 87 91 93 95 96 107 108 111 119 120 125 128 132 135 136 140 143 146 149 152 153 156 160 164 166 170 174 176 179 181 184 185 188 190 192 196 198 202 203 207 209 213 214 217 220 221 225 226 229 233 237 238 242 245 248 251 255 256 260 263 266 267 270 274 278 281 284 286 290 291 296 298 302 307 311 314 317 321 324 327 331 333 335 339 341 346 350 
47 51 52 57 61 67 68 70 80 84 86 87 91 94 96 100 104 111 114 118 123 124 127 129 135 137 139 142 146 148 152 156 159 161 164 165 168 172 177 178 182 184 186 188 189 192 194 197 200 205 208 212 214 217 219 220 223 224 228 230 233 234 238 240 245 249 251 255 259 261 264 268 271 273 276 279 281 283 288 292 294 296 298 300 304 311 314 317 319 322 325 330 335 338 341 342 346 347 351 
48 52 53 61 63 69 73 75 82 86 87 89 94 98 100 101 105 114 117 121 127 128 132 135 136 138 140 145 148 149 155 159 160 162 165 166 170 174 180 183 186 190 193 195 197 200 201 202 203 207 211 214 217 220 224 227 231 235 239 243 244 248 249 252 255 258 260 264 267 271 274 275 276 279 280 283 284 286 291 296 297 300 303 306 307 312 317 320 322 323 327 334 337 342 343 346 347 351 352 
52 53 57 62 67 73 74 78 84 87 91 95 97 99 101 103 107 116 120 124 128 131 133 139 142 146 149 151 155 156 158 161 162 166 168 171 175 179 183 184 189 191 195 199 201 203 207 208 209 212 213 215 219 223 226 228 232 237 242 247 249 253 257 259 260 262 264 265 271 273 277 281 283 285 288 292 294 296 297 298 300 301 307 311 312 313 321 323 324 326 328 335 338 345 346 350 353 357 360 
55 57 59 65 69 75 76 82 85 90 93 98 99 102 105 108 109 118 124 128 130 134 137 141 146 149 152 155 156 158 161 164 165 170 174 177 178 180 186 190 191 194 197 200 204 205 209 212 216 217 220 221 224 226 230 234 238 241 246 251 252 256 260 261 263 267 271 274 278 280 284 285 288 289 291 293 296 300 304 308 310 313 315 317 320 321 325 327 331 335 339 340 341 347 349 351 357 360 361 
56 58 60 69 73 76 77 85 88 91 97 99 103 105 106 111 115 120 128 131 132 137 139 142 148 153 154 158 160 162 164 168 172 173 176 181 185 189 192 196 200 203 204 206 210 213 214 218 221 223 226 227 229 231 235 236 242 243 250 252 254 258 261 265 268 269 274 275 279 283 285 287 291 295 298 299 302 304 305 312 314 315 318 319 324 326 327 330 333 338 341 343 344 348 352 353 361 363 367 
57 60 64 72 75 77 78 88 91 95 100 104 105 108 112 116 120 122 130 133 135 140 141 144 150 155 158 161 165 169 171 175 176 178 182 184 186 191 194 198 204 208 210 214 217 219 222 223 224 225 227 228 233 235 239 241 246 250 254 257 259 263 264 267 270 271 275 278 280 285 288 292 293 297 299 300 303 308 312 316 318 319 323 327 329 333 337 340 343 344 348 352 354 358 359 363 367 371 374 
60 62 68 75 77 80 84 90 95 99 104 107 110 113 114 118 124 126 132 137 138 143 144 148 151 157 159 164 166 170 175 176 180 183 184 188 189 192 196 202 206 212 213 215 218 222 223 224 227 228 231 232 237 238 240 242 250 251 255 258 263 266 270 274 277 280 282 285 288 289 293 296 300 302 305 307 310 312 313 320 324 327 331 333 335 337 340 342 347 350 353 354 358 362 363 364 368 375 379 
62 66 71 77 78 83 86 93 99 102 107 110 111 114 116 119 127 131 134 140 141 144 146 149 154 159 160 168 172 175 176 177 184 187 191 195 196 200 203 205 210 216 220 222 224 228 231 233 236 238 242 245 248 249 250 251 252 254 259 260 264 268 271 275 278 281 283 289 292 296 297 299 304 308 309 313 315 317 321 322 325 328 333 337 338 342 343 345 348 354 356 359 362 364 366 369 372 377 382 
65 68 72 79 82 87 89 94 100 104 108 112 115 117 119 121 131 133 135 142 144 145 147 150 158 160 164 171 173 176 177 179 185 191 193 199 201 203 205 206 214 219 222 225 227 229 235 239 241 243 246 249 253 257 259 262 266 268 272 275 278 282 284 285 288 291 294 295 297 299 301 305 306 309 311 314 318 319 323 325 328 329 336 338 340 343 346 349 352 358 361 364 365 368 369 370 373 379 386 
67 72 76 82 85 88 90 96 102 108 112 113 117 121 124 128 133 136 139 144 146 149 151 154 162 166 168 173 175 180 183 186 187 193 196 201 204 208 210 212 216 223 225 227 228 233 236 240 245 249 250 251 256 260 262 266 267 272 273 277 279 283 286 287 291 294 297 298 300 303 304 309 311 314 318 321 324 328 332 334 335 337 338 342 346 347 349 353 356 361 362 368 371 374 377 378 382 383 388 
69 75 78 86 87 89 94 100 106 110 113 117 118 122 128 131 136 137 143 147 150 154 155 157 164 168 171 174 179 183 187 188 192 195 197 205 207 212 216 219 222 224 229 232 234 238 241 244 247 251 254 255 259 263 264 267 270 274 276 278 280 284 290 293 295 298 301 303 305 307 309 310 313 318 321 323 325 332 333 336 340 341 342 346 349 351 353 355 360 364 365 371 372 376 378 380 385 389 391 
72 79 80 88 90 93 96 103 109 113 116 118 119 124 129 132 137 141 146 148 154 158 159 160 165 171 175 179 180 186 191 194 198 200 203 209 213 214 219 221 225 227 233 237 239 241 243 247 251 254 255 257 261 265 268 270 273 277 281 284 287 289 293 295 296 301 304 305 308 310 312 313 317 322 326 330 332 334 337 338 343 345 349 350 351 352 355 359 362 365 369 375 377 380 382 386 387 391 392 
73 81 85 92 96 98 102 105 111 116 117 122 123 126 131 134 140 142 149 152 157 159 163 167 171 172 177 182 183 190 193 197 202 206 209 211 216 220 224 228 230 234 236 239 242 245 247 251 254 258 260 261 263 266 270 273 275 280 283 286 291 293 297 299 303 305 307 311 313 317 318 320 322 325 329 334 335 339 341 343 345 347 353 354 355 359 362 365 369 370 372 377 378 383 384 390 392 394 395 
77 84 86 95 99 102 103 107 112 120 124 128 132 134 137 138 141 143 152 154 160 164 165 169 173 176 178 186 187 192 194 201 204 210 211 214 217 223 227 232 236 237 240 241 246 248 249 254 256 261 265 269 273 277 278 280 283 285 286 290 293 297 298 301 305 306 311 312 317 319 323 327 328 329 332 336 338 342 346 350 354 357 359 362 363 365 368 370 372 375 379 382 383 385 387 393 396 397 400 
79 88 90 99 100 106 109 110 114 122 126 130 133 137 141 142 145 148 155 158 161 166 170 173 174 178 179 187 190 193 195 204 205 211 213 215 218 225 231 233 240 242 246 250 253 254 255 256 258 264 268 272 274 281 283 287 291 292 296 298 299 300 303 305 308 310 313 316 319 323 324 328 331 334 337 338 342 345 350 351 355 361 363 367 370 374 377 379 383 384 388 391 392 393 394 398 400 404 405 
80 89 93 100 104 108 112 113 118 126 127 133 137 140 143 145 146 152 156 161 162 168 172 175 178 180 183 191 194 198 200 208 212 216 220 223 226 227 233 234 241 243 250 252 254 258 261 264 268 272 275 278 281 285 287 290 294 297 298 300 304 305 309 310 311 313 315 317 320 324 327 330 335 338 339 343 345 346 353 355 359 363 365 370 374 376 380 383 385 386 391 395 399 400 402 406 409 410 414 
81 92 95 102 108 111 114 116 122 130 132 134 140 144 145 148 150 154 160 165 167 171 174 177 180 182 186 193 195 201 202 209 214 219 223 225 228 231 236 240 242 245 254 255 258 262 266 269 272 275 276 282 283 286 288 293 297 300 301 303 306 310 312 314 318 320 321 324 325 328 331 332 337 342 343 346 350 352 357 358 361 367 368 372 378 382 385 389 393 395 396 400 404 408 411 413 417 421 422 
84 96 98 103 112 115 116 120 124 133 136 140 142 145 149 153 154 155 162 168 171 174 175 179 184 186 189 194 196 205 208 213 218 221 226 228 232 236 240 242 245 246 258 259 262 266 268 271 273 277 279 285 288 289 292 296 301 303 304 308 310 314 318 320 324 325 326 328 330 331 335 337 341 344 346 350 352 354 358 360 365 369 372 374 382 386 388 393 397 401 403 406 410 412 414 415 420 424 428 
85 100 101 107 115 117 121 123 127 135 138 143 144 147 152 154 155 158 165 172 174 178 180 184 186 187 191 198 201 209 212 216 221 222 230 234 236 237 243 246 247 251 259 262 266 268 272 274 277 278 282 288 290 291 294 297 303 304 308 310 312 316 319 323 325 328 332 333 337 338 341 342 345 348 350 354 357 361 365 369 372 376 377 378 386 388 391 394 399 405 409 413 417 421 423 426 427 431 432 
87 102 106 109 119 120 125 128 132 137 139 145 147 150 153 157 161 165 169 176 180 184 187 188 189 192 195 200 205 211 215 220 223 225 231 235 239 243 244 249 252 254 262 263 270 273 274 276 279 282 283 290 294 295 298 300 307 308 311 315 318 321 325 328 329 333 336 338 342 343 347 349 350 352 355 357 361 364 369 372 376 380 383 387 388 392 393 395 402 406 411 416 420 424 428 430 434 438 442 
91 103 110 112 123 125 129 133 136 138 142 149 152 155 158 159 163 167 170 178 183 185 188 192 193 195 198 202 206 212 217 222 224 228 235 239 243 246 249 250 256 257 265 267 271 274 278 280 284 286 287 293 297 298 301 305 311 315 316 320 322 326 330 332 336 339 340 343 346 349 350 353 356 360 363 366 367 368 371 374 377 381 385 390 394 396 398 401 406 409 413 419 421 428 432 436 439 441 444 
93 107 113 116 126 128 130 136 140 141 146 150 156 158 162 164 165 169 171 181 187 190 192 196 200 202 206 208 211 214 220 226 229 231 236 240 246 247 253 256 259 263 267 270 274 275 281 285 289 293 296 297 298 300 304 308 315 316 317 321 324 329 334 338 341 343 346 347 349 352 355 357 358 362 365 370 374 377 380 382 383 384 389 391 395 400 401 405 409 413 417 422 425 430 434 439 441 445 448 
95 108 116 120 130 134 136 138 143 147 149 152 158 162 166 169 173 175 177 183 188 194 197 198 202 205 208 210 215 216 221 230 231 233 238 243 250 253 257 258 262 267 270 274 275 279 283 287 290 296 298 302 305 308 312 316 319 323 327 330 332 334 338 339 343 345 348 352 355 356 358 362 364 365 366 373 376 378 384 387 390 391 395 397 398 402 404 408 411 415 418 425 428 432 437 440 443 448 449 
97 112 117 124 134 135 139 143 147 151 153 154 162 163 169 170 176 177 178 187 192 197 198 200 204 206 210 214 219 221 224 232 235 236 242 247 252 255 258 262 266 270 274 276 277 281 285 291 292 300 304 305 308 311 314 320 323 327 331 335 338 342 346 347 349 350 354 356 357 361 362 363 366 367 368 376 380 384 387 389 391 392 399 401 403 404 406 409 415 418 422 426 430 435 439 444 446 451 454 
100 113 120 128 137 140 141 145 149 153 156 159 163 166 170 171 179 182 186 189 194 201 202 206 208 210 214 218 221 224 226 234 236 238 246 249 255 258 259 264 267 273 276 277 280 284 286 294 296 304 307 310 313 316 317 321 326 330 332 337 341 343 350 351 352 353 355 357 361 362 365 367 368 369 372 378 384 388 389 390 395 396 400 405 407 411 414 418 419 421 424 428 433 436 440 445 447 455 457 
101 114 121 130 140 144 148 151 153 154 160 161 165 167 174 178 180 186 189 192 196 205 207 210 213 215 219 223 225 226 228 237 241 244 248 253 258 262 265 267 270 276 279 282 286 287 290 297 300 305 310 312 317 321 324 327 328 333 334 341 344 348 351 355 358 359 362 364 367 371 375 376 377 381 384 388 390 393 394 395 396 400 402 409 412 415 418 421 424 428 430 434 435 439 441 446 450 457 458 
104 115 123 134 141 147 152 155 158 160 162 164 169 172 176 181 184 190 194 196 198 207 209 213 217 220 222 226 228 229 233 240 245 246 252 257 262 264 268 269 274 278 283 284 289 293 295 298 301 308 311 313 320 322 326 329 332 334 335 342 346 349 355 357 361 365 366 370 374 375 376 379 382 383 387 392 393 395 399 401 404 408 411 415 418 422 424 428 430 432 435 439 443 447 451 455 458 461 464 
107 116 125 136 143 149 154 159 162 165 167 169 172 176 178 182 185 193 195 198 201 209 210 216 218 221 226 230 233 236 239 242 249 253 257 260 266 270 271 274 276 280 287 288 293 296 300 303 305 312 315 317 324 326 329 331 335 336 340 344 347 353 359 361 365 367 369 371 377 381 385 387 391 394 398 400 402 403 404 407 408 410 414 417 422 424 428 430 431 433 436 442 446 449 455 457 462 465 469 
109 117 129 140 145 150 158 160 163 167 171 173 176 180 183 185 187 195 197 200 204 212 215 217 220 222 230 233 234 239 241 245 252 257 261 263 270 273 275 277 280 283 289 292 296 299 301 306 307 313 318 319 327 330 333 334 337 341 344 345 349 354 362 366 370 373 376 380 381 383 386 391 392 398 401 403 406 408 412 414 417 419 421 423 424 426 429 431 434 436 438 445 450 451 456 458 464 466 472 
111 121 132 141 149 152 159 161 166 169 174 177 181 184 188 192 195 197 201 203 205 216 217 221 225 229 231 235 237 242 246 247 256 261 263 264 272 275 276 280 281 284 291 295 298 301 302 310 312 315 320 321 331 334 337 338 341 342 348 350 351 356 365 367 372 374 378 383 387 390 393 395 396 402 403 405 408 412 415 418 422 426 427 429 430 432 433 434 436 439 443 449 453 454 460 462 468 469 473 
114 125 135 143 152 156 163 164 168 173 176 181 184 186 190 195 198 199 204 205 207 217 219 222 228 230 233 239 243 246 248 252 259 265 266 270 275 276 280 282 286 289 293 299 301 303 305 311 315 318 323 326 333 338 339 343 344 345 352 353 357 360 366 371 373 377 379 385 388 394 396 398 399 405 407 409 413 416 419 423 425 430 432 433 435 436 439 441 444 447 449 450 454 457 464 468 472 476 478 
116 128 136 144 155 159 164 168 172 177 178 185 187 188 193 197 200 203 206 208 211 220 221 225 232 235 238 243 246 247 251 253 261 267 269 272 277 278 281 285 290 294 298 302 303 305 308 312 318 319 324 327 337 341 342 344 346 350 353 356 358 363 370 374 375 381 384 387 392 397 399 402 406 408 410 412 415 420 424 428 430 432 433 434 437 441 444 447 450 452 456 457 461 465 467 469 475 479 482 
118 132 139 147 159 161 166 171 175 181 184 189 190 194 198 202 203 207 210 214 216 224 225 228 235 236 239 246 248 250 254 258 265 268 271 276 281 282 283 288 294 295 301 306 310 311 315 317 321 324 325 330 340 344 345 348 351 355 359 360 362 364 372 375 379 382 386 390 396 400 404 408 412 415 419 422 423 427 428 431 435 437 441 443 444 445 446 449 451 456 459 461 462 469 472 475 479 482 486 
122 134 142 151 160 165 170 173 177 185 189 193 195 196 202 204 206 208 212 218 221 225 229 232 236 240 244 249 253 257 259 261 267 269 272 279 285 289 290 294 297 300 303 308 313 317 320 324 326 329 330 334 343 345 348 351 355 358 361 364 368 370 373 379 383 385 387 392 397 402 405 411 414 417 423 427 431 434 437 440 441 442 446 448 449 452 454 455 456 457 463 466 470 473 476 479 483 487 491 
123 135 143 154 164 166 171 175 180 189 190 196 199 201 203 205 209 212 214 221 223 228 233 236 240 243 246 252 255 259 261 265 269 270 274 283 288 292 293 297 300 303 305 312 315 320 323 327 331 335 337 340 347 349 350 353 356 361 363 367 372 376 380 381 387 390 391 394 398 405 406 414 417 419 424 431 432 436 438 443 444 447 448 451 453 457 460 463 466 469 470 472 476 479 481 483 484 488 495 
124 136 144 158 165 167 173 176 183 190 193 197 202 204 205 206 211 215 218 222 226 229 235 237 243 244 249 255 256 260 265 267 272 274 276 285 290 296 300 302 303 306 307 313 316 323 327 330 335 336 339 341 350 352 355 358 361 364 367 369 376 378 384 387 391 393 396 399 403 407 410 418 421 422 426 433 437 438 442 447 449 453 456 458 459 462 464 467 469 471 475 476 479 483 486 488 492 494 499 
126 137 147 160 169 173 174 180 187 193 196 199 205 206 208 212 214 216 221 224 227 231 239 241 245 248 252 257 259 262 266 271 276 280 284 287 292 298 301 306 310 313 315 319 323 324 330 331 339 340 343 346 354 356 360 363 366 369 373 375 380 383 385 391 393 394 398 400 405 408 411 420 424 426 430 435 441 442 443 450 451 456 457 459 462 464 468 469 473 474 479 483 484 486 487 490 494 495 500 
129 141 150 164 171 177 179 181 189 195 198 201 209 211 214 217 218 219 224 225 228 234 242 243 246 251 255 259 261 265 267 275 279 283 287 291 296 301 305 310 313 315 317 322 327 331 334 336 341 345 346 348 356 358 363 366 369 371 374 376 382 387 389 394 397 398 401 402 408 409 412 421 425 428 434 439 445 449 452 456 460 461 462 465 468 471 475 479 483 487 488 492 494 497 498 500 504 506 510 
131 145 154 167 174 181 183 187 192 196 202 203 210 214 217 220 222 223 228 230 231 235 246 250 253 255 256 262 264 266 268 279 280 284 289 294 298 304 309 311 317 319 320 326 330 335 339 342 344 347 348 352 357 359 366 370 371 372 378 380 383 390 394 395 398 400 405 407 412 415 416 423 427 430 437 442 449 452 455 460 464 467 470 471 474 476 477 482 487 489 491 494 495 500 504 506 509 510 512 
132 149 158 168 176 184 187 191 193 198 205 208 211 216 221 222 224 227 230 234 236 240 247 254 257 260 263 264 268 271 273 280 283 288 290 297 301 307 313 315 320 321 324 328 332 337 343 346 350 353 357 358 361 363 367 374 376 380 381 383 386 392 395 399 400 403 407 410 415 416 417 425 430 431 438 444 453 454 456 461 468 469 473 475 476 479 483 485 488 492 495 496 497 502 505 508 512 513 517 
133 152 159 171 177 187 190 195 198 199 208 209 214 218 223 227 231 232 233 237 240 241 250 257 259 263 265 266 270 272 277 283 285 289 293 300 302 309 315 317 322 323 326 331 336 340 345 349 351 356 360 364 365 367 369 378 379 383 385 387 389 394 398 401 404 408 409 411 417 418 421 426 432 434 441 446 454 456 459 464 469 470 477 478 482 486 488 489 492 493 498 499 502 504 508 510 516 518 520 
137 154 163 173 180 188 191 197 200 202 210 211 217 221 224 229 233 235 239 241 242 243 253 258 261 265 267 269 273 276 278 286 289 290 297 303 307 312 318 320 323 327 330 332 339 343 349 353 356 358 362 365 366 370 373 379 381 387 389 391 395 398 400 405 408 412 414 418 422 424 425 428 433 438 443 449 456 460 464 468 472 475 478 481 485 487 492 495 499 503 507 508 510 514 516 517 521 524 525 
140 156 165 174 184 189 193 199 201 206 214 217 219 223 228 230 235 236 243 247 251 254 258 262 264 269 273 277 280 284 286 288 292 295 300 307 309 313 322 325 327 330 333 336 340 347 351 355 360 362 365 367 370 372 377 382 386 390 393 395 399 400 401 408 410 414 418 421 425 426 430 434 437 439 444 450 457 461 466 471 475 478 480 483 489 493 497 499 502 504 508 511 513 515 519 520 522 526 527 
143 158 169 177 187 193 194 202 203 208 218 222 224 228 229 232 236 239 245 248 253 258 259 265 269 271 277 281 284 285 288 289 295 296 303 311 313 316 326 328 330 332 334 340 341 349 355 359 363 364 366 371 375 376 379 384 390 392 396 399 401 405 406 409 412 417 422 425 428 429 434 438 441 444 448 453 459 462 468 475 478 481 483 484 493 497 501 504 505 506 512 514 516 519 523 526 529 533 535 
144 160 173 181 191 195 199 203 207 209 221 226 228 232 236 239 241 245 246 252 255 259 260 268 270 274 280 284 288 292 293 296 299 300 305 315 316 319 330 334 336 337 339 343 344 353 359 363 367 369 370 374 376 377 381 386 393 395 399 400 404 409 412 413 414 420 423 429 431 433 436 441 445 449 451 454 463 465 469 477 481 482 484 487 497 500 504 506 509 512 515 518 519 523 525 529 530 537 539 
147 162 174 182 195 196 200 205 208 211 225 228 230 236 239 243 246 249 251 254 256 262 264 269 274 276 282 287 292 293 295 300 301 304 308 318 321 324 334 338 339 340 344 347 349 356 361 367 370 371 375 379 382 383 386 387 396 397 400 401 407 411 413 414 417 423 427 433 437 440 442 444 446 453 457 459 467 471 472 481 485 487 488 491 499 504 507 508 511 514 517 520 523 527 528 533 534 539 540 
151 163 178 185 196 199 201 208 212 213 228 229 231 237 241 245 249 253 257 261 262 265 269 273 276 277 283 290 294 296 300 302 303 307 310 319 325 329 335 341 345 347 350 351 354 359 364 371 373 375 379 382 385 386 387 390 397 400 401 405 410 415 417 419 422 426 428 437 441 443 446 447 449 455 458 460 468 475 478 485 486 490 493 497 501 505 508 511 514 516 521 525 529 532 536 538 540 542 543 
154 167 180 188 197 201 205 211 214 217 232 235 238 242 245 249 253 256 258 262 265 267 271 274 278 282 287 294 297 299 303 306 309 311 312 320 329 330 336 344 349 351 352 353 358 360 366 373 374 378 380 384 389 393 397 400 401 405 409 410 411 419 420 423 426 429 430 440 444 448 450 452 456 459 462 466 471 477 482 489 490 494 498 499 503 509 510 515 517 518 523 529 532 534 539 542 545 546 549 
158 171 181 190 199 204 209 213 217 219 236 240 242 246 250 254 258 259 260 264 269 270 273 278 281 286 291 295 301 305 309 311 313 315 318 323 333 336 340 348 351 354 356 357 362 366 367 376 377 379 384 388 392 397 398 403 404 407 413 417 419 423 424 428 431 433 436 442 445 449 454 457 461 465 467 470 474 481 484 492 495 497 501 504 508 513 517 521 525 526 530 531 533 538 542 545 546 549 550 
159 174 184 191 200 208 212 217 218 222 238 242 245 248 252 257 259 261 264 268 273 277 279 280 282 288 292 296 305 308 310 314 315 319 322 326 336 340 344 349 355 359 362 365 369 370 373 380 382 383 386 389 393 399 400 404 408 411 415 420 423 427 428 432 435 437 441 446 448 450 457 460 462 469 473 477 479 485 487 493 496 500 504 508 510 515 520 523 528 530 534 535 539 543 544 546 549 552 554 
162 178 187 195 203 210 216 220 222 225 242 243 249 251 256 258 263 266 267 272 277 281 285 286 290 291 295 298 309 313 316 319 323 327 331 335 338 341 347 352 357 360 364 369 371 374 377 381 384 386 387 391 394 401 403 408 409 413 416 423 427 430 434 437 438 442 445 449 452 454 459 462 466 473 476 481 483 487 491 495 500 501 508 511 513 516 523 525 529 534 536 540 544 546 547 548 552 553 558 
163 179 188 196 206 211 219 222 224 226 246 249 253 255 258 260 265 269 270 276 278 285 289 290 291 294 299 300 313 316 319 322 326 328 334 336 342 344 349 355 360 362 366 373 374 376 381 382 387 389 391 393 397 404 405 410 414 415 418 426 431 435 437 441 445 447 449 453 454 455 462 464 468 477 480 485 487 488 495 496 502 504 510 515 519 521 526 529 530 538 541 544 548 551 552 553 557 561 562 
164 182 189 200 209 212 221 223 226 228 250 254 257 258 262 266 269 271 274 278 280 289 292 296 299 302 303 305 314 319 321 326 329 330 338 340 344 347 353 358 364 367 369 377 381 385 387 389 390 391 392 397 398 407 408 412 416 419 420 428 432 439 442 445 446 450 451 456 459 462 463 466 470 481 485 489 490 492 496 497 505 506 513 517 521 524 530 534 536 539 545 548 549 553 556 557 560 562 566 
168 186 191 202 213 216 223 227 231 235 251 255 261 264 266 269 273 275 277 282 286 291 296 299 300 303 304 306 315 321 325 330 333 334 340 342 347 349 355 359 365 371 372 381 382 388 390 393 397 400 404 406 409 411 413 417 419 420 424 429 434 443 445 447 450 451 455 459 460 465 468 471 472 482 489 492 493 496 499 500 508 511 514 521 523 526 534 538 541 545 549 552 554 558 559 562 563 566 569 
172 189 193 203 217 218 224 231 235 238 253 256 264 266 268 270 275 278 281 285 288 295 299 301 302 307 310 311 318 325 328 332 334 337 342 345 351 352 357 363 368 372 375 383 384 392 393 394 399 401 408 412 414 416 419 422 424 426 429 431 435 447 448 452 456 457 461 462 463 469 473 477 478 484 491 494 498 500 504 507 509 514 515 525 526 530 538 542 545 546 552 556 560 564 567 569 571 575 576 
175 193 194 207 219 222 225 234 239 241 256 259 266 267 270 271 279 283 284 287 291 296 302 304 306 308 313 316 320 327 330 334 336 339 346 349 355 358 362 364 371 376 377 386 390 395 397 401 404 405 409 416 417 420 423 427 429 431 433 437 439 449 450 453 458 459 463 467 470 472 474 479 481 487 492 497 501 503 506 510 513 516 519 529 533 537 539 543 548 550 555 559 563 565 569 570 575 579 582 
178 195 198 211 222 224 227 236 243 246 259 260 267 270 274 278 282 285 288 290 293 299 303 306 307 309 314 320 323 331 335 338 341 345 349 353 356 359 366 369 373 379 383 390 393 398 401 404 408 410 411 418 421 423 425 428 432 435 438 439 440 451 453 454 462 463 466 471 472 475 476 481 484 491 496 499 502 507 509 511 515 520 523 532 534 540 541 544 551 552 558 563 564 567 570 574 579 580 586 
180 197 200 213 223 228 231 238 247 251 261 263 269 271 275 281 283 287 292 294 296 301 306 308 312 316 317 323 324 335 337 339 342 347 352 355 359 362 370 373 377 380 387 393 396 400 404 408 409 412 415 419 422 426 427 432 433 438 442 444 445 454 456 460 464 465 467 472 474 478 480 483 485 493 500 502 506 508 510 514 517 522 527 534 538 541 545 548 555 557 559 567 568 569 571 577 582 583 589 
182 201 205 216 226 231 233 239 248 255 263 267 271 272 279 282 286 288 293 298 299 304 307 310 313 319 321 326 329 338 339 341 344 351 353 356 362 366 373 376 379 383 391 394 397 401 406 412 416 419 423 424 427 431 433 435 439 440 443 446 447 455 460 462 468 472 476 477 478 480 481 487 490 494 504 508 512 515 519 520 524 528 532 538 542 544 549 551 556 559 562 570 574 578 580 582 583 585 592 
185 205 209 220 230 234 236 241 250 257 266 270 274 275 282 284 290 293 295 301 302 307 308 312 315 323 325 329 330 342 344 347 351 354 358 360 366 367 375 380 384 386 395 396 399 405 409 414 419 421 425 428 432 433 436 437 441 442 447 450 452 459 462 464 471 473 478 481 482 483 485 490 491 495 506 512 514 518 523 527 531 533 534 539 543 546 552 555 559 563 564 571 577 579 581 585 589 591 596 
188 207 211 221 234 237 240 244 251 259 267 271 275 279 286 290 293 294 296 305 309 311 313 317 319 326 330 334 338 345 349 350 355 357 361 362 370 372 377 384 388 392 396 400 401 408 413 418 423 427 428 430 433 437 439 440 444 447 449 454 457 462 465 467 472 476 482 486 487 490 494 495 499 502 509 514 517 522 525 529 533 536 540 542 547 548 556 559 561 565 568 572 579 580 585 588 590 592 600 
189 208 215 223 237 241 243 246 252 262 271 274 277 282 290 291 297 300 302 308 312 313 314 319 322 328 331 336 341 348 351 352 357 359 362 365 372 375 380 385 389 395 400 401 403 412 416 422 425 430 432 434 435 439 441 443 445 448 452 456 461 463 467 471 473 480 484 487 491 492 498 501 504 508 512 517 518 524 529 531 536 539 542 543 551 555 559 562 565 567 569 573 582 583 589 590 593 596 604 
191 211 217 224 241 245 247 248 254 264 273 275 279 286 293 294 301 302 305 311 313 314 316 322 323 332 335 338 344 350 352 353 358 362 365 367 376 380 383 386 391 396 403 406 409 416 417 423 428 433 435 439 443 446 447 448 452 456 460 462 464 466 470 475 476 484 486 488 493 495 501 503 505 510 516 521 522 526 530 533 537 540 545 546 555 558 562 565 568 570 571 576 586 587 590 591 597 599 605 
194 215 220 226 243 248 251 255 259 266 276 280 284 288 295 297 304 306 309 315 316 319 323 325 327 334 337 339 348 353 356 359 361 364 367 368 379 381 385 388 393 398 407 411 414 420 423 427 432 437 438 441 444 448 452 453 455 457 463 464 467 468 471 477 480 486 489 490 494 496 505 506 509 514 519 522 526 530 531 535 539 541 547 550 558 559 563 566 571 573 576 580 590 592 595 598 602 604 606 
197 218 224 230 247 251 253 258 261 269 279 281 286 291 296 299 306 308 312 319 321 322 325 329 332 336 340 344 351 357 359 363 364 366 369 370 383 387 389 390 397 401 408 414 416 423 425 430 433 441 445 446 448 451 454 456 459 463 465 468 469 473 475 479 484 487 492 495 496 500 508 511 512 516 521 526 527 533 537 539 540 543 551 552 562 565 569 570 572 575 578 583 592 593 598 602 603 608 609 
200 219 227 234 250 252 254 259 264 270 282 286 290 295 297 302 308 311 316 321 322 324 326 330 336 340 343 347 354 358 360 367 371 373 376 377 384 390 394 396 399 404 411 415 419 425 428 434 438 444 448 451 452 453 456 460 462 465 466 470 473 475 476 482 488 492 496 497 499 502 509 515 516 519 523 527 531 535 541 543 545 549 554 556 565 566 573 575 577 578 582 586 593 594 602 605 607 610 614 
204 220 230 235 253 254 255 261 265 272 284 287 291 298 300 303 310 313 318 323 326 329 330 332 338 342 345 351 355 362 365 371 375 378 381 384 386 391 396 399 403 407 412 419 423 429 431 435 440 448 451 452 456 458 462 463 464 467 469 471 477 480 481 484 492 494 497 499 503 506 513 517 521 525 529 532 533 537 545 547 550 554 555 559 568 570 576 579 582 584 585 590 597 598 604 606 608 611 616 
208 223 232 236 255 257 260 264 267 275 285 290 292 300 301 307 314 316 319 324 330 334 337 338 339 346 350 355 357 365 369 372 379 381 382 388 392 394 398 401 405 410 416 420 427 432 436 439 441 451 454 457 459 461 466 467 469 473 474 476 479 482 486 490 494 495 498 501 506 508 516 521 522 526 531 534 536 539 546 548 551 558 559 561 572 574 580 583 586 589 590 594 601 602 605 608 610 614 617 
211 224 234 237 258 261 263 266 270 279 288 292 293 303 306 308 315 318 322 325 333 337 339 343 346 349 354 357 361 368 373 376 383 385 388 390 396 400 404 406 409 411 417 424 430 433 440 442 446 455 456 458 462 465 467 470 473 477 480 483 484 485 487 494 496 498 501 503 508 511 518 524 526 529 534 535 539 541 547 551 554 561 564 567 576 580 583 584 590 591 595 596 602 604 607 609 611 616 619 
213 228 238 241 261 264 267 269 273 281 292 294 298 304 310 311 316 319 324 326 336 341 344 347 351 354 358 359 362 370 374 378 387 390 393 394 397 402 407 410 412 414 420 427 433 436 443 447 448 456 459 462 466 467 470 473 476 480 484 487 491 493 497 500 501 502 506 509 511 514 519 527 529 533 536 539 542 546 548 555 559 564 568 569 577 584 588 591 592 594 598 601 603 608 609 613 614 620 624 
217 229 240 242 263 267 271 274 276 285 293 297 299 307 313 315 319 322 327 328 340 342 346 348 354 357 362 364 368 373 378 382 391 395 396 400 404 408 409 411 413 417 423 430 435 439 445 451 455 460 464 468 472 475 479 482 485 486 490 494 495 497 498 504 505 506 509 510 515 519 522 531 532 537 540 542 545 547 551 557 562 566 570 574 580 587 589 594 597 600 603 604 607 609 611 616 620 623 626 
219 232 244 245 265 271 275 276 280 287 297 300 302 308 316 318 322 324 329 333 342 345 349 351 357 361 366 367 371 375 381 386 392 396 400 402 408 411 415 418 420 423 425 432 438 443 447 452 456 462 466 471 475 479 481 484 486 487 493 498 501 502 505 506 507 508 512 516 518 523 525 535 539 540 543 547 551 553 557 561 565 569 572 577 582 590 591 595 599 604 606 608 610 614 618 622 625 629 630 
221 234 247 249 269 274 276 277 281 288 301 305 309 311 320 323 324 326 333 335 344 346 350 355 358 365 370 371 373 378 382 387 393 400 402 406 409 413 417 420 421 426 427 433 439 444 448 453 459 464 469 472 476 480 483 488 489 490 496 502 503 504 506 507 510 514 516 517 519 525 528 537 542 545 548 549 555 557 561 562 569 573 575 578 583 594 596 599 601 608 610 612 616 619 623 625 627 630 634 
222 238 249 252 272 275 277 280 282 290 304 307 311 312 321 327 329 331 336 339 345 349 354 356 362 367 374 378 379 380 386 391 397 402 404 408 412 415 418 421 423 428 430 435 443 445 452 455 461 467 472 473 478 481 486 491 494 496 497 503 507 508 511 512 514 516 517 521 524 528 530 540 545 548 549 551 559 560 565 567 572 576 578 582 585 595 597 600 602 610 613 616 619 622 625 628 629 634 638 
223 242 252 256 276 278 280 281 284 294 307 308 314 317 323 331 335 339 341 344 347 350 356 360 363 370 375 380 383 386 388 393 398 404 408 409 414 416 421 424 427 430 434 436 447 449 454 458 462 471 475 479 482 484 490 493 495 498 500 506 509 511 512 513 518 522 523 527 531 532 533 544 547 549 551 553 561 562 568 571 574 579 583 586 587 596 599 601 605 614 615 618 622 624 628 631 633 637 639 
224 246 256 259 277 280 281 284 287 298 311 315 316 321 327 335 339 342 345 348 349 352 357 361 366 373 377 381 387 391 394 395 399 408 410 414 415 419 422 426 429 434 437 438 450 453 457 462 464 475 476 483 484 487 491 496 497 499 504 508 510 513 516 519 523 526 527 529 533 535 537 545 549 551 553 557 564 566 570 573 577 583 584 589 592 597 603 605 608 617 620 623 627 629 631 633 637 640 642 
227 249 258 262 279 281 282 287 291 301 315 316 320 325 328 338 342 343 348 352 356 357 361 365 367 374 380 384 388 395 397 401 405 409 414 416 417 422 424 430 433 437 438 439 452 457 461 466 468 478 479 487 490 492 496 498 499 501 507 510 511 515 520 522 525 529 532 535 536 538 542 546 552 555 556 559 568 572 575 576 580 585 589 592 596 600 607 609 611 620 624 625 631 632 636 638 642 646 650 
231 250 260 264 281 283 286 291 293 304 317 321 323 328 332 339 346 350 351 356 359 361 364 366 368 375 381 387 392 399 401 403 409 412 416 419 421 423 425 431 434 440 441 443 454 459 464 467 470 482 483 491 492 493 497 499 503 505 510 512 514 516 521 523 526 532 535 536 538 542 544 548 554 557 561 565 570 575 579 582 585 588 592 593 600 603 611 614 616 622 628 631 632 633 639 642 646 647 651 
232 253 261 266 284 288 290 295 297 305 318 325 326 332 333 343 349 353 357 359 362 363 368 371 374 376 385 390 396 400 405 408 413 417 421 424 426 430 434 438 442 443 444 448 458 463 466 469 473 485 489 492 494 495 500 503 505 507 512 516 519 521 522 525 527 536 540 541 544 546 550 551 555 559 565 569 571 579 582 586 588 592 593 595 603 607 615 617 619 624 630 635 639 643 647 649 651 652 656 
235 256 262 269 285 290 292 298 302 309 320 329 330 335 337 345 350 355 358 363 367 369 370 373 375 378 387 391 397 404 406 409 417 420 424 425 429 434 436 442 444 445 448 450 462 465 468 473 475 489 493 496 500 504 508 509 511 512 516 520 522 526 529 532 534 540 541 545 546 550 551 555 557 563 568 573 577 583 587 590 592 596 599 601 607 610 617 621 622 628 634 639 642 645 651 653 654 658 660 
236 258 264 270 289 291 294 301 306 312 321 332 335 336 341 349 351 358 360 366 368 373 374 375 376 379 391 394 399 406 410 411 420 424 426 429 433 435 438 443 447 448 452 454 465 467 470 474 477 492 497 501 503 505 509 513 516 517 519 522 523 529 532 536 537 544 547 549 551 552 553 558 560 566 572 577 581 584 591 595 599 602 605 607 608 612 620 623 625 632 637 641 646 649 652 656 659 662 665 
240 262 267 271 291 292 295 305 308 313 323 336 338 342 343 353 357 362 363 369 370 375 378 382 384 386 392 395 401 410 411 412 421 427 431 435 438 442 446 449 453 456 458 462 467 470 473 477 481 494 499 505 506 510 514 517 521 523 525 529 533 536 537 538 539 546 548 552 554 557 560 561 563 568 573 580 585 587 595 597 602 604 608 610 612 616 624 627 630 633 640 644 650 654 655 657 660 663 668 
243 266 268 273 295 298 301 307 312 316 325 338 342 344 346 357 360 366 369 373 375 377 379 384 385 389 395 399 402 411 415 419 422 429 432 436 442 446 448 452 454 458 459 463 470 473 476 478 485 498 500 507 510 514 518 519 525 528 532 536 540 542 543 547 550 552 553 555 558 559 563 567 571 572 577 583 589 590 598 602 603 606 610 612 616 618 628 629 632 634 641 645 651 655 656 660 663 667 670 
246 267 271 274 296 301 303 311 315 320 329 340 343 346 347 359 361 370 371 375 379 380 384 386 390 391 396 400 403 412 418 422 423 430 436 438 443 449 451 454 458 461 464 466 474 477 479 483 488 499 503 509 514 516 521 524 527 529 534 540 544 546 547 551 555 557 558 560 562 565 567 570 573 576 578 586 593 596 599 606 608 611 615 619 621 623 632 636 640 641 643 647 653 659 661 665 666 670 672 
