2 3 4 6 7 8 9 11 12 14 16 18 21 25 26 30 33 37 41 45 48 50 52 54 58 60 64 67 69 70 73 75 76 80 84 85 88 90 92 94 98 99 103 105 108 109 112 115 119 122 124 125 128 130 134 138 142 144 148 149 150 151 152 153 157 160 164 166 168 172 174 178 180 181 184 187 189 192 195 198 202 204 205 209 213 217 221 222 225 229 233 236 237 238 242 243 244 248 252 253 254 255 258 259 262 
5 6 7 9 13 17 20 23 26 30 34 36 37 38 40 44 48 52 56 58 60 61 63 64 66 70 73 77 80 84 86 90 93 96 99 103 106 108 109 111 114 118 119 122 124 127 129 133 135 139 142 144 145 146 150 152 153 154 158 162 166 167 170 171 174 175 178 180 181 185 189 192 196 200 201 203 204 208 211 213 214 215 218 220 222 225 228 230 231 235 239 240 244 248 250 253 255 258 261 262 263 266 267 271 273 
7 10 11 15 17 18 23 25 28 33 36 37 39 41 42 47 50 56 60 63 64 68 69 71 73 74 75 78 83 86 89 94 98 102 106 107 110 114 115 117 119 121 124 128 131 132 133 134 137 142 144 146 150 154 156 158 162 166 168 172 175 179 183 185 186 190 192 193 196 198 200 201 203 205 209 211 215 218 219 222 226 228 231 235 237 241 242 246 250 254 256 259 260 261 263 264 268 270 273 277 278 279 280 284 287 
9 12 14 19 22 23 24 28 30 36 38 42 45 47 48 50 52 58 64 65 66 72 76 80 84 85 88 89 92 93 94 95 100 105 109 111 114 116 118 119 120 124 126 130 134 136 138 139 140 144 148 152 153 157 161 164 167 170 173 175 178 181 184 186 189 193 197 198 199 202 205 207 209 210 211 215 218 222 224 228 229 231 234 236 239 243 245 250 252 256 257 262 266 268 272 273 274 275 276 279 283 286 287 288 291 
13 16 18 20 26 30 33 34 37 40 43 45 46 49 52 53 57 59 65 66 69 74 78 82 88 91 95 97 100 103 106 107 110 112 114 117 119 123 124 128 132 136 137 139 143 144 146 149 152 155 156 160 163 164 165 168 171 173 177 181 185 188 190 194 196 198 200 202 204 206 208 211 212 215 218 221 225 226 227 230 233 237 241 245 248 250 254 258 260 261 264 265 268 269 275 277 279 280 283 286 290 293 296 300 303 
16 19 23 25 27 33 36 37 41 45 46 50 54 56 57 58 61 65 67 68 73 77 80 83 92 93 96 100 101 106 107 109 114 117 118 119 123 126 130 134 137 140 144 148 151 152 155 159 163 165 168 170 174 175 177 178 182 185 188 190 194 197 200 202 204 207 209 211 212 214 217 220 223 224 227 228 230 234 236 238 242 243 247 251 253 256 259 261 263 266 268 269 272 275 278 279 280 281 286 289 294 298 300 303 307 
17 23 25 29 32 36 38 40 45 49 53 55 59 60 62 66 70 71 72 74 78 82 86 88 95 96 99 104 106 108 110 113 118 122 126 128 130 131 133 136 138 142 146 149 152 155 158 161 165 168 171 175 179 180 182 186 190 194 197 199 203 204 205 208 212 213 214 218 222 224 225 227 229 233 234 236 238 241 245 247 250 251 252 253 256 259 263 266 269 272 274 275 277 278 281 284 285 289 293 294 295 302 306 310 313 
19 27 29 31 35 39 43 45 46 52 55 58 63 64 65 70 73 76 80 84 85 88 89 90 96 98 101 105 107 109 113 115 119 126 128 130 132 136 138 141 145 148 150 153 154 159 161 163 166 169 175 179 183 187 189 190 192 196 198 203 205 206 207 210 214 218 220 224 225 228 230 233 235 236 240 244 248 252 254 258 261 263 264 268 271 275 276 279 281 282 285 288 291 292 295 296 297 301 304 307 310 311 313 315 317 
22 31 33 37 39 43 45 48 50 53 56 61 65 69 72 75 76 78 83 87 90 91 93 96 97 101 104 109 111 114 115 117 122 129 131 135 138 140 144 148 151 153 156 159 163 164 165 168 170 173 179 181 186 190 194 198 202 205 208 210 212 216 220 221 225 228 231 235 236 240 244 245 249 251 255 258 259 262 263 266 269 271 272 274 277 278 280 283 287 291 295 296 300 304 308 309 313 317 320 322 326 329 332 335 336 
26 33 37 39 42 47 48 49 54 55 58 64 67 70 76 77 79 81 85 88 94 95 99 101 102 106 108 112 116 117 120 122 124 130 133 137 139 141 145 150 155 158 161 163 167 168 172 174 176 180 182 183 189 192 196 202 203 207 209 214 216 219 223 227 228 231 235 236 239 244 246 247 252 255 257 260 263 264 266 267 271 275 276 277 278 282 285 288 290 294 297 300 302 306 310 313 317 321 323 326 327 330 336 339 340 
28 35 39 43 47 49 52 55 56 57 59 65 68 72 79 80 84 88 89 90 95 97 102 105 106 109 113 114 120 123 124 127 128 132 135 139 142 145 146 153 158 160 165 168 171 173 175 178 182 184 186 188 191 195 199 205 206 210 212 218 219 222 225 230 234 236 239 242 243 248 252 256 260 263 266 268 269 273 274 275 277 279 283 285 287 290 292 295 296 299 303 307 311 312 315 319 323 325 328 329 332 336 340 341 344 
32 38 41 47 51 55 59 60 64 67 68 69 71 75 80 81 85 91 93 97 99 102 105 107 109 113 115 116 124 125 129 133 136 139 140 141 145 149 153 156 161 164 166 171 173 176 179 182 185 187 190 194 197 201 205 207 209 212 213 222 224 228 230 233 236 237 242 244 247 252 253 260 263 266 267 269 273 277 280 281 283 286 288 290 293 295 298 302 303 306 310 311 314 315 316 321 325 328 332 333 337 341 345 349 350 
34 42 43 48 54 59 63 64 68 71 75 77 80 84 85 89 93 97 99 103 105 107 111 113 116 117 121 123 127 129 131 134 140 141 144 146 149 151 156 157 162 165 169 172 176 178 180 186 189 191 195 197 200 202 207 211 215 219 223 225 229 232 234 238 239 242 245 247 249 255 258 264 267 268 269 271 274 281 284 285 287 288 292 293 297 301 305 307 311 312 316 318 320 323 325 327 329 331 336 340 342 346 350 352 353 
36 45 48 49 55 60 65 67 71 72 77 81 85 86 89 93 94 99 101 104 107 108 112 115 120 121 124 127 129 132 133 135 143 146 149 150 152 153 160 161 164 166 170 174 179 180 181 190 194 198 202 205 209 212 213 217 221 224 227 229 233 235 236 240 243 246 248 250 254 256 260 268 271 273 277 281 285 286 289 290 291 292 293 294 299 305 307 311 312 316 318 320 321 325 327 331 334 336 339 342 346 348 352 354 357 
37 46 51 54 57 63 67 71 72 74 81 84 89 92 96 98 99 100 104 105 111 112 113 116 124 126 129 133 137 139 142 143 144 150 151 153 156 160 164 165 169 172 173 175 183 187 190 192 197 199 206 208 213 214 218 219 223 227 228 232 235 238 242 246 248 252 256 257 260 263 266 270 275 277 279 285 286 290 292 295 299 301 305 306 307 311 314 318 320 324 328 330 333 335 336 338 342 345 349 352 353 355 359 363 367 
38 47 55 58 61 66 68 72 73 77 83 87 93 96 99 102 104 105 107 111 112 114 117 118 127 128 132 136 141 145 147 148 149 152 154 155 157 162 165 168 172 176 177 178 184 190 193 197 199 203 209 211 215 216 221 222 225 229 233 236 240 241 245 247 250 253 260 261 265 266 270 272 276 279 282 289 290 293 295 297 302 305 307 309 310 312 318 321 322 327 330 331 337 338 341 343 344 348 353 355 358 362 366 369 373 
40 48 56 61 63 68 70 75 76 81 84 89 94 98 103 104 108 110 112 115 119 123 126 130 132 135 137 140 145 147 148 149 150 153 158 160 162 165 167 169 176 178 182 186 190 192 197 200 201 205 213 215 217 219 224 226 229 231 237 241 244 245 247 249 251 255 262 265 269 270 271 274 278 283 284 290 291 296 300 304 305 308 309 310 311 313 322 324 328 331 335 336 338 342 344 347 348 351 357 359 362 363 368 371 377 
41 50 57 64 67 69 74 79 80 85 86 92 97 100 106 108 110 114 116 117 120 126 128 134 135 137 138 142 148 149 153 154 158 159 162 163 166 167 169 170 177 182 183 190 191 196 200 202 205 209 217 218 221 223 225 229 230 235 239 243 247 249 252 254 255 258 265 266 272 274 278 282 283 286 287 293 296 298 303 308 309 311 313 314 315 316 324 327 329 333 337 339 343 345 349 352 355 359 363 366 369 373 375 379 381 
44 53 59 66 71 75 78 80 82 89 92 95 101 105 109 113 115 116 117 120 121 128 132 138 142 145 148 151 152 153 157 158 161 165 169 173 177 181 185 186 187 191 192 196 200 201 203 206 208 210 220 224 228 231 235 237 239 240 241 244 251 255 259 263 264 268 269 273 274 276 281 286 287 288 291 297 299 300 306 311 313 317 319 322 324 326 330 331 332 334 341 342 347 349 353 355 359 361 365 367 372 374 379 382 386 
48 57 60 67 72 78 79 81 84 93 95 98 105 106 111 117 119 122 126 127 128 129 133 142 146 150 152 156 160 164 166 168 171 174 175 177 179 183 189 190 194 198 201 204 205 207 210 213 214 218 221 228 230 232 239 241 244 248 252 253 257 261 263 265 267 271 272 276 280 284 285 290 291 295 299 302 304 306 309 312 317 321 322 324 327 330 333 334 337 341 343 346 351 352 354 356 360 363 368 370 376 378 381 386 389 
49 58 64 68 75 81 84 87 91 95 97 101 107 111 115 120 121 125 128 130 132 134 138 146 147 151 154 158 161 167 171 175 178 182 183 184 185 189 193 194 196 202 206 210 212 215 218 222 225 227 228 230 232 236 240 242 245 252 254 258 261 265 267 268 270 275 277 281 282 288 291 294 295 298 302 304 308 312 313 316 320 324 327 328 331 334 338 341 345 346 347 348 352 353 358 361 362 364 372 373 380 384 385 390 393 
52 61 67 69 78 84 88 89 93 99 102 103 110 114 118 123 127 131 134 135 136 139 143 150 154 155 156 159 162 170 174 177 179 183 186 190 191 193 197 200 204 207 208 214 218 219 221 223 227 228 229 234 237 239 243 244 246 255 256 262 265 267 268 270 273 278 281 282 283 291 293 298 302 306 310 313 316 318 319 322 323 327 330 333 337 338 342 345 346 349 350 352 353 355 360 363 365 366 374 378 381 386 390 394 398 
54 65 69 72 82 85 91 93 95 100 104 108 113 117 119 127 128 135 139 143 147 151 154 155 158 160 162 166 168 174 177 178 183 187 190 191 195 199 200 203 205 211 213 217 219 220 225 228 232 236 240 243 247 250 251 254 256 260 261 264 268 272 274 275 277 280 285 287 289 293 297 300 305 310 311 317 318 321 324 326 328 329 334 337 340 342 344 346 349 350 354 357 359 361 364 368 371 373 377 380 385 389 391 397 400 
55 68 71 73 84 89 93 96 98 104 106 112 114 121 123 128 131 136 143 146 150 152 157 158 160 162 164 167 172 176 178 181 187 189 193 194 198 203 205 209 211 212 216 218 223 226 230 231 234 238 244 245 248 254 257 260 262 263 266 268 270 273 276 279 282 283 289 293 296 298 300 304 307 314 318 321 323 325 327 329 333 334 338 339 344 346 348 350 351 353 356 360 363 366 370 374 377 379 383 385 388 393 395 399 403 
56 72 76 79 88 91 95 97 102 108 110 113 116 123 126 132 136 137 144 149 154 157 159 163 164 167 171 173 176 177 182 185 191 193 194 196 199 207 208 212 213 216 217 221 227 230 231 233 237 239 248 250 252 256 260 262 263 266 267 271 275 276 280 284 286 290 294 296 300 303 306 308 311 315 321 323 325 326 330 334 338 340 343 345 347 348 350 354 355 358 359 364 368 370 374 375 378 380 387 390 392 396 400 403 405 
58 76 79 81 90 93 98 99 106 111 112 116 119 126 130 133 140 141 148 151 158 161 162 167 170 174 177 180 184 186 188 192 194 195 196 200 203 210 213 217 221 222 224 226 231 234 237 240 243 246 250 254 258 262 265 267 269 271 274 275 278 282 286 290 293 297 301 305 307 310 313 316 319 323 327 329 330 334 335 337 339 341 345 347 349 352 354 358 359 362 366 370 372 376 380 381 383 387 391 392 396 397 401 405 409 
62 80 81 84 92 97 100 103 109 114 116 117 123 128 131 135 142 145 152 155 159 163 165 170 174 177 179 181 187 191 195 197 199 202 204 206 209 213 217 221 223 227 231 235 237 240 242 243 245 248 253 255 259 263 266 271 273 277 279 281 284 288 290 294 298 299 302 308 311 314 315 319 322 325 329 332 335 337 340 343 346 347 350 352 353 357 361 364 367 371 374 376 378 380 381 382 386 388 394 398 400 402 405 406 413 
63 84 88 91 95 99 101 107 112 115 117 118 125 132 136 138 144 147 154 159 161 166 167 174 178 179 182 185 190 194 199 200 202 204 205 208 210 216 218 222 227 228 232 237 239 243 247 251 255 257 261 264 266 267 271 272 275 279 283 285 288 290 291 295 302 305 308 309 313 318 322 324 325 329 333 336 339 343 347 350 352 353 354 355 358 359 365 368 370 372 375 380 383 384 385 386 389 391 395 401 405 409 412 416 419 
65 87 92 95 98 101 104 109 114 117 121 124 128 136 139 141 145 148 156 163 164 169 172 178 181 183 186 187 192 195 201 203 206 210 212 215 217 219 222 226 230 232 234 238 241 245 250 252 258 260 262 266 270 273 277 281 284 287 290 291 293 296 300 301 306 308 309 310 315 321 323 326 328 332 337 338 342 345 349 352 353 354 355 358 360 364 366 372 374 378 381 383 386 389 392 395 396 397 400 405 408 412 413 418 423 
66 91 95 98 101 102 108 111 116 121 124 126 130 138 140 143 147 149 157 167 171 175 179 182 183 185 190 191 196 199 202 206 207 213 217 220 224 228 231 235 236 239 241 242 245 249 253 255 262 265 267 270 273 275 281 284 286 288 292 296 297 300 303 306 307 309 310 313 319 322 326 328 330 336 340 344 348 349 350 356 357 360 363 365 367 371 373 377 379 381 384 385 389 391 393 399 400 402 405 408 409 413 416 420 425 
70 95 98 100 102 104 112 113 120 123 125 128 133 141 143 146 149 151 160 168 174 176 181 183 187 191 192 194 197 203 204 207 209 215 220 221 225 232 236 239 240 244 246 249 252 256 260 263 267 270 274 277 281 283 287 289 291 294 297 300 303 305 308 309 313 314 316 317 321 325 327 329 333 339 343 348 352 356 359 360 362 363 366 370 373 375 377 380 382 385 386 388 390 392 396 402 404 408 411 414 418 422 423 425 427 
74 96 101 105 106 108 116 120 122 126 129 130 135 143 145 148 151 152 162 171 177 179 185 187 190 195 197 200 202 204 207 211 213 218 222 223 227 234 240 244 247 249 251 254 258 262 265 266 270 274 278 282 286 289 290 291 295 297 298 301 305 306 312 315 316 318 321 324 326 329 331 334 335 341 345 349 353 357 363 365 366 370 372 374 377 379 380 381 385 389 393 394 395 399 402 405 407 411 413 418 421 426 428 430 431 
76 97 103 106 107 112 117 123 126 127 130 132 136 147 149 153 155 159 165 172 180 182 189 192 194 198 202 204 208 210 213 214 218 221 223 226 230 237 242 248 250 252 254 258 261 265 268 269 273 275 282 285 289 292 296 297 298 302 306 309 312 316 320 322 324 328 331 334 335 336 338 340 344 347 348 350 355 360 365 368 371 372 374 378 380 381 385 388 390 393 394 395 396 402 404 408 409 414 418 421 422 427 429 433 434 
80 99 105 107 108 113 118 126 129 131 134 137 139 149 151 156 159 163 169 175 184 186 192 193 196 201 206 207 209 212 214 218 220 223 227 229 234 238 243 251 255 259 262 266 270 272 273 277 279 280 285 287 292 294 300 302 303 307 308 312 314 318 321 326 330 331 335 339 342 344 346 349 352 354 357 358 360 363 366 369 373 376 379 382 384 385 388 392 395 398 401 402 403 405 409 412 414 415 422 425 427 428 432 437 440 
82 101 108 112 113 115 122 127 133 137 139 143 145 151 152 158 161 167 172 179 185 190 194 198 199 205 210 212 216 218 222 225 228 229 233 237 240 244 246 252 258 261 266 268 272 275 279 282 284 286 290 291 294 295 301 304 308 310 312 316 317 319 322 327 331 334 339 342 346 347 350 353 357 361 365 369 370 371 373 376 377 381 383 387 388 392 394 398 400 404 407 408 412 413 416 417 421 424 428 430 434 438 440 443 445 
84 105 110 115 118 122 125 129 136 138 140 146 147 155 156 159 165 171 174 183 189 191 197 199 203 207 211 214 217 219 226 230 232 236 237 239 243 245 248 253 261 265 269 271 274 277 283 286 289 290 293 294 297 298 302 308 310 314 317 321 322 326 327 330 333 336 342 344 348 349 351 357 359 365 367 370 374 375 377 378 380 382 384 388 391 396 399 403 405 409 413 417 418 422 424 425 429 432 433 437 438 442 444 445 447 
88 106 113 119 122 124 127 133 137 139 143 149 150 159 160 164 167 172 178 185 193 197 198 203 205 209 214 217 221 224 229 232 235 239 243 247 248 250 253 254 264 267 273 277 281 282 284 290 292 295 296 299 300 304 305 311 315 319 322 326 329 333 334 335 338 342 344 345 351 354 357 360 361 368 372 373 375 376 380 381 384 388 392 394 396 398 402 404 406 411 416 420 423 424 426 430 434 438 439 443 446 447 449 450 453 
91 109 115 120 126 129 130 136 140 141 144 151 153 163 165 168 170 173 181 189 195 201 205 206 210 212 216 218 224 226 232 235 239 241 247 250 251 252 254 256 267 268 274 280 282 284 287 294 296 300 301 305 309 311 315 316 320 324 328 330 333 337 341 345 348 349 350 353 356 358 361 363 364 369 373 375 379 381 383 387 390 394 396 400 401 402 403 405 408 413 419 423 425 428 432 436 437 441 444 445 449 450 451 453 456 
95 110 118 122 130 134 138 141 142 143 146 153 157 166 168 169 174 175 185 193 199 203 206 208 214 216 219 221 226 229 236 239 243 246 249 252 254 258 262 265 269 270 275 281 283 286 288 295 298 302 304 306 311 313 317 321 323 327 330 331 335 338 345 349 352 354 356 359 362 365 369 372 373 377 379 381 385 388 392 393 394 398 399 403 407 411 415 419 423 425 429 430 431 434 435 437 441 444 446 447 453 455 458 462 466 
99 111 121 123 131 137 141 143 144 148 152 154 159 167 170 174 178 182 186 196 200 205 209 213 216 220 224 226 227 232 240 243 244 250 252 255 256 261 263 267 272 274 276 282 284 290 291 298 302 305 307 311 314 316 318 324 326 331 335 337 339 343 348 353 356 359 362 363 367 371 373 376 377 379 382 383 388 389 395 399 400 401 405 407 408 414 418 420 426 427 432 433 437 440 444 446 447 448 452 456 460 463 467 470 474 
101 113 124 128 134 140 145 148 152 155 156 160 162 169 171 176 181 185 187 200 204 209 212 216 219 224 225 227 231 236 244 248 251 254 256 260 262 264 266 271 276 280 284 285 289 291 293 300 305 307 309 312 317 318 322 326 328 335 339 341 343 347 349 355 360 363 365 366 370 374 377 380 383 385 387 390 393 394 396 400 404 408 410 413 415 418 421 422 428 429 433 437 439 444 445 449 451 455 459 463 465 466 468 473 478 
105 115 128 131 137 143 149 152 155 157 159 161 166 172 174 177 183 187 188 201 205 211 215 218 221 228 232 235 237 238 248 252 256 259 260 261 264 266 267 273 278 282 286 288 291 292 294 302 308 309 313 316 318 322 324 327 330 338 340 342 345 349 350 356 364 366 368 369 374 377 380 384 385 386 390 392 394 396 400 403 406 410 411 415 419 422 425 427 431 435 436 441 443 446 450 454 458 459 460 467 468 471 472 476 482 
109 117 131 132 140 146 150 153 156 160 161 162 170 173 176 178 187 190 191 203 206 214 217 221 225 230 233 237 239 242 252 253 257 261 264 267 268 271 273 277 280 283 288 291 293 294 297 304 309 311 314 318 320 323 327 330 332 342 343 344 347 352 356 358 367 368 371 373 375 381 382 388 389 393 397 398 400 402 404 407 409 413 417 421 423 424 429 431 434 437 440 444 447 449 451 456 459 463 466 468 469 474 475 479 483 
111 119 132 136 144 149 154 158 161 163 167 168 173 176 180 182 188 194 195 205 210 216 218 224 227 234 238 242 243 244 253 254 261 263 267 271 275 278 281 282 285 288 289 293 295 298 302 307 312 315 316 321 322 324 329 333 336 343 346 347 349 353 360 363 370 371 373 375 378 385 389 391 393 394 400 403 404 406 407 411 414 416 420 422 425 428 433 434 435 440 442 446 449 451 455 459 463 467 469 471 473 476 478 480 484 
112 120 135 138 147 153 155 159 163 164 169 170 176 179 181 186 189 198 199 208 214 218 219 228 231 235 239 246 249 253 255 259 264 266 270 272 279 283 284 286 287 290 292 296 298 301 304 308 315 316 318 324 327 328 332 335 338 345 349 351 354 358 361 364 372 373 377 379 383 389 392 395 399 402 403 406 407 410 413 414 416 418 424 426 427 432 435 436 440 442 445 448 450 452 456 460 464 470 472 473 475 479 481 485 487 
114 122 136 139 148 155 158 163 166 168 170 174 179 183 184 189 193 201 202 209 216 222 225 231 232 236 243 250 254 256 258 260 267 270 272 275 281 284 287 291 294 295 299 303 304 308 312 314 317 320 322 326 330 333 335 339 340 349 353 354 358 359 363 367 374 376 379 380 387 393 396 398 401 404 406 407 410 412 417 419 420 424 425 430 434 438 439 441 444 446 450 453 456 458 462 463 468 472 474 475 477 481 485 486 489 
118 125 137 140 149 157 159 167 171 174 177 181 185 186 188 193 194 205 208 210 219 225 228 233 234 237 245 252 256 260 261 265 268 273 276 280 282 287 288 293 296 300 301 304 305 310 315 318 319 323 326 329 334 338 341 345 347 352 355 358 362 365 369 370 376 377 381 383 391 395 398 399 404 407 410 414 416 417 420 422 426 430 431 434 438 441 442 444 446 448 451 456 460 461 465 468 470 476 479 483 486 487 490 493 497 
120 126 141 145 152 158 161 170 174 178 182 183 189 192 194 198 200 206 210 212 221 228 232 237 241 243 248 255 259 261 265 266 270 275 278 284 285 290 292 294 297 302 304 307 311 313 317 320 324 328 331 334 335 342 344 349 352 353 357 362 365 369 371 372 377 379 384 387 394 399 403 404 405 411 414 415 419 420 423 427 429 434 437 441 443 446 449 451 455 459 462 463 466 469 473 474 475 479 482 485 489 490 494 496 498 
123 129 144 149 156 159 165 171 177 182 183 186 193 196 200 203 205 208 212 214 222 230 233 240 242 245 249 257 261 263 268 269 271 277 279 288 289 291 295 296 299 304 307 310 315 317 321 325 327 329 333 336 339 344 345 352 355 358 362 365 366 372 373 374 379 382 385 389 398 401 405 407 411 413 418 419 420 423 427 431 435 438 440 444 448 452 454 457 458 462 464 468 471 474 476 478 479 482 483 489 493 497 500 502 506 
125 133 146 150 159 162 168 175 178 186 190 193 196 198 203 204 207 209 215 216 225 231 237 242 244 248 253 261 265 268 272 273 276 280 283 290 294 298 301 302 305 309 312 316 318 319 323 327 328 331 334 337 343 346 349 353 358 361 365 366 368 373 375 377 383 386 389 392 401 404 406 410 414 415 420 421 424 427 428 435 438 439 444 446 451 454 458 462 463 464 467 471 475 476 480 482 485 488 492 496 500 502 505 509 512 
127 135 147 153 162 164 172 176 181 187 193 195 200 202 205 208 209 212 216 218 229 235 239 244 246 251 254 262 267 270 276 278 279 283 284 292 297 301 304 307 308 312 315 320 321 325 326 328 329 333 336 340 344 350 352 357 359 362 366 369 371 377 381 385 387 391 394 398 404 405 407 413 415 417 421 423 426 428 430 437 442 446 449 452 455 459 461 465 466 468 471 475 477 480 481 483 489 492 496 500 502 505 507 512 515 
129 136 148 157 165 167 174 179 184 191 194 199 203 205 208 212 214 218 221 225 231 236 240 246 250 254 255 263 268 273 280 282 285 289 291 296 299 304 306 308 309 316 317 324 326 327 330 331 332 334 340 341 347 351 356 360 362 365 368 371 375 379 384 389 391 394 398 401 408 410 413 417 419 421 425 428 430 433 437 439 446 448 451 453 457 462 464 468 472 475 478 481 484 488 489 491 493 497 498 503 507 511 515 517 519 
133 138 152 161 169 171 175 182 185 195 198 201 206 210 212 214 215 219 222 228 235 238 244 249 253 258 259 265 269 276 281 284 287 290 293 299 301 308 310 314 318 320 321 326 329 333 337 339 342 346 347 351 352 355 360 362 364 369 371 373 377 382 388 390 395 397 402 403 409 414 417 420 422 423 426 430 434 436 438 440 450 451 453 456 458 465 468 469 473 476 481 485 489 491 493 497 501 504 507 510 514 518 522 526 530 
137 140 153 164 170 174 179 186 190 196 199 203 210 213 214 216 217 220 223 232 236 242 246 252 254 260 262 269 270 277 283 286 290 294 297 303 307 312 314 315 320 321 322 327 331 335 341 342 346 348 351 352 353 356 364 365 369 373 376 380 384 387 390 391 398 400 405 406 412 416 420 421 423 427 429 433 436 439 441 444 453 457 459 461 465 466 469 471 475 480 485 487 493 497 501 502 503 508 510 512 518 521 526 527 534 
139 144 157 167 174 176 183 190 191 199 203 204 214 215 216 220 223 227 229 236 240 243 248 256 257 261 263 272 273 281 284 288 293 297 299 306 308 314 316 317 324 326 329 333 336 338 343 346 347 349 354 355 358 360 367 368 372 376 377 383 385 390 391 392 399 403 409 411 415 419 424 426 429 430 432 436 440 443 444 445 455 461 464 467 469 470 473 474 478 481 488 491 494 500 505 508 510 511 513 514 519 525 527 530 536 
143 146 158 168 178 181 186 194 195 200 206 209 215 219 222 224 228 232 235 239 243 244 252 259 261 263 266 274 277 283 288 292 295 301 302 307 311 317 318 322 325 330 331 335 337 339 345 349 351 352 356 360 361 364 368 371 375 379 380 384 387 394 396 397 401 407 410 414 417 423 425 428 431 434 437 440 443 445 447 448 459 462 467 470 473 474 478 481 485 486 491 494 498 502 506 512 516 520 523 527 531 535 538 540 543 
146 149 159 172 182 184 187 195 198 202 209 212 216 223 225 227 229 234 236 243 245 247 255 262 263 264 267 278 279 287 291 294 297 304 305 308 312 318 320 325 329 331 332 337 340 343 348 351 352 353 357 362 364 368 369 373 378 380 381 387 390 396 398 402 403 411 414 416 418 426 430 432 436 440 443 445 447 449 453 455 461 464 468 473 477 478 481 485 486 490 494 496 500 505 510 514 519 523 526 530 532 539 543 545 549 
147 150 163 176 185 189 193 199 200 203 210 215 218 227 230 232 234 237 240 244 249 253 258 265 268 272 276 282 286 289 295 298 300 307 309 312 316 321 322 329 330 333 337 338 344 346 350 354 357 361 362 364 367 371 373 375 382 384 387 390 391 398 401 406 408 413 416 420 422 427 434 436 438 444 447 448 451 453 456 460 463 466 472 477 480 483 487 491 494 495 497 498 504 509 514 518 521 526 528 532 536 541 546 548 551 
150 152 164 179 188 191 194 200 202 205 213 218 219 231 234 236 238 240 243 247 252 254 262 267 270 275 279 286 288 292 297 301 303 308 312 316 320 323 326 331 333 336 339 340 348 350 353 358 359 365 369 373 376 378 381 383 384 387 388 394 398 399 402 407 411 414 419 423 424 430 437 441 443 445 448 451 455 457 459 464 466 469 474 481 485 487 490 492 497 500 504 506 508 512 518 522 525 529 532 535 538 545 548 552 556 
151 155 167 183 190 194 198 202 205 209 214 219 222 232 236 238 242 246 250 252 253 257 266 271 274 276 280 287 291 293 301 302 307 311 315 320 323 327 330 334 337 341 343 346 351 352 357 359 360 369 373 375 378 379 384 387 389 393 397 401 403 405 409 411 414 418 423 425 428 434 441 445 446 449 452 454 459 460 463 465 470 473 477 484 486 489 494 497 501 503 507 510 514 518 519 524 528 531 533 536 540 548 550 556 559 
155 157 168 187 194 196 202 203 207 212 216 221 225 236 239 241 243 248 252 253 257 259 268 274 277 279 282 291 294 298 305 307 308 313 317 324 326 330 333 335 340 342 347 351 353 354 360 361 364 373 374 379 383 385 386 390 394 397 401 404 407 410 414 415 419 421 425 427 431 438 445 446 450 451 454 455 463 467 471 474 476 479 481 485 487 493 497 501 502 504 511 512 516 519 523 527 530 533 534 539 543 550 553 560 563 
159 160 170 191 195 200 204 208 211 215 220 225 227 238 241 244 247 251 255 256 258 260 270 275 281 284 287 294 296 300 307 309 310 314 320 326 328 334 338 342 345 346 350 352 356 359 362 366 367 376 379 382 387 389 390 392 398 399 403 407 409 413 418 419 423 427 430 433 434 439 447 449 452 456 457 461 464 470 475 477 480 481 484 487 488 497 498 504 507 511 515 519 522 523 526 531 533 537 539 543 545 551 557 561 566 
163 164 171 194 198 203 207 209 212 217 223 229 232 239 244 248 252 253 258 261 264 267 273 279 282 288 292 298 299 304 308 313 314 316 321 330 331 335 342 344 346 347 354 358 359 362 366 369 370 378 381 385 391 392 395 398 402 405 409 411 413 416 420 423 426 430 431 434 436 443 450 452 456 459 460 465 466 471 476 478 481 483 485 488 489 499 500 507 509 514 516 520 524 525 529 532 537 541 545 547 550 553 561 562 567 
165 169 174 197 201 204 211 214 218 220 224 233 236 242 248 252 255 258 259 262 268 270 277 282 285 289 296 300 302 307 311 315 318 320 324 333 337 340 343 347 349 353 356 360 361 363 370 374 375 379 384 388 392 394 396 399 406 410 411 415 416 419 421 424 428 431 435 438 440 447 453 454 458 460 461 467 468 475 478 482 483 487 491 494 497 502 505 511 512 518 520 522 526 528 531 533 539 543 546 551 553 554 562 566 568 
167 171 177 199 204 207 213 218 222 226 228 236 238 245 251 256 260 263 267 268 271 272 280 283 287 293 298 303 304 310 313 316 321 324 326 336 340 344 345 349 350 354 358 364 368 371 372 378 381 385 389 391 396 398 399 402 407 411 412 418 420 422 423 428 429 433 439 443 446 450 454 458 459 461 462 468 470 479 480 483 487 488 494 498 500 506 507 513 515 520 522 523 530 534 537 541 545 547 548 552 556 557 563 568 572 
169 172 180 203 205 211 216 219 223 229 230 238 241 247 255 260 264 268 272 275 276 279 281 286 289 297 300 306 310 314 316 320 322 325 329 338 341 346 349 351 353 356 360 367 372 374 378 382 383 389 391 393 397 402 406 407 410 413 414 419 424 427 429 430 431 437 440 446 447 453 458 461 462 465 468 469 473 480 484 485 491 493 495 501 502 508 510 515 519 523 527 530 532 536 539 542 547 548 549 555 560 561 567 570 575 
173 176 183 207 211 215 220 221 226 230 233 240 244 248 257 262 265 272 275 276 277 283 285 288 291 299 301 307 311 317 321 325 328 331 333 342 344 349 352 353 355 360 363 370 376 379 382 385 386 393 394 397 398 406 407 410 414 415 419 423 426 429 433 436 438 442 446 447 450 457 462 463 466 468 470 471 476 481 486 489 495 496 500 504 505 512 516 519 521 527 528 531 534 540 544 545 550 552 553 557 563 565 570 571 578 
177 179 184 208 213 216 221 223 230 234 235 243 248 250 260 265 267 276 278 279 280 284 289 292 296 302 305 309 314 321 324 327 330 334 338 346 347 352 355 359 363 367 368 371 377 383 384 386 387 396 397 400 403 410 414 415 419 423 426 429 432 433 437 439 442 444 447 448 453 458 466 470 472 474 475 478 480 482 489 491 499 503 504 507 511 514 518 523 525 530 531 533 537 541 547 548 551 555 558 561 566 569 574 576 579 
180 183 186 209 215 219 224 226 231 237 239 247 251 255 262 267 270 280 282 285 286 287 291 295 299 305 306 312 317 322 328 332 335 337 342 347 350 353 358 363 367 371 375 376 380 387 388 392 393 398 401 403 404 413 416 420 423 427 431 432 434 438 442 446 449 450 452 455 456 462 469 474 475 477 481 485 486 489 491 493 500 504 505 511 514 518 519 527 531 534 535 539 543 544 548 550 554 559 562 563 567 571 575 577 583 
184 188 191 212 216 222 225 227 232 241 242 249 252 256 265 271 274 284 286 288 292 295 298 300 303 306 307 316 321 323 332 336 337 338 346 349 352 355 362 365 368 373 378 381 383 388 389 395 399 400 402 404 406 414 417 421 427 431 435 437 441 444 446 448 452 456 459 461 463 466 473 477 479 482 483 488 492 493 496 499 501 506 508 512 517 519 521 530 534 537 541 544 548 550 551 553 555 562 565 568 571 572 576 581 584 
188 191 193 214 217 226 229 233 235 243 246 251 253 257 268 274 277 286 288 290 295 297 302 304 305 310 312 320 324 326 333 337 340 344 350 354 357 361 363 367 371 376 379 384 388 392 396 399 401 402 405 408 409 417 418 424 429 433 439 443 444 446 447 449 455 457 462 465 468 472 476 480 481 485 489 490 494 497 498 503 504 507 511 514 518 523 527 531 537 540 543 547 552 555 556 557 561 565 569 573 577 581 583 586 588 
189 195 199 218 221 230 234 238 240 245 249 254 257 261 269 276 279 289 293 295 298 300 305 306 310 311 315 324 325 328 334 340 343 348 354 356 360 364 366 371 375 379 381 388 392 396 397 401 402 405 406 411 415 420 424 427 430 437 441 447 450 452 453 455 456 458 466 470 471 473 477 483 484 486 491 495 496 500 503 506 510 512 513 517 520 525 531 533 539 541 547 551 555 559 561 564 565 566 573 576 581 584 586 587 590 
192 196 203 222 224 233 235 242 245 249 250 257 259 263 271 279 280 291 296 297 299 301 308 311 314 318 320 327 328 329 336 344 348 351 356 357 363 367 368 375 376 383 386 389 394 399 403 404 405 407 409 415 418 423 428 429 431 441 442 450 451 455 456 457 460 461 467 473 477 481 485 489 492 495 496 498 502 504 508 511 512 515 518 520 524 527 532 534 542 546 551 554 557 562 564 568 570 572 575 579 584 586 589 592 595 
195 200 206 223 226 235 239 246 248 250 253 258 261 265 272 280 284 292 297 300 302 305 309 312 315 321 324 329 330 333 337 345 350 355 358 361 364 368 371 379 382 384 388 392 398 403 407 409 411 414 417 419 422 424 429 430 432 444 445 453 455 457 461 465 467 469 471 477 478 483 489 491 494 498 501 505 508 512 514 515 516 519 521 525 529 533 534 537 546 549 554 556 560 563 566 571 574 578 579 580 586 588 593 596 598 
196 204 208 225 227 239 243 248 252 256 260 263 267 268 273 282 286 294 299 304 306 309 310 315 317 322 327 330 331 334 340 349 352 358 362 363 366 371 373 380 383 386 391 396 402 404 410 414 418 419 423 426 427 431 432 434 435 446 450 456 458 459 465 466 469 471 472 478 480 485 493 494 497 499 505 508 510 513 517 520 521 523 525 526 530 537 541 544 547 553 555 557 563 564 567 574 578 582 583 587 591 595 597 599 600 
198 206 211 228 231 242 247 250 256 260 263 266 269 273 275 284 290 296 302 308 309 312 315 316 319 324 331 332 335 336 343 350 355 361 364 368 372 375 377 382 386 387 395 397 403 405 414 416 421 424 426 429 431 432 433 437 439 450 453 460 464 465 469 473 477 480 483 485 488 490 494 495 501 504 507 511 512 514 521 524 525 527 528 532 535 540 544 545 551 554 557 560 567 571 572 578 580 584 586 588 594 598 599 600 603 
201 210 213 230 235 245 251 254 257 262 267 269 272 277 281 287 294 300 305 310 314 317 320 321 324 325 334 337 340 343 344 353 357 364 367 371 374 378 381 385 388 391 399 403 404 407 418 419 425 427 429 430 435 438 440 441 442 452 457 462 466 468 472 476 481 484 486 489 491 495 499 503 507 511 513 515 519 520 525 527 530 534 536 537 540 544 547 549 552 558 561 563 568 573 575 579 584 585 587 591 596 600 602 604 605 
203 212 215 232 238 247 253 257 259 265 270 272 275 279 282 289 295 303 308 312 317 320 324 325 326 330 338 342 346 349 353 355 360 366 368 375 376 379 382 389 390 394 403 406 409 410 420 421 429 433 436 439 443 444 446 449 453 457 460 464 469 472 473 479 485 489 493 497 501 502 504 507 508 515 519 520 522 524 526 528 533 537 540 542 543 546 550 553 555 559 562 565 572 575 578 581 588 589 592 593 597 604 607 610 613 
204 216 217 233 239 249 257 260 264 269 272 273 277 283 284 290 296 307 311 313 318 324 328 332 336 339 343 346 348 350 355 358 364 367 371 376 377 382 383 391 395 399 406 410 411 412 421 423 433 437 440 441 444 445 447 453 454 459 461 468 472 474 478 482 489 490 494 501 502 506 507 510 512 516 521 525 528 530 531 532 537 538 544 546 550 553 554 555 558 561 565 569 576 580 581 584 591 595 597 600 602 605 608 614 616 
205 217 218 236 242 250 258 264 267 273 275 277 280 285 287 291 297 308 315 318 319 326 329 336 337 340 346 348 349 353 356 359 365 370 375 377 379 384 388 392 399 402 409 411 414 418 423 425 435 438 443 445 449 451 454 455 456 462 466 470 476 479 483 484 493 497 501 505 509 510 512 514 516 519 522 527 529 531 535 538 539 541 546 549 552 556 559 561 563 564 566 573 579 584 585 587 594 598 599 602 605 606 612 617 619 
207 221 223 239 244 253 259 265 269 276 278 280 281 286 291 292 301 311 319 322 324 330 333 340 342 344 348 350 352 355 359 360 367 371 378 382 383 387 390 396 401 403 412 414 416 422 424 427 438 442 447 449 451 452 456 458 460 465 469 472 479 482 484 486 494 499 502 508 513 515 517 521 523 524 527 529 532 535 537 541 545 549 551 553 556 558 560 562 566 567 568 577 580 588 589 590 596 602 606 607 609 610 614 618 622 
209 222 225 241 245 256 260 268 272 278 279 281 282 287 295 299 304 312 322 324 326 333 335 344 348 350 351 354 357 359 362 364 370 374 379 385 387 388 391 397 404 408 413 418 420 424 427 428 442 445 451 455 457 460 461 463 465 468 471 476 480 484 485 489 495 500 504 511 516 517 519 525 527 528 532 536 539 541 544 548 551 552 554 557 560 563 567 568 571 572 575 578 583 589 593 597 598 605 610 611 614 615 618 620 626 
211 224 226 242 247 259 263 272 273 280 283 286 289 292 297 301 307 316 326 328 331 336 340 348 350 351 354 357 360 361 365 368 373 378 383 386 390 392 393 400 407 409 416 421 423 427 431 432 444 447 453 458 460 463 466 470 474 477 479 480 483 488 492 493 497 503 505 512 520 524 526 530 532 536 537 538 540 545 549 550 555 559 560 562 564 568 572 573 574 578 580 584 586 591 595 599 600 608 613 615 619 620 624 627 629 
214 227 230 244 250 260 264 276 277 282 284 289 291 295 299 303 310 317 328 331 332 339 343 349 352 354 357 358 364 365 366 371 376 379 386 390 391 393 396 403 410 414 419 425 427 428 433 434 445 451 457 459 461 466 468 472 475 481 482 483 485 491 496 500 504 507 508 514 521 526 530 533 537 541 545 547 550 554 556 559 560 564 568 569 571 573 576 577 579 581 583 585 590 594 597 602 606 612 614 617 622 625 627 631 632 
218 229 233 245 252 263 268 279 280 284 287 293 296 300 301 305 312 318 330 334 337 341 346 353 355 356 360 364 367 368 369 373 377 383 388 392 393 394 399 406 413 416 422 429 433 434 438 442 447 454 459 460 463 467 471 474 477 482 483 485 489 493 500 503 507 508 511 515 525 529 532 534 540 544 547 548 553 558 560 562 563 566 571 573 574 575 578 582 584 588 589 590 592 595 598 603 608 616 619 622 625 627 629 632 634 
222 230 236 249 255 265 270 283 287 289 290 294 298 303 304 308 316 322 333 338 342 346 350 355 357 359 362 368 372 374 375 376 380 385 390 396 398 402 406 408 414 417 425 431 434 437 441 444 449 458 461 464 468 470 473 478 480 486 489 493 495 496 503 505 509 513 514 519 526 533 537 541 545 547 550 552 556 560 563 564 565 568 573 575 578 579 583 585 587 590 594 595 596 600 601 607 609 618 621 624 629 631 633 634 637 
223 233 239 251 256 267 272 286 289 292 296 300 304 305 309 313 320 326 334 340 346 347 352 357 358 360 364 372 374 378 381 385 388 392 393 398 399 406 407 411 416 418 426 432 435 438 442 445 452 460 462 465 470 473 476 481 484 487 491 496 499 501 505 508 513 515 517 520 530 534 541 544 547 550 551 553 557 564 568 569 573 574 575 579 582 584 585 589 593 595 597 600 602 604 605 610 613 622 624 625 631 633 635 639 641 
227 237 240 254 260 269 276 287 293 296 299 301 308 311 313 316 324 328 337 343 348 352 353 360 363 366 369 376 378 382 384 388 390 393 395 400 404 408 409 413 420 421 429 434 439 442 443 448 454 462 463 467 471 474 477 485 489 490 493 498 503 507 508 511 516 519 521 523 533 536 543 548 552 555 556 558 562 567 570 572 577 579 580 581 586 590 591 593 594 597 601 605 606 610 612 614 616 626 628 632 636 637 641 642 646 
231 238 243 255 262 273 278 290 294 299 303 307 312 313 315 320 326 331 340 344 351 356 358 363 364 368 372 378 380 383 388 391 393 394 397 404 405 410 414 416 421 424 433 438 441 444 445 449 457 463 467 468 474 478 482 489 490 494 498 499 505 511 515 519 522 525 527 530 537 540 544 552 555 556 559 561 566 569 574 576 581 585 587 589 590 594 597 598 600 601 604 609 612 615 616 618 621 629 631 633 640 644 646 650 654 
235 241 245 258 263 274 282 292 297 302 305 308 316 319 323 327 331 335 343 345 352 359 360 364 367 370 376 380 381 385 390 394 396 399 401 406 407 411 417 421 424 425 435 440 445 446 448 450 460 465 469 472 478 482 485 492 496 497 499 502 509 513 519 523 525 526 530 533 539 544 546 556 560 561 564 568 569 573 576 577 582 588 591 592 594 596 599 602 605 607 611 615 619 620 621 623 625 632 636 640 642 648 650 652 656 
238 245 248 261 266 278 283 295 300 306 307 309 320 323 327 329 333 337 346 347 354 361 364 367 369 374 377 383 385 386 393 395 398 402 403 408 409 414 420 423 425 426 438 443 449 452 454 458 462 467 472 476 480 485 489 494 499 501 505 509 513 514 522 524 528 532 534 538 542 546 550 559 563 567 568 571 572 576 580 581 586 591 594 595 599 603 604 608 611 614 617 621 622 626 630 633 637 640 643 644 646 650 653 654 659 
240 246 251 265 270 281 287 298 303 309 311 315 322 324 328 331 337 340 347 350 355 364 366 369 372 377 380 387 391 394 396 397 399 405 406 410 413 418 423 425 427 431 440 447 453 455 457 461 464 469 475 477 482 487 493 497 500 504 507 512 514 515 524 527 531 536 540 543 545 547 552 561 565 570 574 578 582 583 586 590 591 593 598 599 602 606 607 611 613 615 619 624 626 627 633 635 638 641 644 645 648 651 657 660 664 
243 248 252 269 274 282 288 299 306 312 315 319 324 328 329 335 338 342 351 355 357 366 370 372 374 379 381 390 395 399 401 403 407 408 409 411 417 421 425 429 431 433 442 448 456 457 460 462 467 470 476 481 485 490 496 501 505 509 511 513 515 519 528 531 533 540 544 546 547 551 555 562 569 573 578 580 586 590 593 597 601 605 607 608 611 613 615 617 618 621 622 626 630 633 634 639 642 644 646 649 650 655 660 662 666 
245 250 254 273 276 286 292 301 308 314 319 322 325 332 336 337 339 345 352 357 361 367 374 375 379 381 383 392 397 403 404 408 409 412 415 418 421 422 429 432 434 435 444 452 460 462 465 466 471 473 478 484 489 493 500 505 507 510 515 517 520 522 531 532 536 541 548 551 553 555 558 564 573 574 580 581 588 591 594 598 603 607 609 611 615 616 618 622 626 627 628 630 634 636 640 643 646 647 651 654 655 656 662 666 667 
247 252 258 274 277 290 294 304 309 315 321 324 326 333 340 343 347 350 353 358 365 368 377 381 382 386 390 393 400 406 408 410 414 415 416 419 425 429 430 434 438 439 447 454 462 466 470 472 475 478 479 486 491 497 504 506 511 512 519 521 525 528 535 537 541 543 551 553 557 560 562 567 576 579 584 587 592 596 597 600 607 609 613 617 619 620 622 626 627 631 635 637 638 639 643 645 647 650 653 655 656 659 666 670 671 
248 253 262 275 280 294 295 305 312 318 324 328 332 336 344 347 348 352 356 360 368 372 378 382 384 389 391 394 404 408 409 411 416 417 420 421 426 431 432 436 440 441 448 457 466 470 472 473 476 482 484 489 492 498 505 507 514 517 522 525 526 529 536 538 542 545 552 556 558 564 565 571 580 581 588 589 594 600 603 606 609 613 616 618 621 622 624 627 631 633 639 641 644 648 650 654 655 659 662 664 666 669 670 674 675 
251 255 265 277 283 295 298 307 315 319 326 330 333 340 348 352 355 357 358 361 369 376 381 386 389 392 393 396 408 409 411 412 419 420 421 423 429 434 438 439 443 444 450 460 468 471 475 476 478 483 485 491 493 500 509 511 518 521 523 526 529 531 538 541 543 546 553 559 562 568 569 573 584 585 589 590 596 602 607 608 611 617 619 620 622 625 628 632 634 638 641 642 647 650 651 655 656 662 666 670 673 677 679 681 683 
253 259 266 280 284 297 301 308 319 323 330 332 336 343 351 356 357 359 363 366 370 378 382 390 393 394 396 397 410 412 414 415 420 421 423 427 432 436 440 444 445 448 453 461 472 475 478 481 482 485 486 493 494 503 511 515 522 523 525 530 531 535 541 545 548 552 554 561 564 571 572 576 587 590 592 594 600 603 608 612 614 621 623 626 629 633 634 636 637 641 643 647 651 655 656 657 661 666 668 673 677 680 681 682 686 
255 261 270 282 288 300 305 311 320 327 334 336 337 344 353 360 362 363 365 369 373 382 383 394 397 401 402 406 411 416 419 420 422 425 428 429 434 437 443 448 450 453 457 465 476 479 480 483 485 488 490 496 499 505 515 517 523 527 529 533 536 539 542 549 552 554 555 563 567 573 574 580 590 593 597 601 604 607 609 613 618 624 627 630 631 635 637 638 642 645 648 650 655 658 662 663 666 669 671 675 680 683 687 691 693 
256 265 274 286 292 303 307 315 324 328 336 338 339 345 354 364 368 371 372 376 379 384 386 395 401 404 408 411 415 418 422 424 426 428 430 434 437 439 444 451 455 457 461 467 479 482 483 485 488 492 495 500 502 508 519 521 526 530 531 534 538 540 543 551 554 557 559 567 571 574 577 583 593 595 598 604 607 609 612 616 621 625 631 634 637 641 644 645 648 652 654 655 656 659 663 666 669 673 674 677 683 684 691 693 697 
260 267 277 287 296 307 308 317 326 332 338 341 343 346 357 366 370 372 375 380 384 387 389 398 405 406 410 414 416 422 425 427 431 435 437 439 442 443 447 452 459 463 466 470 482 484 486 490 491 496 499 501 506 510 523 525 528 532 536 539 541 544 545 554 555 559 561 568 573 576 581 587 595 597 600 608 610 612 614 619 625 627 635 637 641 645 649 650 651 653 655 657 658 663 666 667 672 677 678 682 684 685 692 695 699 
261 270 280 290 300 311 313 321 329 335 341 342 347 350 359 368 374 376 377 381 385 391 393 401 406 409 414 418 422 426 430 432 436 438 442 445 446 447 451 456 460 467 468 473 485 486 490 491 492 498 502 503 509 512 527 529 533 536 539 541 545 547 548 558 562 564 566 569 576 580 584 588 598 600 604 611 615 619 620 624 627 630 639 643 646 647 652 653 657 661 665 666 667 670 674 677 681 685 688 691 695 696 700 702 705 
265 272 282 292 304 314 315 322 333 336 345 346 349 353 361 371 376 378 379 383 386 395 398 402 408 413 418 419 425 429 432 435 439 442 446 448 450 453 455 460 462 469 473 475 487 491 494 498 500 504 505 509 511 514 528 532 536 537 542 546 550 551 554 561 566 568 572 575 578 581 587 592 600 604 606 613 616 620 621 627 628 631 640 647 649 653 655 656 658 664 666 669 673 674 677 680 683 689 691 694 698 699 702 704 709 
269 274 283 296 308 317 321 325 334 337 348 349 351 355 364 374 377 382 386 388 391 396 399 405 409 417 420 423 426 432 433 437 442 446 449 451 455 458 461 464 468 473 474 476 489 492 497 501 502 506 509 512 516 517 532 534 539 542 544 547 553 554 557 563 569 572 575 577 580 584 590 593 602 608 611 617 618 624 628 631 634 638 644 651 655 659 662 665 666 669 673 674 677 678 681 685 688 690 692 697 701 705 706 709 713 
270 277 287 300 310 318 325 326 336 338 351 355 358 360 368 376 381 383 390 394 398 399 402 408 412 421 423 424 428 434 437 439 444 447 453 457 461 465 467 471 475 478 481 483 492 494 501 504 507 511 515 519 523 527 534 537 543 547 550 552 555 558 562 564 572 576 579 580 583 587 592 596 604 610 612 618 621 626 632 633 637 641 647 652 657 663 666 667 669 671 676 677 679 682 684 688 692 696 698 702 706 709 711 712 714 
