2 5 9 13 17 21 25 28 29 30 32 35 39 43 44 45 48 49 52 56 59 63 66 70 73 75 77 80 82 84 85 89 92 96 97 99 102 105 106 108 112 113 114 117 120 124 126 130 132 133 134 138 140 141 144 147 148 152 156 160 162 164 165 166 167 171 172 176 178 179 180 182 183 185 187 188 192 193 194 197 200 202 205 207 210 212 213 214 218 222 223 224 227 229 230 233 234 238 241 242 245 248 249 252 256 257 258 262 265 268 272 275 279 280 283 285 287 289 290 292 295 298 302 305 308 310 311 314 316 319 320 324 328 332 335 339 342 344 347 348 349 352 
4 6 10 16 20 24 27 31 33 37 39 42 45 48 50 51 52 56 57 61 63 65 70 72 74 79 80 82 86 89 90 91 94 97 100 103 107 109 110 114 116 117 121 125 128 132 133 135 136 137 140 143 147 148 150 151 155 158 161 164 166 167 171 173 174 178 179 180 184 188 189 192 194 196 198 201 203 206 208 210 213 217 218 220 224 226 228 232 234 236 240 242 244 247 248 252 256 260 262 265 268 272 273 276 277 278 279 283 286 287 288 290 294 295 296 299 303 307 311 313 315 318 319 323 325 326 327 331 334 338 342 345 347 350 353 354 356 359 363 365 366 370 
5 8 13 20 23 26 30 34 35 39 42 43 48 51 55 57 58 60 62 63 64 69 71 73 76 81 82 84 89 90 91 93 96 101 103 106 110 112 113 118 119 121 124 127 129 136 139 140 144 146 149 153 154 156 159 163 166 170 173 176 178 182 185 189 191 195 198 200 201 203 206 210 213 214 215 219 220 224 226 230 232 234 235 238 242 246 247 250 251 252 256 258 260 264 267 269 272 273 274 276 278 279 280 281 283 287 290 294 296 297 298 300 304 308 309 311 313 316 319 322 323 324 328 331 335 338 340 341 344 345 347 349 350 351 356 360 362 365 369 372 376 377 
9 11 14 23 26 27 34 38 42 45 47 48 50 55 56 60 61 64 67 71 73 74 78 82 86 90 92 95 98 99 101 105 108 110 114 116 120 121 124 125 127 130 133 135 137 139 142 144 145 148 152 155 159 160 163 167 171 173 174 177 179 183 186 191 193 197 201 203 207 208 210 213 216 217 219 221 223 228 232 236 240 243 244 247 251 252 256 258 259 263 267 270 273 277 279 280 283 286 288 290 293 297 301 304 308 309 312 315 317 321 325 329 331 334 335 336 340 342 344 345 346 349 353 356 358 362 363 367 368 370 373 377 378 382 385 387 391 392 394 396 398 400 
12 15 17 25 27 28 35 42 44 48 51 55 57 58 61 64 66 67 71 73 74 77 79 86 89 94 97 99 103 106 110 113 117 121 125 129 130 134 138 142 145 146 147 148 151 153 157 161 165 169 171 175 176 179 181 185 187 191 195 199 202 205 208 210 213 216 220 222 226 228 229 233 237 240 244 245 247 250 252 255 259 263 264 266 270 271 275 278 282 285 288 291 295 297 298 299 301 304 306 308 310 313 316 320 321 322 324 325 329 333 337 339 342 343 347 350 352 353 356 359 363 364 366 367 368 369 371 373 377 380 384 385 386 387 389 391 394 398 400 403 407 408 
13 16 20 29 32 36 39 45 47 52 54 59 61 62 66 70 71 73 74 77 80 81 84 90 92 95 101 102 106 108 111 114 119 123 129 132 133 137 140 143 148 151 152 153 155 157 158 163 169 173 176 177 181 182 183 189 190 194 199 200 204 208 209 213 216 219 222 223 229 232 234 238 242 245 246 248 251 254 255 257 263 266 267 271 273 277 278 281 283 286 290 293 298 299 300 304 306 309 312 316 318 320 321 322 325 329 332 333 335 338 339 340 344 346 351 355 359 361 363 365 366 370 371 374 377 379 380 382 385 387 388 390 394 396 397 398 399 403 406 409 410 414 
17 19 22 31 34 40 44 48 50 56 59 62 65 69 71 72 74 75 77 79 81 84 86 93 94 99 105 107 111 113 114 116 123 125 130 134 137 141 145 148 149 153 154 155 157 161 164 168 171 174 179 180 184 188 189 191 195 197 203 207 211 215 218 221 224 225 229 231 234 238 242 243 244 246 249 252 254 255 258 261 267 271 272 274 278 280 283 287 288 289 292 296 302 303 306 310 313 316 319 320 322 324 325 326 327 330 333 335 336 342 344 347 349 352 354 356 361 364 366 370 373 374 376 377 381 385 386 390 393 395 399 400 401 404 407 410 413 415 416 418 420 424 
21 22 25 35 39 44 48 50 53 60 64 67 70 71 74 78 82 84 85 87 89 93 95 98 102 103 108 111 113 117 118 119 126 127 133 136 140 145 148 149 153 156 157 159 161 165 166 171 172 175 183 186 189 192 196 197 198 202 207 210 214 217 221 225 228 229 231 232 235 239 243 245 247 249 251 255 259 262 263 267 271 273 275 278 282 284 287 290 292 295 296 298 303 306 310 313 317 319 321 322 326 327 331 335 336 337 338 342 344 345 346 350 351 356 358 362 363 366 369 371 374 377 378 380 383 388 390 392 395 396 402 404 405 409 411 414 418 421 422 423 424 425 
25 28 31 38 42 47 52 54 56 64 65 71 73 74 77 82 86 89 91 95 97 100 103 104 106 109 112 116 120 123 126 129 130 134 136 137 141 146 151 154 156 157 159 160 164 169 172 175 179 183 186 189 191 193 197 201 204 206 210 212 216 218 224 227 229 232 235 239 240 244 247 250 254 255 256 257 263 264 265 270 272 276 277 280 283 286 288 292 293 296 300 303 304 307 314 316 318 321 325 329 331 335 336 339 340 344 345 347 351 352 354 356 359 360 362 366 369 371 373 375 377 378 381 384 386 392 396 397 398 399 406 407 411 413 414 415 422 425 426 429 430 432 
29 30 34 40 43 50 54 57 60 65 67 72 76 80 82 84 88 93 96 97 101 104 108 112 114 116 118 120 124 126 127 132 133 136 138 139 145 147 154 158 159 163 167 169 170 173 176 177 181 185 190 193 197 199 202 203 208 212 215 219 222 224 225 229 233 236 237 240 241 246 249 251 257 261 264 267 269 270 274 277 278 281 283 287 290 293 295 296 299 302 304 308 309 311 317 321 322 326 330 334 338 340 341 342 345 349 351 353 357 359 360 363 367 368 371 375 378 381 385 388 392 393 397 401 403 405 409 413 414 415 418 421 422 423 425 429 431 433 436 437 440 442 
31 32 38 43 45 53 56 60 62 68 72 74 79 84 86 88 92 95 98 101 104 107 110 116 120 123 126 130 132 134 137 139 140 144 146 149 153 154 158 161 164 165 171 173 174 177 179 181 183 186 192 197 198 203 204 207 210 214 218 223 227 229 233 234 237 240 242 246 250 252 255 259 263 267 270 271 275 277 280 282 285 286 287 290 293 294 298 302 304 308 309 312 314 317 321 323 326 328 334 336 340 344 346 349 350 351 353 354 358 361 365 366 371 375 379 380 382 383 389 391 396 400 404 405 408 412 415 419 422 424 428 430 433 435 438 440 441 444 448 451 455 459 
32 35 39 46 48 57 59 63 64 71 73 77 83 86 88 92 94 96 102 105 109 113 114 120 124 125 127 133 136 137 141 143 147 148 152 153 155 157 159 163 168 169 172 175 179 183 187 189 190 193 196 199 200 205 206 208 212 218 220 227 229 233 234 236 239 241 244 247 253 257 259 263 267 269 271 272 279 282 286 288 292 293 297 301 304 305 308 311 313 315 317 319 320 321 322 325 328 329 338 340 344 346 347 352 354 357 361 363 364 368 370 373 377 379 382 386 387 390 393 397 398 403 406 407 412 415 419 420 426 427 429 434 435 437 439 443 447 449 451 452 459 463 
33 36 43 49 50 61 63 65 66 74 78 80 86 90 91 96 99 103 105 108 112 114 115 124 128 132 135 136 139 143 147 149 153 157 158 159 160 163 164 167 171 173 174 178 181 187 189 193 196 197 199 201 204 208 210 211 216 222 226 230 234 237 238 242 245 248 250 253 256 260 263 264 271 275 277 280 282 284 287 291 295 296 298 305 307 310 314 317 320 323 326 327 328 330 333 335 337 340 343 344 346 349 351 354 357 360 362 366 367 370 371 377 380 381 383 387 390 391 394 400 402 407 408 411 416 420 422 425 427 430 432 435 436 438 443 445 448 452 453 457 462 464 
34 39 47 50 54 64 68 71 75 79 83 86 87 94 96 99 100 106 109 113 117 119 123 128 130 135 137 139 143 146 151 152 157 160 162 165 169 172 174 176 179 180 182 186 188 189 192 197 199 200 204 206 208 209 214 218 219 226 230 233 238 242 244 248 249 250 254 256 257 264 267 268 273 278 279 282 284 286 291 292 296 300 304 308 311 315 316 319 323 326 328 331 332 333 336 337 341 345 349 351 355 356 360 361 364 368 371 372 375 378 379 381 383 387 389 392 396 399 402 406 407 411 414 415 417 423 425 429 430 433 437 438 442 446 448 450 452 455 459 463 467 469 
37 42 51 55 57 65 72 73 78 82 85 89 91 96 98 101 104 107 111 115 121 122 127 130 132 136 138 142 145 150 154 157 159 163 167 170 171 175 178 179 183 185 189 193 197 199 201 202 203 206 208 211 213 216 219 222 224 230 234 237 240 243 246 249 252 254 257 260 261 266 269 273 275 281 285 289 291 292 293 296 297 304 307 309 313 318 320 324 326 328 329 332 333 334 337 341 342 346 350 353 356 359 362 363 366 372 375 376 377 380 383 385 389 391 394 395 399 401 406 410 414 418 419 422 425 427 431 433 437 438 441 442 445 447 449 452 455 458 460 467 468 473 
41 44 55 59 60 66 74 76 80 85 86 92 94 100 103 106 107 111 113 116 124 125 130 132 135 138 141 146 150 151 157 159 160 165 169 173 176 180 183 187 189 193 194 197 201 202 204 207 209 211 212 214 218 220 223 226 229 234 237 241 242 247 248 253 256 257 260 264 268 269 271 277 279 282 289 290 295 296 298 302 306 309 311 314 316 322 326 329 331 332 336 339 342 345 347 349 351 352 356 359 362 365 366 368 370 376 379 382 383 384 388 389 392 395 397 399 402 403 410 412 416 422 425 428 431 435 439 440 442 443 447 451 453 455 459 461 465 469 472 473 475 477 
42 48 57 63 65 69 76 79 82 87 90 93 97 103 106 107 108 114 116 118 126 130 134 137 140 143 144 149 153 157 161 162 166 167 172 176 179 183 185 189 190 196 200 203 204 206 210 211 215 219 220 224 227 230 232 234 235 238 242 243 244 248 251 257 260 263 264 268 272 274 278 282 284 285 291 292 298 302 306 308 311 312 316 320 321 324 330 332 335 336 339 343 347 351 352 353 354 357 360 361 363 366 368 372 373 380 382 384 385 389 393 396 397 401 402 404 407 409 411 414 417 423 428 431 433 436 442 446 450 452 455 457 460 462 463 466 467 473 475 479 482 486 
46 52 61 65 69 73 77 83 84 90 92 97 98 104 107 110 113 116 119 121 128 133 137 140 141 147 150 152 154 161 165 166 170 174 175 177 182 184 189 191 192 199 203 206 207 209 212 213 217 220 221 225 231 233 236 240 243 247 250 252 254 257 261 265 266 267 269 272 273 276 280 283 288 290 293 294 299 306 309 312 313 316 320 321 324 326 334 337 340 342 343 346 351 352 354 355 359 363 367 371 374 375 378 379 380 381 385 388 390 394 397 401 404 407 409 410 412 413 416 418 420 424 432 433 434 438 446 450 452 453 457 460 463 465 468 472 476 477 480 483 486 489 
47 56 62 69 72 77 81 85 87 94 95 101 105 106 110 113 116 117 121 125 130 137 139 144 145 151 153 155 156 163 169 171 174 178 180 183 187 188 190 193 194 203 204 209 210 211 214 216 220 223 225 229 233 236 240 244 246 250 252 256 258 262 263 269 270 271 274 277 280 281 282 287 290 294 296 299 302 310 313 315 319 321 323 324 327 330 338 340 341 343 345 350 355 356 358 361 363 364 369 375 378 379 383 386 388 391 393 395 397 400 401 403 407 409 413 416 417 420 424 427 430 433 437 440 443 446 447 453 456 459 463 464 467 470 474 478 480 481 484 487 490 491 
51 58 66 71 76 80 82 86 91 97 99 105 108 110 111 114 118 120 125 126 134 141 144 146 148 155 158 159 160 165 173 174 177 180 184 186 189 190 194 198 202 205 206 213 216 220 221 225 228 232 236 240 243 244 248 249 253 254 256 258 259 264 267 270 274 276 279 283 284 285 287 288 293 296 299 302 304 313 316 317 322 326 327 328 331 335 340 342 343 344 349 353 358 362 365 366 367 369 370 378 380 383 387 391 394 395 399 400 402 405 406 407 409 410 415 417 420 424 427 431 435 437 440 442 444 447 448 457 459 461 466 467 470 473 476 482 484 488 492 495 499 502 
52 60 67 73 80 82 85 90 95 100 102 109 113 114 117 118 121 122 128 129 137 142 147 151 153 158 161 165 167 171 177 179 183 186 189 193 195 198 200 203 205 209 211 214 218 222 226 228 230 233 240 243 246 250 253 255 256 260 261 264 265 267 268 272 275 279 282 286 290 294 296 299 302 304 307 309 312 315 320 323 325 327 328 329 332 339 341 345 348 352 356 359 360 365 368 372 374 377 380 382 386 390 391 392 395 397 401 405 406 408 409 412 416 417 421 424 425 426 430 433 436 440 443 446 447 449 450 460 462 465 468 471 472 474 480 483 487 490 494 496 500 504 
54 61 70 76 81 86 90 94 97 102 103 112 115 117 118 122 124 127 131 132 140 146 151 154 158 162 164 169 171 173 181 183 187 189 191 197 200 203 206 210 213 216 218 219 221 224 228 231 234 237 241 245 249 254 256 257 258 263 265 269 272 273 277 279 281 284 286 290 294 297 301 302 305 308 310 311 313 319 322 327 328 330 331 333 336 341 344 346 352 353 360 363 366 368 369 375 377 379 382 383 389 392 393 396 398 402 406 410 411 413 416 418 421 425 429 430 432 435 438 440 442 445 447 451 452 456 459 462 465 466 469 473 474 475 482 486 490 492 498 499 503 506 
56 65 74 80 83 88 94 97 99 104 108 114 118 122 125 129 131 135 138 141 145 148 155 159 162 163 166 170 175 177 182 185 190 191 193 200 202 204 210 211 214 219 220 223 225 228 231 232 238 240 245 246 253 257 258 262 265 268 270 272 274 278 280 281 282 287 290 294 295 301 305 309 311 314 316 320 322 326 330 334 338 339 340 342 343 346 350 352 356 360 361 364 367 369 370 377 380 382 384 388 392 394 397 400 404 407 411 413 416 418 420 424 428 430 433 434 436 437 442 443 445 449 452 455 459 461 464 465 468 471 474 475 479 480 484 490 493 495 500 504 507 508 
60 68 77 84 86 90 97 101 105 107 109 117 122 126 129 130 133 136 141 145 146 152 156 161 166 167 168 172 178 179 184 189 191 192 194 204 205 206 212 216 220 224 227 229 231 232 234 235 242 244 246 249 255 260 262 264 266 269 272 273 278 282 285 289 293 294 295 298 302 306 310 311 315 318 322 323 326 328 332 338 342 344 346 347 349 350 352 353 360 364 367 370 373 375 377 381 382 386 389 390 393 397 401 405 407 408 413 415 420 423 427 429 431 433 437 438 439 440 443 445 446 451 456 460 463 464 466 467 471 475 477 479 480 482 486 491 494 496 504 505 511 514 
63 69 80 87 91 93 98 103 109 111 112 121 125 130 134 136 138 142 146 147 150 153 160 165 169 171 175 179 182 183 186 193 196 200 204 206 210 214 217 219 222 227 228 233 237 238 240 242 246 250 251 254 257 263 264 268 269 270 275 277 280 284 286 293 294 297 299 302 303 310 311 312 317 319 323 325 329 331 333 339 343 346 347 350 351 353 357 361 365 366 368 373 374 376 380 382 386 389 391 392 396 401 405 408 411 413 417 418 422 425 431 435 436 437 439 443 445 446 449 451 452 455 460 464 468 470 474 477 481 485 487 488 492 496 498 501 505 509 510 512 516 519 
67 71 84 89 94 96 102 106 110 112 113 124 128 132 136 137 142 146 148 150 151 157 163 167 172 176 178 182 183 185 190 195 197 204 207 208 212 215 219 222 225 231 233 235 239 241 242 243 250 254 258 262 263 266 268 271 272 276 280 282 285 289 291 296 300 304 306 307 309 312 316 320 323 324 326 328 330 333 335 340 347 348 351 353 356 357 361 365 368 370 371 375 377 380 382 386 387 390 392 395 398 402 408 409 412 417 421 422 426 428 433 437 441 442 446 447 448 449 453 456 457 461 462 465 471 473 478 481 485 486 490 493 495 497 500 505 507 510 511 515 520 523 
68 73 87 91 95 99 103 107 112 116 120 128 132 133 138 142 144 150 154 157 159 161 166 171 175 177 181 184 186 187 194 196 200 206 209 212 213 218 222 226 229 235 236 237 240 245 249 251 254 256 262 265 268 271 272 276 277 281 282 285 288 292 296 300 302 306 307 308 310 313 317 324 328 329 332 335 337 341 345 347 351 352 354 357 360 361 363 368 370 371 374 376 378 382 386 387 391 395 398 401 402 406 409 413 416 419 423 424 429 431 434 441 442 444 448 451 454 457 459 460 461 464 466 470 473 475 481 484 489 491 495 499 500 503 504 507 508 514 518 522 526 527 
71 75 88 94 98 103 106 108 115 120 121 132 135 136 142 144 147 154 156 159 162 166 169 174 176 179 183 185 190 191 198 199 202 209 213 215 219 220 223 228 233 237 240 241 245 249 252 254 257 261 263 269 273 276 277 279 283 286 288 289 292 295 298 302 305 309 313 316 319 320 324 325 330 334 337 341 342 343 347 351 355 358 359 361 363 365 366 371 375 377 379 382 386 387 391 392 396 399 401 402 403 407 412 414 420 424 428 431 432 436 440 442 443 445 450 453 455 459 460 462 465 468 471 472 475 479 482 488 491 492 498 503 505 507 511 513 514 516 519 526 530 534 
74 79 90 95 102 105 107 109 119 121 124 133 137 138 143 145 151 157 158 163 166 170 173 177 181 185 189 192 193 195 200 202 204 212 216 218 220 223 227 232 235 239 241 243 249 253 255 258 260 264 267 273 274 277 278 282 285 290 294 295 297 300 301 306 307 312 314 319 321 322 326 330 332 338 339 343 347 351 353 357 358 361 365 368 371 374 377 380 383 385 388 392 395 396 399 400 404 407 410 411 414 415 417 418 424 425 430 434 435 438 442 445 447 448 452 454 458 462 463 466 468 471 472 473 479 480 483 490 495 499 501 504 506 508 513 516 518 519 523 528 531 537 
76 82 91 97 103 108 111 115 123 127 129 136 138 141 146 150 154 161 163 165 169 173 177 178 182 189 191 193 195 197 201 205 208 215 218 222 223 225 230 233 238 240 242 244 251 256 258 261 263 265 271 277 280 284 286 287 289 292 295 297 301 302 305 309 312 313 315 321 323 325 327 333 337 342 345 349 351 352 355 359 360 364 369 372 375 379 383 385 386 387 389 396 400 404 407 411 412 416 420 421 423 424 428 431 432 436 438 441 445 446 447 450 452 453 457 460 464 468 469 472 474 478 481 482 485 488 491 495 499 502 505 509 513 517 520 521 522 524 527 529 533 538 
77 83 93 98 104 112 113 117 127 130 131 137 140 143 148 154 157 164 165 168 170 177 180 183 185 192 194 197 198 202 203 208 210 217 222 225 226 227 231 236 240 243 244 248 255 257 260 262 266 268 274 281 284 288 291 294 297 301 303 304 306 307 308 310 314 316 318 325 329 331 335 336 338 346 349 350 355 359 363 367 368 370 371 375 376 383 387 390 394 397 401 405 408 411 412 413 417 420 422 425 427 430 433 435 437 440 442 444 449 450 452 453 455 457 458 462 468 470 472 475 479 481 482 483 486 491 494 498 502 506 508 511 514 520 521 525 529 531 535 536 539 543 
81 84 95 101 106 115 117 118 128 131 134 141 143 147 152 156 161 168 172 176 177 181 184 187 189 196 198 201 202 204 208 209 214 218 224 228 230 234 237 239 241 247 251 253 257 259 261 264 267 269 277 285 288 292 296 297 299 305 308 311 314 317 319 322 324 326 330 334 335 336 340 342 344 348 352 355 359 360 365 371 375 377 381 384 387 391 395 397 399 402 404 406 410 413 414 417 419 421 424 429 432 435 439 442 444 446 450 454 455 459 462 463 466 470 471 475 479 483 484 488 491 493 496 499 502 503 504 505 508 509 513 514 518 524 526 530 531 533 536 538 543 544 
83 87 96 105 107 117 120 122 130 132 137 144 146 150 153 160 165 170 175 180 183 186 187 191 192 199 202 205 209 213 217 218 221 222 228 230 234 238 241 244 248 252 256 258 259 263 264 267 271 273 280 287 289 294 300 301 305 307 311 314 317 321 325 329 332 334 338 339 341 343 346 347 348 351 355 358 363 365 367 374 378 379 382 385 390 393 398 399 401 403 406 409 411 414 417 418 420 423 428 430 435 436 443 446 447 450 453 456 460 461 466 467 469 474 475 477 483 484 486 491 494 497 498 501 506 509 511 513 516 518 521 523 525 527 531 533 536 539 541 544 546 547 
84 88 98 109 110 120 121 124 133 137 140 145 150 152 157 164 167 173 176 184 186 189 192 194 198 200 204 209 213 216 220 221 223 226 230 232 235 241 245 249 253 256 257 259 263 265 269 273 274 278 282 289 292 295 303 305 307 310 315 317 319 325 326 331 334 337 339 340 345 349 351 353 357 361 362 364 366 367 369 375 379 383 386 390 393 397 399 402 403 404 407 411 412 415 418 419 423 426 430 434 437 439 445 448 449 453 457 458 461 465 468 471 472 476 480 482 484 486 488 493 497 501 503 505 508 512 513 516 518 522 526 529 530 532 534 537 541 544 546 547 550 551 
87 92 101 112 115 123 125 128 137 139 142 147 153 154 160 165 170 177 181 188 191 194 197 198 201 204 207 213 216 218 224 227 228 229 231 235 238 243 249 251 254 260 261 262 265 269 271 274 276 280 285 290 294 298 304 307 310 312 319 323 325 327 329 333 337 341 345 347 349 352 353 354 360 363 364 365 370 374 377 380 382 387 391 395 396 400 404 408 409 410 411 414 418 419 420 423 424 427 431 437 439 443 448 450 454 458 461 465 468 471 474 478 479 483 484 487 488 490 491 496 499 504 505 509 513 517 519 520 524 526 529 532 536 538 539 540 545 546 549 550 552 555 
90 96 104 115 119 124 127 132 139 141 145 149 154 157 162 167 172 179 185 191 193 198 199 202 204 208 212 214 220 224 225 229 230 234 238 241 244 245 251 255 258 261 265 267 270 274 276 279 280 282 288 291 298 301 306 311 315 317 322 327 328 329 330 336 338 344 346 348 350 354 356 357 361 364 367 371 372 376 379 382 383 391 395 398 401 402 406 411 413 415 417 419 420 424 426 427 431 435 438 440 443 445 450 454 456 460 465 468 470 473 477 482 484 486 490 492 495 498 499 501 504 507 511 515 519 520 523 525 528 529 530 535 537 541 544 546 550 554 557 558 562 564 
93 100 107 119 121 127 128 136 140 142 149 152 157 159 164 168 174 181 189 195 196 200 204 208 212 215 217 221 223 228 231 233 237 239 240 244 245 248 255 258 261 265 267 270 272 277 278 281 284 288 290 292 302 303 309 313 319 323 326 330 333 335 336 338 342 345 348 350 353 358 362 364 368 371 375 377 379 383 387 389 393 395 396 400 404 406 410 413 416 418 420 421 425 429 432 435 439 440 441 444 445 448 451 458 460 462 466 469 473 474 481 483 487 489 493 497 498 500 502 503 506 511 513 518 523 525 526 530 534 535 536 538 539 544 548 549 552 557 559 560 564 567 
95 104 108 120 124 129 130 138 142 146 150 156 158 163 165 169 175 183 193 198 201 204 208 212 214 216 220 223 226 229 234 238 240 243 247 249 251 253 257 259 262 268 272 275 279 283 285 289 291 295 298 302 304 305 312 317 322 325 327 333 336 339 343 345 346 349 353 355 356 360 365 366 371 372 378 379 382 386 390 393 397 399 402 406 410 414 415 418 421 423 426 430 431 432 435 439 441 442 445 447 450 453 457 460 463 465 468 472 477 478 485 488 492 496 497 501 502 506 508 510 512 514 516 519 526 528 531 532 536 540 544 546 547 548 549 551 556 559 560 564 566 569 
98 106 111 122 128 132 135 141 144 148 151 158 161 167 171 172 176 184 197 202 206 207 209 216 218 221 223 225 230 234 235 239 242 245 250 254 257 260 262 265 266 270 273 277 280 286 287 293 297 299 301 306 308 312 313 319 323 326 329 335 338 342 345 346 349 350 355 357 359 364 369 370 372 376 380 382 385 388 393 397 400 401 405 410 414 417 420 423 427 430 433 435 439 440 442 444 448 450 452 455 456 457 460 461 467 468 469 474 481 485 486 491 493 497 498 505 509 512 514 518 522 526 529 531 533 536 537 539 540 544 546 547 549 553 555 557 561 563 565 566 569 572 
101 108 113 124 131 136 139 143 145 151 155 159 165 169 174 175 178 186 201 204 209 210 214 219 223 224 227 229 232 235 237 242 243 246 251 256 258 264 265 266 268 274 277 278 282 289 291 296 300 303 305 310 313 315 317 322 325 328 332 337 340 345 349 352 356 358 360 364 368 370 372 376 380 381 385 388 391 393 394 401 404 408 412 413 416 420 422 425 429 431 436 439 443 447 451 453 455 456 460 463 467 470 474 475 478 482 484 486 488 491 493 496 499 500 504 506 513 517 521 525 528 529 533 537 541 544 547 551 555 558 561 564 566 569 572 575 579 582 586 589 592 594 
105 112 116 125 132 140 143 144 148 154 158 163 169 171 175 177 179 187 203 206 210 213 216 220 227 229 230 232 233 238 240 245 247 251 254 260 263 267 271 274 277 279 282 283 284 293 295 297 304 308 312 313 314 316 318 324 328 329 336 340 342 348 353 356 357 362 364 367 372 376 377 378 382 384 387 390 393 395 398 404 405 412 416 420 422 426 428 430 431 435 438 440 446 451 454 455 458 462 465 468 470 473 476 479 481 484 486 489 491 493 494 499 502 503 505 508 516 520 522 529 533 537 540 544 545 546 551 552 559 561 564 568 570 572 575 579 582 586 588 593 597 598 
109 113 118 126 136 141 147 149 152 158 159 165 171 172 177 178 181 188 207 208 214 218 221 223 228 230 232 234 236 240 243 249 252 256 258 261 266 268 273 277 280 284 286 287 291 295 298 299 308 309 315 316 317 319 320 325 332 334 340 342 343 352 354 358 360 366 370 373 376 379 383 387 390 392 394 398 402 404 407 411 415 419 420 423 425 429 431 432 433 438 439 441 450 454 457 460 464 468 472 474 478 480 481 482 485 486 488 491 492 494 498 503 505 509 513 514 519 524 525 532 536 538 542 548 550 554 555 556 562 565 569 570 571 573 579 583 584 587 592 596 599 601 
113 115 121 128 138 145 151 154 155 162 164 169 173 176 181 184 187 191 210 214 218 219 225 226 229 231 234 238 240 243 245 250 256 260 263 267 270 272 274 278 284 285 287 291 294 296 301 302 312 313 316 319 322 323 324 328 334 337 342 346 348 354 357 360 363 369 374 378 382 385 386 390 392 396 397 402 404 405 408 415 416 423 425 427 429 430 433 435 439 442 445 447 453 455 458 461 468 470 475 478 482 485 487 490 492 494 497 500 504 505 508 512 516 519 521 525 528 530 531 536 538 539 545 551 552 556 559 562 565 566 572 576 578 579 582 587 588 590 593 598 600 605 
115 118 124 132 139 149 155 159 160 163 167 173 177 179 184 186 189 193 214 217 221 225 228 232 233 236 238 240 241 245 246 252 258 262 267 268 271 276 279 280 285 288 291 294 296 300 302 306 315 318 319 322 326 328 331 333 338 342 345 347 352 357 361 362 364 370 377 381 383 386 388 394 396 399 400 403 408 411 414 419 421 424 428 432 433 437 439 442 446 449 450 451 456 458 462 463 471 472 476 479 483 486 491 495 496 498 502 504 505 507 510 516 518 521 525 526 531 535 537 541 544 546 548 554 557 560 564 565 567 568 575 578 582 583 586 590 592 596 599 603 607 610 
119 123 128 136 141 153 157 161 163 165 168 175 178 182 185 188 193 194 217 220 225 229 232 233 236 238 240 243 244 246 248 255 262 264 270 271 274 280 284 286 287 292 293 297 300 304 308 311 319 323 326 328 330 332 335 338 342 343 347 349 353 360 362 366 370 371 378 385 389 390 392 398 402 404 405 406 412 416 419 423 426 428 430 434 438 440 442 445 447 451 452 453 459 461 463 465 475 479 482 483 486 489 495 497 501 504 506 510 514 515 519 522 526 529 531 535 539 542 546 550 552 555 559 562 564 565 568 569 571 574 579 583 587 589 592 595 596 597 603 605 610 612 
123 124 131 137 144 156 158 164 166 169 173 177 180 186 188 191 194 197 219 224 227 231 234 236 239 241 242 246 248 251 252 257 265 269 274 278 282 286 287 291 295 298 301 304 308 309 313 317 320 327 330 332 335 336 337 339 344 346 348 351 357 364 367 369 374 377 380 387 392 395 397 402 406 408 412 415 418 421 422 426 427 431 435 439 442 445 448 449 453 456 457 459 462 464 466 468 478 482 486 489 491 492 497 498 503 506 507 512 518 521 525 527 528 531 533 539 541 546 549 552 553 558 562 564 566 568 572 576 579 581 583 584 590 594 598 599 600 602 607 609 612 616 
125 127 133 141 145 159 162 168 172 175 177 178 184 189 191 195 197 200 222 227 231 234 237 241 245 249 252 253 257 261 262 263 268 272 275 281 284 290 292 296 297 300 302 308 309 313 315 320 321 330 333 336 339 340 343 345 349 351 353 354 359 365 370 374 377 378 383 390 396 399 401 403 410 413 416 417 421 424 426 430 434 438 442 446 448 451 454 457 458 460 464 467 471 472 473 474 479 485 488 492 493 496 500 504 506 510 511 515 519 523 529 533 537 541 545 548 551 552 556 560 564 566 569 571 572 573 576 577 581 582 584 588 594 596 602 605 608 612 613 617 621 623 
129 131 135 142 146 160 166 172 175 177 178 179 186 191 195 196 201 204 226 228 235 236 238 242 246 252 253 255 258 264 268 271 273 276 278 284 286 294 297 301 302 304 307 309 311 317 321 324 327 332 337 341 342 344 347 351 354 358 361 363 364 367 371 378 379 380 385 394 397 403 404 408 411 417 419 420 424 426 428 434 436 440 443 447 451 454 457 461 464 465 469 473 474 476 477 480 482 487 489 494 497 499 501 507 510 511 514 516 522 527 533 534 540 545 548 551 555 557 559 563 568 571 575 578 582 586 590 591 593 597 600 604 608 611 614 618 619 620 621 624 628 629 
130 134 138 143 149 162 167 173 179 183 184 185 189 194 197 201 204 206 230 234 237 241 242 245 250 254 255 258 260 267 272 274 277 281 284 287 290 296 301 303 304 307 310 313 316 320 324 327 329 334 339 345 346 348 350 352 355 361 363 364 366 368 374 382 383 385 386 397 401 406 408 410 412 421 423 425 428 432 434 437 439 443 444 451 454 458 461 465 466 467 471 475 476 479 480 484 486 488 490 495 500 501 504 508 513 517 521 524 525 530 535 538 543 548 549 553 556 559 560 566 570 574 576 582 586 590 593 597 598 602 603 605 612 615 618 622 623 624 628 629 631 635 
131 138 141 144 150 164 169 176 182 184 187 190 193 195 198 203 206 210 234 238 240 243 246 248 252 255 256 261 263 268 274 275 281 285 288 292 295 299 305 308 311 315 318 319 323 325 326 330 331 335 343 349 350 352 355 357 358 365 368 371 375 376 378 386 390 393 395 400 405 407 410 413 414 425 429 430 434 438 439 442 446 447 451 455 459 461 462 466 469 470 473 479 482 486 489 493 495 496 500 504 508 511 514 517 520 522 525 527 531 534 536 539 544 550 553 554 559 563 565 568 573 577 580 583 589 591 595 601 603 605 609 611 614 619 622 626 629 632 634 636 640 644 
134 140 143 145 154 166 170 180 184 186 189 192 196 200 202 207 208 212 238 242 245 247 250 252 253 256 258 263 265 269 276 278 284 286 290 293 299 303 306 310 314 318 322 326 330 332 335 337 338 342 347 352 356 357 360 362 364 369 370 374 377 378 382 389 393 396 399 403 408 410 411 415 419 429 430 432 435 440 442 443 448 451 455 456 462 465 466 467 470 471 475 482 485 488 490 494 498 501 503 505 510 514 518 519 521 524 526 531 532 538 541 543 548 553 557 560 562 565 569 571 577 581 582 584 593 595 599 602 604 609 613 617 618 623 627 631 635 637 639 641 644 648 
137 142 146 147 157 168 174 182 186 187 191 196 197 204 207 210 211 213 239 246 248 250 254 257 260 261 263 265 267 271 277 280 286 290 292 297 303 305 307 312 316 322 325 328 333 336 340 341 343 346 350 356 360 364 366 367 370 374 376 380 383 385 389 392 397 400 401 405 410 414 415 418 422 432 433 437 438 444 446 448 450 455 459 463 467 468 469 471 473 474 477 484 487 490 494 497 502 505 508 512 513 517 520 522 526 527 529 532 536 540 543 545 549 557 560 562 565 566 572 575 579 585 588 592 595 597 603 605 608 611 617 620 624 626 628 634 638 640 644 647 648 649 
140 144 150 152 158 172 177 186 188 189 195 199 201 205 208 213 216 220 241 249 251 254 258 262 264 268 272 275 279 282 285 286 290 293 296 299 307 309 312 315 319 325 326 332 334 337 344 346 347 351 352 359 363 366 369 370 373 378 381 384 386 389 390 395 400 402 406 409 414 418 422 426 428 434 435 438 441 445 450 451 453 459 462 464 469 473 476 478 479 482 486 487 489 493 498 501 506 509 512 516 517 521 522 524 530 532 535 539 541 543 546 547 552 558 563 566 567 571 575 579 581 588 589 594 596 598 607 608 610 614 621 622 627 628 629 636 642 645 646 649 652 656 
143 148 152 156 162 173 180 190 192 196 198 200 203 208 210 214 217 223 243 253 254 257 259 265 269 273 277 278 281 285 288 292 295 296 297 302 308 311 316 319 322 327 329 333 336 338 348 349 352 354 358 360 366 369 372 375 379 383 385 388 392 395 398 400 404 407 411 412 416 422 425 430 433 435 436 439 442 446 452 455 459 461 465 467 471 474 479 480 481 484 490 493 496 498 499 503 507 513 514 518 521 522 526 530 534 535 538 541 544 546 548 549 554 560 565 567 571 574 579 580 583 591 594 595 600 601 609 611 612 617 623 626 630 633 634 638 643 649 650 651 656 658 
146 149 154 157 164 174 182 194 196 198 202 203 206 212 214 216 219 224 245 257 258 260 264 267 273 276 279 280 282 286 292 293 298 301 302 304 311 315 319 321 326 329 330 337 339 342 350 353 357 358 360 361 367 373 374 376 381 387 390 392 394 396 402 405 409 411 413 417 420 425 427 431 435 437 439 442 445 447 453 458 460 462 469 473 475 477 483 487 490 493 494 495 499 503 504 505 508 515 519 521 524 525 529 532 535 537 542 543 546 549 552 555 557 563 569 571 574 575 583 586 590 594 597 601 605 606 610 614 615 620 627 630 631 637 640 643 645 650 653 656 657 659 
148 151 156 158 167 176 185 198 200 203 205 208 210 213 216 219 222 225 249 259 262 266 267 269 274 278 280 284 285 290 294 297 302 306 307 308 315 318 322 324 327 332 334 340 343 344 351 356 360 362 365 368 372 376 379 381 382 389 394 396 399 402 405 409 412 413 416 420 424 426 428 434 437 440 442 445 446 448 457 459 462 466 471 476 478 481 486 491 493 494 498 499 500 504 507 509 510 517 520 522 528 532 533 534 538 540 546 548 549 552 556 559 562 566 571 573 577 579 587 589 591 598 599 604 609 613 615 619 622 623 630 634 637 639 643 646 648 654 657 658 662 666 
152 154 158 162 170 180 187 201 203 207 208 211 212 216 217 223 225 227 250 260 266 269 271 272 278 279 283 288 290 294 297 300 303 307 310 311 318 320 325 326 329 336 338 341 345 349 355 358 361 366 368 369 373 379 381 385 386 392 396 397 402 406 407 413 415 416 417 421 425 429 432 437 439 443 446 449 451 453 460 462 463 470 474 477 481 483 489 495 497 500 504 508 511 514 517 520 524 525 528 529 530 533 535 539 541 545 548 551 554 556 559 560 564 567 573 577 578 580 589 592 596 600 604 607 612 616 617 621 626 630 632 636 639 641 644 649 651 658 662 665 666 667 
153 157 161 165 171 182 191 203 204 211 215 219 221 225 228 229 230 234 253 262 269 271 272 274 281 284 286 290 293 298 299 303 307 310 313 317 321 324 327 329 332 338 340 343 346 353 357 362 366 370 373 376 378 380 383 387 391 394 398 401 403 409 410 415 418 420 422 424 429 431 436 441 444 448 449 450 452 455 462 466 469 471 475 478 484 487 491 497 498 502 506 512 515 519 523 526 529 533 534 536 538 539 542 543 544 549 550 554 557 560 563 566 567 568 577 578 581 584 590 595 597 603 605 611 616 620 623 624 630 631 636 639 643 646 648 650 655 661 663 667 670 674 
157 160 163 167 172 186 195 204 207 212 219 221 223 229 231 235 237 239 255 264 273 275 277 278 285 288 292 296 299 300 304 306 310 312 314 318 322 326 328 332 336 342 344 348 350 354 361 365 368 373 377 380 383 385 387 391 395 399 403 407 409 411 412 417 419 421 423 426 432 433 437 443 445 450 454 458 459 461 465 470 472 473 479 483 485 490 493 498 499 503 508 514 519 520 526 528 530 537 541 544 545 547 548 552 555 557 559 560 563 567 570 573 574 577 581 582 585 587 591 599 600 607 609 615 620 621 626 630 632 634 640 644 645 648 651 652 659 663 665 671 672 676 
159 164 165 170 175 190 197 208 212 216 221 225 229 230 233 238 241 245 258 265 277 278 281 282 288 290 294 300 303 306 307 310 314 317 321 325 329 330 333 336 337 346 349 350 352 358 365 368 369 376 381 385 386 389 393 394 397 402 405 409 411 413 416 418 423 427 431 432 436 437 440 445 448 452 455 462 464 465 466 471 473 475 481 485 486 491 495 501 502 506 511 517 521 524 529 531 533 538 544 547 551 553 556 559 560 561 565 568 570 572 573 575 578 582 583 586 589 591 592 602 605 609 611 618 622 623 629 633 636 640 643 646 650 654 656 659 662 667 671 675 677 681 
160 166 169 173 176 193 201 210 216 217 224 228 232 235 239 241 243 247 261 268 279 280 284 288 289 293 297 304 305 309 312 315 316 321 324 327 332 333 336 339 342 347 351 353 355 360 366 369 372 377 382 386 387 391 397 398 401 404 409 411 413 416 419 421 424 428 432 434 439 443 446 447 450 455 459 466 467 471 475 478 479 481 484 488 489 495 497 504 507 510 515 520 523 525 531 534 537 542 547 549 554 555 557 560 563 564 567 569 571 575 578 580 582 586 588 591 595 598 599 605 608 610 613 621 623 625 632 636 639 642 646 649 651 658 661 664 668 671 673 676 678 682 
164 167 170 174 178 197 203 214 217 219 225 232 236 239 242 246 249 251 262 269 283 285 288 289 292 296 301 308 310 314 316 317 320 325 329 333 335 338 340 343 347 349 354 357 358 362 367 373 377 378 386 389 391 395 398 400 403 406 413 417 420 424 427 428 432 433 435 438 440 444 448 449 453 458 462 470 471 472 476 481 483 486 490 493 495 496 499 505 509 511 518 524 526 530 533 536 540 546 548 550 555 558 559 562 565 567 571 575 576 578 579 584 585 590 593 597 600 603 607 609 611 615 616 623 625 628 634 638 643 645 649 653 657 662 663 665 671 675 679 680 681 686 
165 171 174 176 180 200 206 218 219 221 228 234 239 242 245 248 252 254 265 270 286 290 294 295 297 299 304 309 311 315 317 321 325 328 331 334 337 342 346 349 350 352 358 361 363 365 369 374 380 383 388 390 393 396 399 402 404 408 414 420 423 425 431 434 437 441 445 449 451 453 456 458 461 462 466 473 476 478 479 484 488 490 492 495 498 500 503 508 513 516 519 526 530 532 537 540 544 549 551 554 558 559 560 565 567 570 574 577 581 582 583 585 588 591 595 599 604 605 609 612 614 616 619 624 627 630 637 639 646 648 653 657 661 664 666 668 675 679 680 684 687 689 
169 175 178 179 182 204 210 221 222 226 232 237 243 246 250 254 258 262 269 272 289 294 296 297 298 303 306 312 315 316 320 322 326 332 334 337 341 343 347 353 356 359 363 364 365 369 371 378 382 387 392 395 398 401 402 406 409 413 417 424 427 431 434 436 439 443 446 450 455 459 460 462 464 468 469 476 478 480 484 487 489 491 493 497 500 502 505 511 516 519 520 528 532 535 540 543 546 551 554 557 559 562 565 566 569 572 575 580 583 587 591 594 597 599 601 604 606 609 613 617 618 621 622 627 628 634 640 641 648 651 657 659 662 668 672 676 679 682 685 689 691 694 
172 176 180 184 185 208 214 222 226 228 234 238 247 250 252 256 259 264 271 273 290 295 300 303 307 309 312 315 316 318 323 327 328 335 339 342 345 349 352 357 360 364 365 367 368 372 376 382 386 390 395 398 400 404 408 410 414 416 418 426 430 433 437 438 443 444 449 452 459 463 465 467 470 471 474 480 484 485 489 492 496 498 499 503 506 509 511 512 518 520 524 530 536 537 544 545 547 553 555 558 561 566 567 568 573 575 578 584 586 588 592 595 601 602 604 606 610 613 615 619 621 625 629 633 636 638 644 648 650 655 660 664 668 670 674 679 681 683 689 693 697 701 
175 177 184 186 190 211 217 223 228 230 236 239 249 254 257 260 263 266 273 277 292 298 301 305 308 310 315 318 319 320 325 328 330 337 343 344 347 350 355 359 364 366 370 372 373 376 379 386 390 394 396 400 403 408 411 415 418 421 422 427 434 435 441 442 444 446 450 456 463 467 470 474 476 477 480 484 488 491 494 495 499 503 506 509 512 513 517 518 521 523 528 531 538 541 546 548 552 554 556 561 562 569 570 573 577 579 581 587 588 592 596 598 604 608 610 612 614 615 618 620 625 628 630 637 641 642 646 649 654 656 661 665 670 674 677 681 683 684 691 695 700 703 
179 183 185 188 192 214 220 225 230 232 240 244 250 258 259 264 267 270 274 279 293 301 302 309 311 315 316 322 326 330 334 335 337 338 346 347 350 353 359 360 365 368 372 375 377 378 380 390 391 395 397 403 404 412 416 419 421 422 425 431 438 442 445 447 451 452 453 457 467 468 471 475 477 478 483 487 489 495 497 500 504 507 510 513 517 518 519 520 523 525 530 533 542 546 550 551 556 560 562 564 568 570 571 577 578 581 585 589 590 596 598 600 607 609 612 616 619 621 624 627 631 635 639 641 643 646 649 650 658 662 665 666 672 677 681 682 685 687 693 697 701 706 
183 184 189 190 193 215 224 227 234 236 242 248 252 262 266 267 269 274 276 280 296 304 306 312 315 319 320 324 330 331 338 341 345 349 352 355 359 363 367 369 371 373 376 380 382 385 386 394 395 398 402 405 409 413 419 420 423 426 429 435 442 446 449 452 453 454 458 460 468 472 473 478 480 481 487 491 495 496 498 502 506 511 515 518 521 523 524 527 530 532 533 536 543 548 551 553 558 564 568 570 572 576 580 581 582 584 588 591 592 600 602 603 610 611 615 620 624 626 628 629 633 636 641 643 647 648 651 655 661 666 667 668 675 679 682 683 688 692 695 698 702 710 
185 189 193 197 198 218 228 231 236 237 246 252 255 265 267 269 273 277 278 281 300 308 310 314 319 322 326 327 331 335 339 345 347 350 356 358 361 366 368 373 377 378 381 383 385 389 392 397 399 400 406 407 412 416 421 422 424 428 433 438 445 447 453 456 459 463 467 469 472 473 475 481 482 486 491 494 497 500 503 504 507 515 516 520 525 528 531 532 533 534 537 541 547 549 553 555 559 567 570 571 576 580 583 586 587 588 589 594 598 601 605 607 611 614 618 623 627 629 633 636 640 641 645 649 651 655 657 661 662 670 671 673 679 681 683 684 690 696 698 700 704 712 
188 191 196 201 204 219 232 233 238 241 247 253 259 267 270 272 276 278 281 282 303 310 312 316 321 325 330 331 335 339 343 347 350 352 359 363 366 370 374 376 378 379 383 384 387 393 395 399 400 404 408 411 416 417 424 428 430 433 435 441 448 451 455 460 462 466 469 470 475 476 479 482 485 489 493 498 501 505 508 510 514 519 521 524 529 532 536 539 543 546 549 550 554 557 559 563 567 569 572 575 580 581 585 589 593 595 597 601 605 608 612 615 618 620 623 627 630 631 634 639 644 647 648 651 653 659 661 665 668 671 672 676 680 683 687 688 693 699 703 705 706 714 
190 194 197 205 209 222 233 234 240 242 251 257 263 270 272 274 278 280 284 285 304 311 314 318 325 327 333 336 337 342 347 350 352 354 362 367 368 373 375 377 380 381 384 385 390 396 398 400 404 405 412 415 420 424 426 432 436 438 440 443 449 454 457 464 466 470 473 477 481 482 486 490 493 494 496 502 503 507 512 516 520 524 525 527 532 535 540 543 544 549 553 556 557 561 564 565 570 573 574 579 584 587 589 591 594 597 598 603 607 612 615 619 621 625 626 631 635 638 642 644 648 650 652 653 656 660 664 669 671 672 675 680 684 687 691 693 696 703 704 708 712 718 
191 195 199 207 213 224 237 241 244 246 254 258 266 272 273 276 280 283 285 287 307 312 315 320 326 329 337 339 340 346 348 351 354 356 365 368 370 377 380 381 384 387 391 394 395 397 402 404 406 409 413 419 421 427 430 436 437 439 444 448 453 455 461 467 470 472 475 478 484 486 487 494 496 497 500 506 508 511 514 519 521 527 528 530 535 536 544 548 549 553 557 560 563 566 568 570 573 574 578 583 588 591 592 593 595 601 605 607 608 615 619 620 622 626 630 633 638 641 643 647 650 653 656 657 659 662 665 670 674 675 679 683 686 690 693 695 700 707 710 712 716 719 
195 196 202 209 216 227 240 243 245 248 255 260 269 274 277 281 284 287 290 292 311 314 317 322 329 331 341 344 345 347 349 353 358 361 367 371 373 379 384 387 391 395 396 397 399 401 404 405 408 413 414 423 426 430 431 439 442 446 449 450 454 459 463 471 472 474 476 481 488 492 494 496 498 501 502 509 513 514 517 521 522 529 530 534 536 539 548 549 550 556 561 564 566 569 570 573 576 578 582 584 592 594 595 598 602 605 606 610 611 616 622 625 628 629 634 635 639 642 647 648 654 658 660 664 668 671 675 679 683 687 690 691 692 694 698 700 702 709 714 716 717 720 
199 203 206 210 220 230 244 247 250 253 256 263 273 277 280 282 287 290 291 293 315 319 321 326 331 332 343 347 351 353 356 359 363 365 370 372 376 380 388 390 394 398 399 403 405 406 407 408 409 414 417 425 427 433 434 441 443 448 450 451 456 462 464 475 479 481 484 487 489 495 496 499 500 503 505 511 515 517 521 523 524 533 534 537 538 543 550 552 555 559 563 567 568 571 575 579 582 585 589 590 595 598 602 603 606 608 611 613 617 621 623 626 630 632 635 639 640 646 649 652 655 661 664 668 669 672 676 683 685 689 692 693 694 698 702 705 706 712 718 719 723 726 
200 205 207 213 221 233 248 252 256 259 262 267 275 280 283 285 291 292 294 298 319 323 327 331 334 336 344 348 355 357 359 362 365 366 372 376 378 382 390 391 397 401 402 406 407 411 415 417 418 420 422 426 431 434 437 442 447 451 454 456 460 466 467 476 480 485 489 490 494 499 500 503 507 511 512 514 519 520 523 525 528 535 539 543 544 545 552 553 557 560 565 570 571 575 576 582 586 590 591 595 596 602 606 607 610 611 615 619 621 622 626 628 631 633 636 641 643 649 653 654 658 662 668 672 673 675 678 686 690 694 696 698 699 703 706 709 710 713 719 722 724 727 
204 206 210 216 222 237 252 253 257 263 264 271 279 282 286 290 295 297 301 303 323 324 330 333 336 339 348 349 359 361 365 366 370 373 377 379 382 384 393 394 398 405 409 412 416 417 418 419 421 425 428 430 434 436 438 443 448 452 457 458 464 467 470 480 481 489 492 496 500 501 502 507 511 513 515 517 520 521 525 528 532 539 542 546 549 551 553 556 560 561 568 572 573 578 582 586 589 594 596 597 600 606 608 612 616 618 621 624 628 631 632 635 637 640 642 644 646 652 655 658 659 666 671 673 676 678 682 687 692 698 702 704 705 706 710 712 714 716 722 723 727 728 
208 209 214 217 223 241 256 260 264 265 269 274 281 285 287 292 298 302 303 307 327 331 332 337 341 343 351 352 361 362 367 371 373 374 380 384 386 389 396 400 403 408 410 416 419 420 422 424 428 432 435 436 440 441 444 445 450 455 459 461 466 470 472 484 487 492 495 500 503 505 506 510 515 516 517 521 524 527 531 535 536 540 546 547 550 554 556 559 562 565 572 573 574 580 584 590 592 595 597 599 602 608 609 616 618 621 623 626 632 633 634 636 639 643 646 647 649 656 658 662 663 667 672 674 677 680 685 691 693 702 705 706 709 713 714 716 719 723 724 728 730 733 
211 214 218 222 227 244 259 263 266 267 270 275 283 287 289 294 299 306 309 313 328 332 335 339 344 346 352 354 362 366 368 375 377 379 383 387 388 392 397 403 404 409 414 417 421 422 426 430 434 435 438 440 441 442 447 449 453 459 461 462 468 474 478 488 491 493 498 502 505 507 510 511 518 520 523 527 531 535 537 541 542 546 550 552 555 558 561 563 564 568 573 577 581 585 588 592 593 597 600 602 604 609 611 620 624 626 627 631 634 636 640 641 644 645 647 648 651 659 661 665 666 670 676 679 681 685 688 693 695 704 709 711 713 715 718 721 725 728 731 733 735 737 
212 216 220 226 231 248 263 266 269 273 277 278 286 291 294 298 302 309 313 317 329 334 336 340 348 351 354 355 363 367 369 377 380 381 384 388 390 395 399 407 410 414 418 420 425 429 433 437 439 443 447 449 452 453 456 458 461 462 465 467 470 478 480 491 495 499 503 506 508 509 512 515 522 523 524 529 535 539 543 546 547 549 552 555 556 562 563 567 568 569 574 578 584 589 592 596 598 601 602 604 606 611 613 621 626 630 634 638 642 644 647 650 651 653 655 657 658 660 662 667 668 674 680 681 682 686 692 694 699 708 713 715 719 721 723 726 730 734 738 739 740 741 
215 218 221 227 232 249 267 269 273 274 280 284 287 295 297 299 304 311 315 319 333 337 338 342 350 352 355 358 367 371 375 379 384 386 388 389 393 397 400 408 411 417 422 425 427 432 436 439 441 444 449 453 454 455 459 462 466 469 471 475 476 479 484 493 498 502 504 510 514 516 520 522 525 529 531 535 536 540 546 550 552 554 556 559 563 567 568 569 572 573 575 579 585 592 595 600 604 605 607 611 612 613 615 623 627 634 638 640 646 649 650 652 654 657 659 663 667 669 670 673 674 675 683 686 690 692 693 695 701 710 716 717 720 722 726 728 731 738 739 741 743 745 
219 222 226 228 235 251 269 273 274 278 284 287 290 297 298 301 305 312 316 321 336 338 339 345 353 356 358 360 371 375 376 380 388 392 396 398 401 402 406 412 413 421 426 430 432 435 438 443 446 449 451 455 459 462 465 468 472 473 477 480 484 487 489 496 501 505 508 513 515 520 523 525 528 531 534 537 539 544 549 551 554 557 561 562 566 568 571 574 575 578 579 580 587 594 596 604 607 608 612 614 616 620 622 625 628 637 641 645 647 653 654 657 661 663 665 667 670 671 675 677 681 682 685 690 693 696 698 699 704 714 719 720 723 726 730 731 732 740 743 747 751 752 
221 226 229 230 238 253 272 276 278 280 288 292 294 300 301 305 308 316 317 324 339 340 341 349 354 358 362 364 373 377 380 381 389 394 398 401 404 406 409 416 417 425 430 433 435 438 440 447 451 454 455 459 463 464 469 471 473 477 478 482 486 489 492 499 505 509 512 517 518 524 525 528 531 534 535 540 542 545 551 555 558 561 562 565 568 572 576 579 583 585 589 591 593 597 598 605 611 615 618 621 623 624 625 627 629 641 643 646 649 655 656 661 663 667 671 675 679 680 684 685 688 691 692 693 695 698 699 701 705 715 720 724 727 729 734 738 739 741 745 748 755 756 
223 227 231 234 242 255 275 277 279 281 291 294 297 304 305 307 312 317 319 326 341 345 346 350 356 361 364 365 374 381 384 385 392 395 399 405 408 412 415 418 419 428 432 437 441 445 446 450 455 459 460 463 466 467 472 473 477 479 481 485 489 492 496 500 506 512 516 519 521 525 529 533 537 540 543 547 551 555 556 558 559 565 568 570 572 573 577 580 586 590 591 594 598 601 604 609 615 618 621 624 626 630 634 637 641 643 646 647 652 657 660 662 667 670 672 676 682 684 685 686 691 693 696 697 701 704 705 709 711 717 722 726 728 733 738 740 744 748 751 754 758 762 
224 228 235 239 245 258 276 280 281 285 294 295 301 306 310 311 316 319 322 327 342 347 350 351 360 365 367 368 375 383 386 388 396 397 403 407 412 413 416 422 423 431 434 438 445 446 448 454 459 462 465 468 469 470 474 475 481 482 484 487 490 495 497 504 510 515 518 520 525 526 530 535 538 542 544 548 552 558 561 564 566 568 569 574 576 577 578 582 587 591 595 598 601 603 607 611 618 622 626 629 631 632 635 641 645 647 651 652 653 661 662 663 668 674 676 678 686 688 691 693 697 699 700 701 702 706 710 713 717 718 724 730 733 734 742 744 746 750 754 755 762 763 
228 232 236 242 246 260 278 281 285 286 297 298 305 310 311 313 319 322 325 331 346 349 351 353 361 368 371 373 378 387 389 391 398 401 407 409 415 417 418 426 427 434 435 439 448 449 453 457 460 464 466 471 475 478 480 481 485 487 491 493 495 499 502 506 514 519 523 524 528 532 534 538 540 544 545 550 553 561 563 568 569 570 572 578 582 586 587 591 593 597 600 603 605 608 611 615 620 625 627 633 637 641 642 643 646 651 655 657 658 662 666 670 671 678 679 682 688 691 695 696 701 702 703 706 708 709 713 714 718 722 726 732 737 738 744 747 751 755 756 759 763 764 
229 235 237 244 249 264 281 285 288 292 301 305 308 312 313 315 322 325 328 333 350 353 356 359 365 371 373 374 380 389 390 393 401 403 409 410 419 422 423 427 429 435 436 442 449 451 457 458 462 467 470 472 479 480 482 485 489 490 493 497 501 502 504 508 516 522 527 529 531 536 539 540 541 547 549 552 557 565 567 569 571 572 575 580 584 589 590 593 595 600 601 605 609 610 614 616 622 629 632 634 639 644 648 649 652 653 656 661 662 666 668 674 678 682 683 684 690 694 699 703 704 705 708 709 710 713 717 720 724 725 729 733 741 743 746 751 755 757 761 763 766 770 
233 238 242 248 252 267 285 286 289 295 304 306 311 314 317 319 323 328 329 334 352 357 360 363 366 374 376 379 383 393 395 397 402 404 410 412 422 423 426 428 433 437 441 446 452 455 459 463 465 471 473 477 482 483 487 490 491 492 494 500 503 505 506 509 518 523 530 533 536 540 543 545 546 548 553 554 560 569 573 574 577 578 581 582 585 592 594 595 598 603 607 611 612 615 617 620 623 633 637 641 642 648 650 652 654 655 658 663 667 669 673 675 680 684 688 692 696 699 703 706 709 712 713 717 720 724 728 729 730 733 737 740 745 746 750 752 756 760 763 764 767 774 
235 240 244 249 256 271 288 290 293 298 308 309 312 317 321 322 324 331 332 338 355 358 361 365 368 378 379 382 386 394 399 401 403 405 413 414 423 426 429 433 437 439 443 450 454 458 460 467 470 474 476 478 484 487 490 494 495 499 501 503 505 508 511 512 519 527 532 535 537 541 546 548 552 556 557 560 563 570 576 577 581 584 587 588 591 594 597 599 600 606 610 612 616 620 621 622 624 634 639 644 645 652 654 655 658 661 664 665 669 672 677 678 681 687 690 696 700 702 706 707 712 715 719 720 724 727 730 732 735 737 738 744 747 749 752 756 760 762 767 771 775 778 
237 244 246 251 257 275 290 294 295 302 310 311 315 318 323 327 329 335 339 343 356 361 364 368 371 381 384 388 391 398 403 407 408 411 417 418 426 428 433 434 439 442 447 454 457 459 461 469 474 476 480 481 485 491 492 497 501 504 507 510 511 512 513 515 522 530 533 538 540 544 548 549 556 557 559 561 565 571 577 578 584 586 589 592 596 599 602 606 607 611 615 619 623 624 628 632 633 635 641 647 648 653 658 662 663 666 668 669 672 674 679 683 686 689 694 700 704 706 710 711 713 716 722 724 728 732 734 737 739 741 745 746 749 751 754 760 762 763 769 775 779 782 
239 247 250 253 260 277 294 296 298 304 313 317 321 325 326 331 335 338 343 347 357 362 368 370 373 382 385 392 396 399 407 410 414 416 419 423 428 431 437 438 442 444 448 455 458 461 464 471 476 477 482 484 487 493 496 498 505 509 510 511 515 518 520 524 525 533 536 539 541 547 549 551 558 560 563 567 569 574 579 582 588 591 592 596 597 602 604 608 611 615 616 620 624 627 630 636 637 641 645 648 649 655 662 666 669 671 672 676 679 682 685 687 688 693 695 701 705 707 714 715 716 718 725 726 730 734 736 741 745 749 751 753 757 758 762 765 767 770 773 777 781 785 
243 251 253 256 262 281 295 298 300 305 317 319 323 329 330 333 339 340 344 348 361 364 369 374 375 386 387 395 400 401 411 414 417 421 423 425 429 435 440 443 445 447 450 458 461 464 467 473 479 483 485 487 490 494 497 500 508 511 514 516 517 520 523 527 530 534 537 543 544 550 553 556 559 564 565 569 573 576 583 585 591 592 595 597 600 605 606 612 616 620 621 623 627 629 634 640 643 644 649 652 654 659 664 668 672 673 677 681 685 689 690 692 695 696 697 704 709 712 716 720 723 724 726 728 731 736 737 745 746 752 756 758 759 760 763 768 771 775 778 779 784 788 
246 252 257 259 264 282 296 301 303 308 319 323 324 331 332 336 342 343 345 350 364 368 372 375 377 387 390 398 401 404 412 415 419 422 427 430 431 438 444 446 448 449 453 461 463 465 468 477 480 486 487 488 492 497 500 503 510 514 517 521 522 526 530 534 537 541 542 547 549 552 557 561 564 567 570 571 576 580 587 590 595 596 599 603 605 608 610 615 617 622 624 626 630 632 635 644 646 650 653 654 656 663 667 671 674 676 679 685 689 693 696 697 700 701 705 709 710 714 719 722 724 726 728 731 734 737 740 748 751 754 760 761 763 765 769 771 774 776 781 784 788 789 
249 253 260 263 268 283 297 302 304 309 321 327 331 332 333 340 343 346 348 351 366 371 373 377 379 391 393 400 404 405 416 417 421 424 429 431 435 441 446 448 450 453 455 463 465 468 469 480 483 487 491 495 499 503 505 506 511 517 518 523 527 531 535 538 539 545 549 553 554 557 558 563 568 569 571 573 577 584 589 594 596 600 601 606 610 611 612 619 623 624 627 629 631 633 636 645 648 651 655 658 661 664 669 673 677 681 685 686 691 696 700 703 707 710 714 716 718 721 723 727 728 730 731 732 736 741 745 752 753 755 762 765 766 767 772 776 778 781 782 785 790 792 
253 256 262 267 271 285 298 303 306 311 325 328 333 334 338 342 347 349 351 354 367 375 377 379 382 392 396 401 408 411 419 420 422 428 430 435 436 445 450 452 456 459 462 464 469 472 474 483 487 489 493 497 503 507 509 512 516 520 524 528 529 535 536 539 541 546 553 555 556 560 562 564 569 571 572 575 578 588 592 596 598 604 607 611 613 614 615 621 624 625 629 630 634 638 640 647 652 653 659 663 665 667 671 677 679 685 689 692 694 700 704 708 712 716 717 721 722 724 725 728 731 735 736 738 742 746 748 756 758 762 763 766 768 769 774 777 780 783 786 790 792 796 
254 259 264 270 275 289 302 306 307 315 326 331 337 338 340 344 350 351 352 357 368 376 380 383 384 395 397 403 412 416 423 427 430 433 436 439 442 447 451 454 458 462 465 468 471 476 478 484 490 491 495 500 506 511 512 515 517 524 526 529 532 536 540 543 547 550 556 559 561 562 565 566 572 575 579 583 585 592 596 599 600 605 611 614 618 620 623 626 627 629 631 632 637 639 643 651 655 658 661 665 669 673 674 678 681 688 693 696 699 702 706 711 716 718 719 725 728 731 733 736 739 743 747 750 754 757 759 761 763 764 765 768 770 771 775 779 784 785 787 792 796 800 
255 263 265 273 279 292 303 307 309 316 330 335 338 342 346 348 351 355 357 361 369 377 383 387 389 397 398 406 413 420 424 428 434 435 440 441 444 451 455 456 462 463 469 473 477 479 482 488 493 497 501 505 507 515 516 520 523 526 530 531 536 538 543 547 551 555 559 562 563 565 567 570 574 577 580 586 588 594 598 603 606 610 612 618 619 624 628 631 634 635 637 639 643 644 648 655 659 662 665 666 673 675 679 683 687 692 694 700 701 705 708 715 719 720 721 729 730 733 734 739 741 747 751 752 757 761 762 763 764 768 770 774 776 777 781 784 788 791 795 799 800 803 
259 265 269 276 281 296 305 309 313 320 332 336 339 345 349 352 353 356 361 364 372 378 384 389 392 400 402 408 416 424 427 432 436 437 441 445 448 453 458 461 465 469 473 475 480 484 486 489 494 501 503 509 513 518 520 522 525 527 531 534 538 542 544 551 552 559 563 565 566 569 572 575 578 581 585 588 591 596 602 604 607 612 614 621 624 626 631 633 637 638 639 643 645 647 652 658 663 667 669 673 675 678 680 685 689 695 699 701 704 707 712 717 721 725 727 732 734 735 739 743 747 750 754 758 759 765 766 770 771 773 776 779 780 783 787 791 795 796 798 800 803 807 
260 266 271 277 283 300 309 313 317 323 335 338 341 349 351 353 357 358 363 368 375 379 386 390 396 403 404 412 420 425 428 434 439 442 445 448 452 455 460 462 467 472 474 479 483 485 488 492 497 503 507 513 516 522 524 525 528 530 533 536 539 543 546 555 559 561 564 567 571 572 573 579 580 584 589 592 594 597 606 609 611 616 618 624 627 631 634 638 640 644 647 648 651 654 658 661 664 668 670 676 678 681 684 687 691 697 700 703 705 711 716 719 724 729 731 735 739 741 743 746 751 752 757 759 760 769 773 777 779 782 784 787 791 794 797 800 803 805 807 811 815 818 
264 267 275 278 284 304 312 315 320 327 337 340 345 351 354 357 360 362 364 370 377 383 389 394 397 405 408 413 423 428 429 435 443 446 447 452 453 456 464 467 470 474 475 480 487 488 489 495 499 506 508 515 518 525 526 530 532 535 539 542 545 546 547 559 560 562 567 568 575 579 582 586 588 590 591 596 599 601 607 612 613 619 620 628 629 633 636 639 643 648 651 655 657 659 662 664 666 672 673 679 683 684 685 691 694 698 701 704 708 713 720 723 726 731 732 739 742 743 746 748 753 757 758 761 765 770 776 779 782 784 788 789 792 797 801 805 806 808 810 812 819 821 
267 269 276 280 286 306 314 317 321 328 340 342 348 355 359 362 364 366 370 374 378 384 393 395 398 407 409 417 427 429 432 437 444 447 450 453 457 461 466 469 473 477 481 484 489 493 497 498 503 508 511 519 521 529 530 531 535 538 541 545 548 549 551 562 566 569 571 573 577 583 584 590 593 597 600 601 604 606 610 616 619 621 625 631 632 634 637 642 644 651 652 657 661 664 668 669 672 676 677 680 685 688 690 695 698 701 703 707 711 715 724 725 729 734 736 741 745 749 750 751 756 758 760 763 766 774 777 782 783 787 789 792 795 798 804 809 812 814 815 816 823 827 
271 273 277 282 288 307 316 320 322 331 344 345 349 356 363 366 369 370 371 377 379 388 396 399 401 408 411 419 428 430 434 440 448 450 451 456 459 465 470 473 477 481 482 485 490 495 498 500 504 512 513 521 525 533 534 538 541 542 545 547 551 554 556 566 568 573 577 578 579 584 586 594 595 601 602 604 608 612 613 620 621 624 628 635 636 637 639 644 648 654 655 659 662 668 671 674 676 679 680 681 688 689 691 699 701 702 707 710 714 719 725 729 730 736 740 745 749 751 755 757 761 763 765 767 768 776 780 786 790 794 798 800 802 806 808 812 814 817 819 822 826 830 
274 278 279 284 290 308 318 321 323 335 345 346 353 358 364 367 373 377 379 383 384 389 400 402 406 412 416 420 430 431 437 442 451 455 456 457 461 468 474 475 478 484 485 488 491 499 503 504 505 515 519 523 528 535 539 542 544 547 550 552 555 557 559 568 569 577 580 581 585 589 591 597 601 605 608 611 614 617 621 622 623 626 632 639 643 644 648 652 654 655 658 663 664 669 674 676 679 683 685 687 691 694 698 702 703 706 711 713 717 720 728 733 736 740 742 748 751 753 756 761 762 766 770 773 777 778 781 787 794 797 800 804 808 812 814 815 818 822 823 824 827 831 
276 281 282 287 292 310 322 325 329 337 347 348 356 360 365 371 375 378 381 386 388 391 403 406 409 415 417 422 431 432 438 443 454 457 459 461 464 469 478 479 483 488 491 492 496 503 506 507 511 518 521 525 530 538 540 546 547 551 555 558 562 564 567 569 572 581 583 584 587 591 594 601 603 607 611 614 618 621 624 627 628 629 636 642 644 647 650 653 657 660 663 665 666 670 678 682 685 687 690 694 698 702 705 709 712 714 717 721 724 728 730 736 737 742 746 751 754 758 760 765 767 771 772 777 779 781 782 791 797 800 801 806 809 815 819 820 821 826 827 831 833 837 
280 285 289 293 297 312 324 328 332 340 351 355 359 361 368 375 376 379 385 389 393 395 405 408 412 417 420 425 434 436 440 447 458 460 463 464 467 471 479 481 485 492 495 499 503 507 510 511 514 520 524 527 534 539 544 548 552 556 558 560 566 569 572 573 574 582 587 589 593 595 596 602 606 610 614 616 619 625 626 629 632 633 638 646 647 651 652 655 660 661 666 670 671 672 680 686 687 689 693 697 700 704 708 713 714 716 721 724 727 729 733 739 740 743 749 752 757 760 764 768 770 774 777 781 784 785 786 794 800 804 805 808 811 816 820 823 827 831 832 836 839 842 
284 286 291 297 298 314 325 331 333 341 355 356 361 363 370 376 379 381 386 390 397 400 408 411 413 421 424 426 436 439 444 451 462 465 468 472 473 476 483 485 486 494 499 501 505 509 513 516 519 523 525 530 537 541 545 549 556 560 564 566 570 573 577 580 584 586 588 590 594 599 603 605 608 613 618 620 622 626 628 631 635 638 640 648 650 655 657 661 664 667 669 674 678 680 683 688 690 692 695 700 702 707 711 714 717 719 724 725 728 731 736 743 747 748 753 757 760 764 768 770 772 776 781 783 785 786 787 797 802 808 812 815 817 818 823 827 828 834 838 842 846 847 
286 289 294 300 301 315 326 335 337 345 358 360 365 367 373 378 383 384 389 394 398 404 410 414 415 425 429 432 437 440 448 453 463 468 471 473 475 478 485 486 488 495 500 503 506 511 515 518 523 525 529 531 540 542 547 553 558 563 565 569 574 578 582 585 588 592 593 594 598 602 606 610 612 616 620 623 627 629 631 633 637 641 645 650 652 656 661 663 668 672 675 676 679 681 687 690 691 695 698 704 708 712 715 717 721 725 728 731 734 738 739 746 751 752 755 760 762 765 771 775 779 783 784 788 792 794 795 800 806 811 814 819 821 825 828 829 832 838 842 845 847 849 
287 290 296 302 306 318 330 337 341 348 362 363 366 370 377 379 384 387 393 395 402 405 412 415 416 426 433 434 440 444 451 455 464 469 473 476 479 482 487 488 491 498 503 504 507 514 519 522 524 526 533 534 543 544 549 555 561 567 571 575 579 580 586 587 591 594 598 599 601 605 608 614 616 617 623 627 630 631 635 639 642 646 648 652 656 659 662 664 671 676 679 682 684 688 690 694 698 699 703 706 712 714 719 723 726 729 732 733 737 740 741 750 754 758 762 764 768 770 775 776 782 787 789 791 794 797 798 802 808 812 815 823 826 827 832 835 837 841 844 846 850 851 
288 293 299 303 309 322 332 338 343 352 364 365 368 374 379 381 387 389 395 397 406 409 416 418 419 429 436 437 443 445 454 459 468 470 475 478 480 484 491 494 496 499 504 505 509 515 520 523 525 527 536 537 544 548 553 556 565 568 573 577 583 585 587 591 593 598 599 600 605 607 611 618 620 624 628 630 633 636 638 642 643 647 650 653 658 662 663 665 674 678 682 684 687 690 692 698 700 702 704 708 716 717 720 725 728 733 734 738 741 745 749 751 755 762 763 768 771 775 779 780 783 790 793 795 797 798 799 805 811 814 816 825 828 831 834 839 843 845 848 849 854 855 
291 296 301 305 313 323 336 339 344 356 366 367 371 378 381 383 391 393 396 399 409 411 417 422 425 431 440 443 447 449 456 461 472 476 477 482 485 488 493 497 498 503 507 509 511 517 522 525 528 530 538 541 545 552 557 558 567 572 575 578 585 587 588 594 596 602 604 605 609 611 613 619 622 625 629 632 637 638 640 643 646 649 652 655 661 663 667 670 676 681 684 685 691 693 694 700 703 707 709 712 717 721 724 727 730 737 738 739 744 747 751 754 756 766 767 769 773 779 781 785 789 791 794 799 803 805 806 807 813 818 822 828 831 835 836 840 847 851 854 855 857 860 
293 299 305 308 316 327 338 340 347 359 368 370 375 380 385 388 393 394 397 401 410 414 419 423 428 434 443 444 451 455 459 465 473 478 481 486 490 494 495 501 503 506 511 513 516 518 524 528 531 534 541 542 547 556 560 562 570 576 578 582 588 590 594 596 598 603 607 610 614 615 617 622 625 626 631 633 641 642 644 646 650 651 653 657 665 669 671 675 678 682 687 690 695 696 697 704 706 709 711 713 719 722 726 729 733 740 744 746 750 753 757 761 764 767 770 773 776 782 785 786 792 795 798 803 804 807 810 811 814 820 824 829 834 836 840 841 849 852 855 859 862 866 
295 300 309 312 319 328 340 343 348 361 372 373 379 381 388 391 395 398 399 402 413 418 420 424 430 438 445 449 452 457 463 469 474 479 483 490 494 496 500 502 504 508 515 517 521 524 525 529 534 536 545 547 550 557 561 564 573 579 581 583 591 594 595 598 601 606 611 615 617 619 621 626 628 629 634 636 643 644 646 649 653 654 656 658 667 673 674 677 681 684 688 692 699 701 702 706 709 713 714 718 723 727 728 732 735 742 748 750 752 756 760 764 767 768 772 775 777 785 789 793 797 798 799 805 807 809 812 814 817 821 825 831 838 839 844 847 851 855 857 863 866 870 
299 304 313 316 322 331 343 346 351 362 375 377 381 384 389 392 397 400 403 406 417 420 423 426 432 441 449 453 455 460 466 470 478 483 484 492 496 497 504 505 506 509 517 521 522 528 532 536 539 542 548 550 553 558 564 566 574 582 585 589 595 599 603 607 610 614 618 621 625 629 630 634 636 638 639 641 644 648 649 653 656 657 661 665 670 676 678 681 683 687 691 696 702 706 708 711 713 714 717 721 726 730 734 735 736 743 750 754 757 758 762 765 771 774 775 777 781 787 792 796 798 802 804 807 811 814 818 819 822 824 827 835 840 843 846 849 852 859 863 867 870 871 
301 308 314 320 326 332 347 349 355 365 377 381 383 387 391 396 398 403 406 408 421 422 425 430 434 442 452 454 458 461 470 471 481 484 485 496 498 500 508 510 511 514 518 525 526 532 534 540 542 543 549 552 554 562 566 570 578 583 587 592 597 600 607 611 613 618 622 626 627 630 634 635 639 642 644 648 652 656 659 661 664 667 671 672 676 679 680 682 684 690 693 699 706 708 709 712 714 716 720 725 728 732 737 740 741 745 752 758 762 766 768 771 773 777 778 782 784 789 796 800 803 807 808 809 814 816 821 825 829 830 833 839 841 846 849 850 854 861 865 871 874 877 
304 309 317 321 328 336 349 353 358 368 380 385 386 390 395 399 401 406 410 412 425 429 432 433 436 443 455 458 461 462 472 473 482 485 489 500 501 502 512 514 517 518 520 529 532 533 538 541 543 545 552 553 556 563 567 573 582 585 590 595 601 605 609 614 616 622 626 627 630 634 635 637 641 643 645 649 656 660 662 663 667 671 673 675 677 682 686 688 690 692 696 703 708 709 710 716 720 722 726 727 730 734 738 741 745 746 755 760 764 770 772 775 777 778 782 786 788 790 800 803 805 811 814 816 817 819 822 827 830 834 838 841 843 848 851 852 857 862 867 874 878 882 
307 311 318 324 330 340 352 354 359 371 382 386 389 394 397 402 404 410 413 414 428 432 434 436 438 444 459 463 464 465 473 476 483 488 492 504 507 508 513 516 521 524 525 532 533 535 540 543 545 549 556 558 562 566 569 575 583 588 591 596 605 607 613 618 621 624 628 631 633 637 639 642 645 648 652 655 658 663 666 670 671 675 678 679 682 685 687 691 694 696 698 707 711 714 718 722 724 725 730 732 734 738 741 743 748 751 757 763 765 771 774 777 781 785 787 790 794 795 802 806 807 812 818 820 823 825 826 830 833 835 839 842 844 852 855 857 861 863 871 876 880 886 
311 313 320 328 333 343 355 358 360 374 384 387 391 395 398 404 405 413 415 416 432 433 435 438 440 445 462 465 469 472 476 477 486 492 494 507 508 510 514 517 524 527 531 533 536 538 542 546 549 553 559 560 563 570 573 578 586 591 592 598 606 608 615 622 623 625 632 636 637 638 643 644 646 651 654 656 660 664 668 671 672 676 682 686 687 689 690 693 697 700 703 711 713 718 720 723 726 729 733 736 738 740 745 747 752 755 760 765 766 773 777 778 782 788 792 793 798 799 803 810 813 816 821 824 827 828 829 831 836 840 844 845 848 854 857 859 864 865 875 879 884 890 
313 316 322 329 334 345 358 362 363 375 386 388 395 398 402 408 412 416 420 423 435 436 437 439 443 448 465 467 470 473 480 482 490 494 495 511 513 515 519 523 527 529 534 535 539 542 545 548 552 555 563 565 569 574 577 582 590 593 595 600 610 611 618 625 629 632 634 640 642 646 649 652 653 654 656 657 663 665 672 674 676 679 685 689 690 694 698 699 702 705 709 715 717 720 724 728 732 733 737 739 742 746 747 749 755 756 761 767 770 777 778 781 784 791 796 799 801 804 807 812 815 819 824 827 829 833 836 837 840 842 845 848 851 857 860 862 865 866 878 882 888 891 
317 319 326 331 338 348 360 363 366 377 388 390 397 401 404 411 415 418 423 426 438 440 442 443 445 450 466 469 474 476 481 486 494 495 499 515 518 520 521 526 529 532 537 538 540 545 547 552 554 559 564 567 571 575 580 586 593 595 596 601 613 614 622 629 630 634 635 642 644 648 652 654 658 662 663 666 669 672 675 677 679 680 687 690 694 695 700 704 707 710 714 719 720 722 725 730 735 739 740 743 746 750 752 753 757 759 762 771 775 781 784 785 786 795 798 803 806 807 809 814 819 820 827 829 832 837 840 841 844 846 849 850 855 860 861 864 867 868 881 883 892 893 
320 324 330 332 340 349 362 367 371 378 389 394 401 402 406 413 419 422 426 427 440 443 447 450 452 453 468 470 476 479 484 488 495 499 503 518 521 524 527 528 530 534 540 541 543 547 548 554 557 562 565 571 573 577 583 588 596 598 601 602 614 618 625 631 633 636 640 644 646 651 653 657 661 663 667 671 672 676 680 682 686 690 691 693 696 698 703 707 711 715 718 722 726 727 728 731 738 740 743 745 750 752 754 757 759 762 765 774 777 783 785 788 791 798 800 806 810 814 816 820 821 822 831 832 833 841 845 849 853 855 856 857 859 861 862 865 869 872 883 884 893 896 
324 325 333 337 344 352 366 370 372 379 393 397 402 404 407 417 422 423 430 433 443 444 448 453 456 457 469 474 478 482 487 489 496 503 505 521 522 525 529 532 536 537 543 544 546 548 552 556 558 566 569 572 575 580 587 590 598 599 602 603 616 620 628 635 639 641 645 647 649 652 657 660 665 669 671 673 677 681 684 685 689 691 694 695 699 703 704 709 715 716 720 725 727 728 730 735 742 744 748 749 751 755 756 761 762 765 766 776 778 785 787 790 793 800 801 810 811 816 819 824 827 830 835 836 837 845 846 852 854 856 859 860 863 864 866 868 873 874 887 891 896 897 
327 329 335 339 348 354 369 373 377 382 397 399 403 407 408 421 423 425 433 435 444 445 452 456 458 460 470 477 482 484 488 492 499 504 509 523 525 529 530 535 540 543 547 548 551 554 555 560 562 569 572 576 580 582 590 593 602 603 604 607 619 624 631 638 642 644 649 651 654 657 659 664 666 672 675 678 682 686 687 690 693 696 697 699 703 704 705 711 719 720 723 727 728 732 735 737 745 748 750 754 758 760 764 765 769 770 774 777 782 787 791 795 797 803 804 812 816 817 820 827 830 834 837 841 843 849 850 853 858 862 863 864 865 866 867 872 876 880 891 895 900 903 
330 334 338 340 349 357 371 376 378 385 399 403 407 409 411 424 427 428 434 437 445 448 454 460 463 466 473 479 486 490 491 495 502 505 511 524 529 532 535 538 541 547 549 553 557 558 561 563 567 573 574 578 582 583 592 594 603 607 610 613 623 625 634 640 644 646 650 653 658 662 664 666 670 676 678 682 686 687 689 693 695 698 702 706 708 710 714 718 720 721 725 728 731 735 736 740 747 749 751 758 760 763 768 772 773 774 776 781 786 788 794 796 801 804 805 815 818 820 821 828 831 835 841 843 845 850 854 857 859 865 869 873 877 880 882 885 887 889 892 898 904 907 
331 336 342 345 350 360 375 380 381 387 401 405 411 413 414 426 430 434 436 438 447 451 455 462 465 470 476 482 489 491 493 496 505 507 512 527 531 535 536 541 542 549 551 555 561 562 565 567 569 575 577 580 583 584 594 598 604 610 611 617 625 628 635 643 647 648 652 657 661 664 668 671 673 679 681 684 690 691 694 696 698 699 704 710 714 718 720 723 724 725 728 732 736 740 742 743 749 750 754 760 762 765 770 773 774 778 780 783 789 793 795 797 802 805 809 819 821 824 825 832 835 837 845 849 851 853 857 860 861 868 872 874 881 882 883 889 890 894 898 902 908 909 
335 338 343 349 351 364 376 382 384 388 404 409 414 418 422 427 431 437 441 444 448 453 458 465 469 473 477 485 491 492 495 498 507 511 516 530 535 538 542 543 544 551 555 559 565 567 571 574 576 578 581 582 584 585 598 602 606 613 617 619 626 629 637 644 649 653 654 661 665 668 670 673 674 680 684 686 691 695 696 700 703 707 711 712 718 720 724 728 732 736 740 741 745 748 751 755 757 759 761 765 767 769 773 775 779 780 782 787 790 797 798 801 805 807 810 823 827 831 832 834 836 838 846 853 857 860 864 867 868 870 876 877 885 888 890 892 894 895 899 903 909 911 
339 340 345 353 357 367 377 383 387 392 407 412 418 421 424 431 434 440 444 448 449 456 462 466 471 475 480 486 494 495 497 500 510 512 520 533 537 540 544 548 552 555 559 562 569 573 574 577 580 583 584 586 588 591 601 605 610 614 618 623 629 630 641 646 651 657 658 662 668 671 674 677 679 681 686 688 693 696 698 703 707 711 714 716 722 724 728 731 736 737 743 747 749 753 756 759 760 762 765 768 769 773 774 776 782 784 788 792 794 798 799 804 806 809 811 827 831 833 836 840 844 847 850 854 861 864 866 870 874 877 879 881 887 890 894 895 897 901 902 905 910 913 
340 344 347 355 361 370 379 384 388 396 409 415 421 424 427 433 437 443 445 449 450 458 466 469 473 476 484 487 497 501 502 504 513 516 523 535 538 543 547 550 553 556 561 565 572 577 578 579 584 586 588 591 594 595 602 607 613 618 622 627 631 632 645 650 653 660 663 666 669 674 678 679 680 683 687 690 694 699 702 705 708 715 718 719 724 725 729 735 737 739 745 751 755 758 761 763 765 767 769 770 771 774 777 780 785 789 793 796 800 803 805 806 809 812 815 829 835 836 839 841 845 850 853 855 863 868 869 872 878 881 885 888 889 892 895 896 898 904 906 909 913 914 
344 347 351 359 363 372 382 386 390 398 412 417 422 425 428 436 441 447 450 451 452 459 469 470 476 480 486 488 500 505 507 511 514 519 524 537 539 546 551 552 554 560 565 566 574 578 581 583 585 588 589 594 595 596 606 609 614 619 623 628 634 638 646 654 656 661 667 670 671 678 680 681 682 687 688 694 696 703 707 711 713 716 722 725 729 732 736 737 741 743 748 753 759 762 763 767 768 769 770 773 777 781 784 786 787 792 794 797 801 806 807 810 812 814 819 832 838 839 841 845 848 851 856 859 866 872 873 877 882 886 889 893 894 897 899 902 906 909 911 915 917 918 
348 349 352 362 366 375 385 387 391 399 414 418 423 429 432 440 443 451 455 456 458 461 471 474 477 481 488 490 501 507 511 514 515 520 527 539 542 549 552 556 558 561 568 572 577 580 583 584 586 590 591 595 596 598 608 610 617 622 624 631 635 639 650 658 662 664 670 674 675 679 682 685 689 692 695 698 700 707 708 715 717 719 724 727 730 735 740 744 747 751 755 756 761 766 767 771 773 775 777 779 781 784 786 787 788 796 797 801 804 808 809 811 814 816 821 833 840 844 848 850 854 858 859 862 867 876 879 881 885 887 892 897 901 902 903 907 911 913 916 918 921 925 
351 354 356 365 369 377 389 391 395 400 415 421 425 430 433 441 447 452 458 460 461 465 473 476 479 484 489 494 503 508 515 517 521 523 528 540 544 550 554 559 562 564 572 574 581 584 586 587 591 593 597 600 603 604 612 613 619 625 627 634 638 643 651 660 666 670 673 677 679 680 685 688 691 694 698 701 702 711 715 717 718 722 727 730 733 738 742 747 748 752 756 758 763 770 774 776 780 784 785 787 791 793 794 795 798 802 804 808 812 813 814 815 817 821 825 837 844 846 850 853 856 860 862 864 869 879 881 884 889 892 896 898 905 907 908 910 915 919 921 925 926 929 
352 355 360 368 370 378 390 392 397 401 417 423 426 434 435 442 449 456 460 463 466 469 476 479 480 486 491 498 504 509 519 520 525 526 532 544 547 552 556 561 563 566 575 577 582 586 590 593 594 596 598 604 608 609 615 617 622 627 631 637 639 645 652 664 670 674 678 682 685 687 690 694 698 699 701 703 704 713 717 718 722 723 730 731 737 739 745 750 751 755 759 761 767 772 777 779 781 788 790 792 795 798 801 802 803 807 811 814 817 818 821 825 829 832 836 838 848 849 854 856 860 863 865 868 872 882 883 885 892 895 900 901 906 908 909 913 917 923 924 928 931 934 
354 358 364 371 374 380 394 397 400 403 418 426 430 435 437 446 451 458 463 467 468 471 478 481 483 488 493 502 506 512 522 526 530 533 536 547 551 556 558 562 565 570 579 581 584 588 592 597 599 600 604 606 612 615 616 621 626 629 632 640 643 647 654 665 672 676 679 684 688 689 692 697 700 702 706 708 710 717 721 725 727 730 732 736 738 742 749 751 752 756 760 762 768 775 780 781 785 790 791 793 797 801 804 807 809 812 813 815 820 822 823 826 832 834 840 842 851 855 858 859 861 866 869 870 876 885 888 892 895 898 904 908 910 912 914 917 921 924 925 929 933 935 
355 360 367 373 378 381 395 399 402 404 419 429 433 436 440 447 454 461 466 468 469 474 481 485 488 492 497 506 508 515 525 528 532 535 538 548 553 560 564 565 569 572 582 583 586 590 594 601 604 605 607 611 615 617 618 624 630 631 636 641 647 650 658 668 673 679 680 688 689 693 696 699 701 705 708 712 714 721 722 727 729 734 735 738 740 745 752 753 755 759 762 765 772 778 781 782 787 792 793 794 798 805 807 811 815 817 819 823 827 828 830 832 835 837 844 846 852 857 862 865 868 869 873 877 878 886 891 896 898 902 906 909 912 916 918 922 926 927 929 932 935 937 
357 362 371 376 381 385 396 401 406 408 420 431 434 438 441 448 457 462 470 471 473 475 482 486 492 493 499 509 512 518 526 529 536 538 540 549 555 564 567 568 571 574 583 585 589 594 595 604 607 610 611 612 616 619 623 627 633 634 640 644 648 654 662 671 677 682 684 691 695 699 703 704 706 709 712 714 716 725 726 731 732 738 740 744 748 750 754 758 759 760 765 767 775 779 784 787 788 794 797 798 802 808 809 812 819 820 822 826 828 831 835 836 838 842 847 850 856 858 863 868 870 873 876 881 882 887 894 899 903 904 910 913 916 919 920 926 928 929 930 935 937 939 
359 365 375 379 385 387 400 404 409 412 421 433 437 439 444 449 458 465 472 473 476 479 484 489 495 497 503 511 513 521 527 533 540 543 547 552 559 568 570 573 577 578 586 589 592 597 599 605 608 614 618 621 625 627 628 631 636 638 642 645 650 655 666 673 678 686 688 695 698 702 707 708 712 716 719 723 726 728 730 732 736 742 743 745 752 754 756 759 763 764 766 770 779 781 785 788 791 795 801 804 806 812 815 818 822 825 828 831 832 835 839 841 845 848 852 855 857 859 866 872 873 876 877 883 886 891 898 901 904 907 912 917 921 922 924 929 932 933 936 939 942 943 
360 367 378 381 387 388 402 408 410 415 424 437 441 443 447 450 461 466 474 477 478 480 488 492 497 499 507 513 516 525 531 536 542 544 551 556 560 569 574 575 580 583 588 592 593 601 604 607 610 617 619 623 626 628 630 632 637 640 646 650 652 656 670 674 680 690 694 697 699 704 708 711 713 719 720 725 728 731 732 733 740 744 746 750 756 757 758 761 767 771 774 776 782 783 787 792 794 797 804 806 808 816 820 823 826 827 831 835 837 840 842 846 848 852 855 857 858 861 868 873 876 878 880 885 890 895 899 905 906 910 916 919 923 926 928 933 935 938 940 943 944 945 
362 369 379 383 389 392 406 411 413 416 427 441 445 447 450 453 465 467 477 481 484 486 492 495 500 502 508 515 520 526 534 537 546 549 554 560 562 572 575 578 583 587 592 596 599 604 605 610 612 620 622 624 627 632 636 638 642 643 647 651 656 657 672 677 682 693 696 698 701 705 710 713 715 720 722 729 732 735 737 738 742 747 751 754 758 759 762 763 770 772 776 777 783 787 790 793 797 799 806 808 810 820 824 825 830 832 835 838 842 846 849 853 857 861 863 864 866 867 871 875 877 879 883 888 894 897 903 907 909 914 919 922 924 929 933 937 938 940 941 945 947 950 
363 373 380 386 390 394 408 413 416 420 430 445 446 451 452 456 467 468 481 483 487 488 496 498 501 506 510 519 521 530 538 541 548 550 555 564 566 576 578 579 585 590 593 598 601 605 606 611 616 623 624 625 631 636 639 641 646 647 650 655 657 660 675 681 686 695 698 702 704 706 714 717 721 725 727 731 733 738 739 740 744 751 754 758 759 763 765 767 773 775 778 779 786 791 794 796 800 804 809 810 813 824 828 832 835 837 838 839 843 850 854 855 858 865 866 867 868 869 873 879 881 885 886 890 897 900 907 909 913 917 921 925 926 930 937 939 942 946 949 953 957 959 
364 377 383 388 391 395 410 414 420 422 431 448 449 455 457 459 468 470 485 486 489 493 500 504 506 509 513 520 524 534 541 544 551 554 557 566 570 577 579 582 587 593 595 602 606 610 612 615 618 626 628 629 634 638 642 645 650 653 656 660 661 664 676 684 689 696 700 704 705 708 717 721 722 728 729 734 738 741 744 745 747 752 758 762 763 766 769 771 774 778 781 785 790 795 797 799 802 807 813 814 817 827 832 835 837 841 845 849 853 855 857 859 860 869 873 875 876 880 881 885 888 890 894 898 900 901 910 914 918 921 923 927 931 933 938 940 943 947 951 955 959 960 
365 380 387 390 394 398 412 415 421 425 434 450 451 456 459 463 472 473 489 493 494 495 502 506 507 511 514 523 527 537 542 548 553 557 561 569 573 580 581 585 588 597 598 606 607 614 617 620 621 628 631 634 638 639 644 649 651 655 657 661 663 666 680 686 691 700 703 706 710 714 721 724 726 732 734 737 739 745 748 752 755 759 760 764 766 767 772 775 777 781 785 786 793 799 803 804 807 811 816 819 820 831 834 837 840 843 849 850 856 858 861 864 865 870 875 878 882 886 890 891 892 893 898 900 902 903 912 917 921 924 928 931 933 937 941 942 946 948 953 957 960 962 
368 384 391 392 396 401 414 417 422 426 437 453 455 459 463 465 473 477 492 495 496 497 506 508 512 516 519 527 528 538 544 549 556 561 562 570 574 584 588 589 591 598 600 610 614 615 619 621 623 629 632 637 642 646 648 651 652 658 662 663 666 670 683 689 695 702 704 709 711 718 725 726 729 736 739 740 742 748 749 755 757 761 765 767 769 773 775 776 778 785 789 791 795 801 807 808 812 813 817 823 826 835 836 841 842 847 851 852 858 861 864 867 868 871 878 882 885 888 894 896 897 901 902 903 906 907 913 921 925 927 931 932 937 939 942 944 950 953 955 961 965 969 
372 388 393 395 399 404 417 420 425 429 441 456 459 461 464 468 474 481 494 497 501 502 508 509 513 517 520 530 531 539 548 550 559 565 569 573 577 587 592 594 595 602 604 614 615 617 621 622 626 631 633 640 644 647 650 654 656 662 665 668 670 673 687 691 697 703 708 712 714 722 729 733 734 737 743 746 750 752 755 756 759 763 766 770 772 776 777 781 783 789 791 793 796 803 811 813 817 820 823 826 828 837 841 843 847 850 854 857 859 865 866 870 872 874 879 886 890 891 897 900 904 906 909 911 913 915 917 922 929 933 935 939 940 943 947 949 954 955 957 963 969 971 
376 390 397 401 403 408 421 423 426 431 445 458 463 466 467 471 478 484 497 501 504 505 511 514 517 519 524 534 536 540 552 556 560 567 573 576 580 588 593 597 599 606 607 616 620 623 624 626 630 632 635 643 648 651 653 658 659 665 667 671 673 676 688 692 701 704 712 713 715 723 730 737 741 742 744 749 752 753 759 760 762 764 769 772 775 778 779 782 786 792 794 797 799 807 812 817 819 823 827 831 834 841 843 844 848 852 858 860 862 868 869 873 875 877 882 888 892 896 898 904 907 908 913 915 918 922 924 925 932 936 939 941 942 946 951 955 959 962 964 966 970 972 
