5 7 11 15 16 20 22 26 28 30 31 34 35 36 40 43 44 47 51 54 58 60 63 64 66 68 71 74 78 79 82 83 87 89 91 94 95 97 98 100 102 103 106 108 110 113 117 118 119 122 124 127 131 134 137 138 142 144 146 150 151 155 157 159 161 163 165 166 169 172 176 178 180 183 187 191 194 196 197 198 202 206 208 211 214 215 216 220 224 228 231 232 233 234 236 238 239 242 243 247 249 252 254 255 258 261 263 265 268 269 273 275 279 283 287 289 291 292 296 297 299 300 301 305 308 310 312 315 318 320 321 322 
7 9 15 19 22 23 26 29 31 35 37 41 43 46 48 49 50 52 53 58 61 64 68 69 71 73 77 80 84 86 87 88 90 91 92 96 99 100 104 106 108 111 114 115 117 119 122 123 124 128 129 132 133 136 140 141 144 148 151 152 153 159 160 162 163 167 170 172 175 177 181 182 186 189 190 192 196 197 200 202 205 207 209 213 216 220 222 226 228 231 232 236 240 243 246 248 250 251 252 256 259 263 267 269 271 272 273 274 277 279 280 281 284 288 290 292 293 295 300 301 305 307 308 311 315 318 321 323 327 330 331 335 
10 13 17 21 25 29 33 36 39 43 44 46 49 51 53 55 59 61 64 66 70 73 76 78 81 82 83 84 87 89 91 92 96 99 102 105 106 107 111 112 115 116 118 121 122 126 129 130 133 135 139 140 141 142 145 146 148 151 155 157 159 163 167 171 175 176 179 181 183 185 188 189 191 192 193 197 198 202 205 207 209 210 211 214 219 222 226 230 233 234 237 239 242 246 250 253 254 257 260 263 264 266 268 270 272 274 278 281 283 286 290 294 297 300 302 305 309 313 314 317 321 324 326 330 332 333 334 336 339 342 345 346 
14 16 19 25 29 31 37 38 41 47 50 52 56 59 61 62 64 65 66 69 73 75 80 83 85 88 91 93 95 97 99 102 106 107 110 114 115 117 121 125 126 130 131 134 138 140 143 147 148 152 154 157 158 159 162 166 169 173 176 180 183 184 187 190 193 196 199 200 202 203 206 208 209 211 213 217 221 222 225 228 229 232 234 238 242 243 247 248 249 251 255 258 259 262 266 269 272 276 280 281 283 284 288 292 295 298 299 301 304 308 310 313 316 319 321 325 326 330 333 336 338 340 343 345 349 352 353 357 358 361 363 366 
18 22 23 28 30 32 40 42 44 49 53 54 59 60 63 64 66 67 68 71 74 77 81 87 91 94 95 96 100 102 105 106 107 109 112 118 121 125 126 130 133 135 136 140 141 145 147 150 154 158 159 163 165 167 168 170 171 175 177 181 184 186 190 194 195 197 202 203 206 208 209 211 214 218 221 224 226 227 231 233 236 240 242 246 250 253 256 257 260 262 265 268 269 273 275 278 281 282 283 285 289 293 294 295 298 301 303 304 308 309 312 315 317 321 322 329 332 336 337 341 343 345 348 352 355 356 359 362 363 364 365 367 
20 25 27 31 34 36 41 43 47 53 54 55 63 64 65 68 71 74 77 80 81 84 87 89 93 98 102 103 105 107 110 114 116 119 121 123 126 128 131 135 137 138 141 143 146 147 148 154 156 159 161 167 170 171 174 178 180 184 188 190 191 193 194 197 199 203 207 210 212 213 214 215 216 220 225 228 231 233 235 239 242 243 245 247 251 255 257 258 262 266 270 271 272 275 278 281 282 284 287 288 293 294 297 301 303 306 308 309 312 314 316 320 324 328 331 334 337 340 343 346 350 354 358 362 363 366 367 371 372 373 377 380 
23 29 31 34 35 39 45 46 51 55 57 58 67 69 73 74 75 77 81 84 86 90 93 96 97 101 103 104 107 110 111 115 117 120 124 125 130 132 135 138 139 143 147 149 153 155 156 160 163 165 166 171 173 174 178 181 182 188 190 192 195 196 200 201 205 208 211 213 214 215 216 220 224 228 229 230 232 237 238 242 246 250 253 256 259 261 262 264 267 268 271 272 273 279 282 286 289 291 295 298 301 304 306 307 308 309 313 316 320 322 325 327 329 331 332 338 339 343 347 348 353 357 362 365 367 371 374 378 380 381 382 383 
25 33 34 35 37 41 48 49 52 58 62 66 69 70 74 78 81 82 84 88 91 95 97 99 100 103 107 109 110 113 116 118 119 124 128 132 136 137 138 141 143 145 151 154 155 158 162 163 166 169 172 173 176 177 179 182 186 191 195 199 203 205 208 212 216 220 222 226 230 233 236 238 241 244 245 247 249 251 253 254 258 261 262 265 267 271 274 278 281 282 284 288 292 295 296 299 303 304 305 306 307 309 312 313 317 319 323 326 330 332 333 336 339 340 343 345 346 350 354 355 357 361 363 369 370 375 376 381 384 385 389 391 
26 36 39 42 46 48 50 53 55 59 63 69 72 75 79 80 83 87 89 93 95 98 99 103 104 106 108 112 116 118 121 123 127 129 132 136 139 143 145 146 149 152 156 157 161 165 169 171 172 174 177 181 184 187 191 194 196 197 198 202 207 208 211 213 220 224 225 228 231 235 239 243 247 249 251 254 258 260 261 264 268 270 273 274 278 282 284 287 288 289 292 294 298 300 301 303 304 308 311 312 315 318 321 325 327 331 334 335 337 341 344 348 351 355 357 359 363 365 368 369 372 375 378 381 382 386 389 390 392 395 397 399 
27 40 41 44 50 53 57 58 59 60 66 70 74 79 83 85 87 91 93 97 99 101 103 105 109 112 115 119 122 125 126 128 132 134 138 141 142 147 148 151 153 155 159 163 164 169 172 176 177 181 183 185 188 190 193 198 200 201 205 207 211 214 218 222 225 226 229 231 233 238 240 244 250 251 255 259 260 263 267 269 273 274 276 278 282 284 285 291 293 295 298 301 302 304 305 307 308 312 313 315 317 320 322 327 329 332 335 339 340 345 348 349 352 359 361 362 366 370 372 373 376 377 380 382 385 390 393 395 396 400 402 405 
29 41 44 47 54 56 61 62 63 66 67 74 77 83 84 89 90 92 94 101 105 109 112 116 118 122 125 126 129 130 134 138 140 142 144 146 149 151 153 155 156 159 163 164 167 173 176 177 178 183 184 189 190 191 195 201 202 205 206 209 213 218 222 225 227 231 235 236 239 243 246 250 254 256 260 263 264 267 271 275 277 278 281 284 285 286 289 294 297 299 302 304 308 311 314 315 316 318 321 324 326 330 331 334 338 339 341 342 343 348 350 351 355 360 364 366 370 372 375 379 383 385 388 389 390 391 395 398 401 405 406 407 
33 44 47 48 58 60 65 68 72 73 77 78 81 84 86 93 97 100 101 103 107 113 114 117 121 126 128 131 135 138 139 141 144 146 147 150 152 156 160 162 166 168 172 173 174 177 180 184 186 187 190 194 198 199 201 204 208 212 214 218 220 224 226 229 233 236 239 240 244 248 251 255 256 259 262 264 265 271 274 279 283 285 286 289 293 295 297 298 299 303 304 307 310 312 317 319 322 325 326 327 330 331 332 336 340 342 343 346 349 350 351 354 356 361 366 368 371 373 379 383 385 386 390 392 394 396 397 401 404 408 411 412 
34 46 48 51 60 62 67 71 76 80 83 84 88 92 93 94 98 102 106 108 112 117 120 124 127 129 131 135 136 141 142 144 146 148 150 151 156 160 162 166 170 174 178 179 180 183 187 189 193 197 201 205 206 210 212 215 216 219 220 223 224 228 230 233 236 239 240 243 248 250 252 258 260 264 268 269 271 275 278 282 285 287 288 292 296 298 301 305 307 309 311 315 316 318 320 324 327 331 333 336 338 340 342 345 349 351 352 354 355 358 361 364 366 370 371 375 376 377 380 387 391 394 395 399 401 403 406 410 414 416 418 422 
37 48 51 54 63 64 71 73 79 81 87 90 91 95 99 101 102 103 108 111 113 119 122 128 132 134 136 140 144 146 149 150 153 156 159 162 165 169 172 176 179 180 183 187 189 192 195 196 198 202 203 207 209 212 215 217 221 222 223 227 228 230 231 234 237 243 244 246 252 253 255 262 266 270 274 275 278 279 282 284 287 290 292 294 298 302 306 310 311 313 317 319 321 322 325 329 333 336 337 338 342 345 348 352 354 356 357 358 362 366 367 370 371 373 376 380 382 384 388 391 392 397 399 402 405 407 408 414 416 417 420 425 
40 50 54 57 65 66 72 74 80 84 90 91 94 96 102 104 105 108 109 112 114 122 125 130 134 137 140 141 146 149 151 155 156 158 160 163 168 170 174 179 182 185 189 191 195 196 197 200 204 207 210 214 216 218 222 223 227 230 232 235 237 238 240 241 245 246 250 253 256 259 260 263 269 271 276 279 281 284 285 286 290 294 296 299 303 306 308 312 313 315 321 323 327 329 331 335 337 340 341 344 345 346 350 355 358 359 360 361 366 370 372 375 379 383 386 388 392 395 397 400 401 402 405 408 411 414 418 422 426 430 432 435 
43 53 55 61 67 68 75 78 84 88 94 98 102 105 108 111 112 116 117 119 121 125 126 132 136 141 144 148 149 152 156 159 161 162 165 169 172 176 177 180 186 189 190 195 196 197 200 202 208 212 216 217 221 224 226 227 229 231 235 237 240 241 244 246 250 251 252 256 260 263 267 268 271 275 280 281 282 288 291 295 299 300 302 303 305 310 314 318 319 322 326 330 333 335 336 340 344 348 350 354 356 357 360 363 365 367 368 369 373 377 379 382 385 389 391 395 396 397 400 401 403 404 407 411 414 415 422 424 429 433 434 438 
45 55 56 63 70 72 78 81 88 91 95 102 104 106 110 114 118 119 120 121 123 129 131 134 138 142 145 149 152 153 157 162 164 167 171 174 176 179 183 184 189 191 194 197 198 199 203 206 209 215 218 219 224 225 229 230 234 235 237 238 243 246 249 253 257 258 259 261 263 265 270 273 275 279 282 284 288 289 292 298 300 303 306 307 311 315 318 320 322 324 328 334 338 339 342 345 349 350 351 358 359 361 363 364 369 371 372 374 375 378 382 384 386 392 394 398 401 402 406 408 409 410 414 418 419 422 425 427 430 435 437 441 
46 58 60 66 74 77 81 83 91 94 96 106 110 112 113 117 122 126 127 130 131 134 136 137 139 146 148 152 153 157 158 164 165 168 172 177 178 181 184 186 193 197 200 202 206 209 210 213 216 218 221 223 228 230 233 236 237 238 241 245 248 251 255 258 261 262 265 268 271 274 276 277 281 284 288 290 293 294 297 299 302 304 308 311 314 318 322 324 325 328 329 338 341 343 347 349 351 352 356 360 364 368 371 373 375 377 379 383 387 388 389 393 395 398 399 402 404 407 411 415 417 421 423 424 428 430 432 433 436 439 442 443 
47 61 65 69 76 79 84 88 93 95 97 110 112 113 115 118 126 128 130 131 135 138 139 143 144 148 150 155 158 161 163 166 167 170 174 179 181 185 188 191 195 201 202 203 210 211 214 216 220 221 225 226 230 232 234 239 240 243 247 249 252 253 258 259 262 266 267 269 274 278 281 285 289 293 295 298 301 303 305 309 313 315 316 318 320 321 323 326 329 331 333 340 343 345 350 352 354 357 358 361 366 370 372 374 377 379 383 385 390 394 397 398 400 403 404 408 409 410 415 416 420 425 427 430 433 437 441 444 445 448 451 452 
48 62 68 72 79 80 88 92 97 101 103 113 116 119 122 126 127 130 131 135 139 141 144 146 150 153 157 160 164 167 171 172 175 178 181 184 187 189 193 194 199 202 206 209 214 218 219 223 224 226 228 230 233 235 239 242 243 244 249 252 254 257 259 261 264 270 273 274 277 282 284 289 292 295 296 300 305 309 310 314 318 322 325 327 331 333 335 338 340 342 346 349 352 356 360 363 364 365 367 371 373 374 375 379 382 384 385 387 394 395 399 402 405 408 409 411 414 418 422 424 425 428 430 434 437 440 442 448 449 453 454 458 
52 65 72 74 80 84 89 96 101 103 105 114 117 120 123 130 134 136 139 141 145 147 148 149 152 155 160 163 166 171 175 178 181 185 187 189 190 194 197 199 200 203 210 212 218 219 221 226 229 233 235 238 240 243 244 245 248 251 253 256 259 263 265 268 271 275 278 281 285 288 289 290 293 298 300 304 306 311 314 317 319 324 326 330 334 335 337 342 344 348 351 355 356 357 364 365 368 369 370 375 378 379 382 385 389 390 392 393 395 398 401 406 409 411 413 417 420 422 423 427 428 432 435 437 440 444 446 449 451 455 456 460 
54 67 74 75 82 85 93 97 102 106 110 115 121 122 126 132 135 140 143 144 149 150 153 154 156 158 161 166 168 173 176 179 184 187 191 193 196 197 200 202 205 209 211 216 220 223 227 230 231 234 239 243 244 245 247 250 251 253 255 260 263 267 269 270 273 278 280 284 287 291 292 296 298 301 305 307 309 313 317 320 323 326 327 331 337 339 343 344 346 352 355 359 361 363 367 368 370 373 374 376 382 385 389 392 395 396 399 403 406 408 412 413 415 416 419 420 424 428 432 436 439 442 445 448 452 456 459 461 464 467 469 470 
55 71 78 80 84 87 96 100 105 108 111 118 122 125 128 133 136 143 147 150 152 154 156 160 163 166 169 172 174 178 181 183 185 190 192 197 201 205 206 208 212 213 216 218 223 225 228 231 235 239 240 247 251 253 257 260 263 266 268 271 274 275 279 282 285 286 287 289 291 294 295 298 302 304 307 309 313 316 319 321 327 329 331 333 341 345 346 348 350 356 359 363 367 371 374 375 377 381 383 384 385 389 390 396 400 403 407 408 412 413 417 420 424 426 428 431 433 437 438 440 443 445 449 452 454 460 462 466 468 470 473 477 
57 74 79 84 88 89 99 103 107 112 114 121 123 127 130 135 138 147 151 154 157 161 165 167 168 171 174 176 179 181 183 184 187 192 194 198 205 206 210 213 216 217 219 220 224 227 230 232 238 242 243 248 255 259 261 265 266 269 271 273 278 279 283 285 289 290 293 297 301 304 308 311 315 319 323 327 330 333 334 337 341 343 347 350 351 353 356 358 362 366 368 371 374 378 379 380 381 382 385 388 390 394 398 402 403 405 409 411 414 415 421 424 426 430 433 434 438 439 443 446 447 450 452 454 456 462 463 469 472 475 478 480 
60 75 83 86 92 95 103 107 108 115 117 122 125 130 131 137 140 148 154 155 158 163 167 171 175 177 178 182 185 187 188 192 193 194 195 201 206 209 212 216 220 224 225 227 228 232 235 239 242 244 248 251 258 260 264 266 269 273 274 276 281 284 286 289 290 292 296 299 303 308 309 314 316 321 327 328 332 336 340 342 344 345 349 351 353 356 360 362 363 367 372 373 375 381 383 387 390 391 392 394 396 398 402 403 406 407 413 415 419 422 424 428 430 431 434 438 440 441 445 450 454 458 460 464 466 467 470 472 476 477 481 485 
61 76 87 89 96 99 106 110 113 118 120 123 129 132 134 139 143 152 156 158 159 164 169 174 179 181 183 184 187 189 191 195 197 199 202 204 209 213 216 218 223 227 228 231 232 235 238 241 246 247 251 252 261 264 266 270 274 275 279 280 282 286 289 290 293 295 297 300 304 312 315 317 321 325 330 332 335 339 341 343 345 347 352 353 354 359 362 363 366 370 374 375 379 383 384 391 392 396 397 399 402 406 408 410 413 416 417 421 422 423 428 429 431 433 438 441 443 446 447 452 457 459 461 465 470 472 473 475 477 481 484 488 
65 77 91 92 98 102 107 112 115 122 123 126 133 137 139 142 145 155 160 162 166 168 171 177 183 185 186 187 189 191 194 198 202 206 208 209 211 217 219 222 226 230 232 236 238 240 241 243 248 251 252 255 262 266 269 272 278 282 284 287 289 291 294 297 298 300 303 307 308 315 319 321 322 326 333 334 336 341 345 346 347 349 355 358 362 366 369 372 373 376 380 382 386 387 389 394 396 400 403 405 409 412 416 417 418 420 424 427 430 431 432 436 438 442 446 450 452 456 459 462 465 468 469 471 473 474 477 479 482 483 488 489 
69 80 94 98 100 104 109 115 118 126 129 133 135 140 144 146 148 157 161 164 169 171 173 180 186 190 192 194 198 202 204 205 206 208 209 212 214 220 222 223 228 232 234 237 242 245 247 251 253 256 259 261 266 268 271 273 282 283 286 289 290 292 297 301 303 304 306 309 313 316 320 324 325 329 334 336 337 342 347 348 352 354 356 361 366 369 371 376 380 383 385 389 390 391 394 398 401 404 405 409 413 417 419 422 423 426 429 431 434 437 439 441 445 448 450 453 456 460 461 464 468 469 472 475 476 479 483 487 489 490 492 494 
72 83 95 101 105 108 112 117 119 128 133 136 139 144 146 149 153 160 164 165 172 176 179 184 187 193 197 199 201 203 205 206 208 212 215 218 222 224 227 230 232 236 237 238 243 248 251 254 257 260 262 265 267 269 273 277 284 288 292 293 296 299 303 305 308 309 311 312 315 319 324 325 328 332 335 337 338 343 348 352 353 358 361 365 367 372 375 380 383 384 387 390 393 397 398 400 405 407 409 412 414 421 423 425 427 431 433 437 440 444 445 447 449 452 454 455 458 461 463 467 471 474 476 479 482 485 488 492 496 497 499 501 
75 87 99 104 107 110 116 121 123 129 137 140 143 146 148 150 155 162 166 168 176 177 183 188 191 196 198 202 206 208 212 215 218 219 222 226 229 232 233 235 238 240 244 247 249 252 253 258 260 262 265 266 270 272 277 280 286 292 294 295 300 304 308 310 312 315 318 320 324 325 329 330 332 334 337 341 345 349 351 356 358 359 363 369 371 374 376 382 386 387 388 394 397 401 403 406 409 412 414 415 416 425 426 428 432 433 434 439 443 445 449 452 453 455 456 457 462 465 466 470 473 478 479 481 483 489 492 495 497 500 502 505 
78 89 103 108 111 113 119 124 125 133 140 143 147 149 150 154 157 164 167 172 178 182 187 191 195 197 200 203 207 209 214 216 222 223 225 229 233 234 236 238 241 245 246 250 251 254 258 259 263 266 269 270 271 276 281 285 289 294 298 299 303 306 309 311 315 318 320 324 326 329 331 332 333 336 339 342 349 351 352 360 362 366 367 370 372 376 379 386 388 392 393 398 400 403 407 409 410 416 417 420 421 428 432 433 434 435 439 443 444 447 452 455 458 461 462 466 469 470 474 476 479 482 483 484 486 492 495 496 501 502 503 509 
82 90 104 110 112 114 122 127 131 136 141 145 149 150 154 157 161 166 171 174 179 184 188 195 199 200 201 205 211 212 218 220 223 227 229 233 235 239 242 243 247 248 250 253 256 257 259 261 265 268 273 275 279 283 284 289 290 297 301 305 308 310 313 316 320 324 327 331 334 335 336 337 339 342 344 345 351 353 356 363 364 369 373 377 379 383 387 389 393 395 396 400 403 406 409 411 413 420 424 425 428 432 434 438 441 443 447 448 449 451 454 459 461 464 467 471 472 473 477 481 483 486 489 493 497 501 502 505 507 508 509 511 
83 93 105 112 115 118 124 131 133 140 143 149 150 154 158 160 162 169 173 175 180 188 189 196 200 202 206 207 214 217 221 225 229 230 231 236 240 243 245 247 250 252 256 259 260 261 263 264 269 271 274 277 281 286 287 291 293 301 303 309 312 315 317 321 325 326 328 334 335 337 341 342 346 348 351 353 357 361 363 366 367 370 375 381 385 389 392 396 398 399 401 402 405 410 413 416 417 424 428 430 431 435 436 441 443 446 448 450 454 456 458 462 466 469 472 476 479 481 484 488 489 493 497 500 502 503 504 509 510 512 513 514 
87 97 107 116 119 123 127 133 137 141 146 150 153 155 160 162 165 173 175 177 182 190 192 197 204 208 211 215 216 218 224 229 233 236 240 241 244 246 248 250 254 255 257 263 265 269 271 273 277 280 281 282 285 290 294 298 302 304 305 312 316 320 321 324 327 328 332 337 338 342 346 349 350 353 356 359 361 362 364 370 372 374 378 383 386 393 395 400 403 404 407 408 411 412 415 420 423 425 431 432 435 437 440 442 445 447 449 454 456 457 459 465 468 472 476 479 480 483 488 489 491 497 498 504 508 512 513 517 520 522 526 529 
91 99 110 118 122 125 128 135 138 144 150 153 157 159 162 165 168 174 177 178 184 192 194 198 206 211 212 216 218 221 228 233 236 237 242 246 249 251 253 257 258 261 263 264 269 273 274 278 280 284 287 288 292 294 297 299 304 308 312 315 320 324 328 330 334 338 341 344 347 348 352 355 356 357 358 362 365 369 373 377 378 379 383 386 388 396 397 402 406 410 414 417 419 423 427 429 431 433 437 441 445 446 447 449 450 453 454 456 457 458 462 468 471 474 478 481 482 485 491 492 493 500 501 508 512 514 518 520 523 527 530 533 
92 103 111 121 126 127 130 138 140 145 152 156 158 162 166 168 169 177 179 182 186 194 196 200 207 215 216 217 222 225 230 234 238 241 246 247 253 256 257 261 263 264 265 267 273 275 278 281 284 285 289 291 294 296 299 303 308 310 314 316 324 326 332 333 337 339 342 347 348 349 353 357 358 362 364 367 371 374 375 379 383 385 389 391 394 400 402 405 408 411 418 422 426 430 432 436 438 441 445 448 452 454 455 459 460 464 467 471 475 479 482 484 487 488 489 490 493 497 498 502 503 506 507 509 515 518 521 523 527 529 533 534 
93 106 113 124 127 131 133 141 145 148 153 158 162 166 169 170 174 179 183 184 190 196 198 203 211 218 222 226 228 229 231 238 239 244 248 251 257 259 261 263 266 267 271 273 276 279 281 285 289 293 296 300 302 306 309 310 314 317 319 320 325 330 335 338 342 346 348 349 351 352 356 359 363 365 369 370 375 379 380 381 385 386 391 395 399 403 404 409 412 415 421 423 428 431 434 440 443 446 450 452 456 457 460 464 465 468 471 475 478 480 484 487 491 495 499 501 502 503 504 505 509 513 517 521 525 527 531 535 539 541 543 547 
96 107 115 126 131 133 136 144 147 150 156 162 164 169 173 174 176 181 187 189 192 198 199 205 215 222 224 227 230 231 234 239 241 245 249 254 261 264 268 271 274 275 277 281 282 286 290 292 296 299 303 305 309 313 314 318 319 322 326 330 332 336 338 340 346 350 353 356 359 362 366 368 369 372 373 376 379 380 382 385 387 389 395 396 403 404 405 412 413 416 425 428 429 434 437 441 446 449 453 456 457 459 461 465 469 472 475 479 480 481 485 491 493 498 502 504 506 507 510 513 517 521 523 524 527 528 535 536 541 543 546 548 
97 108 119 129 132 136 140 146 150 154 160 166 168 172 176 179 181 185 189 191 194 200 204 206 216 225 228 229 231 232 237 241 244 248 252 256 264 268 271 275 277 279 283 284 286 287 294 297 300 302 305 309 312 314 317 321 324 327 329 334 336 338 341 342 349 354 358 361 363 365 369 373 377 378 381 384 385 389 390 394 398 399 402 406 410 413 416 419 421 422 426 429 432 438 439 442 449 451 456 458 459 462 464 466 470 475 478 483 487 489 492 496 497 502 503 507 511 514 518 520 521 524 527 531 535 538 539 542 546 547 551 552 
99 109 120 131 134 139 141 149 151 157 161 167 170 175 179 182 184 188 190 193 196 201 205 209 219 229 230 232 236 238 242 244 248 252 255 260 268 271 272 278 280 282 284 288 290 292 295 301 304 306 307 310 313 317 319 325 327 331 332 337 340 342 345 346 350 357 361 362 365 367 373 376 378 382 385 388 392 393 394 396 402 404 408 410 411 416 420 422 426 428 432 436 438 441 443 447 453 456 458 459 463 464 468 471 474 477 482 487 488 492 494 497 498 506 509 512 515 518 521 522 526 529 531 534 536 540 543 545 550 552 553 555 
103 110 121 135 136 140 142 150 155 160 162 169 174 176 182 184 186 190 191 196 198 202 208 213 220 233 234 235 238 239 245 246 251 256 257 264 271 274 278 279 281 285 289 291 294 296 299 304 308 310 313 315 318 322 323 328 330 335 337 341 345 348 349 352 356 359 362 364 367 370 375 380 381 383 387 389 394 398 399 402 406 408 410 412 415 417 422 425 428 430 433 438 439 445 448 452 454 460 461 465 466 469 472 474 476 481 484 489 491 494 496 498 500 510 514 517 521 522 524 527 528 531 533 538 542 546 547 548 553 555 558 559 
106 114 123 139 140 142 143 152 158 163 164 173 175 178 185 186 190 191 193 198 201 204 212 217 223 235 239 240 244 245 248 251 253 258 259 267 272 275 281 282 285 286 290 294 298 302 306 307 311 315 318 320 322 323 327 332 336 337 338 342 347 351 352 355 360 363 367 368 369 372 376 381 384 388 391 394 395 401 405 406 410 414 418 420 421 424 427 431 434 435 439 442 445 448 450 453 456 463 464 469 471 475 478 479 482 486 489 492 494 495 500 502 505 514 516 519 524 527 531 533 535 537 541 544 545 547 549 553 555 557 560 563 
110 115 126 140 141 145 148 154 160 167 171 177 180 181 186 189 194 196 200 204 208 211 215 219 227 236 242 245 248 249 252 255 258 260 262 268 275 278 283 284 289 291 295 296 301 303 309 313 314 318 320 322 325 329 332 334 338 342 345 348 351 354 357 361 362 365 370 374 377 378 379 385 389 390 394 395 398 403 407 408 412 418 422 424 427 429 432 433 435 437 442 444 449 453 457 461 464 468 470 472 473 478 480 484 487 488 493 497 500 503 506 507 508 518 522 525 529 530 534 538 541 542 546 548 549 550 551 555 559 561 562 564 
114 119 128 141 143 149 151 158 164 168 172 181 184 187 188 193 195 197 204 207 212 215 216 221 228 240 245 248 249 252 253 257 260 262 266 272 279 281 284 287 291 294 298 300 305 309 312 317 319 321 323 326 330 331 334 338 341 345 349 352 353 356 358 364 368 371 374 378 379 383 387 388 393 397 399 401 405 408 409 410 414 421 425 427 428 431 433 434 436 438 444 447 450 454 458 463 468 470 472 474 476 480 481 487 489 490 494 499 504 507 511 513 516 520 525 528 533 536 540 543 546 549 553 556 559 563 564 567 568 570 571 575 
115 122 130 145 148 153 154 161 167 172 174 185 186 190 193 194 196 200 207 208 214 219 223 225 230 241 246 251 254 255 258 260 263 264 269 276 283 284 287 290 294 295 302 306 307 310 316 318 322 323 325 330 334 335 339 342 345 348 350 356 359 361 365 367 372 376 380 383 385 389 393 396 397 400 401 405 408 411 414 415 417 425 429 432 434 438 439 441 444 448 451 452 453 455 462 465 472 474 478 479 482 486 490 492 495 497 501 502 505 508 512 515 517 523 528 529 537 540 544 545 549 551 555 560 564 567 568 571 573 574 575 578 
116 123 134 149 153 154 158 164 168 175 179 186 188 191 196 197 200 203 208 211 218 221 226 230 233 243 247 252 256 259 263 264 266 268 271 277 284 288 289 292 297 298 304 307 308 312 320 322 323 327 331 334 336 339 341 345 349 352 353 357 363 364 369 370 376 378 383 384 386 390 397 400 402 406 410 413 417 421 423 425 429 433 434 437 441 444 445 448 452 453 456 458 462 466 467 470 474 475 480 482 485 488 492 496 498 502 503 505 509 512 513 517 519 525 532 534 538 541 547 548 550 555 558 563 567 570 571 574 578 581 583 584 
117 124 135 151 155 157 160 165 172 176 180 188 189 193 197 200 201 204 212 214 221 223 229 234 236 245 251 255 257 262 267 270 274 278 279 282 285 290 292 294 298 302 307 310 312 315 322 324 326 328 333 338 341 344 345 349 351 353 356 358 365 368 372 376 377 382 387 391 393 394 399 402 403 408 413 417 419 425 429 432 433 435 437 439 445 447 450 451 454 457 460 462 465 469 470 474 477 478 484 485 488 489 494 498 499 503 504 509 511 516 520 521 523 526 534 536 541 544 549 551 554 556 562 566 571 575 576 578 582 586 588 592 
120 126 138 154 159 161 164 166 176 178 182 190 192 194 200 204 206 209 214 215 222 224 230 238 241 246 252 259 262 263 269 273 275 279 283 286 288 292 294 297 300 306 308 311 314 319 325 327 331 334 337 341 343 346 347 352 355 356 360 364 367 370 373 379 383 384 390 394 395 396 402 403 404 410 417 419 422 429 433 435 439 442 444 448 451 455 456 458 459 463 467 471 474 478 482 484 485 489 492 494 496 498 502 503 504 505 506 512 513 518 523 524 527 529 535 537 542 548 551 555 559 561 566 567 572 577 580 584 587 589 592 594 
124 130 139 155 161 165 168 170 178 181 185 193 197 198 203 206 209 213 218 221 223 227 232 240 245 248 254 262 265 269 272 276 280 284 286 288 292 294 298 299 301 307 309 315 318 320 328 330 334 336 341 343 344 347 351 356 358 362 364 367 370 374 378 382 385 386 394 395 399 403 405 408 410 411 418 420 425 431 434 436 442 443 445 452 453 456 458 461 465 468 470 473 477 482 486 488 492 496 498 501 505 509 512 514 518 520 524 528 531 535 536 538 540 543 545 549 551 552 555 556 561 563 569 571 573 578 581 587 589 590 596 597 
125 133 143 158 164 167 170 173 181 182 189 194 200 203 205 209 212 217 222 225 227 230 236 242 247 251 256 266 270 273 277 281 283 286 287 292 295 296 302 305 309 310 314 316 322 326 332 336 337 341 344 345 349 350 354 359 361 365 366 370 371 376 382 386 387 388 396 398 401 405 409 411 414 416 421 423 426 434 436 439 443 444 448 456 457 460 461 463 469 471 473 476 481 486 487 492 494 497 502 505 506 512 515 517 521 525 529 532 534 537 539 543 546 549 550 551 553 555 557 560 564 567 572 575 577 580 582 591 595 599 603 607 
127 134 147 161 167 168 172 176 182 184 191 196 201 204 206 210 215 219 226 229 232 235 238 246 249 255 258 268 271 275 280 283 287 289 290 296 299 302 304 309 310 313 318 321 323 327 336 339 342 346 349 351 352 354 356 361 365 366 367 372 374 379 384 390 394 397 399 401 404 406 410 415 419 421 424 425 429 438 442 446 447 448 451 457 458 462 465 466 470 473 475 479 485 487 488 493 497 499 505 508 509 516 520 523 527 530 534 538 541 542 546 547 548 553 557 560 562 565 569 571 572 576 579 582 583 587 590 595 598 601 605 611 
131 135 148 162 169 172 173 178 185 187 192 200 203 206 207 212 218 222 228 230 235 237 241 247 251 258 262 269 275 279 283 285 291 293 295 298 300 303 307 310 311 314 321 322 326 328 338 342 343 347 350 353 354 357 359 364 367 371 372 373 376 383 385 393 396 399 402 403 408 410 412 419 423 425 429 433 434 440 443 447 451 453 455 460 464 466 469 473 477 480 483 486 490 492 496 499 500 501 508 511 515 517 521 526 531 533 537 541 543 544 548 550 551 554 560 563 564 566 572 573 577 578 580 583 587 588 592 598 600 603 607 613 
135 139 152 163 173 174 175 179 187 190 196 204 205 207 208 214 219 223 230 233 236 241 242 248 253 259 263 272 277 280 286 289 294 298 301 305 308 310 312 315 319 323 326 328 330 334 339 345 349 353 354 355 357 359 360 367 371 374 378 382 383 384 386 395 399 403 405 409 410 413 414 421 426 428 432 435 438 443 447 450 452 456 457 462 466 468 473 475 479 482 486 489 494 497 500 502 504 508 509 514 517 518 524 528 533 537 541 544 548 549 553 556 560 562 565 568 569 571 574 576 579 581 584 586 590 591 593 600 603 606 608 616 
136 143 153 164 176 179 183 186 190 191 197 205 206 209 210 216 223 224 233 234 240 242 246 249 256 263 267 276 281 285 287 293 295 299 303 306 312 313 314 317 323 327 331 332 334 335 343 346 352 356 357 360 363 367 371 373 377 380 383 387 390 392 394 399 401 404 406 410 412 414 418 422 429 430 435 438 441 447 451 453 457 461 462 465 470 474 476 479 480 486 489 493 496 500 504 508 511 512 515 519 520 524 527 530 534 538 545 547 549 551 555 557 561 565 567 570 574 575 579 580 583 586 587 589 593 595 597 601 604 607 610 619 
139 145 154 168 180 182 186 190 191 192 198 208 209 213 216 219 225 228 236 239 242 246 249 253 257 267 269 278 282 289 293 297 298 302 304 310 313 314 315 319 324 331 334 336 337 339 347 350 353 360 364 366 369 372 373 375 380 382 386 389 392 396 397 400 403 406 407 413 417 418 419 423 432 433 437 442 443 449 453 456 461 465 466 470 473 475 480 482 484 487 490 494 498 501 505 512 513 515 517 521 522 526 528 533 537 541 547 549 550 555 556 558 564 567 570 573 575 578 580 581 587 588 590 591 596 598 602 603 605 609 613 623 
142 148 158 169 181 183 187 191 195 198 200 212 215 219 222 223 226 229 237 240 245 248 251 255 260 269 272 280 285 290 297 298 301 306 308 314 318 321 325 329 333 334 337 338 342 343 349 351 354 363 368 369 370 375 378 381 384 387 388 393 394 398 400 401 407 408 410 414 418 419 423 426 435 437 438 444 446 453 457 461 464 467 468 472 476 478 484 486 490 494 495 496 501 503 506 514 518 521 523 525 528 529 530 536 539 543 549 552 554 559 561 565 567 569 572 575 579 583 584 585 589 593 596 597 600 601 604 607 610 612 617 627 
143 152 162 170 182 186 191 194 199 203 206 213 218 221 225 226 230 232 241 244 249 250 252 259 264 272 273 282 287 293 298 299 305 307 309 316 322 325 329 332 337 341 342 346 350 351 353 357 359 367 371 375 379 381 382 384 386 388 392 394 395 401 402 406 408 412 413 416 422 424 426 428 436 440 441 447 449 454 460 463 466 471 472 475 479 482 487 490 492 497 499 503 506 508 510 518 519 522 527 530 531 535 536 538 542 545 553 555 559 560 565 569 572 575 578 579 583 585 587 590 593 594 600 601 604 605 608 612 613 615 618 629 
144 154 166 174 186 190 195 199 201 207 210 215 220 224 229 230 231 235 244 246 250 252 255 262 267 274 278 284 291 295 299 301 309 311 315 319 323 326 331 335 341 345 346 347 354 358 362 366 367 371 374 379 380 382 385 386 387 391 396 398 399 402 406 410 414 417 419 422 423 428 432 433 437 444 447 448 453 456 463 466 470 472 473 479 482 485 488 493 497 500 504 507 508 512 514 520 524 525 531 532 533 538 542 544 546 549 557 559 563 565 567 573 576 580 584 588 589 591 592 596 600 603 606 610 613 617 618 622 624 627 631 632 
145 155 167 177 187 194 198 200 205 210 214 216 221 225 232 233 235 238 248 251 252 255 258 263 270 277 282 286 292 297 303 306 311 314 318 323 324 327 334 338 343 348 351 352 355 361 365 367 368 373 375 382 384 388 391 394 398 400 404 405 409 411 414 417 420 423 425 426 427 430 436 440 443 445 449 451 456 457 464 467 474 477 481 482 485 487 492 496 500 502 508 512 516 520 524 527 529 532 536 539 540 542 543 548 552 554 560 563 565 566 571 576 577 584 587 592 594 595 598 599 602 607 609 614 617 618 622 624 628 631 633 636 
146 158 170 178 190 196 202 205 208 213 217 219 225 226 233 235 236 242 249 255 258 262 266 267 274 281 286 290 296 299 304 308 315 319 321 327 329 330 336 341 345 352 356 359 361 363 366 370 371 374 377 386 387 392 396 397 401 404 405 408 411 413 415 418 424 425 429 431 433 434 440 441 444 446 450 453 458 461 465 470 476 480 482 485 489 493 497 498 501 505 512 515 519 523 526 529 532 533 538 542 543 545 547 552 555 558 563 566 570 573 575 578 579 586 589 596 600 602 605 606 607 609 613 617 620 622 623 625 629 635 639 640 
150 160 171 179 192 199 205 209 213 215 218 222 227 230 236 239 241 244 251 259 262 266 270 274 277 282 288 291 299 303 305 312 316 321 324 328 333 335 340 344 348 356 359 362 366 370 371 374 377 379 381 387 390 395 400 402 405 408 411 414 418 419 420 421 425 426 430 434 435 438 442 443 445 450 451 454 461 462 467 472 477 481 485 487 490 495 500 502 506 509 514 516 523 527 530 534 536 539 542 544 548 550 553 556 560 561 567 569 572 574 577 579 583 588 593 600 601 605 607 610 612 616 619 621 622 623 626 628 632 639 641 642 
153 161 174 182 195 203 207 210 217 219 222 226 231 233 237 241 244 245 252 261 264 268 272 276 279 285 289 294 301 306 309 314 320 324 328 331 335 339 341 346 352 357 360 365 368 374 375 377 380 383 384 389 391 397 402 405 409 410 415 416 419 421 423 424 427 429 431 438 442 443 444 445 447 451 452 456 465 469 470 476 481 485 486 488 493 499 503 505 507 513 516 519 526 529 531 537 541 545 546 549 551 552 554 558 563 564 571 575 576 580 583 586 590 593 597 602 603 608 611 615 619 622 624 627 630 634 637 640 642 643 644 645 
157 163 175 186 199 206 208 211 220 221 225 230 233 237 239 245 248 249 256 263 267 272 275 280 284 288 291 297 305 310 314 317 323 326 329 335 337 343 346 348 356 358 363 367 370 375 377 380 381 384 385 390 395 399 406 410 412 414 416 418 423 426 428 432 436 438 442 446 447 451 454 455 457 459 460 464 469 472 475 479 484 486 489 493 496 500 505 509 510 517 519 523 527 530 534 541 543 549 552 556 558 559 561 563 564 566 575 577 578 584 586 590 591 596 598 604 605 611 613 619 621 623 626 628 634 638 639 641 643 644 646 649 
159 164 176 190 203 208 210 212 222 223 226 232 235 239 241 249 250 252 257 267 270 274 276 282 286 290 294 299 306 313 317 320 326 328 330 338 341 345 348 349 358 361 364 369 371 378 381 383 387 391 394 398 399 403 408 411 416 419 423 427 429 430 431 436 437 439 444 447 451 455 457 458 462 466 470 471 475 478 481 484 487 489 493 494 498 501 506 512 514 521 525 527 529 531 536 542 545 553 557 560 562 565 566 570 573 574 577 578 580 585 589 594 598 601 602 605 609 613 616 623 626 630 633 634 638 642 646 647 651 655 656 657 
161 165 177 192 204 209 214 216 223 225 230 236 237 242 244 253 256 259 263 271 272 276 279 285 287 294 296 302 309 317 319 323 330 334 336 341 345 347 349 352 362 365 369 371 375 379 383 385 388 393 395 402 403 404 410 414 420 424 427 429 431 434 437 440 441 443 446 448 455 458 459 463 467 470 474 476 480 484 486 490 494 496 498 502 506 507 510 513 516 522 528 531 532 534 537 545 548 557 560 561 563 569 571 575 578 581 583 585 586 587 593 596 602 603 604 609 610 615 618 624 630 632 634 636 640 646 650 653 656 660 662 665 
162 168 178 193 206 212 217 220 227 228 232 240 242 246 249 255 259 262 267 272 274 277 282 288 292 296 298 303 311 319 321 326 333 338 339 343 346 348 350 353 363 369 372 373 377 381 384 388 392 395 397 403 404 406 413 418 423 425 430 431 435 437 439 441 443 447 450 453 458 461 462 467 468 473 477 480 483 488 491 494 498 500 504 508 509 510 514 515 518 525 532 533 535 538 541 547 549 561 565 567 569 571 575 576 580 582 586 588 592 593 594 600 606 610 614 618 622 624 627 629 633 636 640 643 645 650 653 655 659 663 666 667 
163 171 181 195 210 215 220 223 231 233 235 243 244 247 251 256 261 265 268 274 275 280 283 292 294 300 304 307 315 322 326 330 337 342 344 347 350 352 356 358 365 371 373 375 381 385 387 390 395 396 400 406 407 409 417 421 427 429 432 436 439 442 443 446 448 449 453 454 462 463 466 470 472 477 480 482 487 489 495 499 501 504 508 509 510 512 515 516 521 527 534 538 542 545 549 553 556 562 568 572 576 577 578 582 583 585 590 593 597 599 603 607 611 614 617 619 624 628 629 630 637 639 644 646 650 654 655 659 661 666 670 674 
165 172 183 196 213 216 221 225 232 236 238 244 247 248 253 258 264 266 269 276 279 283 287 294 297 303 305 311 318 325 330 332 341 346 349 353 354 355 359 361 366 372 376 377 385 389 392 393 398 402 404 410 412 415 419 423 428 430 433 437 440 443 446 447 449 453 457 460 466 469 470 474 477 479 483 487 488 491 498 503 506 507 510 511 514 516 517 521 523 529 536 539 543 548 551 555 559 566 570 573 579 580 582 585 589 592 594 596 599 602 604 609 612 616 619 621 625 629 630 631 640 642 648 652 656 658 662 664 665 667 674 677 
166 173 187 199 215 219 224 226 235 238 242 248 252 253 254 260 267 269 271 277 282 284 289 295 299 306 307 313 321 327 334 336 343 350 353 356 358 361 365 369 371 375 378 382 386 392 394 396 399 404 406 414 416 419 423 424 431 435 438 442 446 450 453 457 458 462 465 469 471 473 474 475 481 485 487 489 492 495 500 506 508 510 514 518 519 523 526 530 531 533 537 541 544 551 553 556 561 567 573 577 581 583 587 589 593 594 596 597 600 603 607 613 616 620 624 625 629 632 635 638 643 644 652 656 659 661 663 667 671 675 677 681 
167 174 191 201 217 221 228 229 237 241 244 252 256 259 262 264 268 270 274 279 283 288 290 298 302 310 314 318 322 329 337 341 347 354 356 360 362 366 369 370 372 379 381 383 389 393 395 400 404 406 410 418 421 424 428 431 434 437 440 444 450 453 455 458 460 466 470 473 476 479 482 483 485 487 489 492 494 497 502 508 512 513 517 522 524 526 527 532 535 539 543 546 550 552 554 558 565 570 577 578 584 587 590 592 595 597 598 601 602 605 611 617 619 621 626 628 633 634 636 642 644 648 654 660 662 666 669 670 673 677 678 682 
170 176 195 205 221 224 230 232 238 242 248 255 259 262 263 267 270 274 277 280 285 289 293 299 305 312 315 321 324 330 340 343 349 358 359 362 364 370 372 376 380 382 384 387 391 394 396 402 408 412 415 422 424 428 432 434 437 441 442 445 454 458 459 463 465 469 473 475 479 480 485 489 493 495 499 502 503 507 510 513 514 515 518 523 527 531 533 536 539 543 546 549 554 556 558 562 567 571 579 582 587 589 591 596 598 601 604 605 608 609 614 621 625 626 629 632 636 640 642 645 647 650 655 664 667 668 671 673 675 679 682 684 
173 179 199 206 223 225 233 234 242 244 249 259 260 266 268 270 272 278 282 283 289 292 296 301 308 313 318 325 329 332 344 345 353 359 362 365 367 371 374 380 383 384 386 391 394 398 401 403 412 415 418 424 428 429 434 436 439 442 444 447 455 459 463 464 468 471 477 480 481 484 487 491 494 497 503 505 509 510 514 518 520 522 523 527 531 535 539 542 546 547 548 550 556 557 561 564 570 572 582 583 588 593 597 601 603 604 605 606 610 611 615 625 627 630 633 635 640 642 643 648 651 652 659 668 671 674 675 676 680 682 685 688 
174 181 201 209 226 228 236 238 244 245 252 262 266 267 269 272 276 281 284 286 293 295 298 303 312 317 319 327 330 334 346 348 355 361 363 368 370 375 377 382 384 387 388 393 396 399 403 405 416 417 420 425 429 432 438 441 443 447 451 452 459 462 465 466 471 474 480 483 484 488 492 494 497 500 505 509 510 514 517 521 522 523 524 528 535 539 541 546 549 550 553 555 558 562 564 566 571 573 583 587 589 597 601 603 605 607 608 612 615 616 618 627 631 633 635 639 644 647 650 653 657 661 663 671 675 676 679 683 687 691 692 693 
176 182 204 211 227 231 239 240 246 249 253 263 269 271 272 273 280 283 288 292 294 296 301 307 315 321 325 328 334 336 348 350 358 364 365 372 373 378 380 384 385 391 392 397 400 403 406 407 420 422 424 426 433 434 441 443 445 451 453 455 463 464 466 469 475 478 481 484 487 490 495 496 500 504 509 512 515 518 520 523 527 530 532 533 536 542 546 550 551 554 557 559 561 563 567 570 573 574 584 589 590 601 602 607 610 614 617 621 622 625 627 629 632 635 639 642 645 650 654 655 661 662 667 675 678 681 685 686 691 692 695 696 
178 186 208 215 231 232 242 243 248 252 257 267 270 274 277 279 282 284 289 294 296 298 302 310 316 322 328 332 338 341 351 353 361 367 370 375 379 380 381 385 389 393 394 401 402 405 409 411 421 426 429 431 434 435 444 445 446 455 457 461 465 468 470 473 479 480 483 485 488 492 496 500 502 508 513 516 519 522 526 528 529 534 536 538 541 545 547 553 557 558 560 563 564 565 568 572 577 581 588 592 593 602 604 608 611 618 619 625 628 630 631 632 636 638 643 647 651 654 655 656 662 664 668 678 681 685 686 689 694 698 699 701 
180 189 211 216 234 238 245 247 250 256 261 268 272 278 282 284 286 290 294 295 300 304 306 312 319 323 330 335 341 343 354 358 364 371 375 378 382 386 388 391 392 396 398 403 407 408 410 412 422 428 433 434 438 440 446 447 449 459 462 464 466 471 474 476 483 484 486 487 490 493 500 501 505 509 514 519 521 524 527 531 535 536 540 541 545 548 550 557 560 561 565 568 570 573 574 578 579 585 590 594 598 605 607 610 612 619 620 629 632 634 638 642 645 646 650 654 655 658 660 662 663 665 669 681 685 687 689 690 695 702 705 708 
181 192 215 220 238 239 248 249 253 257 262 270 274 279 284 285 290 292 298 301 302 307 309 313 323 325 332 336 343 344 357 361 368 373 378 381 383 389 392 394 397 399 403 405 410 414 418 422 426 430 435 436 441 444 448 450 453 463 464 466 470 475 478 480 487 489 490 492 495 497 503 507 511 513 516 520 524 525 531 534 539 543 546 550 552 555 556 561 564 568 570 574 578 579 582 583 585 589 591 595 602 609 610 613 615 622 624 631 633 638 641 646 647 648 654 656 660 663 664 665 668 672 675 682 689 693 694 697 699 705 706 711 
184 194 217 221 242 245 252 255 258 261 265 274 278 283 285 288 291 294 300 304 305 311 312 314 325 328 336 340 345 348 359 365 371 375 380 383 386 390 394 395 398 403 405 407 412 417 420 423 430 431 436 439 442 447 449 452 455 465 469 470 474 478 480 482 489 492 496 499 503 506 509 510 513 515 519 524 528 531 535 538 543 545 548 554 555 559 561 562 567 571 573 577 580 581 585 589 590 591 593 598 604 610 613 615 616 623 626 634 637 642 645 649 651 652 657 659 664 666 669 673 675 679 680 684 693 696 700 704 708 712 716 720 
188 196 219 225 244 248 253 257 262 266 268 277 280 286 290 294 295 298 302 307 311 313 316 318 326 329 338 341 348 349 360 367 375 378 381 386 387 391 397 401 403 405 408 412 413 419 421 426 433 435 437 440 443 451 453 454 458 466 471 472 477 482 483 487 490 494 500 502 506 510 513 517 519 523 524 527 530 532 538 542 545 549 552 555 558 562 563 567 569 575 576 579 581 583 588 592 593 597 599 601 606 614 616 617 618 626 629 638 641 644 648 651 655 659 662 665 668 670 672 674 677 681 685 687 696 697 702 706 712 716 718 721 
189 199 221 228 247 250 255 259 264 270 272 281 285 289 294 295 297 301 306 309 312 317 319 320 329 331 342 344 352 354 362 371 376 379 385 390 394 398 401 404 406 408 409 415 418 421 422 428 437 439 443 446 448 455 457 460 463 468 473 477 480 483 487 491 492 495 504 505 508 511 516 520 523 524 525 530 532 536 539 545 549 552 556 557 560 563 564 569 572 576 578 582 584 587 590 594 597 600 601 602 610 618 622 623 625 630 633 639 643 648 652 654 659 660 663 666 669 673 676 680 682 685 686 689 697 701 703 708 713 719 721 725 
191 201 223 232 250 251 257 263 266 273 275 283 288 290 297 300 301 303 308 312 314 320 321 325 331 334 346 349 353 355 364 375 377 382 387 391 397 402 404 407 409 411 415 416 422 425 429 433 439 441 447 448 451 459 462 466 468 469 476 478 483 487 488 493 497 498 508 509 512 513 520 522 524 525 527 533 537 540 543 547 551 556 558 561 564 566 568 573 574 577 582 584 587 590 591 597 600 604 607 610 614 622 626 627 630 632 636 641 645 652 656 660 661 662 667 670 672 677 680 681 684 689 690 692 698 702 705 710 716 721 722 726 
195 203 224 233 251 252 261 266 267 277 278 285 291 292 299 303 305 307 312 316 318 323 326 330 332 336 349 352 357 358 367 377 378 386 390 395 400 403 405 411 414 417 418 422 424 429 431 437 443 445 449 453 455 460 465 470 473 475 478 481 484 488 492 494 500 501 509 510 515 517 522 524 525 529 531 534 541 545 549 553 557 560 561 565 569 571 573 574 578 580 584 587 591 594 595 598 604 606 610 614 618 626 630 631 632 634 640 642 648 655 657 661 665 668 669 673 674 680 682 685 686 693 695 698 700 705 709 713 719 725 727 731 
199 205 225 236 255 256 264 268 270 280 284 289 292 295 303 304 307 308 314 320 322 324 327 334 338 339 351 354 359 360 368 380 384 387 394 397 403 404 407 415 419 420 421 423 428 430 433 439 445 449 453 456 457 463 469 473 474 479 482 483 486 490 495 497 501 503 510 512 519 520 523 525 529 531 533 535 545 548 553 554 559 562 566 567 573 575 577 579 582 585 588 591 595 597 599 600 607 610 611 618 620 627 631 634 638 640 644 645 651 656 661 662 669 670 672 674 675 684 686 687 691 695 699 703 704 708 712 715 721 729 730 734 
202 206 228 239 256 259 265 269 271 284 285 290 295 297 304 305 309 312 316 322 325 329 331 337 341 344 352 358 360 362 372 384 388 391 398 400 407 410 412 417 420 424 426 430 431 434 438 440 449 452 457 461 465 466 470 477 478 483 487 490 491 493 496 498 503 505 514 515 523 526 528 532 536 537 540 544 547 550 557 559 560 566 568 572 576 580 584 588 590 593 596 598 602 604 608 610 614 615 617 621 624 630 633 636 641 645 649 652 655 657 663 665 672 674 675 677 680 687 688 692 694 696 702 707 709 710 713 716 725 732 735 738 
203 210 230 242 260 261 267 270 272 288 292 295 299 302 308 310 311 316 317 324 329 332 336 338 344 345 355 361 362 364 374 385 392 393 399 402 408 414 416 421 425 427 431 433 437 439 440 444 453 455 458 465 467 469 474 478 479 485 488 491 494 497 499 501 507 511 518 520 525 530 533 535 538 542 544 548 549 553 560 563 565 568 569 576 579 583 585 589 593 597 601 604 606 610 611 612 615 617 620 622 625 634 636 640 645 646 650 655 658 661 665 666 676 679 683 684 687 689 692 695 696 700 703 710 714 716 717 718 729 736 738 739 
207 212 234 243 261 263 269 273 277 292 295 299 302 306 309 311 314 318 322 325 332 336 338 340 346 348 356 363 367 369 377 386 396 399 401 406 409 415 419 425 426 431 434 436 440 444 446 448 454 459 463 466 470 474 478 480 482 487 490 495 498 502 506 507 508 514 519 521 526 534 538 540 543 545 548 552 554 555 562 566 570 573 576 578 582 585 586 592 597 599 605 609 610 611 615 619 621 624 626 629 631 637 640 641 648 651 654 659 660 664 669 672 680 684 687 689 692 693 694 698 699 702 707 714 716 717 718 722 731 737 741 744 
208 213 238 246 265 267 273 276 281 296 298 302 303 310 314 316 319 321 324 326 336 340 343 345 350 353 360 366 370 371 381 388 398 403 404 410 414 419 423 428 431 435 436 438 441 447 451 452 457 462 467 469 471 475 481 482 483 488 494 499 501 503 507 509 511 515 522 525 527 537 539 543 546 549 550 555 558 559 565 568 573 577 578 581 583 586 589 595 600 603 609 612 615 616 617 623 625 626 627 632 635 641 642 643 649 655 659 661 662 668 671 675 682 687 691 694 698 701 702 706 710 714 717 720 722 726 730 733 735 738 743 745 
212 215 242 250 266 270 275 279 283 299 301 303 305 314 317 318 323 324 327 331 340 341 344 346 353 356 362 370 372 373 385 391 402 407 408 411 415 420 425 431 433 438 441 444 446 448 455 459 461 464 468 472 475 476 482 484 485 489 496 502 506 508 512 516 518 520 526 528 529 541 545 546 548 550 554 559 563 567 570 571 575 579 581 582 586 590 592 596 603 607 612 616 620 622 624 628 631 633 636 640 644 648 651 653 655 656 663 665 666 669 672 676 683 688 694 696 700 705 706 710 712 718 721 722 723 729 734 737 739 740 744 748 
214 218 246 254 268 274 278 280 284 302 305 309 311 317 321 322 327 330 333 334 341 344 347 350 354 357 363 374 378 381 388 393 406 409 410 412 419 421 426 434 438 440 445 447 449 451 458 461 464 467 469 475 479 480 484 488 489 493 500 505 510 512 514 518 521 522 528 529 532 545 549 552 554 556 560 561 564 568 574 575 576 582 583 585 588 591 595 599 606 608 613 617 623 627 631 634 637 641 642 643 646 651 652 655 656 660 665 668 670 672 673 677 687 691 696 700 704 707 710 712 714 722 726 728 732 733 735 740 742 745 746 751 
218 219 249 258 270 278 282 286 287 304 307 312 313 318 323 324 331 332 336 337 344 347 348 352 355 360 364 377 380 385 389 397 407 410 411 416 420 424 428 437 442 444 448 451 453 454 460 465 469 470 471 478 482 484 488 492 496 497 504 507 511 514 518 522 525 526 529 530 535 549 553 556 557 560 563 564 565 572 578 582 584 586 587 591 593 595 596 602 609 613 615 620 624 630 632 636 641 645 649 652 655 658 660 663 667 670 671 672 675 677 681 682 690 694 698 704 705 711 715 718 720 725 727 732 734 735 738 742 744 747 749 755 
221 223 251 261 272 282 284 287 288 308 309 316 318 320 324 328 334 337 340 344 347 349 350 353 356 363 368 379 384 388 393 398 410 411 413 419 421 425 431 438 443 445 452 454 457 461 464 469 470 471 474 480 484 486 491 494 499 500 508 512 515 517 521 524 526 527 532 534 539 550 555 558 559 562 566 567 570 575 581 583 586 587 590 593 597 598 600 604 611 614 619 621 626 634 635 638 645 647 652 655 658 659 663 665 670 673 676 679 681 685 687 691 693 698 701 705 708 712 719 721 722 727 730 734 737 739 742 746 750 752 755 756 
222 225 255 262 273 286 288 289 291 311 312 320 323 324 328 331 336 338 343 345 349 351 353 356 360 367 369 380 386 390 394 399 412 415 419 422 423 427 433 441 447 451 454 456 459 464 467 471 473 474 475 481 486 487 495 499 503 505 509 513 516 520 522 527 528 531 534 536 540 552 559 563 564 566 570 573 574 577 582 585 587 588 591 594 599 603 605 609 612 616 621 625 630 636 638 640 646 651 653 658 662 665 668 671 675 679 683 686 689 691 695 698 702 704 707 710 712 713 721 724 728 730 732 737 740 744 748 750 753 757 759 762 
225 228 257 265 276 289 293 296 299 315 319 323 327 329 331 334 339 340 345 346 350 355 358 361 365 370 373 383 390 393 398 400 416 417 420 423 426 431 436 443 448 453 458 461 464 465 469 474 478 482 486 487 490 494 499 501 507 511 512 514 519 522 525 531 533 536 538 539 544 556 561 564 568 569 572 575 578 580 586 588 589 593 596 600 601 605 608 612 614 618 622 629 632 638 642 644 650 652 656 660 666 668 672 673 677 683 687 691 693 694 696 701 703 708 709 712 715 717 722 726 729 733 735 738 741 747 751 752 757 758 761 765 
229 231 258 269 277 291 294 300 304 318 320 326 328 332 334 338 342 346 349 353 354 356 361 363 368 373 375 385 394 395 400 401 417 418 424 428 429 432 438 444 449 457 462 465 466 470 474 477 479 486 490 494 498 499 503 506 508 512 515 517 523 527 529 534 538 541 543 547 549 559 563 566 570 572 576 580 581 582 588 590 594 596 597 604 605 608 609 615 617 620 625 630 633 639 643 648 652 655 659 663 667 669 675 679 680 684 688 692 694 697 701 702 707 711 714 716 717 720 724 728 732 736 739 740 744 749 755 759 761 763 766 770 
232 234 262 270 281 293 296 303 305 320 324 330 332 336 339 340 344 349 350 356 359 362 363 366 370 374 378 387 398 400 403 406 421 425 428 432 436 438 439 446 450 460 464 467 471 474 478 482 486 488 492 497 500 501 504 508 510 515 517 519 526 528 532 535 541 544 546 550 554 560 566 568 571 576 579 582 583 587 590 592 598 602 604 607 609 610 613 619 620 623 629 633 637 641 647 650 656 659 660 664 670 672 679 682 684 686 692 694 697 698 703 706 709 714 717 718 721 723 728 730 733 738 741 742 745 751 758 762 763 765 767 771 
235 237 264 272 283 295 297 304 306 322 326 334 337 341 345 346 348 350 353 360 364 367 369 371 372 378 382 389 399 404 407 408 424 429 433 436 437 441 442 447 454 461 466 468 475 478 480 486 489 493 496 498 504 505 509 512 516 519 522 524 528 532 533 536 544 548 550 554 557 561 569 571 574 577 582 586 589 590 591 596 602 603 607 608 610 613 615 622 625 629 632 636 639 644 649 653 657 661 664 667 674 677 682 684 687 688 695 698 700 701 706 709 710 716 719 723 726 729 730 733 736 742 746 747 748 752 762 764 768 772 776 778 
239 242 266 274 285 298 300 308 309 325 329 335 338 342 347 348 352 354 355 362 365 369 372 375 376 381 384 391 403 408 411 413 428 430 436 440 443 445 447 451 458 462 470 473 478 481 485 488 490 495 499 502 508 510 511 514 519 522 526 528 529 534 538 542 545 551 554 558 561 562 570 572 576 579 586 589 590 591 592 600 603 607 609 611 614 616 618 625 628 630 633 637 640 647 652 655 660 662 665 670 677 681 686 687 690 691 699 702 703 705 708 710 713 720 722 725 729 731 733 734 737 743 750 754 756 760 766 768 769 774 778 780 
243 247 268 277 289 302 305 310 314 329 331 336 342 346 351 352 353 357 358 366 368 371 374 377 378 384 386 394 405 411 414 415 430 433 438 444 448 450 454 455 460 464 473 477 481 485 489 491 495 499 501 504 512 514 518 521 525 528 529 531 535 536 542 543 547 555 559 560 563 564 571 573 580 581 590 594 595 597 598 601 605 609 610 614 618 619 620 628 630 632 636 641 645 650 654 657 663 664 669 674 680 684 687 691 694 695 701 705 709 712 713 714 717 722 723 727 731 732 736 739 741 744 753 756 757 763 769 772 776 779 783 785 
247 251 270 281 291 305 307 314 317 331 334 339 343 350 354 357 359 363 367 370 371 372 375 381 385 389 393 397 407 412 415 419 434 437 441 448 450 454 455 458 464 466 474 481 485 488 492 493 497 501 504 505 515 519 522 524 529 531 535 539 543 545 548 550 553 557 561 562 564 568 575 579 582 586 593 597 598 602 604 606 609 612 615 617 620 624 625 629 631 636 640 645 649 653 656 659 667 668 673 675 681 686 690 694 698 702 704 707 710 713 717 721 722 726 729 732 736 739 742 743 746 748 755 760 761 767 770 773 777 783 786 788 
248 252 271 284 293 309 313 317 321 335 338 341 344 351 355 358 360 365 370 372 373 374 377 384 386 392 395 399 411 413 418 420 437 438 443 452 456 457 461 462 468 469 478 483 487 491 493 496 498 505 506 509 518 523 525 528 530 534 539 542 544 548 550 552 554 560 562 565 569 573 579 580 586 588 595 599 601 603 608 611 612 615 617 619 621 626 627 633 635 640 644 647 653 655 657 662 671 675 678 680 682 690 692 698 700 703 706 711 715 717 721 724 727 730 733 736 737 740 746 748 751 755 756 762 763 770 774 776 780 787 791 794 
250 253 273 288 294 313 314 321 324 339 341 344 347 355 358 361 364 369 372 375 377 380 382 386 390 394 396 403 415 416 419 421 438 441 444 456 458 462 466 470 472 473 479 487 490 493 494 499 502 507 509 510 519 527 529 532 533 537 540 544 545 551 555 556 560 561 564 569 572 574 582 584 590 592 597 602 603 605 612 614 617 620 623 625 628 631 635 636 638 643 645 649 656 658 660 664 673 676 680 682 685 694 697 701 705 707 711 715 716 719 725 729 730 731 735 739 742 745 750 753 755 758 761 765 769 771 777 779 784 790 794 795 
251 256 277 291 295 315 318 323 325 343 346 350 352 357 362 364 365 373 374 377 381 385 388 389 394 395 398 407 419 421 423 427 439 443 446 460 463 466 469 473 476 478 482 490 492 495 498 501 504 508 513 517 520 530 534 537 540 543 544 548 552 553 559 560 564 565 568 572 575 576 583 586 593 597 600 606 609 611 613 618 621 623 627 631 634 638 639 640 642 646 650 651 657 662 665 668 675 678 683 687 691 697 699 705 706 711 714 717 721 724 728 731 735 737 738 740 744 746 752 754 756 759 763 768 771 772 778 782 788 791 795 799 
254 258 279 293 296 318 321 324 327 346 347 351 353 359 363 367 368 375 376 381 384 389 393 397 400 402 406 411 422 426 427 430 441 444 448 464 467 468 473 475 480 481 484 491 494 496 502 505 508 511 515 520 523 533 537 539 541 547 550 554 555 557 562 564 568 572 576 578 580 581 584 589 594 599 601 607 610 613 614 620 625 628 632 633 637 640 644 646 648 652 653 656 659 666 669 672 679 683 684 691 693 699 702 706 710 713 715 721 724 726 729 733 739 740 743 746 750 753 754 756 757 760 765 769 772 775 782 786 792 794 798 801 
255 261 283 294 300 322 324 326 331 350 351 353 357 362 364 368 371 377 380 382 385 393 397 401 405 408 410 414 426 427 430 434 445 448 451 467 471 473 477 479 484 485 489 492 497 499 504 508 512 515 519 524 525 534 540 544 545 550 553 558 562 565 566 570 573 576 579 582 583 587 589 592 597 603 605 609 612 615 618 622 628 630 633 637 640 642 645 648 651 654 657 661 664 670 671 676 680 684 685 694 697 702 703 707 711 717 718 725 727 729 732 735 743 744 745 750 752 757 758 759 760 761 768 771 776 779 784 789 793 796 801 803 
256 262 285 295 304 323 328 332 336 354 357 358 362 366 369 372 374 381 384 386 387 397 398 402 406 412 415 419 429 433 435 438 446 452 454 469 472 477 478 480 485 489 493 494 500 502 507 511 513 516 522 526 530 536 541 547 551 554 558 562 564 566 568 571 574 579 581 585 587 590 591 596 599 607 610 613 616 618 619 624 631 632 637 638 641 644 646 649 652 658 661 664 666 673 676 680 682 685 688 697 699 705 707 710 714 718 720 729 732 735 739 741 745 746 749 751 753 759 761 765 768 770 773 776 780 784 788 790 796 799 803 807 
259 264 289 299 308 324 330 335 340 355 359 360 366 367 373 375 377 384 385 390 392 400 401 404 408 413 418 421 430 437 440 442 449 455 457 473 475 479 480 481 489 491 497 501 505 509 513 516 519 522 524 527 533 537 543 548 554 556 562 565 566 568 569 573 575 581 584 589 592 594 598 602 605 608 612 617 621 624 627 631 632 636 639 641 645 648 651 652 654 660 665 668 671 677 678 683 684 686 690 698 702 707 711 712 716 720 722 730 735 738 740 745 747 751 754 756 757 761 765 767 769 772 775 778 782 785 790 793 797 803 805 810 
262 266 292 302 311 327 333 336 341 356 362 363 368 372 374 378 380 385 388 393 395 402 403 407 411 417 422 423 433 440 444 448 452 458 459 477 479 481 485 487 490 495 499 503 508 510 516 520 521 524 527 528 535 538 546 551 556 558 565 569 573 576 579 580 583 585 587 590 594 595 601 604 606 612 616 618 623 626 629 633 637 639 642 644 649 653 657 659 662 664 668 672 674 681 684 688 692 693 696 699 704 711 713 717 720 722 725 734 737 739 742 747 750 755 758 759 762 766 768 769 770 774 776 780 786 790 793 795 799 807 811 812 
266 269 296 303 315 328 337 339 344 357 365 367 370 376 379 382 384 389 390 395 398 405 408 410 414 419 423 426 437 442 447 451 454 462 463 481 483 487 491 493 497 500 503 504 512 515 518 521 525 528 529 532 538 542 550 553 557 561 569 572 576 577 580 584 587 590 591 594 595 598 603 607 611 616 618 622 626 629 632 637 638 643 647 648 651 656 660 661 663 668 669 673 675 682 686 689 696 698 699 702 708 712 717 721 724 727 730 737 738 742 744 750 752 759 763 764 766 770 771 774 777 781 782 786 789 792 796 797 802 811 814 816 
269 273 299 307 316 329 338 340 345 359 369 372 374 379 380 385 389 392 395 399 403 408 411 413 418 421 425 428 438 444 448 454 458 466 468 484 485 488 493 494 501 505 507 511 514 517 521 524 527 531 532 536 541 544 551 557 559 563 572 575 580 582 586 588 589 593 596 597 600 603 605 608 613 619 622 626 629 633 635 640 643 645 648 649 655 660 662 664 667 672 674 676 680 683 688 693 700 703 705 706 711 716 720 725 728 730 733 739 742 743 746 751 754 760 764 767 769 773 775 779 781 783 786 788 790 793 799 803 804 815 818 819 
272 277 301 311 317 332 342 343 346 362 372 376 377 380 383 387 391 396 400 404 408 412 416 419 421 423 428 430 441 447 449 456 462 468 472 485 489 491 497 501 502 506 508 513 518 521 523 525 529 534 536 539 542 548 552 558 563 567 575 578 583 585 588 590 591 596 598 599 603 607 609 612 617 622 624 627 633 637 640 643 645 648 651 654 658 661 664 665 671 676 680 682 684 685 692 695 702 707 711 713 714 720 721 729 733 734 735 742 744 747 751 754 756 762 765 768 773 775 779 781 784 787 789 790 794 795 802 806 810 816 820 824 
275 280 302 312 320 336 344 347 348 365 373 380 383 387 390 391 394 397 401 407 412 415 418 423 424 428 430 432 445 448 452 459 463 470 473 488 493 496 501 503 504 507 512 517 521 522 525 529 530 536 537 541 546 552 554 560 567 568 576 580 586 589 593 595 597 600 601 603 606 609 610 614 618 624 626 629 636 638 641 644 648 650 652 657 662 665 669 673 674 678 684 685 688 691 694 699 704 708 713 714 715 721 724 730 734 735 736 745 746 751 752 757 758 764 769 772 776 779 782 786 788 789 791 793 796 797 803 809 814 820 821 828 
279 283 306 314 324 340 347 348 350 366 375 384 388 390 392 394 396 400 404 410 416 418 421 427 428 430 432 435 449 453 454 461 465 472 474 489 496 500 503 505 508 511 514 520 525 526 530 531 532 539 540 542 550 555 559 564 571 575 579 583 588 592 595 596 601 604 607 611 614 615 616 618 622 625 630 631 640 643 645 647 649 654 657 659 666 667 671 676 677 682 687 691 694 697 698 700 705 712 716 719 721 723 726 732 737 738 739 747 750 752 754 759 761 767 772 776 778 783 786 788 789 790 792 797 799 803 805 810 818 822 825 832 
280 285 307 316 328 344 348 352 354 369 379 387 390 392 395 396 398 403 405 413 417 421 424 428 429 434 435 439 451 456 459 464 469 473 476 490 500 504 506 508 510 514 515 524 527 528 534 537 539 541 545 547 553 557 560 568 574 579 582 584 591 594 598 601 604 607 608 615 617 621 624 626 630 631 634 638 641 644 649 653 657 659 660 661 668 669 673 678 680 684 691 693 697 700 703 706 708 714 719 722 724 726 727 734 739 740 741 750 753 754 758 760 765 769 773 779 780 787 790 792 796 797 800 804 805 806 809 813 820 825 827 836 
284 287 310 320 329 347 349 356 360 373 382 388 391 393 399 403 404 405 409 417 419 425 428 432 435 439 440 442 452 457 460 467 473 475 479 493 504 508 511 512 513 515 517 525 530 534 537 541 545 547 551 554 558 560 563 569 577 582 586 587 594 598 602 605 607 608 612 617 618 624 627 628 634 637 638 640 644 647 652 656 660 661 662 663 671 674 677 681 685 687 694 695 698 702 706 710 712 718 723 727 729 732 736 738 740 742 743 751 757 758 762 764 768 772 774 780 784 789 791 793 798 800 804 805 806 807 812 814 824 829 833 839 
287 291 313 322 330 348 353 358 362 375 385 390 395 396 403 404 408 412 413 420 423 428 431 436 439 442 444 447 456 459 464 469 475 476 481 494 507 511 513 517 521 523 526 528 531 537 540 544 548 549 554 555 561 562 566 573 581 586 588 589 598 600 605 608 609 613 617 618 621 626 631 633 635 639 642 643 648 649 655 659 661 662 666 669 673 676 681 683 689 691 698 699 702 704 710 711 716 720 726 730 733 734 740 744 748 751 753 754 758 760 765 769 772 776 780 784 787 792 795 797 799 802 807 809 810 814 815 818 828 830 835 841 
288 295 316 324 333 350 355 361 365 378 389 392 396 399 404 408 409 415 416 423 424 432 433 438 440 444 448 452 457 463 468 471 479 483 485 497 510 513 516 520 525 526 528 529 532 538 542 548 549 551 557 561 562 563 567 577 585 588 592 593 601 602 606 612 613 614 620 621 622 627 633 636 640 643 647 650 653 654 657 662 666 667 669 670 674 677 684 686 690 694 701 703 705 709 712 714 717 723 727 734 735 737 743 746 749 755 759 763 764 765 766 771 774 778 783 785 791 793 799 801 805 808 812 816 817 818 820 822 830 833 836 844 
290 296 320 326 337 354 356 362 369 381 392 394 398 402 405 409 411 418 420 426 429 435 438 442 446 449 450 454 458 467 472 476 481 484 487 499 512 516 519 523 529 531 535 538 539 542 543 550 553 556 561 562 565 566 571 581 588 589 596 600 603 604 610 613 614 615 622 626 630 633 636 639 642 647 650 652 654 657 658 663 670 673 676 678 679 682 686 689 693 698 704 707 708 713 717 720 723 724 728 735 737 741 745 750 752 756 763 766 770 772 774 777 780 782 785 786 794 796 800 803 808 809 813 819 823 827 830 834 835 837 838 848 
291 297 324 330 341 355 359 365 373 383 395 398 399 404 406 411 414 420 421 428 431 439 441 443 449 451 455 458 459 471 476 479 484 488 490 502 513 519 521 526 531 534 536 540 544 548 550 551 554 558 565 569 573 576 579 582 591 592 600 601 606 609 612 614 618 619 624 629 633 637 639 642 645 648 651 654 656 659 662 667 674 677 681 683 687 688 689 692 695 701 705 708 712 716 720 721 725 728 731 738 739 744 746 754 758 760 764 769 774 775 779 783 787 789 793 796 800 801 803 805 811 812 815 823 824 830 831 837 839 843 847 852 
292 299 326 334 343 357 360 367 376 385 396 401 402 408 412 414 416 421 422 432 435 440 442 444 452 456 459 462 465 474 478 483 485 490 491 504 515 521 522 530 532 538 542 546 548 549 553 556 558 561 566 570 574 578 582 586 594 598 603 607 611 612 616 617 619 621 628 631 636 640 644 646 649 650 655 658 661 663 664 668 676 680 684 685 688 692 696 697 700 705 708 710 713 720 724 726 727 732 734 740 741 748 750 756 761 765 768 771 778 782 786 788 790 791 794 797 802 805 808 809 814 817 821 824 826 833 836 840 843 846 848 856 
293 300 327 338 344 359 361 368 380 387 399 404 407 412 416 419 421 424 426 435 439 442 446 447 456 459 460 466 468 477 481 485 489 492 493 505 519 525 526 534 536 542 545 550 553 555 558 561 564 567 570 572 576 579 586 590 595 601 607 609 613 616 618 622 624 625 629 635 638 641 647 650 654 656 659 661 662 665 666 669 678 681 686 687 691 694 699 703 704 708 711 714 717 722 727 729 733 735 736 743 744 750 752 757 765 767 770 773 782 783 789 791 795 799 802 806 809 810 812 816 818 821 823 826 829 836 838 841 845 848 852 860 
296 301 331 340 347 361 364 370 384 389 403 408 410 413 417 421 423 427 431 436 441 446 449 452 457 463 465 468 472 479 482 486 492 495 498 506 520 527 530 535 538 543 547 553 555 557 559 565 568 572 573 576 580 581 587 594 596 603 611 612 617 618 620 625 627 629 633 639 642 644 648 653 657 661 664 667 671 674 675 678 681 683 689 690 693 698 702 704 706 709 715 716 720 724 728 731 735 739 743 744 745 754 756 758 767 770 771 776 783 785 792 793 797 800 805 809 812 814 815 817 819 823 825 828 833 839 840 845 848 851 854 864 
300 305 335 342 349 363 367 372 388 391 406 412 415 419 422 424 427 429 432 439 445 448 453 454 461 464 466 471 475 483 487 488 494 496 499 509 522 531 532 539 543 547 549 554 557 559 562 568 572 575 576 580 584 587 591 598 600 606 614 615 619 623 624 629 633 636 638 640 645 646 649 654 659 662 667 670 673 676 678 679 685 688 690 694 695 701 705 709 710 713 716 719 724 725 732 733 737 743 745 747 748 757 758 761 768 774 778 779 786 788 794 795 799 804 809 812 813 817 820 823 827 828 831 835 836 841 845 848 851 853 855 868 
302 309 336 345 353 366 369 376 390 392 407 415 418 420 425 427 428 433 437 441 447 449 457 459 463 466 467 473 478 486 491 492 498 500 501 511 525 533 537 541 547 551 554 556 560 561 566 570 575 576 579 583 585 588 593 600 603 608 616 620 623 626 628 631 635 640 641 642 648 650 654 656 663 666 671 674 676 680 681 684 689 690 692 696 700 705 707 710 713 717 718 720 725 726 736 739 740 744 746 750 751 760 761 765 770 777 782 783 789 792 795 797 801 808 812 814 817 821 823 827 830 834 836 839 842 846 848 851 855 856 857 871 
306 312 338 347 355 369 371 377 392 395 411 417 421 423 426 429 433 435 439 442 451 455 458 460 467 470 472 475 482 490 494 498 501 504 507 513 526 536 539 545 551 554 556 558 564 567 568 573 577 579 582 584 588 590 596 601 607 610 619 622 627 631 634 636 639 644 648 650 652 655 656 659 664 670 673 677 679 682 685 689 693 695 697 700 704 706 710 714 718 719 722 723 728 731 737 740 742 745 747 754 755 763 767 770 772 778 785 788 790 796 800 802 804 811 816 820 821 822 826 831 835 836 840 844 846 848 849 853 859 862 866 875 
310 314 340 351 357 373 376 378 395 399 415 421 423 426 427 432 437 439 440 443 452 456 460 462 470 474 477 478 486 493 498 499 502 506 508 514 528 538 541 548 552 555 559 563 567 571 572 576 580 583 584 586 591 592 600 603 608 614 623 624 631 635 636 639 643 647 652 654 657 660 663 667 668 671 676 681 682 683 688 690 696 699 703 704 705 710 713 718 720 724 727 731 734 738 739 744 747 750 751 756 760 766 768 774 778 780 787 792 796 798 802 806 810 815 820 822 826 827 830 833 839 843 846 848 851 854 855 859 862 863 869 876 
314 315 342 353 360 377 380 384 398 401 417 424 427 428 431 436 439 440 444 446 455 459 462 465 473 475 481 485 487 495 500 503 506 510 512 515 529 541 543 549 554 556 562 564 570 574 576 580 581 585 588 592 594 598 603 605 612 615 626 629 635 638 642 643 645 651 654 658 660 662 664 668 670 672 680 682 684 686 692 693 699 701 706 710 714 717 718 719 723 726 731 733 736 741 743 745 748 752 756 757 762 767 770 775 779 782 790 794 800 803 806 809 812 816 824 825 827 830 831 836 840 846 849 851 852 858 861 864 868 869 872 878 
315 318 343 355 364 378 384 385 400 403 418 428 431 433 434 438 441 443 446 448 458 461 465 469 477 480 485 487 489 498 501 505 510 511 514 517 530 544 547 553 558 560 563 566 573 578 580 581 582 587 590 595 599 600 605 607 613 618 628 632 639 642 643 644 648 653 655 659 661 664 666 669 672 675 684 687 689 690 693 694 700 705 709 713 718 722 723 727 730 731 735 739 742 743 747 751 753 757 761 763 765 771 772 776 780 785 792 796 802 807 809 812 815 818 826 829 831 835 839 842 843 848 850 853 855 860 863 868 871 874 878 880 
316 322 344 358 366 381 385 388 404 405 419 432 435 438 440 444 446 447 451 454 461 462 467 473 481 482 488 490 494 501 503 509 511 514 517 521 531 545 548 556 560 561 565 570 575 581 584 588 590 592 593 598 602 605 609 611 617 622 631 636 640 643 645 647 650 655 657 661 662 665 669 671 675 678 687 691 695 696 700 704 705 707 712 717 722 726 728 729 731 735 739 742 743 746 750 755 757 760 764 765 766 774 777 779 781 786 794 798 803 810 812 816 820 824 828 832 833 838 840 844 848 851 854 858 861 864 865 872 874 878 879 881 
319 323 347 361 369 382 388 392 405 408 423 436 437 439 443 446 447 448 454 457 462 465 469 475 482 485 492 495 497 503 507 510 515 518 521 523 532 549 550 558 562 564 568 573 577 584 585 592 595 596 598 599 606 610 614 617 618 623 634 638 641 647 649 653 654 657 659 664 666 667 671 672 677 682 689 692 698 700 704 708 710 711 716 719 725 730 734 737 739 742 746 747 750 753 755 756 758 763 768 771 775 779 782 783 784 787 795 801 807 813 817 818 822 827 829 836 839 841 845 848 850 854 857 861 863 865 868 874 877 880 881 885 
320 324 350 362 370 386 389 395 406 411 426 438 442 446 448 450 452 454 458 462 464 467 471 477 485 487 494 496 498 504 508 512 519 521 523 524 534 552 555 559 563 568 569 577 581 585 586 595 597 601 605 608 610 612 618 621 623 624 635 642 644 648 653 657 659 663 666 668 670 671 673 676 678 685 693 694 699 704 708 710 711 715 720 723 726 733 735 738 743 745 750 751 753 754 757 760 761 766 770 772 779 781 786 787 790 794 798 802 808 816 820 823 825 831 834 837 840 844 848 849 851 855 861 865 869 872 873 876 880 884 887 891 
324 325 351 366 373 390 393 398 408 415 427 441 446 447 449 451 456 460 464 466 467 470 472 478 487 488 498 501 505 507 510 516 523 525 526 529 536 556 559 560 565 570 573 578 582 587 591 596 598 605 606 610 613 615 621 622 626 629 636 645 649 653 657 658 662 665 667 672 673 674 678 679 681 689 694 695 702 708 711 715 716 717 723 725 729 734 737 742 745 748 753 756 760 761 762 765 767 770 772 774 783 786 788 790 792 798 799 805 811 819 822 825 827 833 837 840 844 847 850 852 855 858 864 867 871 873 876 879 882 888 889 893 
328 332 352 367 375 393 394 400 411 416 428 444 450 452 456 460 461 464 467 470 472 474 476 479 488 489 499 503 508 512 515 520 526 527 528 531 540 558 561 562 566 574 577 579 583 588 594 599 603 608 610 612 617 618 622 624 630 631 637 648 652 656 658 660 664 668 669 674 675 678 682 684 687 693 695 699 703 711 713 716 720 721 726 730 733 735 739 743 747 752 756 757 761 764 766 769 773 774 776 780 784 787 789 794 797 800 804 808 814 820 826 828 829 836 839 842 847 848 853 857 858 861 867 870 875 879 882 885 887 891 893 895 
