4 6 8 11 15 19 22 25 26 30 34 36 37 38 39 43 46 47 49 51 55 56 59 61 64 65 69 73 75 77 78 81 82 85 88 89 90 91 93 94 95 97 101 103 107 108 112 113 115 116 119 120 122 125 127 130 132 133 135 138 142 146 147 148 150 152 154 156 160 162 165 169 170 171 173 177 180 182 185 189 192 196 199 203 204 208 210 214 217 220 224 226 227 228 
7 11 13 17 19 20 24 29 32 35 37 40 43 46 50 53 57 59 62 63 65 67 68 70 71 73 76 79 80 81 82 86 87 89 93 97 98 101 103 105 107 108 112 113 116 120 122 124 128 131 134 138 141 143 147 148 152 156 160 162 166 170 172 174 177 181 183 187 191 195 197 199 200 202 204 205 207 211 212 216 217 220 221 225 226 227 231 235 236 238 241 245 247 251 
11 12 16 18 22 26 29 33 34 39 42 45 49 53 55 59 63 64 67 69 70 74 76 77 80 81 82 83 84 88 92 93 95 97 100 101 104 107 110 112 113 116 120 124 126 129 132 133 136 140 142 143 144 145 150 153 157 159 162 165 168 171 174 177 179 183 186 191 194 198 201 204 206 207 209 211 213 215 219 221 224 226 229 233 234 237 238 240 243 245 246 249 252 254 
13 14 18 22 23 30 33 36 37 43 45 47 50 55 57 62 67 70 72 73 77 80 83 84 85 86 89 91 95 97 98 101 104 106 109 113 114 118 121 122 125 126 128 130 134 136 138 140 143 147 151 155 158 161 163 165 168 171 173 177 179 180 183 186 189 192 195 196 197 202 206 209 211 213 214 217 220 222 225 229 230 234 237 239 242 243 247 250 252 253 257 260 263 266 
16 17 19 24 28 34 38 39 42 46 50 54 56 59 60 66 71 72 73 75 78 81 84 86 88 90 92 94 97 101 102 104 107 111 115 117 118 120 125 128 129 133 137 139 141 144 147 150 154 157 160 162 163 165 168 172 174 178 179 183 185 186 188 191 194 197 198 200 203 206 210 212 214 218 220 222 224 227 228 233 235 237 240 242 245 246 249 251 256 260 262 265 266 270 
20 21 25 27 30 35 40 41 46 48 52 56 59 62 65 69 72 73 77 79 81 82 88 90 91 92 96 97 98 103 107 108 109 112 119 121 125 126 127 130 133 134 141 145 146 150 153 156 157 161 162 163 167 169 172 175 178 179 183 187 189 191 192 194 197 200 204 206 207 211 213 216 220 224 226 229 230 232 235 238 239 240 241 244 249 251 254 256 259 261 263 267 271 273 
22 24 27 29 33 38 44 45 50 51 54 57 61 65 66 70 76 77 81 83 87 90 92 96 98 101 103 106 108 110 111 114 117 120 122 123 129 133 137 139 143 144 148 149 153 156 159 160 164 166 170 172 176 180 184 185 188 189 193 194 196 198 199 202 206 208 209 210 214 217 219 221 223 226 230 234 236 240 244 245 247 249 250 253 256 257 260 261 263 265 269 273 274 277 
23 25 30 34 38 40 46 48 52 55 56 59 65 67 71 72 80 81 85 89 92 95 97 100 104 107 110 111 113 114 115 118 120 123 124 125 132 134 139 143 147 150 154 158 162 164 165 169 171 175 178 179 182 184 188 191 192 196 199 203 205 209 210 214 217 220 223 226 229 233 234 235 239 243 245 247 249 251 253 254 255 257 261 265 266 270 273 274 277 280 284 287 288 289 
25 27 32 38 39 44 49 53 55 56 57 63 69 70 73 75 82 86 87 91 94 99 100 101 105 109 111 113 117 118 119 120 124 125 127 129 135 139 141 146 151 153 156 159 165 168 172 173 177 179 183 186 188 190 191 193 196 198 200 204 207 211 212 216 219 222 225 229 230 235 237 239 241 244 247 250 254 255 257 260 261 262 266 268 272 276 279 283 286 289 293 295 299 300 
27 30 33 39 42 46 52 57 61 64 65 69 71 73 76 78 85 87 89 95 97 102 103 105 109 112 115 116 121 122 125 127 131 135 139 140 144 145 149 153 154 157 160 161 169 173 177 179 182 184 187 188 190 194 197 199 200 202 205 207 211 213 214 220 223 225 229 232 236 239 243 244 246 247 249 254 256 260 262 266 268 271 275 276 278 281 285 287 289 292 294 296 300 301 
31 33 34 41 43 49 55 61 63 65 67 73 77 79 83 84 87 89 91 99 100 106 107 109 112 115 118 122 126 127 130 133 134 138 140 144 148 151 154 156 157 158 162 163 173 177 178 183 187 190 194 198 200 203 204 208 210 214 217 218 220 224 225 229 233 237 240 244 248 252 253 256 257 261 265 269 273 276 277 278 280 281 285 286 290 294 298 301 303 304 308 311 312 314 
32 35 37 43 46 52 58 64 65 68 71 75 79 80 85 89 93 94 96 103 107 111 113 114 118 121 124 126 129 132 135 138 140 141 145 149 150 152 157 160 163 164 168 172 177 180 181 184 190 191 196 199 204 208 212 213 217 220 222 225 226 227 230 234 237 241 242 248 251 253 254 259 260 265 266 270 274 278 279 280 281 282 289 292 294 295 302 303 305 309 312 316 317 318 
36 37 38 45 50 53 61 68 70 72 76 79 82 83 87 91 97 99 100 106 109 114 116 118 121 122 125 127 131 133 137 139 144 145 148 153 155 157 161 164 165 166 172 174 178 182 183 185 192 196 199 200 207 210 214 218 221 224 226 229 231 234 237 240 244 248 251 252 254 257 260 264 268 271 274 276 280 282 284 288 290 291 292 294 297 301 304 308 309 310 316 317 319 321 
38 42 44 48 52 56 62 71 75 79 81 82 85 89 91 94 99 103 106 107 112 117 121 123 125 128 129 131 132 135 141 142 148 150 154 157 158 162 166 170 172 174 176 178 180 183 187 189 193 200 202 206 208 213 216 221 224 227 229 232 234 238 242 246 247 250 253 257 260 262 263 266 269 274 276 278 282 284 287 291 294 297 298 302 304 308 310 312 314 318 319 322 323 325 
40 45 46 49 56 60 66 72 76 80 82 86 90 92 95 97 100 105 110 111 113 121 122 126 130 131 134 138 140 141 144 148 152 154 156 161 164 168 172 173 176 177 178 181 182 185 191 193 194 201 203 207 209 214 217 225 226 228 232 233 237 239 243 249 250 254 255 260 264 266 270 271 273 278 282 283 284 286 288 293 295 301 303 304 307 310 314 315 316 322 325 327 328 329 
43 49 52 56 60 64 67 73 79 84 86 88 92 93 99 100 103 108 112 113 116 124 127 131 135 136 138 142 145 147 150 151 153 155 157 164 166 170 175 177 179 182 185 186 187 188 192 196 200 204 206 208 211 216 218 229 232 234 236 239 243 246 247 253 255 257 259 263 266 270 272 276 278 282 283 284 288 291 292 296 297 304 308 312 313 314 315 316 320 324 327 331 333 337 
44 53 57 60 63 67 68 75 80 85 89 91 96 98 102 105 108 109 115 118 119 127 131 134 137 139 141 145 148 152 154 156 157 158 160 168 169 171 177 178 183 187 188 189 192 195 199 202 206 207 211 215 216 217 221 231 235 237 241 245 248 250 254 257 258 259 260 264 268 272 274 279 283 287 290 294 295 298 301 302 305 308 309 316 320 323 324 327 331 332 335 339 342 344 
47 54 59 64 66 69 71 77 84 86 92 93 100 104 105 109 113 117 120 121 123 130 134 138 141 144 146 150 154 156 157 158 159 162 164 172 174 176 179 181 184 190 191 195 199 201 205 206 207 209 214 219 223 224 226 235 236 241 243 249 251 254 255 259 262 265 269 273 277 280 281 285 287 291 294 296 297 301 302 305 308 309 313 319 322 327 331 333 334 335 336 342 345 347 
50 57 60 68 71 72 76 81 88 89 94 96 104 108 111 112 116 121 124 126 129 131 137 141 142 147 151 153 155 158 159 162 163 165 166 174 175 178 182 183 185 191 194 198 202 203 209 213 214 217 219 220 224 228 229 239 242 245 246 252 254 256 257 263 264 267 270 274 279 282 286 287 288 293 296 299 301 303 306 308 312 316 317 320 325 330 335 337 341 345 349 353 354 355 
51 60 64 69 74 75 78 82 91 92 98 101 105 110 113 116 119 125 127 130 131 132 141 143 147 148 154 157 159 161 164 168 171 175 179 183 187 189 193 194 198 202 203 205 207 210 213 215 216 221 225 227 230 233 236 241 244 247 251 254 255 257 259 264 268 271 272 278 282 283 289 292 296 300 302 305 307 308 312 314 315 319 322 323 326 334 337 340 342 349 352 357 360 363 
55 62 66 70 75 78 82 84 93 94 100 104 108 112 117 121 123 128 129 131 135 137 143 147 148 152 156 159 160 165 166 170 175 176 182 187 191 193 196 199 202 206 208 210 211 214 218 221 225 229 232 236 240 244 246 247 248 252 253 258 261 262 264 266 270 272 274 280 283 287 293 297 301 304 307 309 310 313 315 317 320 321 324 326 328 335 339 344 345 353 354 359 362 367 
59 66 68 73 78 80 85 89 94 96 102 108 109 115 120 122 124 130 133 137 139 140 146 149 151 153 157 162 163 168 171 172 179 181 183 189 192 196 199 202 206 207 212 216 217 221 224 226 227 233 234 240 244 247 250 251 255 257 260 264 268 271 274 277 278 282 286 290 292 293 296 301 302 305 311 312 313 317 320 323 324 328 330 334 337 339 343 345 346 354 358 363 364 371 
61 69 71 75 80 81 87 92 95 99 106 110 111 118 122 124 127 133 136 138 142 146 149 153 157 161 165 168 172 173 174 175 183 184 187 191 195 199 201 203 208 210 213 220 222 224 228 229 230 234 237 242 247 248 251 253 258 260 264 266 271 275 276 280 282 285 288 293 296 298 302 306 310 313 314 315 319 321 323 327 329 330 331 338 339 340 345 349 352 356 361 366 369 373 
65 73 75 78 83 86 88 93 96 100 110 113 115 122 125 126 129 136 137 140 146 147 153 156 159 165 166 172 173 174 176 177 184 185 189 195 199 201 204 207 211 213 214 221 223 226 231 235 239 241 242 246 250 251 253 256 260 261 267 269 275 278 280 284 285 286 289 296 300 304 308 312 315 316 320 321 322 324 327 329 332 334 338 339 340 342 349 352 353 360 364 368 372 377 
67 76 77 81 87 89 90 96 97 104 113 116 118 123 129 130 132 138 139 143 150 154 157 161 165 168 172 175 179 180 182 183 185 186 190 196 200 205 207 209 213 216 217 225 228 230 233 237 242 245 249 251 254 255 257 261 262 265 269 273 279 281 284 286 288 290 291 299 304 308 310 316 317 321 325 329 333 335 336 338 340 344 347 349 350 353 357 358 362 366 367 370 373 381 
70 79 82 83 91 95 96 100 103 107 115 120 121 124 133 137 139 141 143 145 153 157 161 165 166 170 173 178 182 186 189 190 192 196 197 198 202 207 211 215 216 220 224 229 230 234 236 240 245 246 250 254 255 259 262 263 265 267 270 277 283 287 289 292 294 297 300 304 305 309 313 320 324 327 331 333 335 338 340 342 343 345 350 352 353 354 358 360 366 369 372 373 375 382 
71 80 85 87 92 96 97 102 107 110 117 123 125 129 137 140 142 144 146 150 156 159 165 169 171 175 177 180 186 189 192 196 197 198 200 204 206 209 214 219 220 223 226 230 234 236 237 242 249 253 257 260 261 262 266 269 273 275 279 280 284 289 292 293 297 299 304 305 308 311 314 322 327 331 333 337 340 344 347 350 352 354 358 360 363 364 365 369 370 374 375 376 380 384 
73 81 87 88 95 97 98 103 111 115 121 125 129 133 138 144 145 148 149 153 157 162 166 170 173 177 181 182 190 192 194 198 200 201 203 205 208 210 218 220 222 227 229 234 235 240 242 243 252 254 259 262 263 266 267 273 274 276 283 285 288 292 294 298 301 304 307 309 311 312 318 326 330 333 334 341 343 345 351 355 359 362 366 370 373 377 380 381 384 387 388 390 393 395 
75 85 90 93 97 98 102 105 114 117 124 129 130 135 142 148 152 154 158 160 161 165 168 172 175 181 185 188 194 195 198 200 203 204 207 211 214 215 220 224 227 230 232 235 237 244 245 247 253 256 260 265 266 269 272 277 278 281 285 286 290 294 297 302 303 305 311 312 316 320 322 330 333 334 336 345 348 351 352 359 361 363 370 373 376 378 382 384 386 389 390 393 396 397 
76 87 92 94 99 103 106 110 118 120 126 133 136 138 144 152 156 160 164 168 169 171 173 175 179 184 189 190 195 198 202 204 206 209 210 213 218 222 223 227 230 234 236 240 241 247 248 249 256 259 264 267 269 272 276 278 280 285 289 293 297 299 302 305 306 310 313 316 318 322 325 333 334 337 339 348 351 354 356 360 363 367 372 377 379 383 387 390 392 395 396 399 400 403 
78 91 93 98 102 104 109 111 122 125 128 136 140 142 148 153 158 162 167 170 174 175 178 179 180 185 191 195 196 202 205 207 210 212 213 214 219 224 226 230 232 238 239 242 245 249 250 254 260 262 267 269 273 277 278 279 284 287 290 294 301 305 308 310 312 315 317 320 323 325 326 334 337 338 340 352 353 357 360 364 368 370 374 378 383 385 390 392 396 399 401 404 405 409 
80 92 96 100 104 107 112 113 125 129 133 138 141 144 151 154 161 165 168 172 176 180 183 187 191 192 196 197 199 206 210 211 213 217 219 221 222 226 230 231 235 239 241 245 247 252 255 258 264 267 269 272 275 280 283 287 290 292 293 297 304 306 309 312 315 319 323 327 329 332 335 337 341 345 348 356 360 364 366 368 370 371 376 380 387 391 392 396 400 401 404 408 410 413 
81 96 97 101 106 110 115 118 126 131 137 139 143 145 155 159 163 169 170 174 178 183 184 188 194 195 197 198 202 210 213 216 220 222 226 227 231 233 234 236 238 243 245 249 250 254 256 260 268 272 276 278 279 283 286 289 293 294 296 299 305 309 313 314 318 321 326 329 330 334 336 341 345 349 350 360 363 367 370 371 374 376 379 381 389 395 398 401 402 403 406 411 415 417 
85 100 101 102 110 111 117 120 129 135 141 142 144 146 158 162 166 170 174 177 181 186 190 192 195 199 203 204 208 214 215 218 221 224 230 232 236 237 240 244 247 248 250 253 255 258 261 263 272 274 277 280 282 286 289 293 297 300 302 303 306 312 314 316 322 326 330 333 337 338 340 343 347 350 351 361 364 370 371 374 375 380 384 388 390 398 401 402 405 409 412 416 417 421 
88 102 106 107 113 117 121 125 132 137 142 143 148 151 160 164 170 173 178 181 184 190 194 197 198 200 205 209 210 217 221 225 228 229 231 234 238 240 243 248 249 250 251 254 258 261 265 266 274 278 280 281 286 289 291 296 301 304 308 310 313 314 317 319 326 329 332 336 339 343 347 349 350 354 356 362 368 374 378 379 383 385 387 391 392 402 405 407 410 412 415 418 419 425 
91 104 109 112 115 118 124 128 135 138 146 147 149 153 164 165 172 174 181 183 185 192 196 200 204 208 211 213 217 221 224 226 231 233 234 238 241 244 245 250 253 257 260 261 262 263 266 268 278 282 283 285 289 290 295 298 304 305 310 313 317 321 322 326 330 331 333 337 341 347 348 350 352 355 360 365 372 377 379 380 387 391 394 397 399 405 407 411 413 415 416 420 421 428 
92 107 111 116 120 122 127 131 138 141 150 153 154 156 166 167 173 176 182 185 186 194 198 204 208 209 213 216 219 222 226 227 234 236 237 239 245 248 252 256 258 259 261 265 267 268 269 270 279 284 285 286 292 294 297 299 307 309 312 315 318 322 326 329 334 336 338 340 344 350 352 354 356 358 362 369 375 380 381 382 391 394 395 399 401 406 408 415 418 422 425 426 428 429 
94 111 114 120 121 123 131 132 140 143 153 155 159 163 170 172 175 180 186 189 190 198 199 207 212 215 218 221 223 226 229 232 238 241 245 249 253 256 257 259 263 266 267 268 269 270 272 273 283 285 287 291 293 295 301 305 310 312 315 317 319 323 330 333 335 340 341 345 346 352 356 358 361 363 367 371 377 383 385 386 394 395 397 402 403 410 413 419 421 426 428 429 433 435 
96 113 116 123 125 127 135 139 143 147 155 156 161 167 173 175 178 183 189 190 193 199 203 211 216 220 222 226 230 232 234 235 241 245 248 250 256 257 258 262 267 268 270 273 277 278 281 282 284 286 290 294 298 299 302 308 311 315 316 320 324 327 331 337 341 342 343 346 349 356 359 361 365 368 370 374 379 387 389 390 396 397 399 404 405 414 417 420 425 430 432 434 437 441 
97 115 120 124 126 128 139 140 144 151 157 158 165 170 174 179 180 187 193 195 199 201 206 212 217 223 225 228 234 235 238 241 244 247 250 253 260 263 265 268 271 274 276 278 281 284 288 291 294 298 299 301 305 307 310 311 315 319 321 324 325 330 333 340 343 346 347 349 352 357 360 364 369 373 375 378 382 389 391 394 397 399 402 408 412 415 418 424 426 434 436 439 441 445 
98 119 124 125 129 130 142 145 149 152 160 161 168 171 175 181 182 190 194 199 200 205 209 213 218 225 226 232 238 240 244 245 248 251 254 256 262 265 268 271 273 277 278 280 282 285 289 295 299 301 302 303 307 311 315 317 321 323 325 328 330 332 335 344 346 347 348 350 353 359 364 366 373 375 379 383 387 390 395 399 403 407 409 411 413 419 420 425 427 437 441 443 445 446 
100 121 126 130 134 136 144 148 152 156 161 165 169 173 176 183 186 191 196 202 203 207 210 214 219 229 232 233 240 241 248 251 255 258 261 262 264 268 270 272 277 280 284 286 289 292 293 297 302 306 309 311 313 317 321 323 324 325 327 331 332 335 338 348 351 354 355 356 360 361 365 367 376 377 381 384 389 394 399 403 406 409 412 416 420 423 427 428 431 439 445 446 450 454 
103 123 127 133 137 140 145 150 156 157 163 169 173 174 180 187 188 193 200 204 206 209 211 217 222 230 234 235 241 243 249 253 258 259 263 264 266 269 271 274 278 281 285 288 291 293 297 299 305 309 313 316 320 321 323 324 326 328 331 335 337 341 343 349 355 359 361 363 367 368 370 372 378 382 385 386 390 396 400 407 408 412 415 419 421 427 430 431 435 442 446 450 453 457 
105 125 128 137 140 141 147 151 159 162 167 170 175 177 184 189 193 196 202 205 207 212 213 220 224 231 236 237 245 249 252 254 259 260 265 266 267 271 275 279 281 285 289 293 295 299 300 301 309 313 316 317 322 326 328 332 335 338 342 345 346 349 352 353 358 360 365 368 369 373 376 380 384 388 391 395 398 401 402 410 411 416 419 423 425 429 432 436 437 444 449 453 457 459 
106 129 130 140 142 143 150 153 160 164 170 172 178 181 185 192 197 199 206 208 209 216 220 224 225 233 238 239 249 252 253 257 261 263 266 270 272 276 279 283 285 287 293 297 299 303 304 307 311 317 318 322 326 327 330 335 337 340 346 347 348 352 353 356 359 363 367 371 373 375 377 381 385 392 393 398 402 403 407 411 414 419 423 425 427 431 435 438 442 448 451 456 461 463 
108 131 134 144 145 149 151 154 161 168 174 178 180 183 186 194 200 201 207 209 212 218 221 228 229 234 242 243 252 256 257 258 264 265 269 273 277 279 282 285 287 289 296 299 302 306 308 311 313 321 324 328 329 332 335 338 342 343 349 351 355 359 362 363 366 368 370 375 376 380 381 385 389 396 398 400 406 407 409 415 418 420 424 427 430 433 439 441 443 452 453 458 465 469 
110 133 136 148 152 153 157 158 162 172 178 181 185 189 191 196 201 204 211 214 216 222 223 231 235 237 244 248 255 258 260 261 265 269 273 274 278 283 286 288 292 295 298 300 303 309 310 315 317 323 325 329 330 335 337 342 345 346 353 357 361 365 368 369 370 374 378 382 386 388 391 392 395 398 402 403 409 410 412 419 421 422 427 430 434 436 440 445 448 453 455 462 467 471 
112 136 137 151 155 158 159 162 166 176 181 185 188 193 194 200 203 206 213 218 220 223 224 234 237 240 247 251 257 261 263 264 269 271 277 280 281 285 289 293 295 299 302 306 307 310 312 318 322 327 329 332 336 337 338 345 349 353 355 358 363 369 370 373 375 378 379 386 388 390 394 398 402 403 407 409 410 414 417 422 423 426 431 434 437 439 442 447 452 456 459 464 470 473 
115 138 142 155 158 160 164 166 167 179 182 188 189 196 197 201 206 207 216 222 224 226 229 236 240 241 248 254 261 262 264 267 272 274 279 282 285 288 292 294 298 300 304 310 313 314 316 321 323 329 332 333 340 343 347 351 354 357 360 361 367 371 375 377 381 384 388 391 393 397 399 401 405 406 411 412 415 417 419 425 426 429 432 435 438 443 447 449 453 457 462 466 474 475 
116 140 143 159 161 164 166 169 171 181 185 192 196 199 203 207 210 212 217 225 229 230 231 239 241 245 249 258 262 266 270 273 275 278 281 286 287 289 295 297 299 301 306 311 315 316 319 325 326 330 335 339 342 347 351 355 359 363 366 367 368 375 377 381 382 388 390 395 399 400 401 404 407 411 413 416 420 422 424 428 432 434 437 439 442 444 451 452 456 459 464 468 476 479 
117 142 147 160 164 166 170 174 175 185 186 194 199 200 206 210 211 213 221 226 232 235 237 243 246 247 253 260 266 269 273 277 278 281 284 289 290 293 297 298 302 306 308 312 317 318 322 329 331 333 338 340 344 351 353 358 362 367 371 373 375 378 381 383 385 391 392 399 400 404 406 409 413 415 416 420 422 423 426 429 433 436 439 443 445 446 455 456 457 463 467 469 478 482 
118 144 149 163 168 169 173 178 179 186 190 196 200 201 209 211 215 219 224 229 233 236 240 244 248 251 257 263 267 270 274 281 282 286 287 291 292 295 299 301 306 310 311 313 318 320 325 330 335 336 340 343 347 355 358 360 365 370 374 375 376 380 385 387 391 393 396 402 406 409 412 415 416 418 421 425 429 431 435 436 440 443 445 449 452 453 459 461 463 466 470 473 481 485 
121 148 151 167 169 173 176 182 185 188 192 198 201 204 212 213 217 220 225 231 235 240 244 248 249 254 259 265 271 274 277 282 285 289 290 295 298 300 304 306 308 313 315 317 319 323 326 332 339 342 346 347 349 357 360 363 366 372 378 381 383 384 388 391 393 396 399 406 410 411 414 419 421 423 427 430 432 435 437 441 442 447 448 451 454 458 461 465 468 472 474 478 484 489 
124 151 153 169 171 175 178 186 187 190 196 199 205 206 215 216 221 222 227 235 236 243 248 252 255 258 262 266 274 278 282 286 288 293 296 299 301 304 307 308 311 316 317 318 322 324 328 334 342 343 348 350 354 359 362 365 370 375 382 386 388 392 396 399 400 404 405 410 412 415 418 422 426 428 429 433 437 441 442 443 445 448 452 456 460 464 468 472 474 475 477 482 486 490 
128 154 157 173 177 178 179 190 192 196 197 203 206 210 216 217 222 226 231 239 242 247 250 254 256 262 264 270 278 279 285 287 292 297 299 302 306 309 310 313 317 318 321 322 323 328 330 338 343 344 349 352 358 361 365 369 374 376 386 389 393 394 397 401 404 406 409 414 415 417 420 424 430 431 432 435 439 445 449 451 454 457 461 463 467 471 475 476 480 484 485 489 491 495 
129 155 158 175 181 184 185 194 198 199 200 205 208 211 217 221 223 227 232 242 243 248 251 255 257 264 266 272 280 282 286 288 293 301 302 304 309 310 313 317 318 319 325 328 332 336 337 342 345 346 353 356 362 366 368 373 376 377 390 392 394 397 400 403 406 407 411 415 418 421 424 428 431 432 436 437 441 448 452 456 460 462 466 470 472 473 478 480 481 486 487 491 493 497 
133 158 160 178 182 188 191 195 201 204 206 207 211 213 220 223 226 230 235 245 249 251 252 258 260 268 272 275 283 286 288 291 296 303 304 305 311 315 316 318 321 322 329 330 333 339 343 346 350 353 354 360 365 370 371 375 380 382 391 394 398 402 403 405 408 409 414 419 423 424 425 432 434 438 440 444 448 452 456 458 464 468 469 472 473 476 481 483 487 489 490 494 497 501 
137 161 164 182 183 189 195 197 203 208 212 216 220 222 224 227 231 233 237 248 250 254 258 260 262 270 274 278 285 288 289 295 299 305 308 310 314 319 323 327 331 335 336 338 340 344 345 349 352 357 361 365 369 371 375 378 382 384 393 395 401 404 405 408 411 415 417 421 425 429 430 434 435 439 441 447 449 453 460 463 468 470 474 476 477 478 484 487 488 493 497 500 503 505 
141 165 169 183 186 190 197 199 207 212 216 218 223 224 228 230 235 236 241 249 254 257 262 263 264 274 278 282 287 291 294 297 301 309 311 314 315 323 327 329 333 337 338 341 345 348 352 353 356 361 363 366 370 372 378 382 383 385 395 399 402 408 412 413 415 419 421 422 428 430 433 437 440 441 442 449 450 454 461 467 471 475 478 481 482 483 487 488 490 494 499 504 507 509 
142 168 171 186 187 193 200 204 210 216 218 221 226 227 229 231 239 241 242 251 256 259 266 268 271 278 279 285 288 294 297 298 305 310 315 317 319 326 331 334 338 340 344 345 348 351 356 359 362 363 365 367 373 377 380 383 384 388 399 402 403 411 416 418 420 422 423 425 430 433 435 439 441 445 448 452 455 459 465 468 474 477 480 482 485 486 489 493 494 497 501 505 511 513 
144 170 174 190 192 195 203 208 213 219 220 223 229 232 236 237 242 244 248 253 258 261 270 271 274 282 284 286 290 297 301 304 306 312 317 321 323 327 334 335 339 344 348 349 353 356 358 363 365 367 371 374 376 380 384 386 387 389 403 406 407 412 418 422 425 427 431 434 438 439 443 446 449 452 456 459 461 464 466 470 476 479 481 484 487 490 492 496 497 500 502 507 515 517 
146 172 176 194 197 201 204 212 214 221 222 225 231 234 240 243 247 251 252 254 259 265 271 274 276 285 288 290 291 301 302 308 310 316 321 324 327 331 336 340 341 348 352 354 357 359 360 367 369 372 376 377 380 381 386 390 393 396 405 409 411 416 421 423 427 431 435 436 440 441 446 448 453 457 461 462 466 469 472 475 477 482 484 488 490 493 496 497 501 504 508 509 518 522 
150 173 179 198 199 203 206 214 218 223 227 230 233 237 244 246 250 254 256 259 260 268 272 278 279 288 291 294 296 304 305 311 312 317 325 327 330 335 339 342 346 350 356 360 363 366 370 372 373 374 378 382 383 384 388 394 397 398 406 413 414 417 424 425 430 433 437 439 441 445 449 450 457 458 462 465 467 471 473 477 478 486 490 492 494 495 497 498 502 506 509 510 521 524 
152 177 183 201 204 208 212 218 220 224 228 232 235 241 247 250 254 257 258 262 265 272 276 282 283 290 293 295 299 307 311 314 315 319 328 329 334 338 340 343 347 352 358 362 366 368 373 377 379 383 385 387 389 393 396 398 402 404 409 415 419 422 426 428 431 434 438 441 442 447 450 454 459 460 463 466 470 475 476 478 481 488 493 497 500 503 506 508 510 511 513 516 523 525 
156 179 184 205 206 210 216 220 223 226 229 234 237 244 249 253 257 261 264 267 268 275 278 283 287 291 295 298 302 308 315 316 317 322 332 333 335 341 343 347 350 356 362 364 370 374 375 381 383 387 389 393 397 399 400 402 404 407 410 417 421 424 428 432 435 438 439 444 445 450 453 455 463 467 470 473 474 476 479 482 486 492 497 500 504 508 511 512 516 519 521 525 529 533 
159 180 185 208 209 211 219 224 228 230 234 237 240 248 252 256 259 262 267 269 271 279 283 287 289 294 298 299 305 309 318 319 320 325 333 335 339 342 345 350 352 359 366 370 374 375 377 383 386 388 391 397 401 402 403 405 409 413 414 419 423 428 429 436 437 441 443 445 447 453 457 459 465 471 472 474 476 479 481 486 488 494 498 504 508 512 514 517 518 520 524 528 531 537 
163 181 189 209 211 214 220 228 231 232 236 238 242 250 255 258 260 263 270 272 276 283 284 291 293 295 301 304 306 310 320 322 326 327 335 337 340 344 349 351 354 363 367 373 377 380 383 385 390 394 395 401 402 403 406 407 411 415 418 420 426 432 434 439 441 443 446 447 451 454 459 461 466 474 476 477 478 483 486 490 492 498 500 508 512 516 520 524 528 532 535 538 542 544 
165 185 193 210 215 216 222 230 234 236 237 240 243 254 257 262 266 268 271 275 280 287 289 292 297 299 304 306 308 312 323 324 327 329 339 341 345 348 350 355 358 367 369 377 381 383 384 389 394 396 399 402 406 407 408 409 412 417 421 423 428 433 437 441 443 446 448 449 455 457 462 463 469 478 479 481 484 485 489 492 494 502 505 511 516 519 521 528 529 534 539 541 544 546 
168 188 194 214 216 220 225 232 235 237 240 243 246 256 261 263 269 273 277 281 283 291 294 297 301 305 306 310 314 317 325 329 331 333 342 343 346 349 353 357 362 368 370 380 383 385 388 393 395 399 401 406 409 413 416 417 418 420 425 428 431 435 439 442 446 450 451 455 456 461 465 467 472 479 483 485 486 489 492 496 497 505 506 515 517 521 523 532 535 536 543 546 547 549 
171 192 198 217 221 222 228 236 240 244 247 248 251 259 263 266 271 277 279 285 289 294 297 298 304 309 310 313 316 321 326 332 334 337 346 350 353 356 359 362 365 370 371 383 384 388 391 394 398 402 404 409 410 417 419 421 422 424 429 432 434 438 440 445 449 453 457 460 462 466 467 471 474 480 485 488 492 494 495 497 500 508 512 516 521 524 526 536 540 543 547 548 549 551 
175 193 202 221 224 225 229 238 242 246 249 252 253 261 264 270 274 280 282 287 291 297 301 305 309 312 315 318 322 325 327 334 337 340 347 354 358 361 365 366 367 371 374 385 387 390 395 399 401 403 407 412 413 420 421 424 425 427 431 433 438 441 442 447 451 454 460 463 466 470 471 475 476 482 486 490 493 496 498 500 501 509 516 517 525 527 528 539 541 544 548 552 555 557 
178 194 204 222 227 230 234 242 244 250 252 255 259 262 265 274 278 281 284 291 294 298 303 307 310 315 317 319 323 329 333 338 339 342 349 357 359 365 369 372 373 376 377 386 389 391 399 401 404 407 410 416 417 422 423 425 428 429 435 436 439 444 446 451 453 457 463 465 467 472 474 479 481 484 490 493 497 498 502 504 505 511 519 520 528 531 532 541 543 548 550 554 556 561 
180 196 207 225 230 234 238 245 247 252 253 258 260 263 266 278 279 285 288 295 299 300 306 310 312 318 321 324 326 330 336 342 345 346 352 360 362 369 371 375 377 381 383 388 391 392 401 403 407 408 414 417 421 426 430 434 438 439 442 446 448 451 452 456 459 463 467 470 471 475 477 483 486 489 491 496 499 502 506 508 510 515 523 526 532 536 540 543 547 552 556 560 563 567 
182 199 210 227 233 236 239 247 249 254 256 261 265 268 272 282 283 287 291 299 301 302 309 311 315 321 325 329 333 337 341 345 348 349 353 364 367 372 376 377 380 385 389 392 394 397 402 406 410 411 415 419 423 428 431 435 442 444 447 448 450 453 455 459 461 464 470 471 475 478 479 484 488 490 495 498 502 506 507 509 513 518 526 529 534 539 543 547 551 555 560 562 566 568 
186 201 214 229 236 238 242 250 252 256 260 262 266 269 276 285 286 289 293 301 305 307 312 314 318 322 327 330 334 339 342 348 349 350 357 368 370 374 377 378 382 387 393 394 395 400 406 407 413 417 420 423 425 432 433 439 446 447 449 452 456 459 462 463 466 469 473 474 479 480 484 488 491 495 497 502 505 508 510 511 515 522 527 533 537 541 547 551 555 559 563 567 570 573 
187 202 216 231 238 242 246 251 253 257 263 264 270 273 278 289 292 293 297 304 309 312 314 315 321 323 328 334 338 340 345 349 351 352 361 371 375 376 380 381 385 391 396 397 398 402 407 409 415 420 421 427 428 435 439 441 448 451 453 456 459 463 464 468 472 474 476 479 481 482 487 492 494 499 503 505 507 509 513 515 519 524 530 536 539 543 549 554 558 562 564 570 574 578 
189 206 220 235 239 246 250 252 256 261 264 268 273 277 279 291 293 295 298 306 311 315 318 321 325 327 329 337 341 345 346 352 354 358 363 373 378 380 384 385 389 393 399 400 402 403 411 414 417 423 427 430 432 437 442 446 450 453 455 460 464 466 470 473 474 475 477 481 482 486 490 494 498 503 506 509 513 517 518 520 521 528 534 537 543 546 553 558 561 564 567 572 577 582 
191 207 224 239 243 247 253 254 260 263 268 270 276 280 284 295 299 301 302 310 315 319 322 323 327 330 332 339 342 348 351 355 358 359 366 375 380 383 388 392 395 397 401 405 406 409 414 417 419 424 429 432 436 439 444 448 452 454 458 462 467 468 473 475 476 478 479 485 486 487 492 496 499 504 509 511 514 519 521 522 526 529 535 538 546 547 556 561 563 567 569 574 581 586 
192 211 226 241 246 251 255 256 264 265 269 271 277 282 286 296 302 306 310 313 318 321 325 327 331 334 338 341 346 350 352 357 361 362 368 376 382 387 389 396 398 401 403 408 410 414 415 419 422 428 430 433 440 444 446 449 454 458 460 465 471 475 476 480 483 485 488 490 492 495 496 497 502 507 512 515 518 520 524 527 528 533 536 541 550 551 558 562 564 569 571 577 583 590 
195 213 229 244 248 255 259 263 266 268 272 274 281 285 290 300 304 308 313 316 319 322 326 330 335 337 342 344 348 351 353 358 364 365 369 378 386 389 391 398 400 404 406 411 415 416 420 423 425 430 433 437 444 446 449 453 456 461 464 467 473 478 479 484 486 489 492 494 498 502 505 508 511 515 519 521 523 525 527 529 533 534 537 542 553 556 561 566 570 572 574 581 584 594 
198 216 230 245 250 256 262 265 268 271 275 276 282 288 294 303 308 310 317 319 321 326 330 332 338 342 344 346 352 355 358 359 368 372 374 381 389 390 393 399 403 405 409 415 419 421 424 427 429 432 436 441 447 450 453 457 461 464 466 469 474 482 485 488 491 493 494 497 500 506 507 512 515 519 521 523 526 527 529 530 535 536 539 546 556 558 564 569 571 575 578 584 587 598 
199 217 231 248 251 260 266 270 271 275 277 281 286 290 297 307 310 311 321 322 326 328 334 337 341 345 347 350 355 359 360 364 370 375 376 383 392 396 397 403 407 411 414 418 420 422 427 429 433 437 438 444 450 454 456 461 464 468 470 474 476 486 487 490 494 495 497 501 502 508 509 516 518 520 522 525 528 532 536 538 541 542 545 549 559 561 567 573 575 579 582 587 591 601 
200 218 235 250 254 261 269 272 273 278 282 286 288 293 300 311 314 317 322 325 330 333 336 341 344 348 349 352 356 360 361 367 374 376 380 386 394 400 402 405 411 412 417 419 423 425 428 431 437 439 441 446 452 457 460 463 467 471 474 476 480 490 491 495 498 500 503 506 508 510 514 519 523 527 529 532 536 537 541 545 549 550 551 552 561 563 570 576 579 582 586 588 595 602 
203 220 236 252 258 262 271 273 277 282 283 288 290 294 301 313 316 319 325 329 331 336 340 342 346 352 356 359 361 365 367 371 375 377 382 389 397 403 405 407 415 417 419 420 427 431 435 437 440 441 443 449 454 458 464 465 471 472 475 478 482 494 497 498 501 504 508 512 516 518 520 522 527 531 535 536 539 542 546 547 551 554 557 559 564 567 574 580 582 584 590 592 596 606 
204 221 237 256 262 266 272 275 280 285 288 290 294 295 305 316 319 322 328 331 335 340 344 347 348 356 359 360 363 366 370 372 376 380 386 391 401 405 407 411 419 421 423 425 431 433 436 441 443 445 446 451 458 461 466 468 473 475 476 480 486 496 499 501 504 507 509 515 517 519 524 525 530 534 536 538 540 544 550 551 553 556 560 563 567 570 575 584 586 587 593 595 597 608 
205 222 240 258 266 269 276 279 281 288 291 294 296 297 306 318 322 323 331 332 339 343 347 351 353 358 362 363 366 370 374 377 379 382 388 395 402 406 411 415 420 423 426 427 432 435 439 443 444 449 451 452 461 465 468 469 475 477 479 484 490 497 502 505 507 509 513 516 520 522 525 529 534 536 538 540 542 548 553 555 559 563 567 568 571 572 577 586 590 591 596 597 601 611 
209 225 241 262 268 272 277 282 284 289 294 297 299 300 308 322 324 325 332 335 342 344 349 353 355 361 363 365 368 374 375 380 382 386 391 399 403 407 413 416 424 425 428 429 433 439 441 444 445 453 456 458 465 469 470 472 477 481 485 487 494 500 503 506 509 510 516 519 521 524 526 531 537 540 541 542 545 550 554 559 562 567 570 572 576 578 582 587 591 594 599 602 606 614 
213 228 242 265 272 276 281 286 289 291 297 299 300 304 309 326 328 332 334 337 345 347 353 354 358 364 368 369 372 377 381 384 388 390 392 403 404 408 416 420 428 430 431 432 435 440 444 446 450 455 457 459 467 473 475 479 482 484 486 491 495 504 505 509 512 515 519 520 522 528 530 534 539 543 546 547 548 552 556 562 563 568 571 574 577 580 585 591 594 597 602 604 608 617 
214 232 244 267 274 278 284 289 292 296 301 303 305 308 313 327 329 336 339 340 349 351 356 360 363 365 371 374 377 381 382 388 392 393 394 407 410 413 419 422 430 431 432 435 438 444 445 450 453 456 459 462 471 474 478 480 484 485 489 493 498 505 506 511 516 518 523 525 526 529 532 536 541 546 548 549 553 556 560 565 568 572 575 577 579 583 586 595 599 600 605 608 611 621 
215 236 245 271 276 279 288 293 294 299 302 304 309 310 314 331 334 338 341 343 351 355 360 364 368 369 374 376 379 384 385 390 394 398 402 411 415 418 420 426 431 435 437 439 440 447 451 452 456 458 461 466 474 477 479 481 488 492 493 497 499 507 508 514 518 520 526 529 533 537 538 542 543 548 552 556 557 558 563 568 572 574 579 580 583 586 590 598 600 603 608 612 615 623 
218 240 246 274 279 282 290 297 299 300 305 309 310 314 316 335 336 342 345 347 353 358 363 368 369 372 378 382 385 388 389 392 397 402 405 415 416 422 425 430 435 437 441 443 447 450 455 457 461 465 468 469 477 480 484 486 491 495 499 500 502 511 512 515 521 522 528 533 536 541 543 547 548 549 556 559 562 566 568 569 576 580 581 584 585 590 593 599 602 604 610 616 618 626 
221 243 247 278 282 284 293 301 304 308 311 312 313 317 320 338 339 344 349 352 355 362 365 369 372 374 382 383 389 390 392 395 400 403 409 416 419 423 429 433 436 439 442 446 451 454 458 460 465 468 472 475 478 483 488 490 492 499 502 505 509 513 517 519 522 524 532 537 540 542 546 548 552 554 557 562 565 567 571 573 577 582 583 585 586 591 594 601 606 610 613 618 621 629 
225 247 248 279 285 289 297 305 307 309 314 315 317 321 322 341 344 347 350 354 359 364 368 371 373 377 383 387 393 395 397 398 404 408 410 419 423 425 432 434 439 442 445 448 455 457 462 465 469 472 476 478 479 484 492 495 497 500 505 509 510 514 520 521 523 528 533 540 544 545 549 553 555 557 558 564 568 571 575 578 579 583 587 590 594 596 598 604 609 613 614 620 622 630 
227 248 251 280 288 291 298 308 312 313 316 320 324 327 331 343 346 348 351 358 363 367 371 372 377 380 385 388 397 398 400 403 406 411 413 421 424 427 433 438 440 446 450 454 457 461 463 466 472 473 480 482 484 485 495 498 501 503 507 513 514 516 524 526 528 532 536 543 547 551 552 557 558 562 563 565 569 575 579 580 584 587 590 591 598 601 604 606 612 614 617 621 623 634 
