2 5 8 12 15 18 19 23 26 28 32 34 38 40 44 46 48 51 52 54 56 58 60 63 64 66 68 71 74 78 79 80 81 83 86 89 92 93 96 98 100 101 102 104 108 110 114 115 118 121 125 128 129 133 137 139 141 142 144 148 152 156 160 161 164 165 166 169 173 176 179 180 182 186 189 190 192 194 198 202 204 208 211 212 213 216 217 219 222 224 226 230 233 234 237 240 241 245 249 252 255 257 260 262 
3 8 9 16 18 22 23 24 28 31 35 39 40 42 47 50 51 53 55 59 62 63 67 70 72 74 77 79 82 86 88 90 93 96 98 102 104 106 110 114 116 120 124 128 130 131 133 136 140 144 147 149 150 154 157 158 160 162 163 166 169 171 174 178 179 183 184 185 187 191 195 197 201 203 204 208 210 211 215 217 220 222 224 225 229 230 231 234 236 238 241 244 247 250 253 257 259 262 266 270 274 276 279 282 
7 10 14 20 24 26 30 34 37 41 44 47 48 49 53 55 58 60 61 64 67 68 69 71 76 79 80 82 83 89 93 94 95 99 101 106 109 112 116 120 123 126 128 131 134 137 141 145 148 152 154 155 157 159 162 165 169 170 172 174 175 179 183 187 190 192 196 197 198 202 204 207 210 211 215 216 220 222 225 229 233 237 241 243 245 246 250 254 258 261 263 265 268 272 274 275 279 283 286 288 292 296 300 301 
9 13 16 23 27 30 33 37 39 42 48 52 55 56 59 63 67 70 72 73 74 75 79 81 85 87 91 95 97 99 101 102 103 105 109 110 113 115 118 123 124 127 132 135 138 139 145 147 151 156 157 160 163 164 166 167 170 174 178 180 183 187 190 194 196 197 198 202 206 207 209 212 216 217 218 220 222 224 226 230 234 238 243 245 246 248 252 255 262 263 265 266 270 274 278 281 282 287 288 290 294 299 302 304 
10 17 18 24 30 31 36 39 40 43 51 55 58 60 64 65 70 72 74 76 79 81 83 86 88 89 95 96 101 105 108 111 115 119 122 126 130 133 136 138 141 144 147 148 150 153 157 158 159 163 165 169 171 175 179 180 182 185 188 191 193 197 198 201 202 206 209 210 212 213 216 220 222 225 226 227 230 231 234 237 239 243 245 246 250 254 258 262 266 269 273 275 276 279 280 282 286 291 294 298 300 303 306 309 
12 19 20 28 32 35 39 40 43 44 55 56 59 64 65 68 71 73 77 80 82 85 89 93 94 96 100 104 105 107 112 116 120 124 128 129 132 134 140 142 145 148 152 154 156 157 158 161 162 166 170 174 175 176 181 184 187 189 190 195 197 199 202 204 205 209 210 213 216 218 220 224 225 229 233 234 235 236 238 241 245 247 249 253 256 260 263 267 270 272 274 277 279 281 283 284 289 292 297 299 303 306 309 310 
15 20 22 30 36 37 42 46 47 49 58 62 64 68 72 74 76 80 84 86 88 90 91 94 97 98 101 106 109 111 116 117 122 127 131 134 136 137 141 143 148 149 154 155 160 163 166 169 171 174 176 180 184 185 189 190 191 195 198 202 204 208 209 212 215 218 219 223 224 227 229 230 234 236 238 239 242 245 249 251 255 257 258 261 265 269 273 275 277 278 280 284 288 291 293 296 298 300 301 303 307 309 312 314 
16 21 25 34 39 41 46 49 53 55 62 65 66 71 73 78 81 85 88 89 92 95 98 102 106 107 108 111 114 118 119 123 124 130 134 138 142 145 148 151 152 156 158 161 162 164 168 173 177 181 185 189 193 194 197 198 202 204 208 211 214 216 219 223 226 230 233 235 237 240 241 243 245 248 251 255 256 257 259 260 262 264 265 268 270 271 276 277 280 283 284 285 289 294 295 299 302 305 308 312 316 320 323 324 
17 25 29 36 40 42 49 50 57 61 64 69 70 72 74 81 84 87 90 93 97 100 101 105 107 111 112 114 118 122 124 126 129 132 138 141 144 147 149 153 156 158 159 165 169 172 175 176 180 183 186 192 196 198 200 202 206 207 209 215 217 221 222 227 228 232 237 239 240 242 245 249 253 255 256 260 261 262 263 264 268 269 272 273 275 279 280 284 287 289 290 292 293 295 296 303 304 309 312 313 317 323 324 327 
21 28 31 40 44 45 50 51 60 65 67 73 76 79 80 84 86 89 94 96 100 101 104 109 110 114 116 117 120 124 126 128 131 134 139 143 146 149 150 155 157 160 164 167 170 176 178 182 183 187 190 194 199 200 203 205 209 213 216 220 223 225 227 230 233 234 239 240 243 245 246 253 256 258 261 264 267 271 272 276 279 282 285 287 288 292 295 297 298 302 306 307 308 309 310 313 314 316 320 323 325 329 330 334 
22 32 36 41 46 50 52 55 61 68 69 75 77 80 84 85 89 91 98 102 104 107 109 112 113 115 120 122 123 128 131 135 138 140 144 145 149 153 157 158 159 164 166 169 174 180 181 184 185 190 192 196 202 203 204 207 213 216 218 221 226 230 231 233 236 238 241 243 247 248 249 256 259 260 264 267 271 275 278 279 281 286 289 291 295 297 298 299 301 305 307 309 310 314 317 321 324 326 327 330 332 336 338 340 
24 35 38 43 48 52 53 56 64 70 72 76 78 82 85 87 90 93 101 106 110 112 113 115 116 120 124 125 128 129 133 136 141 143 145 146 152 154 160 164 168 172 175 179 182 186 188 191 192 193 194 197 206 207 209 213 216 220 224 228 230 233 234 237 239 241 245 246 251 252 255 260 264 265 269 270 275 278 281 285 288 289 292 296 300 303 307 311 312 313 314 315 317 318 320 322 326 327 330 332 333 339 342 343 
26 39 42 47 51 55 58 61 67 73 75 77 80 85 89 92 95 98 103 108 114 115 116 117 121 123 126 128 132 136 137 139 143 146 148 149 155 159 164 165 169 175 176 180 186 188 190 192 195 198 200 203 207 208 212 217 218 223 225 231 232 235 239 240 243 245 248 252 255 257 261 264 267 270 273 276 280 283 284 289 293 294 298 301 303 307 310 315 319 323 325 328 331 335 336 337 340 343 347 350 351 352 355 359 
30 43 47 48 52 56 62 64 69 77 81 85 87 91 93 94 96 101 104 111 115 117 121 125 127 128 131 135 137 140 141 143 147 151 154 155 159 163 166 167 171 176 180 182 188 189 193 194 198 201 203 206 211 215 216 220 224 227 229 235 238 239 243 244 248 250 253 254 257 259 264 267 270 271 275 280 281 287 290 293 297 299 302 303 306 310 311 316 321 326 328 329 335 337 340 343 346 349 351 352 354 355 359 360 
34 47 51 52 56 58 64 65 71 80 84 88 91 95 99 101 105 109 112 115 119 123 124 127 129 132 135 138 142 144 145 148 149 152 158 160 161 165 170 171 173 177 182 183 192 196 200 204 208 212 214 217 218 221 222 224 226 230 233 239 243 246 249 253 255 257 258 262 265 268 271 274 276 278 280 283 284 291 293 296 300 304 307 311 312 313 316 318 324 327 331 335 338 339 341 344 350 351 354 357 361 364 365 368 
38 50 55 59 61 62 65 66 74 82 87 89 95 97 102 104 107 113 117 120 122 124 127 129 130 136 138 139 143 145 148 151 154 156 161 163 164 167 171 172 174 178 183 184 195 197 204 207 210 213 216 221 224 225 229 232 235 239 241 244 248 252 253 255 258 262 266 267 271 275 276 279 280 284 288 290 292 295 296 299 304 305 309 313 315 319 321 324 325 329 335 339 342 345 348 350 351 352 356 359 365 367 368 369 
39 52 59 60 62 65 66 67 78 85 89 93 99 100 105 108 109 115 121 122 123 126 131 132 134 140 144 146 150 153 154 158 162 163 167 171 173 174 175 177 179 183 187 189 196 201 208 211 215 218 222 224 228 232 234 237 241 245 249 250 251 254 258 259 263 265 269 270 273 279 283 287 290 291 294 295 299 302 303 305 308 312 315 316 320 322 324 328 331 335 337 340 343 347 351 353 357 358 359 360 369 371 373 374 
43 56 63 65 66 69 73 76 81 86 91 95 101 103 107 111 112 119 124 127 131 132 133 136 139 142 145 147 153 154 155 159 164 165 168 172 175 179 182 184 188 191 195 199 202 203 211 215 219 223 226 228 230 235 236 240 244 249 253 256 260 261 263 267 270 271 272 275 277 280 286 288 292 296 299 300 303 307 308 311 313 316 319 321 324 326 327 330 334 338 341 344 347 348 354 357 359 361 363 365 373 375 379 383 
45 60 65 69 71 75 77 81 82 90 93 99 104 105 108 113 116 120 125 130 135 139 140 143 144 148 149 153 157 159 160 161 168 169 173 176 179 180 183 186 189 193 196 200 203 205 215 219 223 226 230 232 234 237 240 242 247 253 257 259 264 265 269 270 273 276 277 278 281 282 289 293 295 299 302 304 306 310 312 315 316 317 321 322 328 330 333 335 337 340 343 345 348 350 355 361 362 366 368 371 374 379 382 385 
47 63 69 73 75 79 83 86 88 94 97 102 105 109 113 116 120 124 129 131 136 143 144 145 146 149 153 154 160 161 163 167 169 172 176 180 184 185 186 187 191 196 200 202 206 208 217 223 224 227 233 235 239 242 246 248 250 255 259 261 268 269 270 271 276 277 278 279 282 284 290 294 299 303 305 309 310 311 313 319 320 323 327 328 331 332 335 336 338 343 344 347 351 354 357 362 364 368 372 374 378 383 386 389 
50 66 72 77 79 80 87 88 90 95 99 103 107 112 116 118 124 125 130 134 137 146 148 152 154 158 161 164 166 169 173 176 179 183 184 187 189 190 192 195 198 200 204 205 210 214 219 224 225 228 237 240 244 245 247 251 253 258 262 265 270 272 273 275 277 280 284 288 290 294 297 301 302 305 308 311 312 316 320 324 328 330 334 337 340 343 346 347 350 352 355 358 360 362 366 369 372 374 378 380 381 387 388 392 
52 67 74 80 81 82 90 94 97 100 102 105 108 115 118 121 125 129 131 137 139 149 151 153 158 162 166 167 171 172 176 179 180 187 188 191 195 197 201 202 205 206 208 210 214 215 220 226 227 232 239 244 246 248 252 255 257 259 264 266 272 274 276 279 280 284 288 289 294 297 299 304 307 311 312 313 316 318 321 328 330 334 337 339 343 345 350 353 355 356 359 361 365 368 369 371 375 376 379 384 388 390 391 394 
55 68 76 83 87 89 92 98 102 103 107 111 115 118 119 123 129 133 137 138 142 151 155 159 163 167 171 174 175 179 180 181 184 191 195 196 197 198 205 208 211 212 215 216 218 221 222 227 231 235 241 245 247 251 253 256 260 262 267 270 275 279 283 285 289 292 294 295 299 301 303 306 311 312 314 317 321 323 325 329 331 337 339 341 347 348 352 357 358 359 363 367 368 372 373 375 378 381 383 386 389 391 392 396 
56 69 78 84 91 95 97 100 106 107 108 115 117 119 121 127 131 137 138 140 146 154 157 163 166 170 174 175 176 180 183 185 186 195 197 198 199 202 209 212 214 218 219 221 224 228 232 235 238 240 242 248 252 256 260 263 266 270 271 274 276 280 284 286 291 293 296 300 302 303 306 310 315 316 318 319 323 327 331 335 337 340 341 344 348 349 354 359 360 362 367 369 373 377 381 383 386 387 390 393 395 397 398 401 
58 73 79 85 92 96 98 104 108 109 110 118 120 122 125 130 134 138 140 143 149 155 161 165 168 172 176 177 181 184 188 190 191 199 202 205 209 212 214 218 221 224 226 227 229 232 234 236 242 245 246 250 256 258 263 267 268 273 275 277 279 282 286 290 294 298 302 304 306 307 308 314 318 319 323 324 327 329 332 338 342 346 347 351 355 357 359 362 366 370 372 375 377 379 384 385 390 392 395 399 402 406 410 414 
61 75 83 87 95 97 100 107 111 112 115 119 122 123 129 134 137 141 144 148 152 156 164 166 171 176 180 184 186 189 190 194 197 201 205 206 212 215 217 221 223 228 230 231 233 234 238 241 244 249 253 255 257 259 265 269 272 277 278 281 285 287 290 293 298 301 306 308 311 312 313 318 322 324 328 329 330 334 338 339 344 350 353 355 358 362 366 369 373 377 380 383 387 391 393 394 397 398 401 404 408 409 411 416 
65 76 87 89 97 101 103 111 115 117 119 123 124 126 133 136 139 142 147 151 155 160 165 168 172 180 184 188 190 192 194 198 200 203 206 207 215 217 218 222 225 230 233 234 238 241 244 247 250 254 255 256 258 260 267 273 277 279 282 285 286 289 294 297 300 305 307 310 313 317 319 321 325 327 330 334 337 339 341 343 347 353 356 358 360 363 368 370 375 380 383 385 389 392 395 397 400 403 406 407 409 412 414 420 
68 79 89 91 100 105 107 113 119 123 124 128 129 132 137 141 142 145 148 155 156 161 167 171 176 183 186 191 194 196 198 201 204 208 210 212 218 222 223 226 228 231 234 235 240 244 246 248 252 258 260 262 263 265 270 274 279 280 285 287 291 294 297 301 303 308 312 315 318 320 321 324 329 332 335 339 340 343 347 348 349 356 360 364 365 366 369 374 379 381 387 390 392 395 399 403 404 408 409 412 415 419 423 427 
69 82 92 96 102 109 110 115 120 124 125 129 133 134 139 143 147 150 153 156 157 165 169 172 180 185 190 192 197 198 201 203 206 211 214 215 220 226 227 229 231 232 237 241 245 247 249 252 256 261 262 263 264 269 271 276 282 285 286 291 293 295 298 303 307 309 313 319 323 325 327 329 333 337 340 341 343 346 349 353 355 360 363 366 368 370 371 377 382 383 389 392 394 399 400 406 408 412 416 420 424 426 427 430 
73 84 94 97 106 113 114 117 121 126 130 134 138 142 144 146 148 153 154 158 161 169 171 173 184 189 193 195 199 201 202 206 208 212 217 218 224 229 232 234 235 236 238 245 246 248 252 255 259 263 265 267 269 272 275 279 284 288 289 293 294 297 301 304 309 312 315 321 327 330 331 333 337 338 343 345 348 351 354 356 357 362 367 371 372 375 378 380 386 389 390 396 399 402 404 407 409 413 417 421 426 428 430 433 
75 88 95 100 110 115 117 119 123 129 132 135 141 144 146 148 152 155 158 161 165 172 175 176 186 191 195 196 201 202 205 208 210 213 218 221 227 230 233 237 238 242 245 249 252 254 258 262 266 269 270 273 275 278 279 280 288 291 293 294 295 300 304 307 312 314 316 325 331 332 335 339 341 345 348 352 353 354 357 359 363 367 369 374 378 380 383 387 389 392 395 399 402 403 406 408 412 415 418 424 429 431 434 435 
78 90 98 101 114 117 118 121 126 130 135 137 143 146 148 149 156 160 163 167 170 176 179 182 190 195 199 201 202 205 208 211 213 217 221 224 230 232 235 241 242 246 250 253 254 256 261 263 269 270 274 275 277 279 282 283 291 295 297 301 303 305 309 312 314 317 319 329 334 338 340 343 346 347 352 356 357 361 362 366 368 371 373 376 381 383 386 391 392 395 399 401 406 409 410 411 415 418 420 426 430 432 437 439 
82 92 100 105 115 121 124 128 130 131 136 138 144 148 151 152 157 161 166 171 175 179 180 186 193 199 202 204 208 211 212 213 217 221 225 229 233 234 239 243 244 250 251 255 257 261 265 269 273 275 278 282 283 287 289 293 294 298 299 304 307 311 312 316 320 321 323 333 337 341 345 348 351 353 354 360 362 364 367 368 369 372 377 379 384 387 391 392 394 398 403 404 409 410 414 418 422 424 425 429 432 434 439 440 
86 95 101 107 118 123 125 129 132 133 138 139 147 149 154 157 158 163 170 175 179 181 184 188 196 200 205 206 212 213 216 217 218 225 229 230 235 238 241 247 249 252 255 259 263 266 268 273 276 279 280 283 287 289 293 296 300 303 305 307 309 315 318 320 322 326 329 335 340 342 347 350 355 359 363 365 366 367 371 373 374 378 381 385 386 388 394 395 398 399 404 407 413 417 419 420 426 430 431 434 437 441 442 444 
90 97 102 111 121 127 128 132 134 136 141 143 150 153 158 160 164 166 172 177 183 186 190 192 198 203 206 210 213 215 218 220 224 227 230 231 238 242 246 249 252 253 256 262 265 267 270 276 278 282 285 289 293 297 299 301 305 308 310 313 317 321 325 326 330 332 335 336 341 344 349 353 357 362 364 369 372 374 375 378 382 383 387 390 391 394 398 402 406 410 413 415 419 423 424 427 431 434 435 439 440 444 448 450 
93 101 105 115 122 128 130 136 137 139 144 146 154 155 159 164 166 169 174 178 187 190 193 194 199 206 209 211 215 218 220 223 226 231 235 237 240 245 249 252 256 258 259 263 268 272 275 279 282 284 287 293 297 298 303 306 307 311 314 315 319 322 328 332 336 340 344 347 349 352 355 356 358 365 369 371 373 377 380 381 383 385 388 392 395 396 402 406 408 411 417 418 422 426 429 432 434 438 440 442 446 447 450 453 
96 105 108 117 126 130 134 140 142 145 148 151 158 161 163 168 172 173 178 181 191 194 195 196 201 210 211 215 216 219 221 225 230 232 236 241 243 248 252 255 259 261 263 266 269 275 278 281 284 288 289 294 299 303 307 309 312 315 318 322 324 327 331 335 340 343 347 350 351 353 357 360 364 366 373 375 377 379 381 385 387 389 391 396 397 398 403 408 410 415 419 420 423 428 430 433 437 442 446 450 453 455 458 462 
100 108 109 118 128 132 135 142 144 147 151 153 162 165 167 172 176 178 179 183 193 195 198 199 204 212 216 219 221 224 226 229 234 235 237 242 244 250 253 257 261 262 265 270 273 279 280 282 288 289 293 298 301 307 310 312 313 317 322 326 330 334 338 342 344 346 348 352 355 357 358 362 367 368 375 379 380 381 383 389 392 394 396 398 399 401 405 412 414 416 421 422 424 431 435 438 440 443 447 454 458 462 464 466 
102 110 113 120 132 133 137 146 150 153 156 160 164 169 173 174 180 182 183 185 195 198 200 203 206 213 218 220 224 225 228 231 236 238 242 243 246 251 254 258 262 263 269 273 276 280 283 284 289 291 294 300 303 308 314 318 322 324 325 330 332 336 339 344 348 352 353 354 358 360 364 368 371 372 376 381 385 386 388 390 393 397 400 401 405 407 409 415 418 420 422 426 429 435 437 442 444 445 449 456 459 464 467 469 
105 113 117 123 134 136 140 147 152 155 158 162 165 170 174 175 184 186 187 190 199 203 207 208 210 216 220 221 226 229 230 235 240 242 244 245 248 253 256 260 266 267 271 276 277 283 287 290 291 292 298 302 304 310 316 321 325 326 330 333 336 339 341 348 350 355 356 357 361 364 365 372 375 377 379 383 389 391 392 396 399 403 406 410 413 417 421 422 425 429 431 435 438 441 444 447 448 452 453 460 462 466 469 472 
106 117 121 125 135 138 144 150 153 157 161 166 170 174 178 182 187 188 189 192 200 205 209 212 215 220 223 226 227 231 234 237 244 248 251 254 255 256 259 263 269 272 273 277 280 285 289 294 295 297 299 306 310 314 318 324 326 328 332 335 339 343 344 350 351 356 358 360 363 367 371 374 379 382 386 387 392 393 394 397 402 407 409 412 414 420 422 423 428 433 437 441 443 446 450 454 456 458 462 464 465 469 472 476 
107 119 122 128 138 139 146 151 157 158 162 167 172 176 181 184 188 192 196 198 203 209 211 214 219 222 225 229 232 235 239 241 248 249 252 255 259 261 262 266 272 275 276 278 284 287 290 295 296 301 304 307 311 315 321 326 327 332 334 339 343 345 347 352 354 358 361 363 366 371 372 375 380 384 390 391 395 398 401 403 407 408 411 414 415 423 425 427 432 435 441 443 446 447 454 457 459 463 467 470 472 474 477 478 
108 123 124 132 141 142 148 152 158 161 166 168 173 179 183 185 189 193 200 201 205 212 215 219 222 226 227 232 236 237 242 243 249 252 254 258 263 267 268 272 274 276 278 279 285 291 293 299 300 305 309 310 312 318 324 329 331 334 335 340 345 347 350 355 358 362 365 366 368 374 378 380 383 387 394 395 396 401 405 407 408 410 413 417 419 427 428 430 435 438 445 447 451 454 456 460 463 464 470 471 475 476 480 482 
111 124 126 136 145 148 149 156 162 166 170 173 177 182 185 188 191 196 201 203 208 214 216 223 225 228 231 236 238 240 246 249 251 256 260 263 265 271 275 278 281 285 286 289 290 295 297 302 306 309 313 316 320 321 327 331 334 337 341 343 346 348 354 357 361 365 366 370 371 378 379 384 387 389 397 398 399 402 409 411 415 419 422 423 425 428 430 434 436 441 448 452 453 458 460 463 464 468 471 473 479 483 487 490 
113 128 129 140 146 152 156 157 163 168 173 177 178 186 187 191 193 197 204 205 210 216 219 224 228 232 236 240 244 246 250 251 254 260 262 266 267 274 279 283 285 289 290 293 296 299 300 305 310 313 314 318 324 327 329 334 337 338 344 346 349 352 358 362 366 369 370 371 372 382 386 387 389 393 399 402 405 409 412 415 416 420 424 427 429 431 434 437 439 445 449 455 459 462 463 464 466 470 472 476 483 484 491 492 
115 131 135 142 147 154 157 159 167 172 175 179 182 189 193 195 197 199 208 212 214 219 220 228 230 234 238 243 245 249 251 254 257 264 265 270 271 277 280 284 287 292 295 297 298 302 305 307 313 317 320 322 326 330 331 335 341 342 345 348 352 355 361 365 370 373 374 378 380 383 387 388 392 396 402 404 408 410 416 419 422 424 427 431 435 437 440 442 445 446 450 459 462 464 465 468 472 476 477 479 486 489 495 498 
117 133 138 145 149 157 159 162 170 173 177 183 185 192 194 196 199 203 212 214 216 223 226 231 235 237 242 244 248 251 252 258 262 267 271 272 273 281 285 288 292 295 297 300 304 308 309 312 316 319 322 325 328 331 333 339 343 346 350 354 357 361 365 367 372 377 378 379 381 386 390 393 395 397 406 409 412 416 419 421 426 427 428 434 439 442 443 444 446 450 453 463 465 466 470 473 476 480 483 484 488 491 498 499 
120 136 142 147 150 160 162 164 173 176 178 185 186 193 197 200 202 206 216 220 222 224 228 232 238 240 243 246 252 255 258 262 266 269 274 277 281 282 286 292 296 300 302 306 310 311 313 317 320 324 328 329 331 333 336 343 346 348 353 355 358 363 366 371 376 378 382 384 385 389 391 395 399 401 408 411 415 420 423 425 429 430 432 437 441 445 448 451 455 459 460 467 470 473 474 477 481 485 486 488 491 493 499 500 
122 138 144 151 154 162 164 166 176 180 182 188 191 197 198 203 206 207 220 221 225 229 232 236 240 241 247 248 253 256 259 263 270 273 275 281 282 286 287 296 297 304 305 310 311 314 316 321 323 328 329 330 335 337 339 344 348 351 356 359 362 366 369 374 380 384 387 388 390 391 392 398 400 403 412 413 419 423 426 429 430 433 434 438 445 448 451 454 457 461 462 468 471 477 481 483 484 489 491 492 493 496 501 505 
123 141 145 152 156 163 168 172 180 183 186 189 192 198 200 206 209 210 224 226 227 233 234 238 244 245 248 249 257 260 262 267 271 274 278 282 283 290 292 297 298 306 307 313 317 318 320 323 325 332 336 338 340 342 343 345 352 355 357 362 365 368 371 378 382 388 389 392 396 400 401 403 404 406 413 416 420 426 428 430 431 434 438 440 448 452 454 456 461 462 466 469 475 481 485 487 488 492 495 498 501 504 507 509 
124 145 149 156 158 165 171 175 181 184 189 192 194 199 201 208 211 214 225 230 234 237 241 245 249 250 251 254 260 261 265 270 273 277 282 286 289 293 296 299 300 308 310 317 321 322 324 327 330 333 339 341 345 348 352 354 355 358 361 363 369 371 373 379 384 390 391 396 399 402 403 404 408 410 417 420 424 429 433 434 438 442 445 446 450 454 456 458 465 466 469 473 477 483 489 491 494 495 497 499 504 505 511 514 
125 149 152 159 162 168 172 177 182 186 193 197 200 202 203 211 214 216 227 231 238 239 242 246 251 255 258 260 261 264 268 271 277 280 286 290 293 297 300 301 305 309 313 320 322 326 328 332 335 338 341 345 349 353 354 356 357 359 365 369 370 372 374 380 387 392 394 399 401 403 404 405 411 414 419 424 425 433 436 439 443 445 446 448 451 458 462 465 469 473 476 477 481 485 490 492 498 500 502 505 506 507 512 517 
129 153 155 163 166 170 174 178 183 190 194 200 203 205 207 213 218 219 228 233 241 244 247 250 254 257 261 263 265 267 270 273 279 282 290 294 297 300 303 304 308 313 317 324 328 331 332 335 336 340 342 347 352 354 357 359 363 364 367 373 377 381 384 388 392 395 397 401 403 405 409 413 415 416 420 428 429 437 438 443 445 446 449 451 452 462 465 467 470 477 480 481 482 486 493 494 501 502 503 509 511 513 515 520 
131 157 160 165 167 172 175 180 186 193 195 203 206 207 210 214 220 223 231 237 243 247 249 252 256 261 263 265 269 273 277 279 280 283 291 297 301 303 305 308 311 317 321 325 331 334 337 341 344 345 347 350 353 358 359 361 367 369 373 377 379 385 388 390 394 398 401 405 409 412 416 420 422 426 430 433 436 440 443 446 448 449 453 454 458 465 468 470 471 480 482 486 489 490 495 499 502 503 505 513 514 517 519 521 
135 159 161 168 172 173 179 184 187 194 196 207 208 210 213 216 223 226 232 238 245 249 251 254 260 264 267 271 274 277 279 283 285 288 294 301 304 306 308 312 314 318 323 327 334 336 340 343 347 349 353 354 358 361 363 366 369 373 377 380 382 388 392 396 398 399 405 407 412 413 420 421 424 430 432 436 438 442 444 450 452 453 454 455 459 469 472 475 477 482 483 489 492 495 496 503 505 507 510 514 515 521 525 526 
136 162 163 172 174 177 183 186 189 195 199 209 211 215 219 220 224 228 235 239 247 252 255 259 263 266 269 272 275 279 283 286 287 292 295 303 308 310 313 315 318 319 326 329 338 341 345 349 350 352 355 356 361 364 368 369 371 374 378 382 384 389 396 398 399 403 406 409 413 415 421 425 427 434 436 437 439 446 448 453 455 457 458 460 463 472 474 479 480 484 485 493 494 498 501 507 511 513 516 519 523 527 530 532 
139 163 167 173 176 180 184 188 191 197 201 211 213 217 221 222 227 230 239 243 250 256 258 262 267 270 271 273 277 282 285 288 289 295 296 304 309 313 317 319 320 322 327 332 339 343 349 352 353 356 360 361 364 368 370 371 372 376 382 384 386 392 398 401 404 406 408 412 414 419 425 427 428 435 438 440 443 447 449 454 459 460 462 463 464 475 477 480 483 485 487 497 500 504 506 510 515 518 521 525 528 530 533 534 
143 167 170 177 181 182 188 192 196 201 204 212 215 221 222 225 229 232 242 246 254 259 260 266 268 274 276 278 282 284 289 291 292 299 300 306 310 316 321 323 327 328 332 336 340 346 350 353 356 357 362 365 368 370 373 374 375 377 384 386 389 396 399 402 408 412 413 417 419 421 427 430 432 438 441 442 447 451 452 458 462 463 466 468 472 477 479 484 486 490 491 499 503 507 510 511 518 521 522 528 532 534 538 540 
144 169 171 178 182 184 192 195 199 204 206 215 217 224 227 229 231 233 246 250 258 260 262 269 272 277 278 280 285 288 290 293 295 301 304 310 312 319 325 327 328 332 336 338 341 349 354 357 358 362 366 368 370 372 377 379 380 383 385 390 392 398 401 406 412 413 417 420 421 423 429 434 437 441 443 447 450 454 457 460 466 468 469 471 476 480 484 487 489 491 493 503 505 511 513 515 520 523 524 529 535 538 541 545 
145 171 172 182 186 187 193 199 202 207 210 219 222 226 230 234 237 238 249 251 259 261 264 273 274 280 282 285 287 292 293 294 299 305 306 311 316 321 328 332 335 336 337 340 342 350 357 360 363 367 369 371 373 375 381 385 389 391 392 395 396 402 406 407 416 420 423 424 425 427 432 437 438 443 446 450 452 457 461 463 467 469 473 474 477 482 485 490 491 495 497 505 508 513 515 518 521 527 531 535 538 542 545 546 
146 172 175 183 188 190 195 202 203 209 214 221 223 228 231 236 238 239 253 254 262 263 266 277 278 284 287 289 291 294 295 299 303 306 307 312 320 324 332 334 339 343 346 350 353 357 359 363 364 368 371 375 379 381 382 388 393 395 398 402 405 406 410 414 417 424 425 427 430 432 436 441 444 445 447 451 455 461 465 468 469 472 474 477 481 486 487 491 494 498 500 509 513 516 520 521 523 528 533 537 540 546 550 553 
147 175 176 187 190 192 197 205 208 211 216 222 224 230 233 238 242 243 255 258 266 267 270 279 280 287 290 291 293 296 298 301 307 308 309 314 324 326 334 335 341 346 347 354 356 358 362 365 367 372 376 377 382 386 390 391 394 397 401 403 407 409 411 415 419 426 429 430 431 433 437 445 446 449 451 453 456 462 466 469 473 474 477 481 485 489 492 495 497 502 503 511 514 520 523 524 526 529 535 540 543 548 551 557 
151 178 181 190 194 198 202 207 210 214 218 226 228 231 234 239 245 247 259 261 267 270 271 280 283 288 294 298 300 303 306 308 310 312 314 316 327 331 336 337 344 347 351 355 357 361 364 369 373 376 379 381 383 389 394 397 400 403 406 408 412 414 417 420 421 428 432 434 437 440 441 446 448 451 454 456 459 463 469 470 475 478 480 485 486 490 494 496 499 503 506 514 517 522 525 529 530 533 538 543 545 549 555 559 
153 180 184 191 197 199 205 211 214 215 220 227 231 235 237 241 248 251 261 262 270 272 273 282 286 290 298 301 304 306 309 312 315 316 317 321 331 332 338 340 348 350 354 358 359 363 368 371 376 379 382 383 386 391 395 399 402 406 407 412 415 418 419 422 426 431 436 437 441 445 449 451 453 457 461 465 467 468 471 474 477 479 482 489 490 492 495 499 501 507 509 518 519 523 527 530 533 535 540 547 549 553 557 561 
157 182 185 192 198 203 208 213 215 216 224 229 234 238 240 244 251 253 264 266 274 275 279 286 287 292 302 305 307 311 312 316 318 319 321 325 332 335 341 344 351 353 356 360 362 367 371 374 379 380 383 385 387 393 399 400 404 409 411 413 418 421 424 425 428 434 437 440 443 449 452 453 454 461 462 468 472 475 476 480 481 483 487 490 492 495 499 503 507 509 511 522 525 528 531 533 534 537 542 550 554 557 558 562 
158 184 188 193 200 206 211 214 219 223 225 233 238 240 243 247 252 256 266 267 277 278 282 289 291 293 303 309 313 314 318 322 324 327 329 332 334 336 344 345 354 356 358 363 365 368 373 376 380 383 386 389 393 397 403 405 409 413 414 416 419 425 427 429 433 437 438 443 447 453 457 461 464 468 472 475 476 479 481 482 485 486 489 491 495 497 500 504 510 514 517 524 529 533 535 537 539 542 544 551 558 562 566 568 
162 188 190 196 202 210 212 216 220 226 227 237 239 244 246 248 255 257 270 271 279 281 285 293 294 296 305 310 317 321 323 324 328 329 330 333 336 339 345 347 355 358 362 367 369 373 375 379 381 385 390 392 396 398 404 407 410 414 417 421 423 428 429 432 436 438 440 447 450 454 461 462 468 470 474 476 477 482 485 487 490 491 494 495 497 501 505 509 512 515 518 528 530 534 536 541 542 544 546 555 561 566 569 570 
163 189 191 200 204 214 218 220 224 228 231 241 245 249 252 256 259 262 271 272 280 282 287 294 297 299 306 312 320 323 324 328 330 331 332 337 341 343 347 351 356 362 365 370 373 377 379 382 383 388 391 394 399 402 408 412 413 416 419 423 425 431 432 435 438 441 444 450 454 455 463 467 470 472 476 479 482 485 486 490 493 494 498 499 502 503 509 512 513 517 520 531 535 537 540 542 544 548 549 557 564 569 572 573 
167 190 192 202 205 216 222 223 227 231 232 243 247 250 253 260 264 266 275 278 283 284 288 297 301 302 309 314 323 324 328 330 334 335 339 340 343 345 351 353 357 366 368 372 377 381 385 389 393 396 397 399 403 407 412 416 417 418 422 425 429 433 437 440 443 444 448 451 456 459 465 468 471 475 477 481 483 489 493 496 498 499 503 504 507 511 514 516 518 520 524 534 536 539 543 545 547 549 553 560 567 573 574 578 
169 193 196 203 206 220 224 225 229 233 234 247 251 255 256 263 265 269 276 281 285 286 290 299 302 305 312 317 324 328 332 334 335 338 343 346 349 351 355 356 360 370 372 375 378 384 388 393 397 398 402 404 407 408 414 419 422 425 428 432 434 435 439 441 446 449 451 453 459 463 467 469 472 479 483 487 489 493 497 499 502 503 507 509 513 516 518 522 523 524 525 536 540 541 547 548 549 551 557 562 569 574 576 582 
171 196 200 204 209 224 225 227 231 237 240 248 254 257 260 266 270 274 280 285 287 289 294 302 303 309 314 319 326 331 335 338 340 342 344 347 352 356 359 361 365 374 378 381 382 386 392 395 399 401 404 408 411 413 417 422 424 428 430 436 439 441 444 445 450 451 455 457 462 464 468 473 476 483 485 489 491 495 500 504 507 511 512 513 515 520 521 524 528 531 535 540 542 544 549 550 552 554 560 563 570 577 581 583 
174 200 203 206 212 226 229 232 233 241 242 251 258 260 264 270 272 277 284 286 289 293 297 304 308 312 315 322 329 335 338 342 343 346 347 349 355 357 361 362 369 377 382 385 389 393 395 396 401 402 406 412 414 415 421 423 427 429 432 437 440 445 446 450 452 454 459 462 466 468 469 477 479 484 488 492 495 499 501 506 510 515 519 523 526 529 532 535 539 543 546 549 550 551 555 556 557 561 562 567 574 580 584 586 
176 204 208 209 214 230 232 233 236 242 246 252 262 264 268 271 274 280 286 287 290 295 298 308 309 313 319 323 331 336 341 343 345 347 350 354 358 360 363 365 372 381 383 387 393 395 396 399 403 407 408 415 418 422 424 428 431 435 436 440 443 447 450 451 456 460 464 465 468 471 475 478 482 486 490 493 499 501 502 509 512 517 522 524 530 534 536 538 541 545 547 550 551 552 557 560 564 568 570 572 578 582 585 590 
179 208 209 213 218 232 235 239 240 243 248 253 266 269 272 274 278 283 289 291 294 298 300 311 313 314 320 326 334 337 342 345 346 351 353 356 361 364 367 371 375 383 387 389 394 398 400 403 404 411 412 419 420 424 425 430 434 438 441 445 449 450 452 454 460 463 468 470 473 474 479 480 484 489 493 495 501 502 505 510 514 521 526 529 531 537 540 541 543 548 551 552 556 558 559 564 567 572 576 578 582 585 587 591 
180 211 212 216 222 236 237 242 246 247 252 254 267 272 273 278 282 284 292 293 295 300 303 314 318 321 325 330 337 341 344 349 351 352 354 358 363 365 369 374 377 384 389 392 395 401 405 407 410 412 414 420 424 425 426 431 436 440 444 446 453 456 458 462 466 467 470 474 477 480 482 486 487 490 497 500 502 505 509 512 515 522 527 531 532 540 544 545 549 551 555 556 558 560 561 567 569 573 579 580 583 588 592 596 
182 214 217 218 226 237 241 244 250 254 256 260 268 274 278 279 284 286 294 298 300 302 306 316 319 325 327 332 339 345 349 352 355 359 362 365 367 371 372 375 378 385 391 396 397 403 409 411 414 418 419 421 427 428 431 435 440 444 447 451 457 461 464 467 468 472 474 476 481 483 486 487 488 492 499 501 504 508 510 516 520 526 529 533 534 544 548 551 552 554 556 558 560 562 565 568 571 577 582 586 587 592 593 598 
183 217 221 223 227 241 245 248 252 257 261 263 270 275 280 283 286 290 295 301 302 306 308 317 321 329 333 336 342 346 353 354 356 361 363 366 371 372 374 376 380 389 394 399 401 406 410 413 415 420 424 425 429 431 433 438 441 447 449 454 461 463 465 468 470 475 476 478 484 486 487 490 493 494 500 505 507 509 511 519 521 530 531 534 537 547 551 553 556 559 560 561 563 564 568 571 575 578 586 590 594 597 600 601 
185 220 223 227 229 245 248 252 253 260 264 266 271 279 283 285 287 291 298 303 307 311 312 321 324 330 337 340 344 349 357 359 363 364 368 369 373 374 375 379 382 390 398 400 405 409 412 417 418 423 428 429 433 437 441 443 446 450 452 457 463 465 468 470 471 478 481 482 486 488 491 494 498 500 502 506 508 513 514 522 523 532 534 536 540 551 554 555 558 560 562 565 569 573 574 576 578 579 587 592 596 599 603 604 
188 222 224 228 232 249 250 253 257 263 266 268 275 283 286 288 292 294 301 305 309 314 317 323 328 333 340 343 345 351 361 362 367 369 370 373 377 380 384 386 389 394 400 401 408 410 416 421 425 427 430 431 435 441 443 444 447 453 454 459 466 468 471 473 474 482 483 484 487 490 493 497 499 501 504 509 513 517 520 523 526 536 539 543 544 554 558 559 560 563 565 566 570 574 575 579 582 585 588 593 600 601 605 608 
190 224 226 232 233 251 255 256 261 265 270 273 279 286 288 289 295 297 305 306 311 318 319 325 332 334 344 345 347 353 365 368 371 373 375 379 380 384 386 387 391 397 403 406 410 412 419 423 427 428 433 434 438 443 445 449 452 455 456 462 469 470 472 476 478 486 490 491 494 495 499 503 505 507 511 514 518 521 523 526 527 540 544 548 552 558 559 563 564 567 570 572 573 576 577 582 583 586 590 597 601 605 608 611 
192 226 230 236 238 254 259 262 264 267 274 275 282 287 290 294 298 299 309 310 314 320 323 326 334 338 348 349 351 355 366 372 373 377 379 381 382 386 390 392 395 398 405 408 411 416 421 426 429 433 436 439 441 444 447 452 456 457 459 464 472 476 479 482 486 488 491 494 498 499 502 507 509 513 514 517 521 525 526 530 533 542 547 552 555 560 562 564 565 570 573 574 576 580 583 585 586 588 592 601 603 609 610 615 
195 229 234 239 243 257 261 265 267 271 277 278 286 289 294 297 302 303 311 312 316 323 324 329 338 342 351 353 355 357 369 376 380 382 383 384 388 390 393 395 396 401 407 412 414 420 423 429 430 434 438 442 443 445 450 453 457 458 460 467 475 477 483 484 490 491 495 496 502 503 506 509 512 515 516 519 523 529 533 535 537 545 549 555 557 562 563 565 567 571 577 580 581 583 587 590 593 594 597 602 606 610 612 616 
198 232 236 242 244 261 263 268 269 272 279 283 287 293 297 301 303 304 314 318 322 326 330 333 339 346 353 355 357 360 371 377 381 385 387 391 392 396 399 402 405 407 408 413 416 422 426 433 436 438 440 443 446 450 451 457 461 465 467 469 476 478 485 489 492 493 496 497 505 506 510 514 516 517 520 524 528 532 535 539 542 547 553 557 561 563 566 568 572 575 578 583 584 586 588 593 596 598 601 603 609 613 615 620 
201 236 239 243 246 262 265 272 276 280 282 287 289 295 299 303 307 311 318 321 323 330 333 337 343 348 355 356 359 364 372 381 383 387 391 395 399 402 405 408 409 411 413 416 418 423 429 435 439 443 445 449 452 456 457 459 462 466 468 470 477 480 488 491 493 495 500 502 509 512 516 518 521 523 525 528 531 536 540 544 548 552 556 560 562 565 569 573 575 576 581 585 586 588 589 597 600 603 605 606 611 614 617 623 
203 238 243 247 250 263 266 275 280 281 284 291 293 297 300 306 309 314 322 324 328 334 338 341 344 351 357 359 362 367 374 384 386 388 392 397 403 405 407 412 416 417 418 419 422 424 432 437 441 446 450 454 457 459 460 463 466 470 471 474 478 481 489 495 497 500 502 504 510 513 518 522 523 524 526 531 533 539 542 546 549 553 558 564 567 571 573 576 577 581 582 586 588 589 590 599 601 607 609 610 615 616 620 624 
204 239 247 250 253 267 269 278 284 285 286 292 297 301 304 307 311 317 324 325 332 337 339 344 345 355 361 365 368 369 375 386 388 389 393 401 406 408 411 415 418 420 424 426 429 431 436 438 445 450 452 455 458 461 464 465 469 473 474 475 482 486 490 496 500 501 506 507 512 516 521 526 528 530 532 534 538 543 547 551 552 557 561 565 570 574 578 579 581 584 587 589 590 591 595 600 605 608 613 614 617 620 622 625 
206 241 248 252 255 269 272 279 287 288 292 296 299 303 308 310 315 319 326 328 334 338 341 347 351 358 362 368 369 372 376 387 392 394 395 404 409 413 414 418 421 422 426 430 434 435 438 440 447 454 458 462 464 465 466 469 471 475 476 479 485 489 491 500 502 506 507 509 514 517 525 529 532 536 539 540 541 547 550 552 556 561 563 566 572 578 582 586 587 591 595 598 601 604 607 609 613 616 620 621 623 624 625 628 
207 244 249 254 258 271 273 282 290 291 293 300 301 306 312 315 319 322 327 332 338 339 345 349 353 362 364 372 373 374 377 389 395 397 401 408 412 415 418 422 426 430 432 433 438 441 442 446 450 458 460 465 469 473 476 477 478 479 481 483 488 490 495 502 506 507 508 511 517 520 529 531 534 537 540 542 546 551 554 557 561 565 568 570 575 581 586 589 591 595 599 601 602 608 611 613 615 618 621 624 626 629 630 634 
208 245 251 255 261 272 274 284 293 296 298 301 304 310 316 319 320 325 328 334 340 344 348 352 355 365 369 376 377 381 385 393 399 400 402 412 416 419 421 425 427 431 434 438 442 445 446 448 454 461 464 466 473 474 478 479 482 484 485 489 490 494 498 505 509 513 514 518 522 524 531 534 538 540 542 544 549 554 556 561 563 569 572 573 576 584 587 591 595 599 601 603 606 610 613 615 617 620 625 627 630 633 634 635 
211 248 253 259 262 276 279 287 296 297 299 305 307 311 317 321 325 326 330 335 342 345 350 354 358 369 371 377 379 383 389 396 401 403 407 415 420 423 425 427 430 435 436 440 443 448 449 453 456 462 468 469 476 478 479 481 486 488 491 492 494 498 502 506 510 514 516 520 524 526 533 535 539 542 544 548 553 556 560 564 566 570 575 576 580 588 592 595 596 603 605 607 608 612 616 617 620 623 626 631 634 635 639 643 
212 249 255 260 264 277 280 289 298 301 304 306 309 314 319 323 326 328 331 337 346 348 351 358 362 372 374 379 383 387 391 397 405 407 409 419 422 427 430 433 436 437 438 444 447 450 453 456 458 465 471 475 480 482 486 490 491 495 497 501 502 504 508 510 514 516 520 523 526 530 535 537 540 545 549 552 555 560 561 567 571 574 579 581 584 590 594 597 599 606 610 611 613 617 619 622 623 625 628 633 636 639 641 646 
216 251 257 263 265 281 283 291 301 305 306 308 312 315 320 326 327 331 333 341 347 352 354 361 363 374 375 380 385 391 395 401 408 411 413 423 424 429 434 436 439 443 445 448 449 451 457 459 460 466 473 477 483 486 490 494 498 502 503 507 508 509 513 516 519 521 524 526 529 534 538 539 541 546 551 553 559 561 563 571 572 578 582 586 588 594 595 598 602 608 612 615 616 620 622 625 629 631 635 636 639 642 646 648 
219 252 260 267 270 283 287 295 303 306 309 310 315 317 324 330 334 335 339 344 348 356 357 363 366 378 381 383 386 392 398 405 411 413 417 424 426 430 435 438 441 445 446 452 453 456 460 461 463 468 474 480 486 488 491 496 502 503 505 509 511 515 519 522 525 529 530 534 537 540 542 543 545 550 555 559 561 562 567 575 577 582 586 590 591 598 601 603 605 610 613 618 622 625 627 628 633 635 639 641 643 647 648 649 
222 254 262 268 274 286 288 296 306 309 313 315 318 321 325 334 335 337 341 348 349 357 358 364 368 381 382 385 390 393 400 407 415 417 418 428 429 433 439 442 446 447 449 454 456 458 462 466 469 472 476 484 487 491 495 498 504 507 509 510 515 518 521 526 529 533 534 537 541 542 543 544 549 553 557 560 563 565 571 579 580 585 588 594 598 600 604 606 609 611 617 621 624 626 631 633 635 637 640 642 646 650 652 653 
223 255 263 271 278 290 294 300 307 313 315 319 321 324 329 338 342 344 345 350 353 361 363 367 372 383 385 387 392 397 401 411 416 418 419 430 432 436 440 445 449 453 457 460 462 464 467 470 472 476 477 485 488 493 499 502 506 511 512 516 518 521 525 527 530 536 539 542 543 544 547 548 552 555 559 562 566 568 574 582 583 589 591 598 599 604 605 609 611 613 618 622 628 632 635 637 638 639 641 643 647 654 655 658 
227 259 267 272 280 291 296 303 308 314 317 323 327 328 330 342 346 350 352 353 355 362 365 371 373 385 386 389 395 401 405 414 420 424 426 433 436 437 441 448 450 455 459 461 466 470 472 475 479 482 484 489 490 494 501 504 510 515 517 520 523 526 528 529 534 537 540 544 548 549 553 557 559 560 564 566 569 573 575 584 588 591 594 602 603 605 609 612 615 618 620 625 629 636 640 644 648 652 653 656 659 663 666 669 
229 261 271 274 281 293 297 306 310 315 321 327 331 332 334 343 349 354 355 358 359 365 367 374 378 388 389 392 397 405 407 418 423 425 429 434 439 443 445 450 452 459 460 462 470 474 475 476 482 486 488 493 494 498 502 505 513 519 520 524 527 531 532 534 535 538 541 545 550 552 555 561 562 563 568 569 570 575 576 585 590 594 598 605 609 611 613 615 618 622 626 627 633 640 642 645 652 654 658 659 660 664 667 671 
233 263 272 276 284 295 301 310 314 319 324 330 333 334 338 344 353 355 358 361 364 368 370 378 382 390 391 396 401 407 411 422 424 427 432 438 441 446 447 453 455 460 463 465 472 475 476 477 486 490 494 496 497 500 503 507 515 521 524 526 530 535 536 540 541 544 545 546 554 557 560 564 565 567 569 570 573 578 580 586 593 596 600 607 612 614 618 620 623 624 627 631 634 644 646 649 656 658 662 665 666 669 670 672 
234 266 273 280 287 296 302 313 315 321 328 333 336 340 342 345 356 358 362 363 368 370 373 380 386 392 393 399 405 410 414 426 428 430 435 440 445 448 450 457 461 462 466 468 473 476 478 482 488 494 497 498 502 504 506 509 517 525 527 530 532 538 539 544 547 551 555 556 560 563 566 568 571 575 578 582 585 588 592 593 597 600 601 608 613 616 619 622 625 628 630 632 635 645 650 653 660 661 665 667 671 674 676 679 
235 268 274 284 290 297 304 315 318 323 332 334 337 343 346 348 359 363 366 369 372 376 380 382 389 393 395 403 409 412 416 427 430 431 437 444 449 452 455 460 465 468 472 473 475 478 479 486 492 496 499 501 504 505 508 512 520 528 531 533 534 542 546 550 552 554 559 562 564 568 571 572 576 580 581 585 586 592 594 598 602 605 607 609 617 620 623 624 628 629 632 633 637 649 652 655 662 664 668 670 673 675 680 682 
237 270 276 288 293 300 306 319 322 326 335 338 340 346 347 349 362 366 367 370 376 377 381 386 393 394 398 407 413 415 419 428 431 432 439 448 451 455 459 463 466 471 475 479 482 485 488 489 494 499 500 503 507 510 514 517 521 529 534 537 541 546 549 553 554 557 563 567 568 569 574 575 579 583 587 591 592 596 597 602 604 607 610 613 620 624 627 629 633 635 638 641 644 650 655 659 666 670 672 674 677 681 683 684 
238 274 280 289 295 301 308 323 325 330 336 339 344 348 350 353 366 367 371 375 379 381 385 389 394 395 401 409 414 416 422 431 433 434 440 452 456 459 463 467 468 474 477 480 486 488 492 495 499 501 505 507 508 513 515 521 525 530 536 538 545 550 554 557 561 565 566 568 569 570 575 579 580 586 588 594 595 598 602 606 608 610 614 618 623 628 631 632 637 640 644 648 652 655 656 661 668 673 677 681 683 687 688 689 
242 275 281 290 297 302 309 326 330 332 339 343 346 351 353 354 367 369 374 377 380 382 389 393 398 400 403 412 416 419 424 434 436 439 443 453 458 463 464 470 474 475 478 484 488 490 495 497 500 504 509 512 514 516 519 524 529 533 538 541 548 554 556 558 563 568 572 574 575 576 578 580 584 589 591 597 600 601 606 608 611 614 615 622 626 630 633 637 638 642 648 651 655 658 659 665 669 677 681 682 687 688 692 694 
244 277 284 293 301 305 312 328 334 338 341 345 347 353 355 356 368 372 378 380 384 387 390 397 400 401 405 416 418 423 427 436 437 443 446 455 462 464 465 474 478 482 483 485 490 491 497 500 504 507 511 516 520 521 525 529 533 537 542 544 550 555 560 562 564 571 574 577 580 582 583 584 588 593 595 601 604 606 607 609 614 618 619 624 629 633 635 639 642 646 650 652 657 660 661 668 673 678 685 689 690 693 697 701 
