2 6 9 10 14 16 18 19 21 23 27 29 30 32 35 36 39 41 44 47 49 51 53 54 57 60 64 65 67 68 71 74 76 77 81 84 88 89 93 96 100 102 105 106 107 110 113 114 117 118 120 121 124 127 130 131 133 134 137 141 145 147 149 153 155 156 160 164 166 170 173 176 178 182 183 187 188 192 193 194 196 199 203 
6 10 11 12 16 17 20 24 25 28 30 34 38 42 46 49 52 55 57 60 64 67 71 73 76 78 82 86 90 92 93 96 100 104 106 110 111 114 115 119 123 124 127 131 133 135 138 140 142 145 148 151 152 156 159 161 163 164 165 167 170 174 178 179 182 186 188 190 193 197 199 201 204 208 210 213 216 217 220 221 222 223 227 
8 12 15 17 19 23 26 30 34 36 40 43 47 48 51 55 57 61 65 68 72 75 79 80 83 87 88 91 94 98 99 103 106 107 109 112 114 115 117 123 127 130 132 133 134 137 141 144 148 150 151 154 157 159 161 162 166 167 168 172 174 175 179 181 185 188 190 191 194 200 204 207 209 212 214 218 221 223 227 231 234 235 236 
9 15 18 20 22 25 30 32 37 40 44 45 49 51 55 58 60 63 66 72 74 79 83 86 90 91 92 93 96 99 102 107 111 115 118 120 122 123 124 125 128 132 133 134 136 139 143 145 152 154 157 160 161 164 166 168 170 171 174 176 177 178 182 183 186 192 195 198 199 201 207 209 213 214 217 222 224 228 231 234 235 239 240 
12 16 19 22 26 27 34 38 40 41 45 46 52 53 57 59 64 68 69 74 78 83 86 89 92 93 94 96 99 101 103 111 112 119 121 124 127 129 132 133 135 138 140 143 144 148 151 154 157 158 159 161 164 168 171 173 176 177 179 180 182 184 188 191 192 195 197 201 203 204 208 213 215 216 220 224 228 232 234 235 237 241 243 
16 19 22 24 28 29 36 42 44 45 47 51 56 59 62 64 65 71 72 77 82 85 90 94 97 100 101 104 105 106 107 113 117 120 123 128 129 132 134 136 138 139 141 145 148 150 154 158 161 165 168 172 173 176 178 179 180 182 185 187 190 192 196 200 203 206 209 213 217 221 225 229 233 235 239 242 243 244 246 248 249 251 253 
18 20 24 26 32 33 40 45 49 52 56 59 63 67 71 72 75 76 78 80 83 86 94 95 100 104 108 109 111 112 115 117 119 121 124 132 133 135 139 143 147 149 152 156 158 162 163 164 167 170 171 174 176 177 182 184 188 192 195 197 199 202 206 210 212 214 218 220 222 223 229 230 234 239 240 245 246 250 252 254 256 260 264 
19 24 25 27 35 39 41 48 50 54 57 63 66 68 74 76 77 81 82 83 87 89 98 101 104 106 110 112 115 117 118 122 125 128 130 133 134 139 141 145 148 153 155 157 159 165 168 169 171 175 176 177 178 182 185 187 189 193 196 200 202 206 207 211 216 219 220 224 228 232 236 240 244 248 250 253 254 257 260 261 262 266 269 
23 26 30 31 38 40 42 51 53 58 59 66 70 72 78 82 84 87 90 91 94 95 99 102 105 108 113 117 121 122 124 126 129 131 135 137 138 142 144 147 152 155 158 161 164 166 170 172 174 177 178 181 184 185 186 188 190 196 197 201 203 210 213 214 220 224 228 232 235 236 239 244 248 251 252 255 257 259 261 264 268 270 272 
26 30 33 36 40 44 47 54 58 62 66 68 73 76 80 83 87 91 92 93 95 97 103 107 111 112 117 119 125 128 129 130 131 134 139 141 143 145 147 148 156 160 164 166 170 173 176 180 184 185 188 192 193 196 198 199 202 203 206 209 210 212 215 217 224 228 230 235 236 239 243 246 251 252 256 258 259 261 262 267 270 272 274 
27 34 37 41 42 46 50 56 61 65 70 71 74 80 81 86 89 92 95 96 99 103 107 108 113 114 121 125 127 132 133 135 139 140 141 142 144 148 151 155 160 163 168 172 173 175 180 184 187 190 191 195 196 199 200 201 205 206 208 212 215 216 219 223 227 230 233 239 242 245 247 248 255 258 261 262 266 270 274 278 280 282 284 
28 38 41 42 43 48 52 60 63 67 71 72 77 83 86 89 90 93 96 100 103 106 110 112 116 119 122 129 130 136 138 140 144 148 149 151 154 157 159 161 163 165 170 175 176 177 181 188 190 191 194 197 200 203 204 208 211 213 217 221 225 228 231 235 236 240 244 248 251 252 256 259 262 265 269 273 276 278 279 283 284 287 290 
32 40 43 44 48 50 55 64 66 69 73 74 81 87 90 91 92 96 99 103 106 109 112 115 117 121 126 131 133 139 140 143 148 150 152 156 158 159 162 166 170 171 173 179 181 182 186 192 195 199 202 204 207 208 211 212 214 216 221 223 226 229 234 237 241 243 247 249 252 254 257 261 264 266 271 276 277 282 284 286 288 292 293 
34 43 44 48 49 52 59 66 68 71 76 80 85 91 92 93 96 100 102 104 108 111 113 119 120 124 127 132 135 142 144 146 151 152 155 159 163 164 168 169 171 175 179 183 185 186 189 196 199 202 204 208 210 211 215 217 219 222 226 230 231 233 236 241 245 247 250 252 256 257 261 264 265 269 275 280 283 286 288 290 291 293 295 
36 47 50 54 58 59 63 70 72 73 77 84 88 94 95 97 100 101 104 105 111 113 116 121 125 129 132 135 136 143 147 151 154 155 159 160 167 170 171 175 178 182 186 187 191 193 195 197 202 204 206 211 213 214 216 220 222 224 230 231 232 237 241 244 246 249 251 256 258 262 265 269 272 276 277 283 285 288 291 293 294 295 299 
37 48 53 57 59 61 66 74 75 79 81 88 91 95 99 102 104 106 109 110 112 116 117 122 126 133 134 137 138 145 148 153 156 157 160 163 169 174 177 180 184 188 191 195 198 202 205 208 209 211 212 213 215 217 219 224 227 230 231 235 236 238 243 248 249 251 254 258 260 266 269 272 274 279 280 284 289 293 296 300 303 307 311 
40 50 56 60 64 66 67 77 81 85 86 90 94 96 100 103 105 108 110 114 118 122 125 129 131 134 136 138 140 149 153 156 160 163 164 165 173 175 181 182 187 191 195 197 202 204 207 212 214 216 217 221 224 226 230 234 235 236 238 240 244 245 247 251 253 254 256 260 264 267 272 273 277 281 284 286 293 295 300 302 307 309 314 
44 51 59 63 68 69 70 81 83 88 89 92 95 99 101 107 108 110 112 117 121 125 128 131 132 135 139 142 143 153 155 159 164 168 170 174 175 177 183 187 189 192 199 201 204 208 212 214 217 220 222 226 229 231 234 235 237 241 242 243 247 249 253 257 258 262 266 269 273 277 280 281 283 284 288 292 296 298 302 303 311 314 315 
45 53 61 64 72 75 76 82 85 92 95 96 97 102 106 110 112 114 118 121 123 127 131 135 136 140 144 147 151 157 160 161 166 170 171 177 181 182 186 190 192 193 202 205 206 209 216 219 223 224 226 227 230 233 236 238 241 242 244 246 251 255 258 261 263 265 268 271 275 281 282 285 289 290 292 294 297 299 305 308 312 316 317 
48 55 64 65 76 79 80 84 86 93 96 100 102 103 109 113 115 116 121 123 124 128 134 136 139 144 145 150 152 159 163 164 170 173 176 179 184 188 192 194 198 200 204 208 210 214 220 221 226 228 232 236 239 241 245 249 253 257 261 262 264 266 269 273 276 278 279 280 281 284 287 291 292 293 295 297 300 304 309 310 314 317 320 
50 58 66 67 79 83 87 90 92 96 97 103 107 111 113 114 116 118 125 129 131 133 136 138 141 148 151 153 156 161 165 167 173 177 181 185 187 192 193 195 199 202 208 211 212 218 222 223 230 232 236 238 243 244 247 251 255 260 265 268 271 273 274 278 281 285 288 292 293 296 297 300 301 303 306 309 313 317 318 322 323 325 328 
53 61 69 72 80 86 90 94 98 102 104 107 108 115 116 119 121 124 126 133 136 140 141 144 147 150 153 155 157 162 168 170 176 180 184 186 188 196 197 198 203 205 210 215 219 221 224 227 232 236 237 242 244 245 248 252 256 262 266 270 272 274 277 281 283 287 292 296 300 303 307 311 313 316 317 320 324 325 327 331 333 336 338 
56 64 70 73 84 88 91 97 100 106 108 111 112 116 117 121 125 126 128 137 138 141 142 147 148 153 155 157 158 163 172 175 177 183 185 190 193 200 202 204 208 209 214 217 223 224 226 231 236 239 240 245 249 250 251 256 259 264 269 273 276 279 282 283 285 290 293 300 303 304 311 314 317 320 321 324 326 327 328 333 337 341 345 
57 66 74 77 86 92 94 101 103 108 111 115 117 120 123 125 128 132 135 140 144 145 147 149 152 154 156 161 163 164 173 176 178 185 189 193 196 203 204 206 211 214 217 218 227 229 232 233 239 241 244 247 252 256 257 259 263 267 273 275 277 281 285 287 288 294 296 302 306 307 312 317 318 323 325 328 330 333 335 338 342 346 349 
60 68 75 81 87 94 98 102 104 110 113 116 121 123 127 129 131 134 136 143 146 147 149 153 155 157 159 164 167 170 177 181 182 188 191 195 198 204 207 209 214 215 219 222 229 231 233 237 241 242 247 249 255 258 259 260 266 268 276 279 283 286 289 291 294 298 302 304 310 314 315 318 321 326 328 332 335 336 339 340 345 347 351 
61 69 78 82 88 98 101 106 108 114 115 117 125 127 128 131 132 138 140 145 149 152 154 158 161 163 167 170 173 177 179 185 188 192 196 199 203 205 211 215 217 221 223 224 233 234 236 240 244 247 248 251 259 260 262 263 268 270 279 283 287 289 290 295 297 301 305 306 311 318 321 325 327 329 332 335 338 342 346 349 353 354 357 
63 70 81 83 92 100 104 110 111 118 120 124 128 131 134 137 139 141 145 149 151 154 158 159 165 168 172 176 178 182 186 189 190 196 200 204 206 208 215 216 218 224 225 228 237 241 242 246 250 254 255 258 260 262 264 267 269 273 280 284 288 293 294 297 298 302 306 308 314 322 325 326 328 331 335 337 339 343 347 351 356 359 361 
64 72 85 87 95 104 107 114 116 119 124 126 130 133 138 141 143 144 146 150 152 158 160 163 169 172 174 178 179 186 190 191 193 198 201 206 207 210 219 223 224 227 230 234 241 245 249 250 252 257 261 264 267 268 272 273 274 276 282 286 291 296 300 302 306 308 310 311 317 323 327 331 333 337 341 344 345 346 351 352 358 362 366 
65 73 89 93 99 106 109 118 119 120 126 128 131 136 140 143 146 147 149 151 154 160 162 164 170 174 176 181 184 187 193 195 198 202 205 209 212 216 223 227 228 230 232 238 245 249 253 257 261 265 268 269 271 275 279 281 282 284 288 292 293 297 302 303 310 313 317 319 320 326 329 333 334 340 342 345 347 350 352 356 360 363 368 
68 77 93 96 100 109 113 122 123 124 130 132 133 139 141 147 148 149 150 153 158 164 165 167 171 175 180 184 185 189 196 197 201 204 208 210 214 219 225 228 232 236 238 240 247 252 257 259 264 266 270 273 275 276 281 285 289 291 293 296 298 299 304 307 312 315 320 324 328 331 334 336 339 342 343 349 352 355 357 361 362 365 370 
70 78 95 98 104 112 115 123 124 128 131 135 137 141 144 148 151 152 155 157 160 165 167 171 174 179 182 187 191 195 200 202 205 206 211 213 218 220 227 232 233 239 243 245 248 255 258 261 265 268 273 274 279 280 284 287 292 295 299 301 303 304 306 311 313 319 323 327 329 335 339 340 344 347 348 353 356 360 362 365 367 368 371 
73 80 98 102 105 114 116 127 131 134 137 138 140 143 145 151 154 156 159 161 165 166 169 174 176 182 186 188 194 198 201 205 209 210 213 216 221 225 231 233 237 240 247 249 252 258 261 262 269 273 277 280 282 286 289 291 296 298 300 305 306 310 314 318 319 320 324 328 333 339 340 344 345 351 354 357 359 361 365 367 368 370 374 
76 81 101 106 107 116 117 131 135 137 139 142 145 149 153 154 158 160 162 166 169 171 172 176 179 183 188 189 196 199 202 208 213 215 216 220 224 226 235 237 239 243 251 253 255 261 264 267 273 274 280 281 286 288 290 295 300 304 305 307 311 315 319 321 322 325 326 332 336 343 344 345 349 353 358 360 363 364 367 371 375 379 381 
77 84 103 107 108 119 121 133 136 141 142 143 147 150 154 157 162 166 170 174 175 177 181 182 183 186 189 193 197 203 205 212 215 216 219 221 227 230 236 240 243 244 252 254 256 265 268 269 277 279 283 284 288 291 294 296 303 306 309 312 316 319 320 325 326 327 328 336 338 347 350 352 354 358 361 364 368 370 371 374 376 381 383 
78 88 106 111 113 120 123 137 141 142 143 144 151 154 156 160 163 167 172 176 177 179 185 189 193 194 197 200 203 206 209 215 216 220 224 227 228 231 238 244 245 247 253 255 260 266 271 275 281 284 285 287 291 295 298 299 306 309 310 313 318 320 322 327 330 334 335 337 341 351 352 353 358 359 365 367 371 373 377 379 381 384 385 
79 90 109 115 118 121 124 138 143 145 148 150 152 156 158 164 168 170 176 179 182 184 189 190 195 196 200 202 207 208 212 217 221 223 226 229 232 235 242 246 249 250 257 261 263 268 274 276 283 286 287 289 294 299 301 304 309 313 315 318 319 324 326 331 333 336 337 338 343 354 358 359 361 362 366 370 373 376 378 383 386 389 390 
81 92 110 119 123 125 127 141 145 148 149 152 153 157 160 167 169 174 178 181 186 189 193 194 198 202 204 207 211 214 216 219 225 229 231 234 235 238 243 249 252 256 259 262 266 270 278 282 285 288 292 295 296 300 302 306 311 315 316 321 325 329 333 335 337 340 344 347 351 357 361 365 368 372 375 376 377 381 385 387 388 391 394 
84 95 114 122 125 128 132 145 147 152 154 158 159 163 166 169 173 177 182 183 188 193 196 198 202 203 206 209 214 215 217 220 226 231 234 237 238 239 244 253 254 258 262 264 270 272 281 284 289 291 296 298 302 303 305 310 312 319 320 324 326 332 336 340 343 347 348 351 352 360 364 366 370 373 378 380 382 386 387 389 392 394 395 
88 96 116 124 129 132 134 148 151 154 156 160 163 164 167 170 176 178 183 187 191 195 198 200 204 208 212 214 217 218 219 221 228 234 235 241 243 246 247 256 258 260 265 267 271 275 284 285 291 295 300 302 304 308 309 311 315 322 323 327 328 336 340 342 346 351 354 356 358 363 367 369 374 378 380 384 385 388 391 395 397 400 401 
90 100 117 128 132 136 137 151 154 156 157 164 167 171 175 177 179 183 185 189 195 198 199 201 207 212 214 218 219 220 222 225 232 236 240 242 246 249 251 258 260 264 267 271 273 279 285 287 293 298 302 306 308 310 314 317 318 323 326 330 334 337 343 345 347 353 355 358 361 366 369 373 378 380 381 386 389 392 394 399 402 405 407 
92 104 119 132 135 137 140 155 156 157 161 166 170 174 176 180 182 184 187 191 196 200 204 208 212 214 217 221 222 226 229 230 234 237 243 247 250 251 252 262 265 268 271 273 274 282 287 290 295 299 303 307 310 314 316 321 325 328 331 332 337 340 344 346 348 356 358 360 365 370 373 376 381 384 386 388 393 396 399 401 406 407 408 
95 105 123 136 137 141 142 157 160 164 168 170 172 178 180 184 188 192 194 197 201 204 206 209 215 218 219 224 226 227 232 235 236 238 247 251 252 253 255 264 266 270 273 274 276 285 289 293 296 301 304 311 314 318 319 322 326 329 332 333 341 343 348 349 353 358 359 361 367 371 377 379 384 385 387 391 397 400 403 405 410 411 413 
97 106 127 140 144 146 150 158 162 167 172 173 174 182 184 188 191 193 197 200 202 206 207 211 218 220 221 225 228 232 233 237 239 243 248 253 255 256 258 268 270 272 277 280 284 288 292 297 298 302 306 315 317 322 326 329 331 332 334 336 344 348 350 354 356 359 361 362 368 375 380 381 385 387 391 393 399 403 407 408 411 413 417 
101 109 129 143 147 151 155 160 163 169 173 175 177 184 185 190 194 198 199 201 205 208 210 213 219 222 225 226 229 233 234 238 240 246 252 255 259 260 264 272 276 280 284 287 289 291 293 300 302 304 308 317 321 323 330 333 336 340 341 343 346 349 354 356 359 361 362 366 370 379 382 385 389 391 393 394 401 406 408 411 414 415 419 
103 112 131 145 151 155 158 162 165 171 175 176 181 188 189 191 198 201 202 205 207 212 214 216 222 224 226 228 232 234 236 240 244 247 254 257 262 264 267 276 280 281 286 288 291 293 294 303 306 308 310 319 322 327 333 336 337 342 344 346 348 352 355 357 360 363 367 369 374 382 383 389 390 392 394 396 403 409 410 413 418 419 422 
106 114 135 148 152 157 162 163 169 175 179 180 184 191 194 196 200 203 205 209 211 216 220 223 225 227 230 233 237 241 244 247 251 252 258 259 264 266 268 277 283 287 291 292 293 295 299 306 310 313 317 320 325 328 334 337 339 344 346 350 353 356 360 363 364 367 371 374 376 383 386 393 395 397 398 401 406 412 415 417 420 421 425 
109 116 138 149 156 161 165 169 173 176 182 184 188 192 198 199 203 204 207 213 214 219 222 226 228 229 233 235 241 245 247 248 253 257 259 260 265 267 272 279 287 288 293 294 296 298 302 309 312 317 320 322 328 332 336 340 342 348 351 354 358 360 363 366 369 370 375 377 379 386 390 394 397 400 403 406 410 414 416 421 424 426 430 
110 118 139 152 159 162 167 171 177 180 184 187 189 196 202 204 206 209 212 215 218 220 225 228 231 234 237 238 243 248 252 255 257 261 264 266 268 270 273 281 290 294 295 298 299 302 303 312 313 319 324 327 329 334 339 343 346 349 355 359 361 365 368 372 374 377 378 382 385 390 392 398 400 401 405 409 414 416 418 422 427 428 433 
114 119 142 155 160 165 169 173 181 185 187 189 193 197 204 206 207 211 214 219 220 222 227 231 234 236 241 243 246 250 254 258 262 264 267 269 271 274 278 282 291 297 298 302 306 307 308 313 316 320 327 331 333 335 343 345 350 352 357 362 366 370 371 373 376 378 379 384 387 392 395 400 401 404 406 412 418 419 423 427 431 435 438 
115 122 146 158 163 166 173 176 184 186 189 192 195 200 205 208 209 214 218 221 222 224 231 234 237 241 243 246 247 254 257 262 266 270 271 275 279 282 285 289 295 301 303 305 310 313 317 318 319 324 331 333 336 340 344 348 353 354 358 363 369 372 376 377 381 385 386 389 390 393 398 401 405 408 411 415 421 422 427 431 433 436 442 
119 126 148 162 164 167 177 178 188 189 190 194 199 204 206 211 212 218 222 223 226 230 233 235 240 243 245 247 250 255 260 264 269 273 275 278 283 285 288 292 298 304 305 307 311 316 318 320 322 328 332 335 340 343 346 350 354 355 360 366 370 376 379 383 385 386 389 390 393 397 401 402 407 410 413 417 425 429 431 434 436 440 444 
121 130 151 166 169 170 180 183 191 192 196 197 202 206 208 214 217 221 225 227 231 232 237 239 243 244 248 250 251 257 261 266 271 274 278 282 286 287 289 295 299 305 309 310 314 320 324 327 330 332 333 338 341 345 348 353 355 356 363 367 372 378 380 386 387 390 392 393 394 399 404 406 410 414 415 418 428 430 432 438 439 443 448 
124 131 153 168 170 171 183 184 193 195 199 203 206 208 209 215 220 225 228 229 233 235 241 243 245 246 251 253 257 261 262 268 275 278 280 283 288 290 293 298 300 308 313 314 318 321 327 329 332 335 337 342 343 348 350 354 358 362 365 368 374 379 384 389 393 394 395 397 401 403 406 408 414 415 418 421 430 431 434 442 443 445 450 
125 133 156 171 175 176 187 189 195 196 201 204 207 211 213 219 222 226 229 233 235 239 243 246 248 249 253 255 261 265 266 272 279 280 283 285 290 294 297 299 304 311 317 321 323 327 330 334 338 340 342 343 345 349 351 358 359 364 369 373 378 381 387 392 397 399 403 407 410 411 415 418 420 421 424 426 434 437 441 443 446 447 451 
128 135 157 173 179 183 188 190 198 199 204 207 209 215 218 220 225 230 231 237 241 244 246 248 249 250 256 259 262 269 272 276 280 282 285 287 294 295 299 302 308 314 319 325 327 328 332 336 340 341 343 345 346 350 355 361 363 367 372 374 381 384 391 396 398 400 405 410 414 416 418 420 422 426 430 433 435 439 442 445 447 449 452 
129 137 159 176 180 184 191 192 199 203 206 210 213 217 221 225 228 234 238 239 245 246 250 251 252 253 259 260 265 273 276 279 283 286 287 290 296 300 301 306 311 316 322 327 329 330 335 337 341 345 349 353 355 358 362 365 366 368 375 379 383 386 394 398 402 404 409 412 418 422 424 428 430 431 435 439 440 441 445 448 452 456 458 
130 139 160 178 183 187 193 195 200 204 207 212 217 219 224 227 232 235 241 244 246 250 253 254 256 257 261 262 266 277 278 282 285 288 289 291 300 302 305 308 315 317 325 331 332 333 339 342 344 346 351 355 359 362 364 367 371 374 379 380 384 390 398 401 403 406 410 416 421 425 426 430 433 437 440 444 447 451 455 456 460 462 463 
133 141 164 180 185 188 197 201 202 208 212 216 218 222 225 231 236 239 243 248 251 252 256 259 261 264 266 268 269 279 281 286 288 289 291 294 304 308 311 314 319 323 329 334 336 338 342 344 346 349 355 357 360 363 366 369 374 378 380 383 388 394 400 405 408 409 414 417 422 426 427 433 437 439 444 447 448 453 459 460 462 464 465 
135 144 165 184 188 192 201 205 207 210 213 220 222 225 226 234 237 241 246 250 255 259 263 264 268 269 271 275 276 281 285 289 291 293 295 297 307 309 313 317 323 326 330 335 340 341 343 345 349 351 359 361 364 367 370 372 377 379 384 385 389 395 402 409 410 414 417 421 423 427 428 436 441 445 448 451 452 456 461 463 467 468 472 
137 148 167 186 190 196 204 209 212 213 217 222 225 227 230 237 238 242 250 254 259 262 267 268 272 274 276 279 281 283 288 292 296 298 299 302 311 313 317 318 325 330 332 339 342 344 348 352 356 357 361 365 368 370 372 375 381 383 385 387 390 396 405 411 414 416 421 425 426 431 433 440 442 449 451 452 456 460 462 464 470 473 476 
139 151 169 189 194 198 207 213 216 219 220 224 226 231 232 240 243 245 253 258 261 266 269 272 276 277 281 283 286 287 290 296 300 304 307 310 312 317 319 320 327 334 338 343 345 348 350 355 360 362 364 367 369 374 377 381 383 386 387 388 394 398 409 412 416 420 425 429 430 433 437 444 446 451 454 457 460 464 465 467 471 476 480 
141 153 171 190 195 202 210 215 217 222 224 227 229 232 234 243 244 246 256 259 262 269 272 276 279 280 284 287 288 289 292 298 301 305 311 313 315 320 324 325 330 335 341 344 348 350 351 358 364 368 371 372 375 377 379 385 386 389 392 396 398 399 413 416 419 423 426 431 434 438 441 446 449 453 458 461 462 465 466 469 475 477 484 
145 157 174 194 196 205 211 219 220 223 228 232 234 238 242 247 248 252 257 262 263 273 277 278 281 285 289 291 293 297 300 304 306 309 314 315 319 324 328 329 332 336 345 346 350 353 357 361 367 372 373 375 379 383 386 389 393 394 396 397 402 406 415 419 422 424 430 434 437 439 444 448 451 455 461 465 466 469 472 476 480 483 486 
148 159 176 196 198 209 212 221 225 227 230 233 238 242 245 251 254 255 261 265 267 275 279 283 287 288 293 297 298 300 302 308 312 316 318 320 323 327 329 333 335 338 348 349 352 354 359 364 370 376 379 382 385 388 390 392 396 399 400 403 407 409 418 422 424 425 433 437 441 444 446 451 453 459 465 468 471 473 474 479 484 485 490 
151 160 178 198 200 211 214 222 228 231 233 235 239 245 247 255 257 260 264 268 272 276 281 284 288 291 296 298 301 303 304 311 314 319 322 325 328 329 331 335 338 341 351 352 353 358 362 368 374 380 384 386 387 392 393 397 399 400 403 404 409 411 419 425 427 431 435 439 444 448 452 453 455 463 466 469 475 479 482 486 488 490 492 
153 163 179 200 203 214 216 226 230 232 234 236 243 246 250 258 261 262 266 270 274 278 284 288 291 294 297 301 303 304 308 313 316 323 325 327 330 333 335 338 339 343 352 353 356 359 363 370 377 381 387 391 393 397 401 403 407 409 412 414 418 422 426 429 432 435 439 441 446 451 456 458 460 467 470 472 478 481 483 487 491 492 496 
154 166 180 203 207 216 217 227 231 233 235 240 244 250 254 262 263 266 267 273 277 280 287 292 293 296 301 303 307 310 313 315 317 325 326 330 334 336 337 341 342 344 354 358 359 363 365 373 380 385 391 392 396 400 404 407 411 412 415 416 422 425 429 431 433 436 441 445 448 454 460 463 466 470 474 475 482 484 486 491 492 493 497 
157 167 184 206 210 218 219 230 233 235 237 243 248 253 258 264 268 271 273 277 281 282 289 296 298 301 302 307 311 314 315 318 319 327 331 335 339 341 342 344 346 350 356 362 364 368 371 376 381 389 393 397 398 403 407 408 414 418 420 423 425 428 430 432 436 438 444 446 449 457 463 465 470 473 475 476 484 485 490 493 496 499 500 
159 168 187 208 211 220 223 233 236 239 240 247 251 254 259 266 269 273 276 279 283 287 293 300 303 305 306 311 314 317 320 321 325 330 334 339 343 345 346 347 350 354 360 365 367 369 373 377 383 392 394 398 401 406 409 410 415 419 423 425 428 432 434 435 439 442 446 447 453 459 467 470 473 476 480 481 486 490 493 495 499 500 504 
162 172 189 211 215 223 226 237 240 243 245 249 252 255 262 267 273 274 278 282 287 288 296 301 305 308 312 314 315 318 324 325 328 333 338 342 344 346 348 351 353 356 361 366 370 373 376 378 384 393 396 401 402 409 411 413 418 420 424 426 431 433 437 439 442 445 448 449 454 460 470 472 476 478 482 484 490 492 495 498 500 503 507 
166 175 191 215 217 227 229 238 241 246 247 253 255 257 266 270 275 277 279 285 288 290 300 304 309 312 316 318 320 321 326 330 333 335 339 344 345 349 353 354 356 360 365 370 371 375 378 381 385 397 400 402 404 413 415 416 420 421 426 428 435 436 438 440 444 447 450 453 457 463 472 474 479 482 483 486 494 497 500 502 505 509 510 
170 177 192 218 219 230 234 241 245 250 251 256 260 261 268 271 277 279 282 288 292 295 303 306 310 314 317 319 323 325 329 333 335 337 340 346 347 350 355 357 361 363 367 371 373 377 380 385 389 400 402 404 408 417 420 424 426 430 433 436 440 441 442 443 447 449 452 457 459 464 474 477 481 485 487 490 497 501 504 506 508 511 515 
173 181 196 222 226 234 238 244 248 253 257 261 262 266 270 275 278 280 286 289 293 296 304 309 314 318 322 324 325 327 330 334 338 341 345 347 350 353 358 362 366 369 373 376 379 380 383 388 393 403 404 407 411 420 424 428 432 435 438 440 442 445 446 448 450 451 453 459 461 465 478 481 483 488 491 494 499 502 506 510 514 518 521 
175 185 198 225 227 237 240 245 250 256 261 263 267 270 271 276 282 286 288 293 294 300 307 311 317 322 326 329 331 333 335 339 342 344 347 349 353 356 359 366 369 371 374 380 384 387 391 394 395 406 407 410 412 422 428 431 434 437 441 443 444 446 450 451 453 455 456 463 466 470 480 484 485 489 493 498 501 504 510 514 517 522 526 
179 188 200 227 229 239 241 247 254 257 264 268 271 275 278 282 284 287 290 295 296 301 310 314 321 324 327 331 334 338 342 344 345 347 350 352 356 357 360 367 373 376 380 384 386 390 393 396 400 407 410 413 414 423 430 432 438 441 445 447 450 452 455 456 457 459 460 465 470 471 482 485 488 490 495 501 504 507 511 516 521 524 528 
182 189 202 230 232 240 243 248 257 261 265 269 272 276 279 286 287 289 292 296 298 302 314 318 322 327 328 334 335 341 344 347 350 351 352 354 359 361 364 368 374 377 382 388 389 392 397 399 402 408 412 415 418 424 431 435 440 445 446 448 452 453 456 459 463 466 469 471 472 473 486 489 492 494 496 503 507 510 512 519 524 525 532 
186 192 204 231 235 244 245 250 258 265 269 272 275 280 283 287 288 292 294 298 302 305 315 321 326 330 332 336 338 344 346 348 351 352 353 356 363 365 369 370 375 381 383 391 395 396 398 403 406 410 414 419 420 425 432 436 442 446 450 451 456 459 461 465 468 470 471 474 478 479 490 491 493 496 499 507 511 514 518 520 526 527 535 
187 196 207 234 237 248 250 253 260 267 271 273 276 284 286 288 291 293 295 302 304 309 317 323 330 333 334 340 342 347 351 353 356 358 361 363 366 369 371 372 377 382 385 392 399 401 404 405 409 413 416 423 425 427 433 439 443 447 453 454 458 462 465 467 469 474 478 480 481 483 493 495 496 500 503 510 512 518 519 522 527 528 536 
189 198 210 236 241 249 254 256 264 269 273 274 278 285 288 292 294 297 300 304 305 311 321 327 331 334 338 341 344 350 354 357 359 360 365 368 371 375 377 378 380 386 390 394 400 405 408 409 411 415 417 424 429 431 434 443 444 450 456 458 460 464 468 472 474 476 481 485 488 490 494 499 502 503 505 513 517 522 523 527 529 532 540 
192 202 212 240 243 253 257 260 268 272 276 279 281 287 292 295 296 300 302 308 312 313 325 328 333 338 340 343 347 352 356 359 363 367 371 372 375 379 382 385 388 390 394 397 403 408 409 411 415 416 421 426 432 434 437 447 451 453 459 463 467 471 472 475 477 478 484 487 491 493 496 501 505 507 508 517 520 525 526 528 532 534 541 
196 203 213 242 245 255 261 265 271 274 279 283 284 291 296 300 302 305 309 311 316 318 327 330 335 340 344 346 348 356 359 360 364 371 375 379 383 385 387 391 393 397 398 400 405 409 413 416 419 423 425 429 434 436 441 448 455 458 463 467 468 475 477 478 481 483 485 490 494 495 499 505 509 512 513 520 521 528 532 534 535 537 542 
198 205 214 243 248 259 262 266 272 275 283 286 287 292 298 304 306 307 310 313 318 320 331 332 338 344 347 348 351 360 362 365 369 373 376 383 387 389 390 395 398 399 402 403 408 411 416 417 423 424 428 431 438 442 445 449 456 462 464 469 472 479 482 483 487 491 494 495 496 497 501 506 510 516 519 521 523 531 533 535 538 542 546 
200 207 217 247 250 261 264 270 276 279 284 290 292 296 299 308 312 316 318 321 325 326 332 335 342 345 348 349 355 364 365 367 373 375 380 387 389 391 394 396 400 404 408 412 416 417 420 421 426 430 433 435 442 446 449 450 460 464 466 473 474 483 486 488 492 495 499 501 504 506 510 513 516 519 522 523 526 535 537 538 539 544 547 
