2 3 5 6 10 13 15 18 19 21 23 26 28 29 30 34 36 40 41 42 43 46 49 53 57 58 60 63 65 68 71 75 79 80 84 85 89 91 95 96 99 103 105 106 110 114 115 118 119 122 125 128 129 130 133 136 139 143 147 151 153 154 158 160 161 165 169 170 174 178 180 184 186 189 192 196 199 201 204 208 209 212 213 215 218 222 223 227 228 229 232 236 238 239 242 243 246 249 251 255 259 261 262 263 266 268 269 272 276 277 278 282 286 289 292 293 296 299 301 305 308 310 314 318 322 326 328 329 332 333 
6 8 11 13 17 20 23 27 31 34 35 36 37 39 42 43 44 47 50 51 55 58 61 65 68 71 74 75 78 80 84 87 89 91 94 97 98 101 102 104 106 109 113 115 117 121 124 128 131 133 136 140 142 144 148 150 153 157 158 160 162 166 170 174 176 180 184 188 191 193 195 197 199 201 205 207 208 209 211 213 216 218 219 221 225 227 228 230 231 232 233 238 239 240 243 245 249 250 253 258 260 263 265 267 269 273 275 276 277 278 279 283 289 293 296 298 299 303 307 311 314 318 319 323 327 331 335 339 341 345 
8 10 12 17 20 23 25 31 34 38 41 42 45 49 53 57 59 61 65 66 68 69 73 74 77 80 82 83 85 87 91 93 96 99 100 103 107 108 112 116 117 119 122 126 127 131 134 138 139 141 144 146 149 152 155 156 160 161 163 165 166 167 173 177 178 182 185 190 192 194 198 199 201 203 207 209 210 213 215 216 220 222 224 228 230 233 236 237 238 239 240 241 242 245 247 249 250 253 256 260 264 265 269 272 274 277 279 283 287 289 293 297 299 300 303 307 310 314 317 320 324 325 326 327 330 335 338 343 344 347 
9 13 16 18 22 26 28 35 38 41 45 46 48 52 55 59 62 64 67 70 71 74 77 78 82 85 88 90 93 96 99 103 105 109 113 117 119 120 124 127 130 134 136 140 142 145 149 150 151 153 154 156 159 162 163 164 166 167 169 173 176 180 182 185 186 190 194 195 196 200 203 206 208 211 212 214 217 218 222 225 228 230 234 237 241 243 245 246 247 251 255 257 259 261 262 266 269 270 274 278 281 283 285 287 291 294 298 300 301 302 304 306 308 309 312 314 315 316 320 324 328 331 334 336 340 341 343 344 347 349 
11 15 18 22 26 27 30 37 42 44 48 50 53 55 58 63 67 71 75 79 81 85 86 90 92 93 95 96 98 99 101 106 108 112 116 118 121 123 126 128 131 137 141 144 145 146 151 153 157 161 165 169 171 173 176 177 179 182 184 186 189 191 193 194 197 198 200 201 203 207 210 214 217 218 221 224 227 229 233 234 235 238 240 241 243 246 250 252 254 258 259 261 262 265 269 271 272 275 277 281 283 286 289 293 294 298 299 304 308 311 313 314 315 318 321 324 326 330 331 333 335 339 342 344 348 352 355 358 360 363 
13 16 22 23 30 32 35 40 44 46 49 51 56 59 63 64 70 75 79 83 87 90 91 93 96 98 101 104 105 107 111 113 115 119 122 124 127 129 131 133 136 140 144 146 147 148 152 157 160 162 166 170 174 175 180 183 187 189 190 192 193 194 197 200 203 207 209 211 214 218 220 222 223 227 231 232 234 238 241 242 246 250 253 255 259 263 264 265 267 270 273 276 278 280 281 282 286 288 290 293 295 296 299 300 302 306 307 310 314 315 317 321 323 325 326 330 332 333 334 336 338 343 345 348 350 355 357 361 365 369 
14 17 25 27 32 33 39 42 47 48 53 54 57 61 64 66 72 79 83 84 90 91 92 96 100 103 106 110 112 113 115 117 118 121 126 129 131 133 136 138 139 141 147 151 154 158 159 162 165 168 170 173 176 179 181 186 189 193 194 195 196 198 199 204 207 208 212 214 218 221 224 225 227 230 235 237 240 241 244 245 248 253 255 259 260 267 271 272 274 277 280 282 283 286 287 289 293 294 295 296 299 302 303 306 308 311 315 319 322 326 328 332 336 340 342 344 348 350 351 352 353 355 359 361 363 367 371 373 376 379 
16 21 27 28 35 38 43 46 48 51 55 57 60 64 66 68 75 82 87 91 93 97 100 102 106 107 110 113 114 116 119 123 127 129 132 134 136 140 142 145 147 149 151 154 157 159 160 164 166 170 173 174 179 180 182 187 190 196 199 200 203 206 209 212 216 220 222 223 227 231 232 233 237 240 244 246 248 252 254 258 259 262 265 268 272 274 277 279 280 284 288 292 293 295 296 300 302 303 304 307 309 310 314 315 317 319 320 321 325 329 331 333 337 341 346 350 354 356 358 362 364 365 367 369 372 375 376 378 382 386 
17 24 29 30 36 39 44 47 50 52 57 60 63 68 69 70 76 84 89 92 97 98 101 103 109 113 114 117 118 122 125 127 131 134 135 136 138 142 144 146 150 152 156 157 159 161 165 166 167 172 175 178 180 182 184 189 193 197 202 204 208 209 211 213 220 221 223 227 231 232 235 236 241 245 247 249 253 257 258 262 265 268 270 274 278 279 281 283 285 289 290 294 297 298 302 306 309 312 315 316 319 320 324 327 329 330 331 332 333 335 337 340 344 345 348 354 355 358 362 365 366 370 371 374 376 379 383 385 386 388 
21 26 31 33 40 44 45 50 52 55 58 64 66 69 70 72 79 88 90 95 100 102 104 106 111 117 118 119 121 124 128 129 133 137 139 140 142 145 149 152 153 157 160 161 162 163 168 171 172 173 176 181 184 186 187 193 197 198 204 205 210 211 213 217 222 224 228 231 232 233 238 239 244 249 250 252 256 260 263 265 268 271 272 275 279 282 283 287 288 293 295 298 299 300 304 310 313 317 318 321 322 325 326 328 332 335 337 340 343 347 351 354 356 357 358 362 366 368 372 375 379 383 386 388 391 392 394 398 402 403 
25 28 33 37 41 46 48 53 57 61 65 67 69 71 75 78 83 89 92 96 102 105 107 109 115 118 120 124 125 126 131 132 135 141 143 147 151 155 158 159 161 164 166 169 172 175 178 179 183 185 186 187 188 190 192 194 198 201 208 210 212 214 218 221 226 230 234 235 239 243 244 247 251 254 255 259 260 264 265 267 272 276 279 282 283 286 287 289 293 295 299 301 304 306 308 314 317 321 324 326 328 331 335 337 339 341 342 344 346 348 353 357 359 361 365 366 369 372 375 377 383 385 389 390 392 394 398 401 406 407 
29 33 37 38 42 48 51 56 60 62 66 71 73 74 76 79 87 92 96 100 105 109 112 115 119 120 124 127 131 135 139 140 142 143 147 148 154 158 162 165 166 169 172 175 177 179 183 184 186 188 189 191 192 195 197 198 202 206 211 212 214 215 221 222 228 234 237 239 240 247 249 251 255 258 259 262 264 265 266 269 275 277 282 283 285 288 289 292 297 299 302 304 305 310 313 315 320 322 325 328 331 335 338 340 341 344 346 348 350 351 356 360 364 365 366 368 373 377 379 381 386 389 393 394 398 402 403 404 408 412 
33 34 40 43 45 51 53 57 62 65 69 73 74 77 80 83 91 95 100 103 107 111 115 116 123 124 126 129 133 137 140 144 145 149 153 157 161 162 164 169 172 175 179 180 183 187 190 191 194 198 199 202 205 207 208 212 216 218 222 223 226 229 231 234 237 238 242 244 245 249 251 252 258 262 264 265 269 270 272 275 276 279 284 286 288 292 296 297 301 304 305 307 309 311 317 321 325 329 331 335 338 342 344 348 351 352 353 357 360 361 365 366 367 371 375 379 380 382 383 384 389 392 394 396 399 403 405 406 409 416 
35 37 43 44 47 52 56 61 63 66 73 76 77 79 82 85 93 96 101 105 110 113 118 120 125 127 129 132 135 139 144 147 148 153 155 159 165 169 171 175 178 182 183 185 186 189 194 197 199 202 203 204 206 211 215 219 223 224 227 229 230 232 234 235 238 239 244 245 249 250 255 258 259 264 267 268 273 274 277 280 281 285 287 291 294 296 299 302 306 309 312 316 319 322 325 326 330 332 336 337 342 345 346 350 352 355 357 359 363 366 367 371 372 376 379 383 385 386 390 391 394 397 400 401 403 404 408 409 410 418 
36 41 44 48 49 55 57 63 64 70 74 78 82 85 86 90 94 100 104 107 112 117 121 124 128 131 133 135 137 140 148 149 151 157 161 162 167 172 176 177 181 185 188 191 195 196 197 201 203 206 209 210 214 218 221 225 227 228 229 231 235 238 239 243 244 246 250 253 257 260 263 266 269 272 276 277 279 280 284 288 290 292 296 300 303 305 308 309 311 313 314 318 321 323 327 330 334 338 339 340 346 350 353 357 358 362 363 364 366 370 374 376 377 379 380 387 389 393 396 398 399 403 407 410 414 415 418 422 424 427 
39 43 47 49 51 57 61 64 68 72 77 80 83 89 91 95 99 102 105 108 115 121 125 127 129 133 135 136 140 144 151 154 156 158 163 166 171 174 177 179 184 186 189 193 197 200 202 206 210 211 213 215 217 222 223 227 231 232 234 236 239 241 243 245 248 249 252 255 260 261 265 269 273 276 279 280 282 286 289 293 296 298 300 301 307 310 312 316 317 318 320 321 323 325 329 334 335 342 345 347 349 354 356 358 360 365 369 370 372 373 376 377 381 383 387 390 392 394 399 403 405 409 411 415 417 420 424 426 427 430 
40 44 51 55 58 61 63 66 72 74 78 84 86 91 95 99 101 104 106 112 119 122 127 130 133 135 137 139 143 148 153 156 159 163 164 169 173 176 180 183 187 191 193 197 198 202 205 209 212 216 220 221 224 226 229 230 234 238 241 242 245 249 253 255 256 259 263 267 271 272 273 274 277 279 283 284 286 288 293 296 298 300 304 308 311 314 316 320 322 323 326 330 332 335 336 339 342 343 349 352 353 355 359 360 364 369 371 373 376 380 381 382 385 387 388 394 395 398 400 405 407 413 417 420 424 425 428 432 436 440 
43 47 55 59 62 66 68 72 73 78 82 85 89 94 98 103 105 109 111 116 121 123 129 131 137 138 140 144 148 149 157 161 162 166 169 172 175 177 184 187 190 195 196 199 200 205 207 213 217 220 221 223 227 230 231 233 238 239 242 244 247 250 256 260 263 265 266 269 274 277 279 280 284 287 291 295 299 302 305 308 312 315 316 320 324 326 328 332 334 336 340 344 347 349 350 353 354 357 361 365 367 368 372 373 374 377 379 383 387 389 392 396 397 401 405 406 410 413 414 418 422 425 426 427 431 432 436 437 439 444 
44 48 58 60 64 68 71 75 77 81 85 88 93 96 102 106 109 110 115 119 125 127 133 134 140 143 147 148 150 151 158 165 167 168 170 175 178 179 185 191 194 198 199 202 206 210 214 217 218 222 223 224 231 232 233 236 240 243 245 248 249 251 258 263 267 271 273 277 281 285 286 289 292 293 295 296 300 305 308 310 316 319 321 323 326 328 332 334 335 338 342 348 351 355 359 362 363 367 368 370 373 375 379 381 383 386 387 391 394 397 401 403 404 406 407 409 412 416 419 420 426 429 432 435 437 440 442 444 445 446 
48 49 59 62 68 69 72 78 82 85 89 90 96 97 103 108 113 116 120 123 126 130 136 139 142 145 149 151 153 157 162 168 172 175 178 179 182 185 189 193 197 201 203 205 209 212 218 222 224 227 231 234 237 240 243 245 247 251 254 256 257 258 260 264 269 273 277 281 285 286 289 293 295 298 299 301 305 306 310 311 320 322 323 326 330 332 333 335 338 340 345 352 355 356 361 366 367 369 370 372 376 380 384 387 391 395 398 400 403 407 411 412 415 416 417 421 422 426 428 432 436 437 440 443 444 448 452 456 459 460 
51 53 62 65 72 73 77 79 86 87 91 93 100 101 106 112 115 117 124 127 131 135 140 141 144 146 152 153 154 158 164 169 176 177 179 182 183 187 191 196 199 204 208 211 213 215 222 225 228 231 232 238 241 242 244 246 249 254 257 260 264 265 266 269 273 277 279 283 287 288 292 294 298 299 303 305 306 310 311 312 322 326 330 334 335 338 341 344 345 349 352 353 357 358 362 369 371 373 376 377 380 384 387 389 392 397 400 403 405 408 413 414 417 421 425 429 432 434 436 438 439 441 445 448 451 455 459 461 463 466 
55 59 66 69 75 78 81 84 89 90 95 98 102 105 110 113 118 122 128 130 134 139 141 142 146 149 154 156 160 161 166 170 177 179 182 183 186 189 192 200 201 205 209 214 216 219 223 229 231 233 234 241 244 246 249 250 254 255 260 262 266 268 272 274 275 279 282 284 290 291 296 300 302 305 306 307 310 313 315 318 323 330 334 335 337 340 342 347 351 352 355 358 362 366 367 372 376 380 381 383 387 388 392 394 397 400 404 405 409 410 417 421 422 423 428 431 433 438 439 440 442 445 449 450 454 457 461 462 464 470 
57 60 68 71 76 80 85 87 91 95 96 100 106 107 112 117 120 125 130 133 136 143 146 148 152 155 157 158 162 165 170 171 180 183 185 189 190 194 196 204 205 209 210 216 219 222 225 233 236 238 240 243 247 249 251 254 258 262 265 269 270 271 275 279 280 281 284 286 293 294 300 304 308 309 312 316 318 321 322 324 328 334 335 337 338 342 345 350 352 355 356 361 363 370 373 377 380 382 384 386 388 392 393 398 402 406 408 409 413 414 418 425 426 430 434 436 438 439 443 444 446 449 453 454 456 460 463 465 468 472 
59 63 72 75 78 84 86 90 95 97 98 103 110 113 115 121 123 128 132 137 141 145 149 150 153 158 159 163 167 169 172 174 181 184 189 193 196 197 199 208 209 212 213 219 222 225 228 236 240 241 242 245 248 253 257 258 262 263 268 273 274 275 276 281 284 285 286 288 296 299 301 305 310 311 315 319 321 322 323 328 329 338 342 346 347 348 350 353 355 358 361 363 365 371 375 381 382 385 388 389 390 396 397 399 406 409 411 415 418 421 423 428 431 432 438 439 442 443 445 447 449 453 455 456 457 463 466 470 471 474 
60 65 74 76 82 86 90 94 97 98 102 105 111 116 120 122 125 131 136 140 144 147 151 155 159 160 162 164 169 172 175 179 185 186 192 195 197 199 202 211 215 217 221 223 225 228 232 239 241 243 245 246 251 254 261 264 265 268 270 277 280 281 283 287 291 292 294 297 301 305 308 312 313 316 317 321 322 326 330 332 333 341 345 348 349 351 352 355 356 359 365 368 369 374 376 382 386 390 391 392 396 397 399 403 408 410 412 417 421 425 427 431 434 435 442 445 447 449 452 453 455 456 457 458 460 467 471 474 476 480 
63 67 76 79 84 88 91 98 99 102 105 109 112 117 121 124 129 134 137 144 148 152 155 159 160 162 164 165 173 176 179 181 189 191 196 198 199 200 206 215 219 222 225 227 231 233 237 241 243 246 250 254 258 262 264 265 266 272 276 281 282 285 286 288 293 294 296 301 303 307 309 314 317 318 321 322 323 328 332 335 339 344 347 350 351 352 356 358 362 365 369 370 372 375 379 383 388 394 398 402 405 407 408 412 416 420 424 426 429 431 434 437 440 443 444 448 449 451 453 456 458 461 465 467 471 472 474 477 479 481 
66 69 79 82 87 89 92 100 102 104 107 113 114 118 124 127 133 136 138 145 149 153 159 162 166 170 172 176 180 184 185 189 192 196 197 200 203 207 209 219 221 225 226 230 235 239 241 244 246 250 254 257 261 264 267 268 272 276 279 283 286 289 290 292 297 300 304 306 310 314 318 319 320 323 324 325 326 330 335 339 342 347 351 354 357 361 362 363 366 368 372 374 376 379 382 387 392 398 399 406 407 409 410 414 419 421 428 429 433 434 437 438 442 444 446 450 452 453 454 459 460 465 468 470 474 475 477 478 482 483 
69 70 80 83 91 95 96 103 106 107 111 114 118 119 127 128 134 138 139 146 150 155 162 166 169 174 177 180 183 187 190 192 195 199 202 203 205 209 213 223 225 229 232 235 237 241 243 245 247 251 255 260 264 265 270 272 273 277 282 287 290 293 295 297 298 301 306 307 311 316 322 324 328 330 332 335 337 340 341 345 347 348 355 357 358 364 365 366 368 370 373 377 380 383 385 388 395 402 405 409 413 417 420 423 426 429 431 435 437 441 442 443 445 446 450 453 454 455 459 462 463 467 470 471 478 482 486 490 491 492 
71 75 84 86 94 96 98 106 110 114 116 120 121 124 130 131 136 140 143 147 152 159 166 170 172 177 180 183 184 188 192 194 199 203 206 210 214 215 216 224 226 230 233 237 240 245 246 248 250 253 257 263 268 272 274 278 281 283 287 290 293 294 299 301 305 308 311 312 314 318 324 328 329 333 334 337 339 342 344 347 348 351 359 362 366 370 371 372 375 378 380 382 384 388 392 396 400 403 407 413 417 421 423 424 430 432 434 437 441 445 447 450 452 455 458 459 460 463 467 469 471 475 478 481 484 486 488 494 497 500 
72 76 85 90 98 101 105 108 112 117 121 122 123 127 133 137 141 142 145 148 153 161 167 174 177 179 182 187 189 191 194 198 202 205 209 213 217 218 221 228 229 232 235 238 242 249 253 257 260 264 267 268 272 274 276 279 282 286 289 293 296 297 303 304 309 313 317 320 324 325 328 330 333 335 336 339 340 343 345 350 354 356 361 365 368 374 375 377 378 381 385 386 390 394 397 398 404 407 409 415 421 424 428 431 434 438 439 443 444 449 452 456 459 463 464 466 468 472 475 476 477 481 483 486 488 490 493 498 499 504 
75 79 87 93 99 104 108 110 115 120 122 125 127 129 136 138 143 147 151 153 156 162 169 176 180 183 187 188 191 192 198 201 206 207 210 215 220 224 227 232 236 238 242 245 246 250 255 260 261 265 270 273 276 280 284 286 289 290 292 295 300 302 305 309 311 315 321 325 327 330 331 334 338 342 344 346 349 353 354 356 357 361 363 368 370 376 380 383 385 388 389 393 395 397 400 401 405 411 415 416 422 425 432 433 435 439 442 447 448 450 454 460 464 466 470 474 476 478 481 484 486 490 492 496 498 499 502 503 506 510 
79 83 88 95 100 107 111 114 118 124 126 129 133 134 139 141 144 150 152 156 160 166 173 178 183 185 190 192 193 197 199 203 209 212 216 220 223 226 231 236 238 240 243 246 250 253 256 264 266 270 271 275 280 284 288 290 293 295 298 301 302 304 309 310 314 318 322 329 331 334 336 339 343 344 346 348 350 356 359 363 364 366 370 372 376 377 381 385 387 389 392 394 397 401 404 405 409 415 416 419 426 429 436 439 442 443 446 449 451 453 458 462 465 468 473 475 478 479 485 488 489 493 495 500 504 508 512 516 520 522 
82 85 91 98 103 108 112 115 120 127 131 134 137 138 142 146 148 151 153 158 163 167 176 182 186 188 194 198 201 203 204 208 213 217 219 224 225 227 235 238 240 244 247 249 252 257 261 265 267 274 278 279 284 285 291 295 296 300 302 306 307 309 312 313 315 319 323 332 334 337 338 341 346 350 354 356 359 362 366 369 370 373 374 375 380 381 382 386 388 393 395 399 403 404 408 412 415 416 419 421 430 432 437 442 445 449 453 454 457 460 462 463 468 472 477 479 482 485 486 491 492 494 496 503 506 511 514 520 522 525 
85 86 94 99 107 112 113 116 124 130 133 138 141 145 148 152 153 156 158 160 164 171 178 185 190 192 198 202 204 208 212 214 217 219 222 227 228 230 239 241 242 245 251 252 256 260 264 269 271 275 280 282 288 292 294 298 299 302 303 309 313 317 319 321 323 327 330 336 338 340 342 346 350 354 357 358 361 366 369 371 374 375 376 379 383 386 387 389 393 394 399 401 404 405 412 414 417 419 423 425 431 433 438 443 447 451 455 457 460 461 466 467 472 476 479 481 486 489 492 496 500 504 505 508 511 514 515 522 525 526 
86 89 96 101 110 116 117 120 127 133 136 139 145 148 152 155 159 160 162 163 165 172 179 186 193 197 200 204 205 212 215 218 221 225 228 231 232 233 240 243 245 248 253 256 259 263 268 270 274 276 283 286 290 296 300 304 306 308 312 316 320 322 325 327 331 332 334 340 341 344 348 350 352 358 362 365 368 370 373 375 379 383 387 391 394 396 397 400 404 406 407 408 412 413 414 418 422 426 428 430 433 437 439 447 451 455 458 461 465 466 468 471 473 480 484 485 487 493 494 497 504 506 507 510 513 516 517 524 526 527 
90 92 97 103 113 120 121 124 128 135 140 144 146 151 154 158 161 163 166 167 168 173 181 187 194 201 204 206 210 214 219 221 224 226 231 234 238 241 245 248 249 253 257 258 261 264 272 275 278 282 286 288 291 300 303 307 310 313 316 318 324 325 327 330 332 336 338 342 346 348 351 352 353 360 366 370 371 374 377 378 381 384 388 393 395 397 400 404 406 409 411 413 417 421 424 426 428 429 433 437 438 442 445 448 452 458 459 463 469 471 474 477 479 481 488 491 495 499 501 502 508 509 513 514 516 520 523 527 530 534 
93 96 101 106 115 121 124 127 129 137 144 147 150 152 157 161 165 168 169 171 172 176 183 191 197 203 208 209 211 216 223 224 227 231 232 238 242 243 247 249 253 254 258 261 262 267 276 277 281 286 289 293 294 301 306 311 313 317 321 324 325 328 330 333 336 337 339 343 348 352 354 355 356 361 368 373 375 377 379 381 385 388 391 397 398 402 404 406 408 413 415 418 419 422 427 431 433 437 441 442 443 445 448 451 455 462 465 466 473 474 477 481 483 484 492 493 497 501 503 505 511 515 517 518 520 522 525 530 532 536 
95 100 103 107 118 122 125 129 131 140 145 149 151 153 160 162 167 171 175 178 180 181 184 195 201 206 211 213 215 218 227 230 231 235 238 240 244 246 251 252 254 257 262 265 267 268 278 279 282 287 292 294 297 304 308 313 315 319 322 326 328 331 335 338 342 346 348 350 353 356 359 361 362 363 369 376 380 383 384 385 387 389 395 398 400 406 409 410 414 417 420 424 425 429 432 433 437 441 442 444 447 450 452 453 456 463 469 471 476 479 481 483 485 488 493 494 498 505 506 507 513 516 518 520 524 527 530 531 533 538 
99 102 105 111 122 124 129 132 136 141 146 151 155 157 161 163 171 175 177 179 182 183 188 196 204 210 212 215 219 221 229 233 237 238 239 241 248 249 252 255 258 262 264 266 271 273 281 283 287 289 293 298 300 307 312 316 320 323 326 327 331 333 337 342 345 347 350 351 355 357 363 365 369 370 372 380 383 387 391 392 396 397 399 401 403 409 410 413 415 421 423 427 428 431 435 436 439 445 448 449 452 455 456 457 458 467 471 474 479 480 485 486 487 490 496 500 503 509 510 511 514 519 520 521 526 530 531 535 538 540 
101 104 107 113 126 129 131 135 139 144 148 155 156 161 165 167 175 178 181 184 188 192 193 199 205 211 216 217 223 225 230 237 240 241 243 245 252 254 256 257 260 263 266 270 275 279 282 285 291 292 296 301 302 310 316 317 322 327 330 332 333 337 340 346 347 350 353 355 357 359 366 369 370 374 377 381 386 389 395 396 400 403 406 407 411 413 417 420 421 423 424 429 430 433 436 439 442 447 451 454 458 461 464 466 469 470 473 477 482 486 489 492 496 497 499 504 508 510 514 515 517 521 522 523 527 533 535 536 541 545 
103 107 109 115 129 133 135 137 141 146 149 158 162 165 166 169 179 181 183 185 192 196 197 203 207 214 220 222 224 229 233 240 242 246 247 249 256 259 262 265 266 267 268 274 277 282 284 288 292 294 298 304 306 311 317 318 324 331 335 338 339 341 344 350 352 353 355 357 359 360 369 370 373 376 381 383 387 392 396 398 404 406 408 409 413 415 419 424 427 430 434 438 441 442 443 445 448 452 453 456 462 465 467 471 475 479 480 481 484 487 490 496 499 502 503 508 511 515 518 521 524 528 531 533 536 539 543 547 550 554 
105 111 114 118 131 135 138 139 142 150 152 161 163 167 171 174 182 183 186 189 195 198 201 207 211 217 224 225 227 230 236 242 243 250 251 253 257 260 265 266 267 268 269 275 279 285 288 289 293 295 300 308 311 315 320 321 326 335 337 342 345 349 351 354 358 359 361 362 366 367 372 374 378 379 384 388 392 394 397 402 405 409 410 413 416 419 423 427 428 432 438 440 445 449 453 454 458 459 462 464 465 466 471 475 477 482 485 489 490 494 495 497 501 503 504 511 515 517 519 523 528 529 535 538 540 542 544 551 552 555 
108 115 117 121 133 136 140 143 147 151 154 162 165 169 175 177 185 188 192 196 200 204 208 211 215 218 226 228 231 234 237 244 246 253 255 259 262 266 270 273 274 277 281 284 286 290 294 297 299 303 306 310 314 317 322 323 330 336 340 343 347 353 354 358 362 365 368 371 374 378 382 384 386 389 390 392 394 396 400 406 409 411 414 416 418 422 426 431 434 436 440 443 447 450 457 459 460 462 463 467 468 470 472 476 478 485 488 491 495 498 502 505 506 509 510 514 519 520 521 524 531 534 537 542 545 547 548 555 559 563 
112 119 123 126 137 141 144 147 151 153 155 163 169 170 178 182 188 189 195 199 203 206 210 214 216 221 228 230 233 237 238 248 249 256 260 261 264 268 273 277 278 281 284 285 289 293 297 298 303 304 309 311 316 318 326 327 333 340 341 345 351 355 356 359 366 368 371 373 377 379 385 386 387 393 396 399 403 405 409 413 415 419 421 424 425 429 431 435 436 437 441 444 449 451 459 462 464 467 470 474 478 482 484 486 487 489 491 493 496 499 503 508 509 512 516 520 524 526 527 531 535 538 542 545 547 550 551 559 560 564 
113 120 126 128 140 145 149 150 152 154 157 165 172 176 182 186 189 193 199 200 204 207 214 215 220 223 231 232 237 240 244 249 251 260 261 265 267 270 276 281 284 285 287 290 293 296 298 301 305 307 313 317 318 321 330 333 335 343 345 349 353 357 361 362 367 369 375 378 379 382 386 389 393 395 399 402 406 408 412 417 419 420 423 428 431 435 438 439 440 442 444 446 453 454 463 465 469 470 472 476 479 483 487 488 489 490 495 498 501 504 505 509 511 516 520 522 525 528 530 535 539 541 545 549 551 555 557 561 565 568 
117 123 128 130 143 147 151 153 156 158 159 167 176 178 186 189 192 196 203 205 209 210 216 220 224 228 234 238 241 245 246 252 254 264 268 272 273 277 280 282 285 287 291 295 299 303 307 309 313 315 318 321 322 323 333 334 336 344 348 350 357 361 364 365 368 373 379 382 384 387 390 394 398 402 406 410 411 413 417 418 421 425 426 432 434 437 440 441 442 446 447 449 455 459 466 470 471 474 476 477 480 485 489 490 494 497 500 502 506 508 510 513 517 518 523 524 527 532 535 537 542 546 550 551 554 559 561 564 569 572 
121 125 130 134 145 151 155 156 160 164 167 168 178 182 187 192 195 200 206 208 213 214 217 224 225 230 235 240 243 247 248 255 258 266 271 273 277 278 283 284 287 288 295 299 302 304 311 314 315 316 321 323 324 328 337 341 344 345 350 353 358 362 366 367 369 377 381 384 387 388 392 396 402 404 410 412 415 418 420 421 422 429 432 436 439 443 447 448 451 453 454 457 461 464 467 471 474 476 480 482 484 488 493 495 496 498 503 506 510 514 516 519 522 525 526 530 531 533 539 542 545 547 554 555 557 561 562 565 572 574 
123 128 133 137 147 153 157 159 161 166 168 172 182 183 191 193 197 202 207 212 216 219 223 225 228 234 239 242 244 248 252 257 260 268 274 276 281 285 287 288 289 291 297 301 304 306 313 316 319 321 324 327 331 335 341 342 346 347 351 354 361 364 369 370 374 380 385 386 390 394 398 402 403 408 411 416 420 422 426 427 430 431 433 437 440 446 450 451 455 459 462 465 466 469 472 474 475 478 482 485 486 491 494 498 500 504 505 508 511 516 520 522 526 530 531 533 534 538 541 543 546 551 555 558 561 564 565 569 575 579 
124 131 137 141 149 155 158 160 165 170 171 173 186 188 195 198 200 206 208 213 217 220 224 229 231 238 240 246 247 251 255 259 264 270 277 279 283 288 289 293 297 298 302 305 308 310 317 321 324 327 329 330 333 337 343 346 348 352 355 357 363 365 372 375 377 381 386 388 392 396 401 405 407 410 415 420 422 426 427 430 434 438 440 443 445 449 452 454 459 461 464 466 468 472 475 477 478 482 486 488 490 494 497 500 503 507 508 512 513 518 523 525 530 533 536 538 542 545 548 552 555 559 560 561 562 566 567 572 579 581 
125 132 141 145 152 158 160 164 167 172 173 176 187 192 199 203 204 208 211 215 218 222 227 230 235 242 246 247 251 252 259 262 268 272 281 285 289 293 297 300 303 306 307 310 314 318 322 325 329 331 334 338 342 346 348 350 351 356 357 359 365 367 376 377 379 385 390 393 396 397 402 408 412 415 419 424 425 430 433 434 438 442 445 448 452 454 455 459 462 464 468 469 470 474 476 478 481 484 487 489 491 498 499 504 506 511 513 517 520 523 524 527 533 537 538 541 543 546 552 553 556 561 565 567 568 571 572 576 581 582 
126 135 145 149 156 160 163 167 168 176 177 178 191 193 203 206 208 212 214 216 220 223 229 232 238 246 250 254 258 261 265 269 272 273 283 289 290 295 299 304 306 307 310 313 317 321 325 329 332 333 337 341 345 350 354 358 360 362 363 364 368 372 378 380 382 389 391 396 400 401 405 411 413 417 421 427 429 433 435 439 441 443 446 449 453 458 459 462 464 465 472 473 474 476 478 479 482 486 491 492 494 499 500 507 508 514 516 520 523 524 527 528 536 539 541 542 547 548 556 557 560 563 568 572 576 579 580 581 583 584 
129 136 149 150 157 163 165 169 171 180 182 183 193 197 205 210 211 214 215 218 224 225 232 236 242 250 251 256 260 265 266 273 277 278 287 290 294 298 302 305 310 311 312 317 321 325 327 332 334 335 338 342 347 352 358 362 363 365 368 370 373 374 379 383 385 391 395 397 403 407 411 412 415 421 424 429 430 436 440 443 447 449 452 453 457 462 466 467 470 473 475 479 480 484 486 490 494 497 501 502 506 507 509 512 513 517 518 523 525 527 528 529 540 542 544 545 551 552 557 559 564 568 571 575 578 583 586 588 592 594 
131 140 150 153 159 167 170 171 174 183 187 190 195 198 207 214 218 220 223 227 230 233 235 240 244 252 255 259 262 267 269 274 278 280 288 294 295 302 305 306 314 315 316 321 324 328 329 336 337 339 343 346 348 356 359 364 367 370 374 375 379 381 382 384 387 395 397 401 406 410 413 416 417 425 428 433 437 438 442 446 451 455 459 460 461 466 468 470 473 474 476 481 485 487 489 493 497 499 505 506 510 513 515 516 517 520 523 524 526 531 535 539 542 546 549 551 555 557 561 564 568 569 572 579 581 587 588 592 596 600 
133 142 151 154 163 168 174 175 178 187 190 191 196 201 211 218 222 223 227 229 232 235 239 242 245 256 259 263 264 270 271 275 280 281 291 296 297 305 307 311 316 318 320 324 328 332 335 340 343 347 349 350 351 360 363 365 368 372 377 380 383 386 387 391 393 398 400 402 409 411 416 418 422 426 431 435 441 445 447 448 453 457 463 466 467 471 473 474 475 477 480 482 486 488 491 497 500 503 509 510 512 515 518 521 525 529 532 536 538 542 543 544 547 548 553 556 557 561 563 566 572 573 574 583 587 589 590 596 598 601 
135 145 155 158 166 171 178 179 183 189 194 195 198 202 213 220 226 230 232 234 237 238 241 243 248 257 260 264 268 274 276 279 282 286 293 298 299 306 310 313 318 321 322 325 330 333 336 341 347 348 353 356 357 364 366 370 373 376 380 381 386 387 388 392 397 401 402 406 410 412 417 422 424 429 432 438 444 446 450 453 456 460 467 470 471 473 475 477 479 481 482 484 490 491 493 500 503 506 512 513 516 519 522 526 529 533 535 539 543 545 546 547 550 553 555 560 564 566 569 570 575 578 579 585 588 593 597 600 603 604 
138 147 158 162 170 174 179 182 186 192 195 198 199 205 215 223 229 234 236 238 241 245 248 252 254 261 263 267 271 275 278 282 284 289 295 301 302 309 314 318 320 324 325 326 332 337 338 345 348 350 356 359 363 368 371 375 376 380 383 387 389 393 396 399 400 404 407 411 414 416 420 425 426 433 434 442 447 448 453 454 459 461 471 475 479 481 482 486 490 494 496 499 503 505 506 508 512 515 517 519 523 526 529 533 537 538 542 543 547 548 549 553 554 555 558 562 565 570 574 576 579 581 582 589 592 595 601 602 605 609 
140 151 161 165 172 175 180 185 187 195 199 201 205 206 217 227 232 236 239 241 245 248 250 255 257 264 268 270 275 278 282 285 286 291 297 304 308 310 317 320 323 328 332 334 335 341 344 349 352 353 360 363 367 370 372 376 378 384 387 389 393 397 398 401 402 408 411 414 417 418 424 428 430 434 436 445 449 452 456 457 463 466 474 478 481 482 483 488 494 498 500 503 506 507 509 511 513 518 519 520 527 528 532 536 540 544 545 548 550 553 554 558 561 565 569 573 577 579 583 585 587 590 594 597 598 599 604 606 609 610 
142 152 165 166 174 177 184 189 192 197 201 203 206 207 219 230 235 237 240 243 247 252 254 258 261 267 271 274 277 279 284 288 290 294 301 307 310 312 319 324 326 331 336 340 343 347 348 352 355 356 363 366 369 374 376 380 381 387 388 391 395 401 402 404 406 411 413 417 420 424 426 429 433 437 438 446 452 454 460 464 467 470 478 479 483 485 488 491 498 501 503 507 509 511 514 516 520 523 524 528 531 535 538 542 546 550 553 556 557 559 563 564 566 569 573 574 579 582 584 586 589 591 598 599 600 603 607 609 610 613 
145 156 168 170 176 178 187 192 194 201 203 204 209 213 222 234 238 240 243 247 250 255 259 260 262 270 273 277 278 281 285 289 293 297 302 311 315 318 323 325 330 332 338 342 345 350 354 358 360 361 367 370 371 377 381 385 386 388 389 393 399 405 409 412 413 415 417 421 424 426 427 430 434 438 442 447 454 455 464 467 468 473 480 483 487 489 493 496 502 504 505 510 513 517 521 525 529 533 537 538 539 543 547 548 550 552 555 557 561 562 566 569 573 577 578 581 585 588 589 590 593 594 600 601 603 605 609 612 616 619 
147 160 169 173 179 180 189 193 198 204 208 210 213 217 226 236 242 243 245 251 252 256 263 264 265 274 276 278 279 285 288 293 294 298 303 313 318 319 326 327 332 333 340 345 347 354 356 360 363 364 369 374 375 380 382 389 391 392 395 397 400 409 413 416 419 423 424 426 430 431 432 434 435 441 445 448 457 461 468 471 472 475 481 486 490 494 495 500 504 508 509 514 516 521 524 529 531 536 540 543 547 549 553 555 556 558 562 563 564 568 569 570 576 580 581 583 588 591 594 597 601 602 605 607 609 613 616 618 620 622 
150 164 172 176 182 186 192 195 200 206 210 211 216 218 228 237 243 246 250 254 255 259 264 267 269 275 278 281 284 286 292 297 301 305 306 316 321 322 328 329 333 335 344 348 352 358 359 362 364 367 371 375 378 384 387 390 394 396 400 402 405 412 414 419 421 426 427 429 433 434 438 439 442 446 448 450 458 464 469 473 474 479 482 489 491 495 497 504 507 510 513 517 521 523 527 533 535 537 541 546 550 551 554 559 562 566 570 571 574 577 579 581 584 586 589 591 594 595 598 602 603 605 608 610 612 614 620 624 628 629 
154 165 175 178 186 187 194 197 202 208 213 216 220 223 232 238 246 249 254 258 261 262 266 268 273 276 281 285 286 287 296 300 302 306 307 320 324 327 331 332 336 338 346 349 353 362 364 366 369 373 375 379 382 388 390 394 397 398 403 406 407 416 418 422 425 428 430 432 437 441 443 445 447 450 452 454 461 468 471 474 475 482 485 492 496 497 499 508 510 513 514 520 522 526 529 535 537 539 544 549 553 557 560 563 565 569 573 574 576 581 583 587 588 592 595 596 599 603 604 608 609 610 611 612 613 617 624 627 629 631 
158 168 179 180 190 191 198 202 206 211 215 219 224 228 235 241 249 252 256 260 264 265 270 274 277 278 285 288 291 294 299 301 303 308 312 324 325 328 333 337 341 343 349 351 354 365 369 370 374 376 378 383 385 389 394 395 399 403 405 410 413 420 424 426 428 432 433 437 438 442 447 451 455 458 460 464 467 469 472 476 478 485 488 496 500 503 506 510 513 514 518 521 525 528 532 539 542 544 546 550 555 560 562 566 567 573 575 578 581 582 586 588 589 595 596 598 602 605 606 611 612 613 614 618 620 623 626 631 634 638 
159 172 181 184 193 195 201 205 208 212 218 220 226 232 236 244 251 255 257 262 265 269 274 278 282 285 289 292 296 297 301 303 305 312 316 328 329 331 337 338 343 345 350 354 356 368 370 374 375 378 382 384 387 393 397 398 403 407 409 414 415 423 427 431 433 435 436 440 444 446 451 453 459 463 464 468 471 473 476 479 482 487 491 500 501 504 510 511 517 519 521 522 528 529 533 541 544 546 548 554 557 564 568 569 572 577 580 583 585 588 591 595 598 599 602 604 608 610 614 616 620 623 625 627 628 629 630 634 635 641 
163 173 182 187 194 199 203 207 210 214 222 225 228 233 240 248 252 256 258 263 268 273 278 281 283 289 292 295 300 304 307 308 309 316 319 331 333 337 340 344 345 347 353 358 360 371 372 377 381 383 386 388 392 395 401 403 404 408 411 415 417 427 430 435 439 442 445 448 449 452 454 455 462 467 469 472 475 479 483 485 488 489 493 504 505 509 511 514 519 522 526 529 533 534 538 545 548 552 556 560 564 568 570 573 575 581 582 586 590 594 597 598 601 605 609 610 612 614 615 617 621 627 631 633 635 636 637 639 643 644 
167 174 183 191 197 202 207 210 212 218 224 227 229 236 243 249 255 257 261 265 270 274 282 285 289 291 295 298 303 308 310 311 315 318 323 333 337 340 344 345 346 348 355 360 364 374 376 379 382 385 387 389 396 400 402 404 406 412 415 417 421 429 433 436 440 444 447 450 452 454 455 459 466 470 471 474 476 482 485 486 492 493 495 508 510 514 518 522 524 528 532 535 539 542 544 548 552 555 560 562 568 572 574 577 581 585 589 590 592 595 601 603 605 606 611 613 616 618 622 625 627 630 635 639 643 646 650 654 657 658 
169 176 187 195 200 206 211 212 214 221 225 228 233 238 247 250 256 259 263 266 271 277 286 289 291 293 296 299 307 311 315 319 322 323 326 335 340 342 347 351 353 357 361 365 368 377 379 383 387 388 392 395 400 403 405 409 413 414 419 423 425 432 434 437 442 445 448 451 454 457 461 465 467 472 473 478 479 483 489 491 494 495 496 510 514 516 521 525 527 530 534 537 543 545 549 551 554 557 562 565 570 574 575 578 584 587 590 594 597 601 602 607 611 615 617 620 621 624 627 630 631 632 638 642 647 648 653 655 661 663 
172 179 188 199 203 209 214 216 218 224 229 232 236 239 249 253 259 261 266 268 272 280 287 293 296 300 301 302 311 315 319 320 323 326 327 339 342 345 349 355 357 360 362 367 371 378 380 384 391 392 394 396 402 406 408 410 415 418 422 426 427 436 440 441 446 448 452 456 459 461 462 469 471 475 476 480 483 485 490 492 495 496 498 511 516 520 525 526 531 534 536 538 544 546 550 554 558 562 563 566 574 577 580 581 587 591 595 597 601 605 606 611 614 616 619 622 623 625 629 631 635 637 639 644 649 651 657 661 663 666 
176 181 189 200 206 212 218 220 223 225 232 233 237 242 253 255 260 263 269 273 276 284 288 296 300 302 305 307 313 316 321 323 325 328 330 340 343 346 353 358 360 363 365 369 375 381 382 388 392 395 399 400 403 410 413 416 418 422 423 430 434 440 442 445 449 451 455 458 463 467 468 473 476 477 479 481 484 487 494 498 499 502 504 512 517 523 528 532 533 538 540 543 546 549 554 556 560 563 567 571 577 578 581 583 591 594 598 602 603 607 611 614 615 620 624 626 628 630 634 635 636 641 643 648 653 657 661 663 664 667 
179 185 193 202 208 213 220 221 227 230 235 236 238 243 254 259 263 267 270 274 277 285 290 297 303 304 309 313 315 319 325 327 329 330 332 343 344 350 354 359 364 368 371 372 377 384 386 391 393 396 400 401 404 414 417 420 423 427 431 434 437 444 445 448 450 455 459 461 465 471 475 478 481 482 485 486 490 493 497 499 501 506 508 514 521 527 531 536 540 543 544 546 547 550 556 557 564 566 571 574 578 582 586 587 593 596 601 605 606 608 612 616 620 622 625 630 633 637 641 644 646 650 653 655 658 659 665 669 672 675 
181 188 197 205 211 217 222 225 231 235 236 238 239 246 256 260 265 269 274 278 280 289 292 300 306 310 313 314 317 321 329 330 332 336 338 344 348 352 358 363 366 372 376 378 382 388 389 392 394 399 403 405 407 417 419 421 425 428 433 436 440 446 447 449 453 456 460 462 468 472 476 480 485 488 492 494 497 501 503 505 508 510 513 515 522 528 533 538 542 544 545 548 550 552 560 562 568 570 572 578 579 583 589 590 596 600 605 607 610 612 613 618 622 626 629 634 636 639 645 649 653 656 660 663 665 669 673 675 676 679 
185 191 200 209 213 220 224 229 235 238 239 242 244 249 257 264 268 273 278 282 286 291 294 302 310 314 315 317 320 322 333 337 339 342 343 348 349 353 359 367 371 374 377 380 385 392 395 396 399 401 406 410 411 419 420 425 429 432 435 439 443 448 452 453 456 458 464 467 469 475 477 483 488 491 496 499 500 504 507 509 512 515 519 522 524 532 535 540 543 546 548 552 555 556 564 565 571 573 576 581 582 585 592 596 600 601 609 613 616 619 623 624 628 629 633 636 640 642 648 652 655 658 662 667 668 673 674 678 679 683 
189 193 204 213 217 223 225 233 237 242 244 246 249 251 261 266 271 277 282 286 287 293 298 303 311 317 320 322 323 327 336 338 343 344 347 352 353 354 362 369 372 376 379 384 389 394 398 400 403 406 408 412 413 420 423 427 431 435 436 443 445 449 456 459 461 464 466 469 473 476 478 484 490 494 500 504 508 510 511 512 514 517 520 523 526 533 536 541 546 547 549 555 559 562 565 567 575 577 578 582 584 586 596 597 601 605 613 614 620 623 625 629 632 636 638 642 643 645 649 653 658 660 666 670 674 678 682 684 685 689 
193 194 207 217 219 226 227 237 239 246 250 253 254 256 265 269 272 278 285 290 291 295 302 307 314 319 322 326 328 329 339 342 347 350 352 353 357 360 364 370 376 377 383 386 390 397 400 404 408 412 415 416 418 424 426 430 435 439 442 446 447 450 460 461 464 465 467 472 476 480 481 487 493 497 504 505 512 516 517 521 523 526 529 533 534 538 541 542 549 550 553 559 562 564 569 572 576 581 584 585 586 587 600 604 605 606 617 619 622 626 630 633 637 641 642 645 646 650 651 655 662 663 669 673 676 680 684 687 691 695 
195 199 209 220 221 228 232 239 241 249 254 256 260 261 267 271 273 281 289 294 296 300 305 308 318 320 323 329 332 335 343 344 351 355 356 358 359 361 366 372 378 379 385 390 394 400 401 405 410 413 416 418 419 427 429 433 439 442 445 448 451 452 461 462 467 468 471 473 480 484 488 490 495 499 507 509 515 520 523 527 531 534 536 540 543 544 547 549 552 556 560 561 564 568 571 575 578 585 588 589 590 594 603 606 610 613 618 622 623 630 634 636 639 643 644 647 651 654 656 660 664 668 670 675 680 684 687 689 695 696 
197 200 213 224 228 232 233 242 246 250 258 262 266 270 274 275 277 284 292 296 298 302 308 312 322 324 328 331 334 338 345 349 355 357 361 362 363 366 367 375 382 384 389 391 397 403 406 408 413 415 417 422 425 430 433 434 440 443 449 450 454 457 463 465 469 470 475 478 481 486 491 495 497 501 508 510 517 522 526 529 532 536 537 544 546 550 551 555 559 560 562 566 569 571 574 577 580 586 592 595 599 601 606 609 611 616 620 626 627 633 637 641 643 646 650 651 653 658 661 664 665 672 674 676 683 686 691 695 698 699 
199 203 216 225 231 234 237 246 249 254 262 263 269 272 278 281 285 287 295 298 301 305 311 313 326 328 331 332 336 339 349 350 359 362 365 366 367 371 375 376 386 387 393 397 398 406 407 409 415 418 419 426 428 431 435 439 443 446 450 454 455 459 465 466 470 474 479 482 483 489 495 497 498 505 511 513 518 523 530 532 534 538 541 545 547 553 557 560 562 565 566 568 570 574 576 580 582 587 596 600 604 607 609 610 613 617 624 627 631 636 640 642 644 647 654 656 657 662 664 668 672 675 678 681 687 689 693 697 701 702 
202 206 218 228 232 235 239 248 253 256 266 269 270 276 281 285 286 291 298 300 302 307 312 317 330 333 335 338 339 340 350 354 360 366 368 369 371 373 379 382 390 392 394 398 399 410 411 413 417 421 424 427 431 433 439 440 445 449 453 455 456 462 467 468 471 477 482 485 488 492 498 502 504 508 515 517 521 527 532 534 538 541 545 546 550 554 560 561 563 567 570 574 577 581 582 583 584 591 600 602 607 609 610 611 614 621 628 630 634 640 642 645 648 649 657 658 662 666 668 671 676 678 680 685 690 692 695 701 705 706 
203 207 221 230 234 236 240 249 257 259 269 272 273 278 283 287 289 295 300 302 305 311 313 321 333 335 336 339 340 342 354 355 361 369 372 375 379 380 381 383 391 396 399 401 402 414 418 421 425 428 430 432 435 438 440 441 449 452 457 461 464 465 469 471 473 479 485 486 492 494 499 503 505 509 519 522 526 530 536 537 542 543 546 547 553 556 564 566 570 574 576 578 580 584 586 587 590 594 604 606 609 611 612 613 615 623 632 636 639 643 647 651 653 657 658 662 663 670 671 674 679 682 685 687 692 695 698 703 708 712 
206 210 224 232 238 239 244 253 261 263 272 273 275 280 284 291 294 298 303 304 306 314 316 322 336 339 340 342 344 347 355 356 365 371 375 379 380 381 382 384 395 399 401 402 403 418 419 424 426 432 434 437 441 443 447 450 454 455 461 462 467 470 472 476 480 484 486 489 495 497 503 507 510 512 522 526 530 533 540 541 545 547 550 554 556 560 568 569 573 578 579 580 581 585 589 591 592 595 605 609 612 613 616 617 620 627 636 637 641 646 648 654 658 662 663 667 668 672 676 680 684 688 691 695 696 699 703 704 709 715 
208 214 227 234 241 245 247 254 265 266 274 276 279 283 285 292 298 301 305 306 308 316 320 325 338 340 344 347 351 352 359 362 366 372 377 382 386 390 392 395 399 402 403 404 408 420 423 425 427 435 438 440 443 446 451 455 457 461 464 466 469 471 476 479 481 485 488 491 498 502 505 509 512 513 524 530 531 534 544 548 549 553 557 561 562 565 572 576 578 579 582 584 585 587 592 593 595 598 609 610 616 619 623 624 625 628 639 643 644 648 650 656 661 665 666 669 672 675 677 681 687 690 695 697 700 704 706 709 710 718 
211 215 228 237 243 246 250 256 269 273 277 279 282 285 286 295 300 305 307 308 311 320 324 326 340 342 348 350 352 354 360 364 367 374 378 385 388 393 396 397 401 404 407 411 412 424 425 427 429 437 441 445 446 450 455 456 459 463 467 469 471 474 477 483 485 487 492 495 499 503 506 510 516 518 527 531 532 535 547 549 552 555 558 564 565 568 576 577 582 584 585 588 589 591 594 597 598 602 612 616 617 623 624 625 628 630 641 646 647 651 653 659 662 669 670 672 673 677 679 685 689 694 698 701 704 708 710 714 718 722 
213 216 232 239 247 249 251 259 271 275 280 283 286 287 289 298 301 306 308 312 314 324 326 328 341 346 351 354 358 360 361 366 371 375 381 387 390 397 401 403 404 406 408 414 417 426 427 430 431 439 443 446 449 453 458 461 465 468 472 473 474 476 478 487 489 492 493 496 501 504 510 513 518 519 529 534 535 536 548 551 556 557 562 566 568 570 579 580 583 588 590 594 595 599 600 602 603 604 613 619 621 627 629 632 635 637 643 648 651 653 655 662 663 671 672 675 679 682 686 690 693 695 700 704 708 711 713 715 720 723 
214 217 234 243 249 253 256 262 272 276 283 285 287 291 293 302 304 310 314 318 320 326 327 329 343 349 353 356 359 363 365 369 372 376 384 390 394 399 403 406 410 412 415 416 421 429 432 433 437 442 444 450 451 455 459 464 469 472 473 474 476 479 481 488 490 495 499 502 506 508 511 515 522 524 533 537 538 541 549 555 557 560 564 567 572 574 581 583 586 590 594 598 599 603 607 608 612 616 617 623 627 629 630 635 639 640 644 649 654 657 659 663 666 673 676 679 680 686 688 691 694 698 702 706 712 716 717 721 724 726 
218 220 236 246 251 256 258 266 274 279 284 287 288 293 294 306 309 311 317 320 324 328 329 330 346 352 357 359 363 366 370 374 378 379 388 394 396 403 405 408 411 415 416 417 422 432 433 437 439 444 448 451 455 457 461 467 473 475 476 478 482 486 487 489 493 497 500 503 509 510 515 516 526 528 537 538 542 545 552 556 561 564 565 570 574 575 583 587 588 594 595 602 606 609 610 614 616 620 621 626 631 632 636 640 643 644 645 652 656 661 665 668 672 677 680 684 686 687 692 695 697 701 705 707 713 719 723 724 727 731 
222 223 237 249 255 259 261 270 278 283 287 288 290 295 298 308 312 315 319 324 328 329 330 334 350 355 358 361 366 369 371 375 380 382 390 398 402 406 409 413 417 421 425 429 430 433 434 441 445 448 451 452 458 461 465 470 477 480 483 487 490 492 496 498 500 504 505 506 510 513 519 521 528 530 541 542 543 546 554 557 565 567 568 573 576 577 587 590 593 596 598 604 608 611 612 618 620 622 624 629 635 636 639 644 648 649 651 655 660 663 669 673 676 679 682 686 690 693 696 699 700 705 707 710 714 722 724 725 730 735 
224 226 239 251 257 262 264 274 281 284 289 293 295 298 299 311 315 317 323 325 331 332 334 335 353 357 359 365 369 370 373 378 383 387 393 402 406 408 411 416 420 423 427 431 432 437 441 443 449 452 454 456 461 463 469 471 479 484 485 489 494 496 499 501 505 509 511 513 514 515 522 526 529 532 545 548 550 553 558 560 566 570 571 576 580 581 589 594 598 599 600 605 611 612 614 620 624 628 630 634 636 638 642 645 651 654 655 658 664 667 671 675 678 680 684 688 694 696 697 701 705 708 711 715 718 725 727 728 733 738 
225 227 240 255 258 264 266 275 284 287 290 297 299 303 306 315 316 321 326 329 333 334 337 339 357 359 362 368 372 373 375 380 387 391 395 404 409 411 415 418 424 425 429 433 434 438 445 447 453 457 461 464 465 468 473 476 482 488 490 491 498 500 501 502 508 511 514 517 520 522 526 530 533 536 548 551 553 557 559 563 569 571 572 578 584 585 590 595 599 603 605 606 615 616 619 621 628 629 632 637 639 642 645 647 655 657 658 659 667 668 675 678 682 684 685 692 695 700 703 705 709 711 715 719 723 726 728 729 737 741 
228 229 243 258 260 268 271 276 286 289 292 299 303 306 310 317 319 322 328 330 336 339 341 342 358 363 367 369 375 376 379 381 388 394 399 406 412 414 419 423 426 427 431 436 439 442 449 451 455 460 464 467 470 471 475 480 485 490 492 495 499 503 506 508 510 513 518 520 522 523 529 533 535 539 551 553 555 560 562 565 573 574 575 580 588 591 595 596 602 604 608 610 616 619 620 622 632 634 635 640 642 646 649 652 657 658 659 660 668 672 676 682 683 685 686 695 699 701 706 710 714 715 716 721 725 729 730 731 738 744 
231 232 247 260 263 271 272 280 287 292 294 302 306 307 312 320 321 325 330 331 339 343 344 345 362 365 368 370 378 380 381 384 389 396 401 409 413 415 420 426 428 430 433 439 441 444 452 456 458 461 466 468 471 473 476 482 488 494 497 501 504 508 511 512 516 517 522 524 527 530 532 535 539 543 555 559 560 562 564 567 574 576 577 582 590 592 596 597 604 606 612 616 617 622 626 629 635 636 640 643 644 650 652 656 658 661 665 668 672 673 679 684 685 687 689 699 702 705 710 711 718 719 720 722 729 732 736 740 742 745 
234 236 250 261 265 272 276 283 290 296 297 305 307 309 316 321 322 327 333 335 340 346 347 348 366 370 372 373 381 385 387 391 395 400 402 410 414 419 424 427 430 434 437 440 444 448 453 460 461 463 467 472 475 478 480 483 490 496 501 502 508 512 513 517 518 519 524 527 529 531 535 536 543 547 557 561 562 564 566 571 578 580 581 586 592 595 600 602 608 612 615 620 622 624 629 631 637 641 644 646 650 653 657 659 662 663 667 671 674 678 682 685 686 688 691 702 706 708 713 714 722 725 729 732 736 740 741 745 748 751 
238 241 254 262 269 275 280 287 292 300 302 306 308 313 320 322 324 331 335 338 344 350 353 354 368 371 376 378 385 386 391 393 397 404 406 412 417 420 425 431 433 436 439 444 448 450 455 462 464 467 470 476 477 482 483 487 491 499 504 506 512 515 518 521 524 526 527 528 530 535 539 542 547 549 561 564 566 568 570 572 582 585 589 592 593 597 601 605 610 613 616 624 628 632 634 635 640 644 647 651 655 658 661 662 663 664 670 673 675 680 684 688 690 691 692 704 709 713 714 715 726 730 733 736 739 744 745 747 751 755 
239 244 255 264 273 279 283 289 293 301 303 307 311 314 323 326 328 334 336 340 348 351 355 357 372 373 378 379 388 392 396 398 402 407 411 413 421 423 429 432 437 440 441 448 451 452 459 465 466 470 474 480 484 485 489 492 494 502 507 510 516 519 521 524 526 530 534 535 539 541 544 546 550 552 562 567 569 571 574 577 583 588 592 595 599 600 603 608 611 615 618 628 632 633 638 642 644 648 649 652 658 661 664 667 671 672 675 678 681 685 687 691 693 695 696 705 711 716 718 720 727 733 735 737 741 746 748 749 752 756 
242 247 258 266 274 282 285 291 296 302 305 311 314 316 325 330 333 337 338 343 349 352 358 361 373 376 381 382 392 395 397 399 404 411 413 415 424 428 431 434 441 443 445 451 454 455 461 468 472 474 477 484 488 490 491 494 497 505 510 513 520 521 524 526 529 532 535 539 541 543 547 548 552 554 564 570 571 573 575 580 584 590 593 598 600 603 604 609 613 618 621 630 635 638 640 645 646 649 652 653 659 662 666 671 674 677 678 679 682 689 690 693 695 696 700 706 714 720 722 724 731 735 737 738 743 748 749 751 754 758 
244 250 260 270 276 285 288 295 299 305 307 315 318 320 328 331 335 341 343 346 352 354 359 363 376 380 384 386 394 396 398 403 406 415 419 420 425 429 433 437 442 444 447 454 458 460 464 469 474 478 479 485 490 492 496 498 501 509 512 515 521 523 526 527 530 535 537 540 542 547 548 549 555 557 565 574 578 582 584 586 588 594 596 602 603 606 607 612 614 621 624 632 638 640 644 649 650 652 656 657 660 663 670 674 676 679 683 686 687 690 691 694 699 703 705 709 717 722 725 729 732 737 738 742 746 751 754 756 759 763 
247 252 263 273 280 287 292 296 301 307 309 316 320 321 331 334 336 344 345 349 356 360 361 365 377 381 385 387 397 400 404 405 408 417 422 424 428 430 434 439 444 448 449 457 462 465 466 472 476 481 483 487 491 494 497 502 503 512 515 519 523 525 529 533 537 538 540 543 544 549 550 551 559 561 569 578 579 585 587 589 592 595 600 603 606 607 608 614 615 625 626 636 642 646 648 650 654 656 659 661 664 667 674 675 679 680 685 687 689 693 695 697 703 705 707 711 718 726 727 730 736 738 741 746 748 754 756 759 762 765 
251 254 264 275 282 291 295 299 303 309 310 318 322 323 335 338 340 348 350 352 360 362 364 367 381 384 389 390 400 401 407 410 413 418 425 428 429 431 436 441 447 452 454 459 464 469 470 473 477 485 487 490 492 496 501 503 507 514 518 520 524 529 533 534 541 542 543 546 548 551 554 557 561 563 573 579 583 587 588 591 595 597 602 605 607 608 612 616 619 629 631 637 643 647 651 654 655 659 662 665 668 671 675 678 680 684 688 691 695 696 697 700 706 707 709 712 722 730 732 735 737 742 746 748 749 755 760 761 764 768 
254 255 268 277 286 294 299 301 304 310 314 320 326 329 339 340 343 352 353 355 363 366 367 368 383 385 390 392 404 405 409 413 416 422 429 432 434 436 437 442 448 454 458 461 466 472 474 475 479 489 491 492 495 498 502 506 509 517 521 524 526 531 537 540 542 544 545 549 551 554 557 559 564 566 576 580 586 591 595 596 600 604 607 609 610 613 616 620 622 631 635 638 646 649 652 656 658 662 666 669 670 674 679 682 685 688 692 696 698 701 704 705 710 713 715 719 726 732 735 737 741 745 750 753 755 757 763 764 765 771 
258 260 269 279 288 296 303 306 310 312 315 321 329 332 340 341 345 356 360 364 365 367 370 371 386 387 394 398 408 412 415 419 423 427 431 433 435 440 442 446 452 456 459 464 468 473 476 477 483 493 496 499 501 504 507 509 512 518 524 528 531 534 540 541 546 549 552 556 557 560 561 563 566 568 577 583 587 595 596 597 604 608 609 612 616 618 622 626 628 635 638 639 650 652 653 659 663 665 669 670 672 675 682 684 689 693 695 697 699 704 706 710 711 716 717 721 727 736 740 741 745 747 753 756 757 759 764 768 770 775 
262 263 270 283 291 300 305 307 314 315 318 325 331 336 343 347 351 358 363 368 371 372 375 379 389 391 395 399 409 415 416 421 425 431 435 438 439 442 445 448 456 460 461 466 471 475 477 479 484 496 499 503 504 508 510 511 515 520 526 531 535 536 542 544 548 552 554 558 560 561 563 566 569 573 579 585 588 597 601 602 606 612 615 619 623 627 629 630 634 637 639 643 652 656 659 663 664 668 673 675 677 681 686 690 693 695 699 702 705 709 713 716 717 719 720 722 729 739 744 745 749 750 756 759 760 763 767 772 776 779 
263 267 272 287 292 301 308 309 317 318 320 328 332 339 346 351 353 361 366 370 375 376 378 382 390 394 399 401 412 417 421 422 426 432 436 441 445 447 449 451 457 463 465 468 474 477 479 483 485 498 502 504 506 511 513 516 518 521 529 532 539 543 547 548 549 553 555 561 562 566 569 571 574 575 582 586 589 600 603 606 608 616 618 622 625 631 632 633 638 640 642 644 654 659 660 665 669 671 675 676 678 684 690 691 694 699 703 706 710 711 717 719 722 726 730 732 735 742 748 751 753 756 757 762 766 770 772 776 777 783 
267 268 273 288 295 302 310 314 319 321 323 329 334 343 350 352 355 363 370 372 376 377 379 384 391 398 403 407 415 420 422 426 429 436 437 443 446 450 454 456 460 464 467 471 475 479 480 485 489 501 504 508 511 515 516 519 522 525 532 535 543 544 549 551 553 557 558 562 566 570 572 575 578 582 585 587 592 603 606 610 612 619 620 623 627 634 636 637 641 642 643 648 657 661 663 668 673 674 679 683 684 688 691 695 696 702 707 709 712 715 718 721 725 729 732 733 736 746 751 754 756 757 761 763 767 773 774 778 780 784 
271 272 277 290 297 306 312 315 320 323 325 331 336 346 352 356 359 367 373 375 380 383 386 387 392 400 406 411 419 422 426 430 434 439 441 447 448 454 458 461 462 467 471 473 478 481 484 488 492 502 506 511 515 517 518 523 527 531 533 539 545 546 550 554 556 561 565 566 570 571 576 577 580 584 586 589 594 604 607 612 616 620 622 626 629 635 640 644 647 650 653 657 658 664 666 672 677 680 682 687 689 692 694 698 702 704 708 711 716 718 720 724 726 731 736 739 743 748 753 755 757 759 765 766 770 774 775 781 782 786 
272 276 279 293 301 309 315 317 323 327 328 334 337 348 356 357 361 369 375 378 381 386 390 392 393 401 408 415 422 424 429 431 436 442 444 451 453 455 462 466 468 472 473 477 480 485 487 490 495 506 507 514 519 521 523 524 529 532 534 543 546 547 554 556 558 565 569 573 577 581 584 586 590 593 597 598 600 605 609 615 619 622 625 628 633 637 642 647 651 654 655 658 662 667 668 676 679 682 685 688 693 695 698 701 704 705 712 715 718 722 723 725 727 733 738 742 747 749 754 757 759 761 766 770 772 778 782 786 788 789 
274 278 282 295 304 312 318 322 326 331 335 336 340 350 357 358 362 370 378 379 385 390 393 396 397 403 410 419 425 427 430 434 439 444 446 455 457 459 464 470 471 476 480 484 488 490 494 496 498 509 513 518 522 526 529 533 535 539 542 544 549 552 557 559 560 567 573 574 580 585 588 590 591 594 600 603 606 610 611 616 621 626 628 630 635 638 646 649 655 656 658 659 665 670 671 679 682 686 690 694 698 702 704 708 711 714 717 720 724 725 726 727 730 736 741 744 749 750 758 762 763 765 768 773 776 782 785 790 791 794 
278 281 286 298 306 315 319 325 327 334 337 338 341 353 359 363 366 373 381 385 389 392 395 399 401 404 412 422 426 428 434 436 442 445 447 459 460 462 468 473 475 477 482 486 490 493 495 497 501 513 515 521 525 527 532 535 539 540 544 545 551 554 561 563 566 570 576 579 584 586 592 596 599 600 602 607 610 614 615 618 622 630 631 632 636 641 650 653 659 662 664 667 668 671 673 680 686 687 692 695 701 705 707 709 712 718 721 723 726 730 733 737 740 742 745 746 752 755 761 765 768 770 772 775 777 786 787 793 794 795 
281 282 289 300 308 317 323 328 330 338 339 342 343 356 360 366 368 374 384 386 393 394 398 402 406 410 414 423 427 429 437 438 444 447 448 463 465 467 471 474 476 480 486 487 492 494 499 500 502 517 521 525 527 531 536 540 543 544 546 548 552 558 562 565 569 572 578 583 586 589 595 598 603 605 606 610 611 616 617 620 623 631 634 637 638 644 654 658 662 666 667 669 670 674 676 683 689 690 695 696 703 708 712 713 716 721 723 727 730 733 735 740 743 745 746 750 754 757 763 769 773 776 779 780 782 789 791 797 801 805 
283 284 293 301 309 321 327 331 334 339 342 345 349 360 364 367 372 378 385 389 394 395 401 403 408 414 416 425 431 432 441 443 446 450 454 464 466 469 474 478 481 485 489 491 496 497 500 502 506 518 525 528 531 532 539 543 547 548 551 554 555 560 565 567 572 576 581 587 591 593 598 602 604 606 607 611 614 620 622 626 627 635 639 642 645 648 655 662 664 669 670 672 676 679 683 687 690 692 698 702 707 710 716 718 719 725 727 729 732 735 739 741 747 748 752 755 759 760 765 773 775 777 782 785 786 791 795 800 803 806 
284 286 294 305 311 325 331 334 337 341 344 347 353 364 367 369 373 380 388 391 396 398 402 406 409 418 419 426 433 435 443 447 451 455 458 465 470 472 475 479 482 488 492 494 500 502 504 508 511 522 526 532 535 536 540 545 550 553 556 557 560 561 566 568 574 577 584 590 593 595 602 606 608 609 612 613 618 622 625 628 632 637 643 644 646 651 656 664 668 672 676 679 681 685 687 689 693 696 701 703 710 714 718 720 722 726 728 733 736 737 743 745 751 754 755 758 760 762 769 777 780 781 786 787 790 794 797 802 805 808 
287 290 295 308 315 329 335 336 338 344 348 349 356 368 370 371 375 382 391 394 398 402 403 407 412 422 426 429 437 438 446 449 452 459 462 468 474 475 476 482 483 489 496 498 504 505 509 513 514 525 527 535 536 538 543 549 553 556 560 563 567 568 569 572 577 579 585 592 597 601 605 608 611 615 618 621 623 626 628 632 633 640 645 648 651 652 660 666 671 676 679 683 684 688 689 690 696 698 704 705 711 715 719 723 726 728 729 736 737 738 746 749 753 757 760 764 767 769 770 778 781 784 790 793 797 799 801 804 807 810 
290 293 298 312 319 333 338 340 341 347 349 352 357 371 374 375 377 386 395 399 403 404 406 408 416 426 429 431 441 442 448 450 456 460 466 469 476 479 481 484 488 491 498 499 505 508 511 517 518 528 532 537 538 540 547 553 557 561 562 565 570 572 575 579 580 584 588 596 600 602 608 610 615 618 620 624 627 630 634 636 639 644 647 652 655 658 664 667 672 680 682 687 689 693 697 701 703 706 708 710 712 718 722 724 728 732 733 738 742 743 748 753 755 761 762 768 772 774 776 779 785 787 794 795 799 800 802 807 811 815 
292 294 300 313 321 334 339 344 347 351 353 356 360 372 375 377 381 388 396 401 405 409 412 416 418 430 433 435 445 447 449 454 459 464 467 470 478 480 484 488 492 495 501 502 508 510 514 518 520 530 536 541 543 544 549 555 560 563 566 568 573 574 577 582 584 586 590 599 604 606 609 612 616 620 622 626 631 633 638 641 643 646 650 653 658 662 665 668 673 683 685 688 692 694 698 703 707 708 710 713 716 719 726 730 733 734 736 741 745 748 752 757 758 764 768 771 774 776 779 781 786 788 796 799 802 804 805 809 815 817 
294 297 304 314 322 335 342 345 348 354 355 360 361 373 377 378 384 392 400 405 408 413 414 419 422 432 434 436 448 452 453 455 463 465 469 472 479 483 486 491 496 498 505 508 510 514 515 522 526 531 540 543 544 547 553 559 562 564 567 571 574 576 581 586 590 592 595 602 606 610 614 618 621 625 627 630 632 636 639 643 645 650 654 655 661 663 667 670 674 685 687 692 693 697 700 704 710 714 717 719 720 721 730 732 735 738 742 746 750 754 756 760 762 767 770 773 777 780 784 786 790 793 797 801 806 809 811 812 819 823 
296 301 306 315 326 339 344 349 353 358 360 364 367 375 379 381 387 393 403 408 409 417 421 423 426 435 439 443 450 455 457 458 464 469 470 473 482 485 489 493 497 500 506 510 513 516 517 524 528 534 543 546 549 550 557 561 563 567 571 574 578 580 585 589 592 595 599 604 610 611 615 621 625 627 631 633 635 637 641 646 648 654 656 660 663 666 670 672 675 686 690 695 696 701 703 705 711 716 721 723 727 728 731 733 738 740 745 749 753 758 759 764 766 768 774 775 781 782 785 787 794 795 800 804 807 810 812 815 821 825 
300 302 307 319 329 341 346 350 356 362 366 368 370 378 381 384 389 394 406 409 410 418 423 425 427 437 443 446 454 456 461 464 465 471 473 476 486 490 494 498 499 501 510 513 515 519 522 526 530 537 544 547 553 554 558 563 567 571 574 576 580 584 587 592 595 596 600 608 614 615 616 622 628 632 634 637 641 644 646 647 649 658 661 664 665 669 674 678 679 689 693 696 697 704 708 711 715 720 725 728 730 731 733 735 740 741 749 752 757 761 764 765 769 771 778 782 784 787 789 793 797 798 802 807 811 813 817 819 822 826 
303 304 309 323 330 345 350 354 359 366 367 372 373 381 382 388 391 397 409 410 411 420 426 430 434 439 445 450 456 458 463 468 471 472 474 478 487 494 498 500 502 504 512 514 518 521 523 529 533 540 548 549 555 557 560 567 569 572 576 580 583 585 588 594 598 602 603 611 618 619 622 623 632 635 638 640 645 647 649 650 653 659 663 665 666 671 677 679 682 693 696 697 698 706 710 712 716 724 727 729 734 736 740 743 746 749 750 753 761 763 768 771 773 777 780 785 786 790 792 795 799 802 805 810 814 815 821 824 826 828 
307 309 311 327 331 347 353 357 361 369 373 376 380 385 387 389 395 399 412 416 417 422 427 432 435 441 446 453 459 461 464 470 473 476 479 481 491 496 500 504 505 508 515 518 520 522 526 531 534 541 549 551 558 561 562 571 575 576 578 583 584 586 590 595 600 606 609 612 619 622 624 628 633 636 640 643 647 649 650 653 654 660 665 668 669 674 678 681 684 695 699 701 703 710 713 715 717 725 728 731 735 737 741 746 748 751 753 754 765 768 769 774 775 780 784 789 792 796 800 801 804 805 806 813 815 816 823 827 830 832 
310 314 317 329 335 351 355 359 364 370 376 379 382 389 390 392 397 401 415 417 421 425 430 434 437 444 447 455 463 467 470 474 478 482 484 485 492 499 504 507 508 512 516 522 523 527 530 532 537 542 550 555 559 562 565 572 577 581 582 586 589 590 591 599 603 609 610 615 621 623 625 632 637 640 642 646 651 654 658 659 662 664 667 670 671 678 680 685 686 696 701 704 708 712 714 716 721 726 729 734 737 740 742 748 749 754 758 759 767 772 776 779 782 785 786 792 795 799 801 804 805 809 811 814 816 818 825 828 833 837 
311 315 320 333 337 353 357 361 365 373 378 383 385 390 392 396 401 402 419 421 423 426 434 435 440 447 448 459 467 469 472 475 480 483 488 489 494 500 506 508 510 516 520 525 526 531 533 534 541 545 554 558 561 565 567 573 581 585 589 590 594 596 600 604 606 611 615 619 623 627 629 634 639 643 644 648 655 657 662 663 665 666 671 673 675 682 684 689 691 699 704 708 710 715 717 718 723 730 734 736 740 743 747 751 752 757 761 762 771 775 777 781 785 786 787 794 796 801 803 806 809 812 816 819 821 824 828 832 837 840 
312 319 322 337 338 354 361 365 369 375 380 385 387 394 397 399 403 407 423 424 428 429 436 439 444 450 454 461 471 473 474 476 483 487 492 494 498 503 507 509 513 518 522 526 529 534 537 540 543 549 558 560 562 569 572 576 584 589 591 592 597 598 602 607 608 612 617 620 624 628 633 638 640 645 647 652 656 658 663 666 670 674 677 679 681 684 687 693 694 703 706 712 715 717 719 720 727 734 735 737 743 746 748 754 758 762 763 765 773 776 780 783 788 792 796 799 802 803 806 810 811 816 817 823 824 826 829 835 840 841 
313 323 326 339 342 355 362 368 373 376 381 388 391 395 400 404 407 408 426 427 429 430 440 441 447 451 458 464 474 476 480 483 486 491 496 500 502 505 510 511 515 521 524 529 531 535 538 542 547 550 561 563 565 573 575 580 585 592 593 594 598 601 603 608 610 615 619 621 628 631 637 640 642 649 653 657 660 663 666 668 671 675 678 681 683 686 689 697 701 704 709 713 719 721 725 729 731 738 740 744 748 751 753 755 759 765 767 769 776 780 782 787 791 794 800 802 804 805 810 811 815 819 821 824 825 830 831 839 841 842 
317 327 329 341 345 357 365 371 375 380 382 390 394 396 404 405 408 410 427 429 432 434 443 444 449 454 461 466 475 477 484 487 488 495 500 504 508 511 512 513 519 522 528 533 534 539 542 543 550 553 565 567 569 574 578 583 589 593 595 599 601 605 607 610 611 617 623 626 630 632 638 644 647 651 656 659 664 665 667 672 674 679 683 685 689 692 696 700 702 707 712 715 723 725 727 733 735 739 741 747 751 753 757 758 763 766 769 770 779 784 786 788 794 795 802 804 807 810 811 814 817 822 826 828 832 836 837 842 843 845 
320 328 330 343 347 361 368 375 378 383 385 393 396 400 405 406 411 412 430 432 435 437 446 450 452 456 465 469 477 480 485 490 492 497 504 507 509 514 515 518 522 525 530 534 537 543 545 546 554 557 568 571 573 576 579 585 591 595 598 603 606 610 612 616 618 620 626 629 631 634 641 645 649 653 660 662 668 670 672 673 677 682 686 689 690 693 700 703 705 711 713 719 727 728 729 737 738 740 743 751 755 759 763 767 771 775 778 781 784 785 789 792 797 799 803 807 810 811 815 816 819 825 829 833 837 838 842 844 845 846 
321 330 334 347 349 364 371 376 382 387 391 395 397 404 409 412 413 415 431 434 437 438 450 452 454 458 466 472 478 482 488 494 495 500 506 509 513 515 518 520 524 529 532 535 539 547 548 552 556 559 572 576 578 581 583 588 595 598 600 605 610 611 614 617 621 625 628 632 634 635 644 646 653 654 663 664 669 674 678 680 682 684 689 693 695 699 704 708 712 713 716 723 728 732 735 741 743 745 748 755 759 760 764 769 772 777 782 784 787 790 792 793 799 803 805 810 812 815 816 818 820 826 833 834 838 841 845 849 850 852 
322 333 336 350 353 366 374 377 383 391 393 397 401 407 412 416 419 423 432 437 439 440 451 455 459 462 470 473 479 483 491 498 501 502 508 510 517 519 522 526 529 532 533 537 540 550 552 555 560 562 576 579 583 586 590 594 599 603 606 609 611 613 617 620 625 627 630 635 636 637 647 650 656 660 666 668 672 676 679 684 685 687 693 697 700 701 705 709 714 716 717 724 729 736 738 742 745 746 749 757 761 762 768 772 776 780 783 787 789 793 795 797 803 807 808 814 818 822 826 830 832 836 840 843 844 846 848 851 855 856 
323 335 338 353 355 367 377 379 385 393 397 399 404 409 416 418 421 427 433 438 443 445 454 457 460 465 472 474 481 485 494 502 505 508 510 513 518 523 527 528 532 534 538 541 542 552 556 559 561 566 578 583 586 589 592 595 603 604 608 612 613 614 618 624 627 629 633 637 640 641 648 654 658 662 669 671 675 678 680 685 686 690 696 700 703 705 706 712 718 719 720 726 732 740 741 744 748 752 755 759 763 764 772 775 779 781 784 791 795 797 801 805 806 809 810 815 819 826 830 833 837 839 842 845 847 851 855 856 859 860 
324 339 340 354 359 368 378 383 387 395 401 404 406 411 418 419 425 429 437 439 444 447 457 458 461 467 474 475 483 487 495 506 509 511 515 516 520 524 528 532 533 536 539 543 545 554 559 562 566 568 582 587 591 593 597 598 606 609 610 613 615 619 620 626 630 632 637 641 644 648 650 655 660 665 671 674 677 680 681 686 690 694 698 704 708 712 716 717 721 725 728 730 735 743 744 745 750 755 758 761 764 766 776 779 781 782 785 793 798 800 803 808 812 816 820 821 822 827 831 837 838 840 845 848 850 852 859 860 863 865 
326 343 344 357 362 372 380 387 390 397 402 407 410 414 419 421 426 430 438 442 446 451 461 464 466 470 478 479 487 490 499 509 511 513 519 521 524 528 532 533 534 537 543 547 549 557 562 563 568 571 586 589 592 595 601 604 609 612 613 617 618 622 624 630 631 635 639 645 646 649 651 657 664 668 675 679 683 684 687 689 694 698 700 705 709 714 719 721 722 727 730 731 736 747 751 754 758 761 762 765 769 773 777 780 785 788 792 795 801 804 805 811 814 818 823 824 827 828 835 838 839 841 848 849 851 854 863 865 869 872 
330 346 349 358 363 375 382 391 393 401 404 410 413 415 421 425 430 433 441 444 447 453 463 465 469 473 481 485 491 493 502 510 515 516 522 525 526 532 533 536 540 543 544 550 552 561 563 565 572 576 590 594 595 598 603 606 610 615 616 619 621 626 630 633 635 638 640 646 648 651 653 659 666 670 676 683 686 689 691 695 697 702 706 708 713 715 722 724 727 730 732 735 737 748 753 757 762 763 767 771 772 777 779 783 787 792 795 799 805 809 813 817 819 820 825 829 830 834 839 843 844 845 852 855 856 860 866 870 873 877 
334 349 353 362 365 379 386 394 395 402 405 411 415 419 425 426 432 436 444 448 451 454 464 466 473 477 484 488 494 495 505 511 518 522 524 529 532 536 537 538 543 547 551 553 555 565 567 571 576 577 592 595 598 601 604 610 613 619 622 624 627 629 631 635 638 640 643 647 652 653 656 661 667 673 680 684 690 693 697 699 700 703 708 712 715 719 726 730 733 734 735 737 740 752 755 759 764 765 771 772 775 779 782 787 788 796 799 801 809 811 815 820 822 823 826 832 835 839 843 846 848 851 855 856 857 864 869 871 875 879 
