5 6 9 10 12 13 16 17 18 20 24 25 29 31 32 34 35 36 38 42 45 47 49 50 54 55 58 62 64 65 67 71 72 76 80 84 85 87 88 91 92 95 98 100 103 105 106 110 113 116 119 121 124 125 128 132 134 138 140 142 146 150 154 158 162 165 168 172 174 176 177 181 182 
8 12 15 17 21 22 24 25 29 33 35 36 40 42 45 49 51 55 56 57 58 59 60 61 63 64 67 70 71 72 74 78 80 83 85 87 89 93 95 99 101 104 106 110 112 115 118 121 125 127 129 133 137 140 142 146 148 149 152 154 157 161 165 166 169 173 175 177 181 182 183 184 186 
12 16 17 21 25 29 31 34 38 40 41 42 43 45 49 51 53 59 61 63 64 66 68 71 72 75 78 79 80 84 87 91 92 94 95 97 101 104 105 108 111 112 113 114 116 118 122 123 129 133 134 138 142 144 148 151 152 154 157 161 165 166 167 169 173 177 181 184 185 188 192 196 199 
16 20 22 24 28 33 35 36 42 45 48 51 55 59 62 63 66 68 69 71 73 75 78 82 85 88 91 93 97 101 103 104 108 111 113 116 120 122 123 125 126 127 128 131 135 136 137 138 140 144 147 148 151 155 156 157 161 165 168 171 173 174 175 179 182 186 188 190 194 196 197 200 204 
17 24 27 31 33 35 38 41 44 47 49 53 58 61 63 64 68 70 74 76 78 79 80 84 88 91 92 96 101 105 106 108 110 112 115 117 122 123 124 129 132 135 139 142 146 149 152 154 156 157 158 162 163 164 166 169 172 175 178 179 180 183 186 188 192 193 197 199 201 203 207 211 213 
18 25 31 35 39 42 43 44 46 50 52 56 59 62 66 68 72 76 77 79 80 81 85 89 91 95 97 99 103 106 110 112 115 119 121 125 126 128 131 132 135 136 143 145 150 152 153 157 160 162 163 164 167 170 171 172 173 177 180 183 187 191 193 194 198 201 202 206 209 212 213 215 219 
20 26 35 38 43 44 47 49 51 53 55 57 61 64 68 69 75 79 81 84 85 87 91 95 97 100 102 104 106 107 112 116 118 121 124 126 130 134 136 140 143 146 149 150 153 154 156 161 163 167 169 172 173 174 175 179 183 187 190 192 193 195 198 202 203 206 208 211 212 214 215 219 221 
22 30 38 41 45 46 48 50 52 57 61 64 67 68 72 74 78 82 83 88 89 90 94 99 102 106 108 111 114 116 119 120 123 127 131 133 136 140 142 146 150 152 156 160 162 165 166 167 171 175 179 180 183 187 190 191 192 193 194 197 198 200 203 207 210 213 216 220 222 223 225 228 231 
26 34 40 44 49 53 56 57 61 63 67 71 73 74 76 78 80 86 89 91 93 97 98 101 105 108 110 115 119 120 122 124 125 131 133 134 138 141 143 149 152 155 157 163 164 169 172 173 175 176 180 181 184 191 194 196 199 203 206 207 210 213 216 219 222 224 225 227 230 232 236 238 241 
28 35 42 48 50 56 60 64 66 67 68 73 76 78 81 85 89 90 92 95 97 100 104 105 109 113 115 117 121 125 126 127 128 135 138 139 143 144 148 150 155 157 160 166 169 173 175 177 178 179 183 184 187 195 199 201 204 208 209 213 215 219 221 223 224 227 229 230 232 234 237 240 242 
29 38 44 51 54 58 62 65 67 68 71 74 78 81 82 88 91 95 98 99 102 104 107 111 114 116 118 119 122 129 131 132 135 137 141 143 146 149 152 153 156 159 163 167 172 174 179 183 184 185 188 191 194 199 200 205 206 210 213 216 218 222 224 226 227 231 235 237 239 242 245 248 251 
33 42 48 53 56 59 63 66 70 72 76 79 81 85 87 91 95 98 100 102 105 109 111 113 117 120 122 124 126 130 133 137 140 141 142 146 150 152 153 157 161 163 166 171 173 175 181 184 185 189 191 195 199 203 207 210 212 215 219 223 227 228 232 235 238 242 244 247 250 253 255 256 260 
34 46 51 54 59 60 66 67 72 74 79 83 85 88 91 93 98 102 103 105 107 110 113 115 119 121 126 129 130 133 137 140 144 146 148 149 154 157 159 161 165 167 169 175 178 182 185 188 192 196 197 199 200 204 211 213 217 220 222 224 229 233 234 239 241 245 246 248 252 254 259 261 264 
35 47 55 59 60 61 67 68 74 76 82 86 88 89 95 97 100 103 107 110 112 113 117 120 123 124 129 130 134 138 142 144 146 149 152 156 157 161 162 163 166 170 171 178 179 186 187 192 194 197 200 202 206 208 212 214 220 222 226 227 230 236 240 243 246 250 252 254 256 259 263 267 268 
39 48 59 62 64 68 72 75 76 80 84 90 93 97 98 100 103 107 111 112 116 119 123 127 129 130 133 136 138 141 146 150 151 153 154 157 161 165 166 168 172 174 177 182 183 187 190 195 196 201 204 205 209 211 215 219 222 226 228 231 233 237 243 244 247 254 258 262 263 264 266 268 269 
41 50 61 63 68 69 75 78 79 83 87 93 96 100 102 105 108 112 113 114 118 123 124 128 133 137 140 144 146 149 150 152 153 155 158 161 162 167 169 170 173 178 181 183 186 190 192 196 199 204 207 210 211 212 219 221 225 230 232 233 235 238 244 247 251 256 260 266 269 271 272 274 277 
45 51 62 66 70 72 78 80 82 85 91 95 97 102 106 107 111 116 119 120 122 126 127 129 137 138 144 148 150 154 157 161 162 164 165 168 172 175 178 181 183 184 185 186 188 191 193 197 202 208 209 213 217 218 221 225 228 234 238 239 242 243 245 250 254 260 263 267 273 277 279 282 284 
47 54 63 67 74 77 79 81 84 88 94 98 101 104 107 110 114 119 122 123 126 127 129 131 139 142 145 149 151 156 160 163 164 168 172 176 178 182 185 189 191 194 198 201 205 206 207 209 213 215 218 220 222 226 227 228 230 238 241 242 244 246 248 251 256 262 266 268 275 279 281 286 290 
48 57 67 70 77 81 84 88 92 93 95 99 105 107 110 111 115 121 125 126 129 131 134 135 142 144 149 153 156 160 162 166 169 173 176 179 183 185 189 192 195 199 200 205 209 212 214 215 217 220 222 223 225 227 228 232 236 240 244 246 249 251 253 254 259 265 267 272 277 283 286 289 291 
50 59 68 72 81 83 88 89 94 97 99 103 108 109 114 118 122 126 129 130 133 135 136 138 145 146 152 155 160 164 166 168 170 175 178 181 186 187 192 196 197 203 207 208 213 214 217 220 221 222 223 227 230 234 238 241 242 244 245 247 250 254 257 261 264 266 268 276 281 286 287 291 293 
53 63 72 74 82 84 91 95 97 100 102 106 112 114 115 120 125 130 134 137 141 143 146 147 148 149 155 156 163 168 172 173 175 177 180 183 187 190 195 197 199 204 211 213 217 219 221 224 227 228 229 232 234 235 242 244 246 249 250 253 257 259 261 262 267 270 271 280 282 289 292 296 298 
54 67 75 78 84 87 93 99 103 107 111 115 117 118 119 122 129 134 138 140 144 147 151 152 156 157 160 162 166 172 174 178 182 184 186 190 191 195 197 198 202 206 212 217 221 224 227 229 231 232 236 237 241 242 243 247 249 252 255 259 263 264 268 272 274 276 278 281 285 290 295 299 301 
55 68 78 80 87 91 94 103 107 111 113 118 119 121 123 126 131 135 139 141 147 151 152 156 158 161 165 167 168 175 176 182 185 187 188 193 196 197 199 203 206 208 213 218 222 228 229 230 234 237 239 242 243 246 250 253 254 256 258 261 267 270 273 275 277 280 283 285 287 293 297 303 305 
57 72 82 84 90 93 96 105 111 112 115 119 121 122 126 127 134 136 143 146 148 152 154 158 160 164 166 168 169 179 181 183 186 189 190 196 200 204 208 210 214 215 216 221 224 232 235 237 239 243 244 248 252 256 260 262 265 266 270 271 273 274 278 281 282 283 284 289 292 295 298 304 308 
58 74 86 89 94 95 98 108 112 114 116 122 123 127 128 130 135 138 144 148 149 155 159 161 162 166 168 170 173 181 185 188 192 196 198 200 204 205 212 215 217 220 224 228 232 234 238 240 241 246 249 251 253 257 264 267 270 272 273 274 276 277 279 284 285 287 291 293 297 299 300 308 312 
61 77 90 94 96 99 100 111 116 120 122 125 128 129 131 133 139 141 148 151 153 157 162 163 166 167 169 174 177 185 186 192 194 198 199 203 208 210 214 216 220 221 225 232 235 237 239 243 247 249 253 256 258 259 265 271 273 274 277 279 282 286 287 290 292 293 294 296 301 303 306 310 315 
63 78 92 97 101 105 108 115 118 124 128 130 133 135 137 140 143 144 150 154 156 158 166 170 173 176 178 182 184 187 189 194 197 199 200 204 209 214 216 219 221 225 226 235 238 241 244 245 248 251 256 259 263 265 268 274 277 280 282 284 288 291 292 296 298 300 301 305 309 313 314 316 320 
64 79 94 100 102 108 112 118 121 126 130 131 135 138 141 145 148 151 154 157 159 162 167 174 177 179 181 185 186 189 190 195 198 201 202 206 212 216 220 223 224 227 228 238 242 244 245 246 252 256 258 263 264 269 272 278 280 282 283 285 289 295 299 302 305 308 311 315 319 323 326 328 330 
67 83 96 103 107 112 116 122 126 127 133 136 139 142 145 149 150 154 156 158 161 166 169 177 178 181 183 186 187 190 194 197 200 204 208 210 216 220 224 228 230 234 238 239 244 247 251 254 256 257 259 267 270 273 274 280 284 286 289 293 294 298 302 305 309 312 315 318 321 324 328 332 335 
70 85 97 106 109 113 120 124 129 130 136 140 142 143 147 150 153 156 158 159 165 169 172 180 184 187 189 193 197 201 205 207 208 209 213 217 221 224 228 232 235 236 240 244 246 248 253 258 260 261 265 269 272 274 276 282 287 288 290 294 298 301 306 309 310 315 317 322 324 328 330 336 340 
73 86 99 110 113 116 121 128 131 132 137 141 146 150 152 156 160 161 165 168 171 173 174 184 188 191 192 196 198 202 207 208 209 213 215 218 225 228 231 234 239 241 242 246 250 252 255 260 264 265 269 273 276 277 279 285 289 293 296 297 300 303 309 313 316 319 323 327 329 333 334 340 341 
75 89 102 113 115 120 123 129 135 136 141 142 149 152 155 160 163 166 168 169 175 176 180 186 190 192 196 200 201 204 210 212 216 219 222 224 229 233 236 239 243 245 246 249 254 256 257 263 265 268 273 274 279 280 281 287 291 294 299 303 306 308 311 315 317 323 327 330 332 336 340 341 345 
76 90 104 115 116 124 127 130 139 140 144 147 152 153 156 163 167 171 175 176 177 178 184 187 191 193 199 201 204 205 214 218 222 226 228 232 234 238 239 243 244 249 253 256 258 261 262 267 271 272 274 278 283 286 290 292 293 298 303 305 309 310 314 316 318 327 329 332 334 337 342 343 348 
78 94 106 116 118 128 129 131 140 142 146 151 154 155 157 165 168 173 178 180 184 187 189 192 196 198 202 204 208 212 217 219 226 227 231 234 235 241 242 247 248 250 257 260 264 267 269 271 273 277 280 282 284 290 294 297 300 301 305 307 310 311 316 320 323 331 334 338 342 344 347 350 353 
79 95 110 117 119 129 132 135 144 146 150 152 158 161 162 167 171 174 179 183 185 188 191 195 197 202 206 207 210 215 220 222 229 233 234 235 236 242 244 250 254 257 261 265 269 273 276 277 278 282 283 287 291 295 299 301 304 308 310 311 313 316 319 321 327 334 337 340 345 349 351 355 356 
80 97 112 119 123 130 134 138 146 148 151 156 161 165 166 171 172 178 181 186 188 192 194 196 198 205 207 209 212 219 223 226 232 235 239 242 244 246 249 254 258 262 263 266 271 275 279 280 282 284 287 290 295 298 300 305 306 309 314 318 321 324 326 328 330 337 340 343 347 350 353 358 362 
82 101 114 121 126 134 137 140 147 151 153 160 162 167 171 175 178 181 183 189 191 194 198 201 203 206 209 212 214 220 226 227 234 237 243 247 250 254 258 259 263 265 269 270 275 279 282 284 288 292 294 295 297 300 304 308 309 310 316 320 322 327 330 332 334 338 341 345 349 351 354 359 365 
85 105 117 123 127 137 138 142 149 155 156 163 164 168 173 179 180 185 186 193 194 197 199 202 204 208 213 215 216 224 228 230 238 240 244 250 251 258 260 261 267 270 272 276 279 280 285 286 289 295 297 299 302 305 308 310 311 315 318 324 326 330 334 336 340 341 343 349 353 354 357 360 368 
86 107 119 127 131 141 145 148 151 157 160 167 169 173 177 183 185 189 192 195 197 198 201 205 208 212 217 218 222 225 232 233 239 242 248 251 253 262 266 268 272 275 278 279 283 285 287 289 291 299 301 302 304 307 312 315 318 320 323 328 331 333 335 340 344 345 347 351 355 358 362 366 371 
88 111 120 129 134 144 149 151 152 158 163 171 173 176 180 186 188 191 196 198 199 203 204 207 210 216 219 222 225 228 236 237 241 245 250 255 257 266 270 272 273 278 281 285 287 288 292 296 298 303 307 309 311 314 316 320 321 323 327 329 334 336 340 343 347 350 354 355 359 363 364 370 374 
92 114 123 133 135 147 152 153 155 162 166 174 178 179 184 189 193 196 197 202 203 205 207 208 212 219 222 225 229 233 239 241 245 249 251 256 259 270 274 276 277 279 282 288 290 293 297 300 302 305 309 310 315 317 321 322 323 327 331 332 335 340 344 345 350 352 357 358 363 367 370 374 378 
94 116 124 134 138 151 155 156 159 165 170 176 180 182 186 190 197 199 201 206 207 209 211 212 215 222 223 229 231 236 240 244 248 253 257 258 263 271 275 277 278 282 284 289 294 298 301 304 306 307 311 312 317 320 324 328 329 331 332 334 336 342 347 351 353 356 359 360 367 371 372 377 381 
95 120 126 137 140 154 158 162 166 169 171 180 183 186 189 193 201 205 209 213 216 220 223 225 226 228 231 233 234 237 243 248 249 256 258 259 267 272 279 280 282 286 288 292 296 302 306 309 312 313 316 319 321 324 325 332 333 337 340 344 348 351 354 357 361 364 366 370 373 375 378 381 385 
97 124 128 139 143 155 159 166 170 174 178 182 186 189 193 197 205 206 213 215 220 223 224 228 232 234 237 240 241 244 248 249 251 257 262 265 268 273 281 282 283 288 290 294 299 304 310 314 318 319 321 324 326 327 328 333 335 339 341 345 350 354 355 358 362 367 369 372 376 379 380 382 389 
99 127 131 142 144 158 162 170 174 178 182 183 190 193 197 198 207 210 214 219 221 224 226 231 236 240 242 244 245 249 253 256 259 262 264 267 271 277 285 287 289 290 294 295 300 308 312 318 322 324 325 328 329 333 337 340 342 343 347 351 352 356 358 360 365 370 372 375 380 383 385 387 392 
102 130 133 143 145 161 164 174 175 182 186 190 192 196 198 200 211 215 218 223 226 228 231 235 240 241 246 249 253 256 259 260 264 266 270 274 278 282 287 288 291 294 297 301 302 309 316 321 325 326 330 334 337 340 342 345 346 348 352 354 356 359 360 363 367 374 377 380 381 386 389 392 395 
103 133 134 147 149 162 165 176 178 184 187 194 197 200 203 206 215 219 221 227 230 233 235 238 241 244 248 253 255 257 260 262 266 267 273 275 282 283 289 290 294 296 299 304 306 310 319 323 327 330 333 337 341 344 345 346 347 352 353 357 359 362 366 370 372 375 381 384 387 390 392 393 396 
104 134 138 151 155 164 166 177 181 186 188 196 198 203 205 209 216 223 227 228 234 235 239 243 246 247 249 254 259 262 264 268 270 272 277 279 283 284 291 292 297 300 303 305 309 313 323 326 328 332 335 338 345 346 350 352 355 358 360 363 365 367 369 372 375 376 383 388 390 391 394 398 400 
108 135 140 155 157 168 171 180 185 189 193 200 201 204 206 211 218 225 231 234 235 236 241 247 249 252 254 255 261 263 266 269 272 274 280 283 287 291 295 296 298 304 308 312 314 317 326 329 330 334 336 340 349 351 352 353 357 360 364 365 366 368 372 375 378 379 387 392 396 400 402 403 407 
111 137 143 158 159 172 174 182 186 192 196 204 208 210 214 215 222 226 232 237 239 243 244 249 251 256 257 258 264 268 270 271 273 276 283 284 290 294 296 297 299 308 310 315 319 321 328 331 332 335 340 343 352 354 357 358 361 364 366 369 370 372 376 378 380 381 391 396 397 402 406 408 410 
115 139 145 159 163 173 176 185 190 195 198 207 209 213 218 221 225 230 233 240 243 244 248 251 255 260 263 267 271 273 274 278 282 286 288 292 296 297 300 303 304 311 315 316 321 322 330 333 336 339 342 345 353 356 360 364 368 371 375 376 379 381 383 386 388 392 394 397 398 406 407 412 415 
118 143 148 160 165 174 177 186 193 197 201 208 210 215 221 223 227 234 235 244 248 250 253 257 261 262 267 268 272 277 279 280 283 288 291 294 299 303 304 307 308 313 318 322 326 329 331 337 339 341 346 349 356 360 363 365 369 375 376 380 383 386 388 390 391 395 398 401 403 408 410 413 418 
121 147 152 161 167 176 178 189 194 201 204 209 213 216 225 228 230 238 240 248 252 254 258 262 263 267 268 269 275 278 283 287 291 294 298 299 301 307 309 310 314 318 319 326 329 331 335 338 342 343 348 353 357 363 367 368 373 378 381 384 386 387 390 394 397 399 401 405 407 411 414 418 421 
122 150 155 165 171 178 180 193 197 203 205 212 214 217 226 230 232 242 245 250 254 258 261 265 266 271 272 276 279 280 287 291 292 296 299 303 306 309 313 314 316 320 322 329 330 333 338 340 344 347 350 355 361 365 371 372 374 379 382 387 390 393 397 400 401 404 406 409 412 416 420 421 424 
123 153 157 167 175 180 183 194 198 207 209 213 217 221 229 233 234 243 248 251 257 260 265 268 271 275 279 280 281 284 289 293 296 299 302 307 309 313 316 320 324 327 329 331 332 336 341 342 347 351 355 358 365 369 372 374 376 383 384 390 393 394 400 401 402 408 411 415 417 421 424 427 430 
124 154 160 169 178 181 185 197 202 209 213 217 218 224 232 234 238 245 250 253 259 264 266 272 274 276 281 284 287 290 291 296 299 300 305 309 311 315 319 322 327 330 334 335 337 341 343 346 348 354 356 361 368 372 375 378 381 385 388 393 397 401 402 405 407 412 414 416 418 424 427 430 431 
127 157 161 173 181 185 187 200 203 213 216 220 221 227 235 237 240 248 254 255 263 268 272 275 277 279 282 288 291 292 293 299 303 306 308 313 314 319 320 324 328 333 338 340 341 345 346 350 353 356 358 362 369 373 378 382 383 388 390 395 400 403 407 408 411 415 419 420 424 426 430 434 436 
130 158 164 176 183 189 192 202 207 214 217 223 224 228 236 238 242 249 257 259 265 269 274 279 281 284 286 292 293 294 296 300 307 311 313 316 317 322 325 328 331 335 340 342 346 348 349 351 354 358 362 363 372 374 382 385 386 389 393 399 401 404 410 413 417 421 422 426 427 428 433 435 437 
134 161 166 180 185 190 195 206 211 218 220 227 230 233 238 239 243 253 258 263 269 273 278 280 284 287 290 293 297 300 303 306 308 313 315 318 321 325 329 332 336 338 344 345 349 350 354 358 359 362 364 365 374 377 385 389 393 394 397 403 404 405 414 417 418 424 428 432 436 440 441 445 449 
138 164 167 181 188 193 199 210 213 221 222 228 231 236 242 245 247 257 261 266 270 274 280 283 286 289 293 297 301 302 305 309 312 315 316 321 324 327 333 336 337 340 346 348 352 356 360 364 367 369 373 375 378 381 386 393 397 401 405 406 410 413 416 420 422 426 430 434 440 442 444 448 453 
142 165 170 185 192 197 201 213 216 225 226 231 235 240 244 246 248 259 262 269 271 278 284 286 288 293 297 301 305 307 311 313 317 318 320 323 327 330 334 339 341 342 350 353 356 357 361 366 371 375 379 380 382 384 387 396 398 402 407 410 413 415 417 424 425 427 434 436 441 446 449 452 455 
144 167 174 186 193 198 204 215 218 226 229 232 236 244 248 249 252 262 263 272 275 282 288 290 294 297 298 304 307 308 315 318 322 324 327 328 331 333 337 343 346 347 352 355 358 361 362 369 372 378 381 385 387 391 392 397 399 404 409 412 416 417 421 428 429 433 435 437 442 448 452 456 458 
147 170 178 187 195 201 207 217 221 228 232 235 240 247 249 251 254 264 268 275 278 284 291 292 297 301 304 307 311 313 317 319 325 329 331 334 335 336 339 345 348 352 353 358 359 364 365 372 373 381 384 389 393 395 399 401 403 407 411 414 418 421 424 430 432 434 439 442 444 449 456 460 461 
151 172 181 188 197 203 210 220 222 229 233 237 243 248 252 255 257 268 272 277 282 285 292 294 301 305 308 311 312 317 319 323 326 331 333 336 338 339 341 347 349 353 354 360 364 368 370 373 377 383 385 393 395 399 402 405 408 409 414 415 420 424 427 432 435 438 442 445 447 452 457 464 468 
154 176 184 189 199 207 212 221 225 233 237 239 245 249 256 258 261 272 274 281 284 287 293 296 305 306 309 314 317 319 322 324 329 334 337 341 344 345 348 350 353 354 358 364 368 370 373 376 379 384 388 396 398 401 404 408 411 413 418 421 425 429 432 436 440 443 445 449 451 454 461 468 469 
157 178 188 193 202 209 215 223 227 234 239 243 247 253 258 261 264 275 277 283 285 288 294 300 308 310 311 316 318 322 324 328 331 336 338 342 347 351 352 354 357 361 365 368 370 372 376 377 380 388 392 400 402 404 406 409 412 416 419 424 426 430 434 440 441 444 449 452 453 456 463 469 470 
159 182 191 196 205 212 217 225 228 238 241 246 248 257 261 265 266 279 281 285 287 291 297 303 311 314 315 319 321 326 329 332 335 339 341 345 348 353 355 357 359 364 366 371 373 377 381 384 386 391 394 403 406 407 411 413 414 417 423 425 430 434 436 441 442 445 451 455 458 462 465 471 475 
160 184 193 199 209 216 220 229 231 240 245 249 253 258 265 269 271 280 285 289 291 294 300 304 315 316 318 321 322 329 332 336 340 342 343 349 352 356 360 361 364 367 370 375 377 378 382 385 388 394 395 406 408 409 413 417 420 424 427 428 431 436 439 445 449 453 456 457 459 466 467 475 476 
161 185 195 202 212 218 224 230 235 241 247 252 257 259 267 271 274 283 287 291 295 296 303 307 318 321 323 327 330 333 336 340 343 345 349 351 353 359 361 365 368 370 374 376 380 383 385 389 392 395 396 410 412 415 416 420 423 427 431 433 434 439 441 447 450 457 460 463 465 470 471 477 478 
163 189 198 206 216 219 227 231 236 245 250 256 261 265 271 274 277 287 290 292 296 298 306 309 322 325 329 333 337 338 340 341 345 348 352 356 359 360 363 369 373 376 380 382 385 387 390 393 396 400 402 412 415 416 419 423 425 428 434 438 440 444 446 449 452 458 463 466 469 472 474 479 480 
166 190 201 208 218 221 228 232 238 248 253 257 262 267 275 278 279 291 294 297 300 302 307 313 324 326 333 336 340 343 345 348 351 352 356 360 363 366 370 371 376 378 383 385 388 390 394 395 400 404 407 415 417 421 425 428 431 433 435 442 443 447 451 452 453 462 466 467 472 476 477 482 483 
169 191 205 211 222 225 230 235 240 252 257 259 266 269 276 280 281 292 298 299 301 306 310 314 326 329 336 340 343 345 347 351 355 356 358 362 364 367 371 375 379 383 385 386 391 395 399 402 403 407 411 417 421 423 427 432 434 437 438 445 448 449 453 454 457 464 469 473 477 481 484 488 491 
172 193 206 214 223 228 234 236 243 254 259 261 267 270 278 284 288 294 300 304 307 308 312 317 329 333 340 341 345 346 348 354 358 361 365 366 367 371 372 377 382 384 386 387 392 396 401 403 404 409 413 419 425 427 430 435 439 441 444 448 449 453 456 460 464 465 470 474 481 484 485 491 493 
