4 8 11 12 15 19 20 23 24 25 27 30 34 38 42 44 45 49 52 55 57 60 62 64 65 69 70 74 78 80 83 84 86 89 92 95 98 101 102 103 104 105 109 111 115 118 122 126 128 132 136 138 141 143 146 147 151 155 158 161 165 166 169 170 173 176 179 180 184 188 191 194 195 196 199 200 203 205 207 210 213 214 218 221 223 224 226 229 230 232 235 239 242 246 250 253 257 258 261 262 265 269 270 272 276 278 281 282 284 288 291 294 297 300 303 306 310 312 316 320 321 323 327 328 329 332 333 337 
5 12 16 19 20 21 25 26 29 31 33 36 37 41 46 50 52 53 54 57 60 63 64 66 67 73 76 79 83 84 88 90 94 97 99 102 105 107 111 114 118 120 124 126 130 134 137 139 140 144 147 151 154 158 162 163 165 169 171 173 176 180 181 184 185 187 190 192 193 197 199 202 204 208 210 212 214 217 218 221 224 227 230 234 235 237 239 243 247 251 253 254 255 259 263 265 267 270 273 276 280 282 286 289 292 294 295 297 300 303 307 309 311 315 316 317 318 321 324 325 329 331 332 333 337 339 343 347 
7 14 20 21 25 26 28 30 32 36 37 40 42 46 48 53 55 59 62 63 67 70 71 72 74 77 79 81 86 87 90 94 95 98 100 106 107 108 113 116 121 124 128 129 134 136 141 144 145 147 151 155 156 161 164 165 169 172 175 179 180 184 186 189 192 195 198 199 202 204 205 208 212 216 218 219 223 226 229 230 232 235 239 240 243 245 247 249 250 255 256 259 260 264 265 269 270 273 274 277 283 285 288 293 296 298 300 302 303 305 311 314 318 319 322 325 329 330 333 334 336 340 342 345 346 349 351 354 
10 15 23 27 28 30 34 37 39 42 44 48 52 54 56 57 60 62 66 67 68 72 76 79 80 81 83 85 88 90 94 97 101 102 106 109 112 116 120 124 128 132 134 138 141 143 145 148 152 156 160 162 165 169 171 172 173 174 179 180 182 185 189 193 194 198 201 203 204 205 209 210 214 217 221 224 228 232 234 237 240 243 246 248 252 255 258 260 262 263 264 266 267 269 273 274 275 278 279 280 284 286 290 294 300 303 304 305 309 313 317 320 324 325 326 330 334 337 338 340 341 342 345 349 352 354 358 361 
11 17 27 31 32 34 38 41 45 47 48 51 55 57 60 64 67 69 70 72 76 79 83 84 87 90 92 96 98 101 105 107 111 114 116 118 121 125 127 131 134 135 136 141 144 147 151 155 159 160 164 168 169 173 174 176 177 179 181 184 185 189 193 197 198 202 205 207 208 212 215 218 221 224 228 232 236 239 240 241 242 246 248 251 253 257 260 261 263 266 267 268 271 273 277 280 282 286 290 291 295 299 300 301 304 307 310 314 316 319 320 324 325 327 329 331 335 338 339 343 345 346 349 350 354 357 361 365 
15 20 29 32 36 40 44 45 49 50 54 55 58 61 63 65 68 70 71 75 80 82 85 88 89 92 96 100 104 108 112 116 117 121 125 127 131 135 139 141 142 144 145 146 148 152 154 158 160 164 165 170 174 177 181 183 186 190 191 195 196 200 204 205 208 211 212 213 214 218 221 225 226 228 232 233 238 241 244 248 249 251 253 254 255 259 263 265 267 270 272 273 277 279 281 284 287 290 292 296 297 301 305 309 310 311 312 316 319 321 322 325 327 329 332 335 339 342 343 345 349 350 352 356 359 361 363 366 
17 23 31 34 40 42 46 49 53 57 60 61 63 64 68 70 71 75 77 80 82 86 88 90 91 96 100 103 106 112 115 117 119 122 129 130 134 139 141 143 145 149 151 154 156 158 160 162 163 165 168 174 177 181 182 184 189 192 194 198 199 203 208 210 212 215 216 217 221 224 228 232 233 236 237 241 245 249 251 254 257 258 260 263 265 269 271 274 278 280 283 286 289 291 293 294 295 298 302 304 307 310 311 315 316 320 324 327 328 329 332 334 337 341 345 346 349 351 352 353 354 358 359 360 361 363 364 368 
18 24 35 39 44 45 47 52 57 61 64 66 70 73 76 79 83 85 87 89 93 94 97 99 102 104 108 112 114 116 117 118 121 123 131 135 138 142 146 150 151 153 154 155 157 162 165 169 172 176 180 181 184 185 189 192 196 198 201 205 208 211 212 216 219 222 225 227 228 232 234 238 242 246 247 251 252 253 256 259 261 265 268 269 270 273 274 276 280 284 286 289 291 295 296 300 301 303 305 309 312 315 316 320 323 327 330 332 336 339 342 344 346 347 349 351 354 357 359 362 363 365 367 368 371 372 375 379 
20 27 36 43 45 47 49 56 60 62 68 72 74 76 78 82 87 90 94 96 97 99 103 107 110 111 113 115 118 121 125 127 129 130 135 139 141 144 150 154 155 159 160 164 165 168 171 172 173 177 183 184 185 189 190 196 200 201 203 208 211 215 219 223 227 230 234 237 239 243 247 250 254 255 257 260 261 263 264 266 270 271 272 273 274 277 281 285 288 289 292 293 297 298 299 303 305 308 312 316 319 320 321 324 327 331 335 338 341 343 345 349 351 353 356 359 362 366 369 371 374 378 379 381 382 385 389 390 
21 28 39 47 51 55 59 61 65 69 70 73 75 77 82 85 89 92 96 97 98 102 105 109 111 115 117 119 120 122 128 131 135 139 142 144 148 151 155 156 158 162 165 169 170 174 175 177 181 184 185 189 191 194 197 199 202 203 205 210 213 217 223 227 228 233 238 240 243 245 251 255 258 261 263 265 266 267 270 274 277 280 284 287 291 294 298 300 304 305 307 311 313 317 320 323 324 325 326 328 329 331 333 335 337 339 343 346 350 352 355 359 360 362 363 366 369 371 372 374 377 382 383 385 387 389 392 396 
22 30 41 50 55 58 61 62 66 73 75 77 79 82 83 87 92 95 97 101 102 105 108 112 113 116 119 122 124 125 129 133 137 142 146 149 152 155 159 160 164 166 169 170 171 175 176 179 182 186 188 191 192 198 200 201 203 207 209 211 214 220 224 231 234 238 240 241 247 250 254 259 263 267 271 273 274 278 279 280 281 282 285 289 292 297 299 303 307 310 311 313 316 321 323 324 327 331 334 335 337 340 342 346 347 351 353 356 358 360 364 366 368 372 376 379 383 386 389 393 394 396 398 399 402 403 407 409 
26 34 43 51 57 62 64 67 70 75 79 83 87 89 93 95 98 100 102 106 109 111 115 117 120 121 122 126 127 128 131 137 139 144 149 150 153 159 163 166 168 171 175 176 177 181 183 186 188 189 190 193 194 202 206 207 211 215 217 220 224 228 232 234 235 241 242 244 249 251 256 262 265 269 274 275 278 281 285 286 287 291 292 296 297 301 305 308 310 314 317 320 322 325 328 331 332 335 338 339 342 344 347 350 352 353 355 360 363 365 367 368 371 376 379 380 387 389 391 396 400 404 406 410 412 416 420 421 
28 36 44 52 60 64 66 71 72 77 83 87 88 92 97 99 103 106 108 110 111 113 116 119 124 125 129 130 131 133 135 139 141 145 153 156 157 160 167 170 174 177 178 182 184 187 189 190 191 195 199 200 201 203 210 212 213 218 222 224 225 229 235 237 241 243 245 247 250 254 258 266 267 271 278 279 283 284 289 291 292 293 297 299 302 306 309 313 314 315 321 325 329 330 332 333 334 338 341 344 348 352 353 354 356 359 363 367 371 372 374 375 376 380 382 384 389 390 394 399 404 405 409 413 415 417 422 424 
32 38 47 55 61 68 72 76 78 82 84 88 91 95 98 103 104 108 112 115 118 119 123 127 129 131 133 135 136 137 140 142 143 146 157 160 163 166 170 172 178 181 184 186 189 190 192 196 200 201 203 207 209 213 214 217 221 224 228 230 232 234 237 241 242 245 249 253 256 259 262 268 269 272 282 284 285 289 291 295 296 300 302 305 308 309 310 314 316 318 322 327 332 334 335 336 338 342 346 349 352 353 357 358 361 364 366 371 372 376 379 382 385 387 388 389 392 394 395 400 406 410 414 418 421 423 424 426 
35 39 49 57 65 72 75 78 82 85 88 90 94 96 102 107 108 109 113 116 122 126 128 130 131 134 135 138 141 142 146 147 150 154 161 162 164 168 173 175 179 184 187 188 193 194 198 201 202 205 208 212 215 219 220 224 226 229 232 235 238 240 243 247 249 253 254 255 259 260 266 269 272 276 283 285 286 293 296 297 299 301 304 306 311 312 313 316 319 323 325 328 335 339 343 345 347 349 352 356 357 361 363 365 368 369 372 376 379 383 386 390 394 396 399 402 404 406 407 409 411 414 418 420 423 427 430 431 
39 40 51 59 66 75 76 79 85 89 91 93 97 98 103 111 114 117 119 121 126 127 130 132 135 139 141 144 148 151 152 155 157 158 164 166 169 171 176 179 182 185 190 194 198 199 200 203 204 209 212 216 220 224 228 231 234 236 238 241 245 246 247 249 250 256 260 262 263 265 268 272 275 278 286 289 293 296 298 301 302 306 310 313 316 319 323 327 329 333 335 337 338 343 347 350 351 353 355 358 361 362 365 368 369 371 373 378 381 384 387 394 397 400 404 406 410 412 413 415 417 418 420 423 426 431 434 435 
41 44 52 63 68 77 79 83 89 92 93 94 99 103 107 112 116 119 120 124 130 132 135 138 142 144 146 148 149 155 158 159 161 164 166 170 173 177 180 181 186 190 194 196 202 204 208 209 212 216 217 219 223 226 229 235 239 241 244 248 249 252 255 259 260 261 265 267 270 274 278 280 282 283 289 292 295 300 303 307 308 309 312 314 317 323 325 331 333 335 337 341 345 348 349 351 353 357 358 361 365 369 373 376 380 382 386 388 391 395 398 400 403 404 407 408 413 417 421 425 426 428 431 434 436 439 441 443 
44 48 55 67 71 78 81 87 90 94 98 100 104 105 109 113 120 122 125 126 133 134 136 139 143 147 149 153 156 159 161 163 166 168 172 175 179 183 186 188 190 191 198 200 206 207 210 213 216 220 223 227 229 232 235 239 241 244 248 252 254 256 257 260 263 264 266 269 274 278 281 284 286 289 292 293 297 302 304 311 314 315 319 320 323 327 330 335 338 342 343 345 347 349 352 353 354 360 362 366 367 372 374 380 381 383 390 393 396 399 401 404 405 409 412 413 416 421 425 428 430 432 435 439 442 446 447 448 
47 51 58 69 72 79 82 91 94 96 100 101 105 108 110 114 123 127 129 132 134 137 138 140 145 148 153 155 158 163 164 167 169 171 175 177 182 187 191 195 197 199 201 202 208 210 211 215 219 224 228 232 236 237 241 244 248 252 253 257 258 262 266 269 271 275 278 282 283 287 290 293 297 301 304 308 311 315 317 321 322 323 326 330 332 335 339 340 343 345 347 350 351 354 355 356 359 364 366 370 374 376 379 381 383 386 391 395 398 400 405 409 413 414 416 420 424 427 431 433 435 438 441 445 449 451 452 453 
48 52 62 70 73 81 85 95 99 100 103 107 110 114 117 118 126 128 130 135 138 141 145 149 150 154 157 161 163 164 165 171 174 178 181 183 184 191 193 199 201 202 206 209 210 211 213 219 221 226 231 233 239 242 245 247 250 256 260 263 267 271 273 275 277 279 282 286 290 291 292 294 299 304 308 309 313 319 323 327 330 331 335 337 339 343 346 348 352 356 359 362 365 368 372 376 378 382 386 390 394 397 401 403 404 405 407 409 413 417 418 420 422 423 425 427 431 435 437 441 445 446 448 452 453 457 460 464 
51 54 64 74 78 85 86 98 103 104 108 111 114 116 118 119 129 133 136 140 141 142 147 153 157 158 159 163 165 168 171 172 175 179 183 187 191 195 199 201 203 206 210 214 215 218 221 224 225 229 235 237 242 246 248 250 252 259 261 264 270 275 276 278 282 285 289 293 294 297 301 304 307 310 311 312 315 321 325 330 332 333 337 341 345 348 350 351 354 360 361 365 367 369 375 379 381 386 390 394 397 400 402 406 410 411 412 416 420 423 426 428 430 434 435 439 441 445 448 451 452 455 459 463 466 468 471 472 
54 58 68 76 79 88 91 99 107 108 110 112 117 118 122 124 130 134 137 143 145 147 150 157 161 165 166 170 174 177 181 184 188 191 192 195 198 199 203 207 210 212 214 218 219 222 225 229 232 236 238 239 244 250 251 254 257 261 262 265 271 279 282 283 285 288 291 295 296 301 303 308 309 313 315 319 321 325 328 334 336 340 341 345 349 350 352 355 357 363 367 370 371 373 378 382 383 388 394 398 400 402 404 409 413 415 417 418 423 427 429 433 436 439 442 444 445 449 453 457 459 461 465 469 471 475 476 478 
58 60 69 78 82 90 93 103 108 109 111 113 120 123 124 127 133 138 141 145 147 149 153 161 165 169 173 174 178 179 183 186 189 192 196 200 204 207 209 211 213 216 218 219 223 225 229 233 235 237 242 245 248 252 255 258 261 262 265 269 273 280 285 289 293 296 297 301 303 306 310 311 315 317 320 322 324 329 330 338 341 343 346 350 351 352 354 356 359 365 369 372 375 378 380 384 387 392 396 399 401 406 409 411 417 420 424 428 432 436 439 441 442 446 449 451 452 456 460 464 466 469 470 472 473 476 477 479 
59 61 70 80 84 94 96 106 109 111 114 117 122 127 131 135 137 141 145 148 152 153 156 163 168 171 175 177 181 183 185 189 191 194 199 204 205 209 212 214 216 218 219 223 226 228 230 235 238 241 245 246 252 255 257 262 263 264 268 273 275 281 286 290 297 300 303 304 307 309 311 312 317 319 324 327 331 334 338 340 342 346 348 354 355 359 362 366 367 368 373 377 379 381 384 388 390 395 399 401 405 409 413 414 420 424 428 430 433 440 444 445 447 451 453 456 457 461 464 467 469 470 474 477 478 480 482 483 
63 67 73 82 85 98 99 107 112 113 115 118 124 129 134 137 138 143 148 152 155 158 159 166 172 176 179 183 187 188 192 196 197 199 203 206 207 212 216 220 222 223 227 228 232 236 237 239 242 246 249 252 255 256 260 264 265 269 273 274 277 285 287 293 298 302 305 309 312 315 318 320 323 326 328 332 333 336 339 342 344 347 350 356 360 361 363 370 371 372 374 380 383 386 389 391 395 398 400 404 406 410 414 418 422 426 431 432 437 443 447 451 455 457 461 463 467 468 471 472 474 478 481 485 487 490 493 495 
67 68 76 85 88 101 103 110 116 117 121 125 126 132 138 140 143 147 150 154 156 160 164 168 175 179 182 187 191 195 199 201 204 205 208 210 212 215 219 223 226 229 232 234 238 240 242 244 248 251 255 259 261 263 265 268 270 271 277 280 283 288 289 295 300 306 308 311 316 317 322 323 326 329 333 335 339 342 344 348 351 355 358 362 365 367 369 373 375 377 378 384 386 390 391 395 399 402 403 405 408 413 418 421 423 427 432 434 440 445 450 453 458 459 463 464 471 475 477 478 482 483 486 487 489 493 497 501 
71 73 78 89 92 104 106 114 120 123 127 128 130 135 142 145 146 148 151 157 160 161 168 172 177 180 186 190 195 199 203 205 209 210 212 216 217 220 221 227 231 235 237 238 240 242 244 245 251 254 258 260 263 266 269 272 273 274 279 283 287 290 294 298 303 309 312 316 319 323 324 328 331 334 337 339 341 343 347 349 354 357 361 363 366 371 372 377 378 382 384 386 389 392 394 398 403 407 408 411 413 415 419 425 429 433 436 440 442 447 452 454 461 462 467 469 472 479 480 483 484 485 487 488 492 496 501 503 
73 76 79 92 95 106 110 117 123 126 131 134 138 140 144 147 149 151 155 161 162 164 169 176 180 184 190 193 196 201 205 209 212 213 214 217 218 224 226 229 234 236 239 240 242 246 248 250 255 256 259 263 265 269 271 273 275 279 281 284 290 291 297 301 305 312 314 317 323 326 330 332 333 338 341 345 347 349 353 354 358 362 363 367 369 372 373 379 381 386 387 390 392 395 398 401 406 411 415 419 420 421 423 426 433 437 440 444 446 449 456 457 462 463 471 474 477 481 483 485 489 491 494 496 500 502 503 507 
75 77 81 93 97 108 111 118 125 130 133 136 140 141 147 151 153 154 156 163 164 167 172 178 181 185 192 195 199 203 209 211 215 218 219 222 223 227 231 233 237 241 244 245 248 251 255 259 262 264 266 270 273 277 280 283 284 285 288 292 294 295 301 305 308 314 316 319 327 331 332 333 336 339 345 347 349 351 355 359 361 364 365 369 373 376 379 381 385 387 389 391 394 399 401 403 408 413 418 420 423 426 427 429 435 438 444 445 447 450 457 459 466 469 475 476 481 484 488 492 495 496 497 498 502 506 509 511 
76 81 83 97 100 111 112 119 128 133 136 140 144 145 151 152 156 160 162 165 166 168 173 181 185 187 195 199 200 205 211 212 216 222 226 230 232 235 239 241 245 246 247 249 250 252 259 261 264 268 269 273 276 279 282 284 286 290 292 294 296 297 303 309 312 318 322 326 329 333 336 340 341 343 346 350 353 355 358 360 364 367 370 371 377 378 383 384 387 391 392 393 397 401 402 406 410 417 419 424 425 428 431 435 437 442 447 448 449 453 459 462 468 472 478 479 484 488 492 495 496 500 504 508 511 514 517 518 
80 82 86 100 102 112 115 123 131 135 137 143 147 151 153 156 158 163 166 169 172 174 178 185 189 193 196 201 204 207 214 218 220 225 230 234 237 240 242 245 248 251 252 254 255 259 260 262 268 269 270 276 279 281 286 287 289 293 295 299 303 306 307 311 315 319 324 329 332 334 337 343 344 348 351 352 354 356 362 366 370 373 375 379 382 384 386 388 390 395 397 400 401 402 404 408 412 418 420 427 429 432 435 439 443 446 451 453 454 455 462 463 469 476 480 481 487 490 496 500 504 508 511 515 519 521 525 529 
82 83 89 102 106 115 119 125 132 139 143 144 150 154 155 159 162 164 169 173 174 177 179 186 191 197 199 202 207 208 216 219 223 228 231 237 241 245 248 252 256 257 260 261 263 267 268 272 275 279 280 282 285 287 291 292 296 298 299 301 306 307 308 312 319 323 327 333 334 336 338 344 347 352 355 359 361 362 364 367 374 376 378 381 386 387 390 394 397 400 402 404 405 409 413 416 420 421 423 431 435 439 442 445 446 448 452 455 458 459 464 466 470 477 483 485 489 491 498 503 506 509 515 519 521 522 527 532 
85 89 92 106 110 119 123 126 133 140 145 147 151 158 161 163 167 168 173 177 178 179 181 190 192 198 201 203 209 213 219 221 225 229 233 238 243 246 250 255 259 263 266 268 272 275 277 280 283 287 288 291 293 295 297 298 302 303 305 308 312 315 316 320 321 327 330 336 340 342 344 348 350 356 358 361 365 368 370 372 378 381 385 387 391 394 398 401 403 405 408 411 415 419 421 422 424 427 428 434 439 441 445 447 450 451 453 458 460 464 466 468 471 478 487 488 490 494 500 507 510 514 518 523 526 528 532 535 
89 91 95 109 113 123 127 129 137 142 148 152 153 161 162 165 169 171 175 180 182 185 186 194 198 199 202 206 212 217 222 225 226 230 237 239 245 247 254 258 260 265 268 269 274 278 279 281 284 289 292 294 298 301 303 306 307 311 314 315 318 320 324 327 330 334 338 341 343 345 346 351 354 359 361 364 366 369 374 378 380 382 389 391 395 398 400 404 406 410 413 414 417 422 424 427 431 435 438 442 445 447 450 454 456 459 461 463 465 468 470 472 475 482 488 490 492 498 504 508 511 515 522 525 530 531 534 539 
91 95 98 113 115 127 128 132 139 143 151 154 155 164 167 170 172 174 177 182 184 187 190 197 201 203 206 208 214 220 223 227 228 231 240 244 247 250 256 259 262 267 271 275 276 282 286 287 290 293 294 295 301 304 306 307 308 314 318 319 320 324 328 330 331 338 339 345 349 352 353 354 355 362 364 367 368 370 376 380 383 385 390 394 397 400 404 405 410 414 418 421 423 426 429 430 435 439 440 446 448 451 454 456 458 460 462 465 467 472 476 478 482 486 492 494 495 500 508 510 512 516 524 528 532 536 540 542 
95 98 101 117 119 131 132 135 140 147 154 158 160 165 171 174 176 179 183 185 188 192 196 201 205 209 212 214 218 221 224 228 232 236 243 247 250 252 257 262 265 271 274 276 280 286 289 292 295 297 300 302 306 308 310 314 316 320 323 326 328 329 331 334 337 342 343 348 350 356 360 363 366 367 368 371 375 379 383 386 387 388 392 396 399 402 406 407 413 415 419 424 425 427 431 433 438 440 442 448 450 452 456 459 462 463 467 470 474 475 479 480 486 489 493 496 498 504 510 514 516 518 527 531 533 539 541 544 
96 101 104 120 121 133 134 138 143 149 157 159 164 169 173 175 178 181 184 186 192 193 198 202 206 210 214 216 219 223 225 232 235 240 247 249 252 253 259 263 268 272 278 281 284 287 291 296 298 302 305 306 310 313 314 316 318 322 325 327 331 334 336 340 341 346 348 350 352 358 363 365 367 368 370 372 378 381 385 387 391 395 396 399 401 403 410 414 418 419 420 426 428 430 433 435 439 443 444 452 456 457 461 462 463 465 468 471 475 476 482 485 490 493 495 498 502 507 511 517 519 522 528 534 537 541 542 546 
98 105 106 122 124 136 137 141 145 152 160 163 168 173 175 177 179 183 187 190 193 195 200 204 207 211 215 217 223 227 229 235 239 242 249 253 254 256 261 266 272 276 282 285 289 290 292 297 302 306 310 313 314 318 320 322 323 324 329 332 333 336 338 343 347 349 353 356 360 362 364 366 371 375 379 381 382 384 388 392 396 398 402 403 406 408 411 415 419 421 425 430 431 433 434 437 440 446 448 453 459 460 465 468 470 473 474 478 481 482 486 487 491 495 496 501 504 511 513 519 520 524 531 536 539 544 547 549 
99 107 110 125 129 140 143 146 148 153 162 167 170 176 179 182 183 187 191 195 197 198 203 205 211 212 219 221 224 231 234 236 241 243 253 255 259 262 265 270 276 278 283 289 292 293 294 298 303 308 313 317 318 320 323 325 329 332 333 335 337 338 342 347 350 353 355 357 362 364 368 371 373 377 383 387 388 391 394 396 398 400 404 407 411 415 419 422 423 424 426 433 437 439 443 444 448 451 453 454 462 464 466 470 474 475 477 481 484 485 490 491 493 496 500 503 506 512 517 523 525 527 533 538 541 545 550 553 
103 108 111 126 133 143 147 148 152 157 164 169 174 178 180 185 188 191 195 196 199 200 205 209 213 215 223 225 228 235 238 239 243 246 255 256 263 264 269 271 279 281 285 293 295 296 297 301 306 312 315 321 325 327 331 332 336 337 338 342 345 347 350 351 355 358 361 365 366 368 371 372 375 379 385 391 394 398 402 406 407 411 412 415 418 419 421 426 429 431 432 437 441 445 449 453 454 455 456 458 465 469 470 474 476 478 479 485 488 491 492 493 496 497 502 506 509 515 520 526 530 533 536 540 545 548 552 556 
106 112 116 128 135 145 149 150 156 158 165 173 175 180 182 189 192 194 197 199 203 205 207 212 215 217 227 229 231 239 243 244 246 249 256 260 266 270 271 274 280 284 287 297 301 303 307 311 314 317 318 325 327 328 332 334 338 342 344 346 349 350 352 354 357 361 364 369 370 374 376 378 382 384 389 394 395 400 406 408 410 415 417 420 422 425 428 430 432 435 436 438 445 449 451 457 461 464 466 468 471 473 475 479 480 483 485 486 491 493 496 497 500 504 506 510 513 519 523 527 532 534 538 542 546 551 555 557 
108 116 117 130 136 147 153 155 159 162 169 175 178 183 187 191 196 197 201 202 204 209 210 216 220 221 230 234 237 243 247 250 251 254 257 264 268 274 275 279 284 285 288 299 303 307 310 314 316 320 324 329 331 335 336 338 339 343 346 347 352 354 356 360 362 363 366 370 374 378 382 383 386 389 392 395 397 402 409 412 416 417 421 423 424 429 433 434 436 437 439 442 446 451 453 460 464 465 467 469 475 476 477 482 484 486 488 490 495 497 500 503 507 511 514 515 519 520 525 529 534 538 540 546 549 552 556 559 
112 119 120 131 139 150 154 157 162 164 173 178 180 186 189 193 200 202 203 207 209 210 212 219 224 228 233 235 241 244 250 254 258 261 265 267 269 275 277 281 285 287 290 300 304 308 313 315 320 321 325 330 334 339 340 341 344 348 352 355 359 360 361 363 365 368 369 372 378 380 384 388 392 394 397 398 401 404 413 416 419 420 425 426 429 432 434 436 440 442 444 448 450 455 456 461 466 469 471 473 477 481 482 483 487 488 491 494 498 500 501 504 511 513 517 519 523 527 530 531 538 541 543 550 552 554 560 562 
116 121 122 133 143 154 158 160 166 170 176 182 183 190 194 198 203 207 208 211 214 218 220 221 225 231 234 238 242 247 253 256 260 265 266 268 270 278 282 286 287 291 295 301 308 309 315 319 324 328 332 336 338 342 343 347 348 352 353 359 363 366 370 372 376 379 382 385 389 390 392 395 398 399 402 403 407 410 416 418 421 424 429 431 435 437 438 442 444 447 451 453 454 456 460 464 467 470 472 476 479 483 487 489 493 497 501 505 506 509 513 515 517 520 523 527 531 532 535 539 541 545 547 551 555 559 563 565 
117 125 126 136 145 155 160 162 168 171 179 184 187 192 195 202 207 210 213 214 218 219 221 225 226 232 235 239 246 251 255 258 262 269 271 274 277 279 283 290 293 296 297 304 309 312 318 321 328 332 334 339 342 344 345 350 352 354 356 362 367 368 372 376 379 382 383 386 391 394 397 400 404 406 410 414 418 421 425 428 432 435 436 438 439 441 443 446 447 448 453 454 455 460 463 468 470 471 473 478 483 487 490 494 495 501 503 506 510 514 518 521 524 525 529 530 533 534 537 543 544 546 548 555 558 560 566 569 
121 126 130 139 149 158 161 166 169 175 183 187 190 193 197 205 210 214 216 219 223 227 230 234 235 239 242 246 248 255 256 261 266 272 274 276 281 284 287 291 296 298 301 307 310 313 322 323 332 334 336 340 345 346 347 353 357 359 361 364 371 375 376 378 381 384 387 391 393 397 398 404 405 407 411 416 419 423 427 430 434 439 441 442 445 446 448 449 453 456 458 459 462 466 468 471 472 474 478 479 485 491 494 498 501 504 508 509 512 518 520 522 528 531 535 537 540 541 542 544 548 552 555 559 561 563 568 571 
125 130 131 140 150 161 163 170 174 176 185 191 193 195 199 206 212 218 219 221 226 230 232 237 239 242 244 249 250 257 260 262 270 275 276 277 285 288 292 294 297 302 306 308 313 314 324 327 335 337 338 341 349 352 355 357 359 360 363 367 374 376 377 382 385 386 390 394 398 399 403 406 410 411 415 420 422 425 431 435 437 442 443 444 446 450 453 456 457 461 465 467 471 473 477 480 483 485 487 488 492 495 497 500 504 507 511 513 515 519 523 525 529 533 539 542 545 549 553 556 559 561 564 567 570 571 572 573 
129 133 136 143 151 163 166 172 175 179 188 192 196 200 204 208 214 220 223 226 227 234 238 242 243 245 247 251 252 260 264 268 272 279 280 282 287 291 293 295 300 303 308 309 315 319 328 332 338 342 344 345 353 356 357 358 361 362 365 369 378 382 386 389 390 394 398 401 405 407 409 410 414 415 417 421 423 426 432 436 440 445 449 453 456 457 460 463 466 468 469 473 477 479 481 484 486 488 490 491 494 498 500 503 507 509 512 514 516 523 527 531 534 537 542 546 550 554 558 559 562 563 568 570 574 577 581 582 
132 136 140 146 155 167 170 176 179 181 189 195 197 201 207 209 217 222 226 230 234 236 242 244 247 249 252 256 260 261 265 270 274 280 281 284 289 295 297 301 304 306 311 313 318 323 332 334 339 345 349 350 357 361 362 365 366 367 368 371 379 385 390 391 393 397 399 403 406 409 411 412 418 422 425 429 431 432 435 440 442 449 453 454 459 460 464 465 469 472 473 476 480 484 486 490 491 493 496 498 499 500 503 507 509 511 516 519 523 527 528 532 538 540 544 550 552 558 561 563 564 566 572 574 577 580 585 589 
135 139 141 148 157 168 174 180 184 187 193 197 200 202 210 211 219 224 229 233 236 238 243 247 248 250 254 258 264 265 268 273 277 283 284 285 291 298 299 305 307 310 315 316 319 325 333 337 341 349 352 354 361 364 367 368 372 376 380 381 385 386 394 398 401 405 406 407 408 410 414 415 421 425 429 432 436 440 443 445 449 450 454 457 461 463 468 471 472 476 478 481 485 487 490 491 492 497 498 499 501 505 507 511 515 517 519 520 526 529 532 534 542 544 547 553 556 562 563 565 566 567 573 578 581 582 589 590 
138 141 144 152 158 171 176 182 186 191 195 199 204 208 211 212 220 225 230 237 241 242 245 251 255 256 258 260 268 270 271 277 281 284 288 289 292 302 303 309 311 313 317 321 325 328 336 341 344 350 354 357 364 365 369 372 373 380 384 386 389 392 396 400 403 406 410 414 416 420 422 424 425 426 431 434 438 441 446 448 453 456 458 460 465 469 472 474 476 479 481 484 489 492 494 496 497 498 499 502 505 508 510 512 517 521 523 527 528 530 534 536 546 547 549 554 558 566 567 570 571 573 577 582 583 587 591 592 
142 145 148 154 162 174 179 183 188 195 196 203 206 210 213 214 223 227 232 239 244 246 250 254 258 261 262 264 269 274 276 281 285 288 291 295 298 305 309 312 313 317 321 324 326 330 339 345 348 353 357 358 367 369 373 377 381 384 386 389 391 396 398 403 406 410 414 416 417 421 426 428 430 434 437 438 440 442 447 450 454 460 462 463 466 470 476 477 481 482 485 486 492 494 497 500 501 502 506 509 510 512 513 516 518 522 526 528 532 536 538 540 548 549 552 558 560 569 570 574 575 577 581 585 587 590 594 597 
146 149 153 158 165 178 182 184 190 197 199 206 209 212 214 216 225 231 234 243 247 251 252 256 260 262 266 268 270 276 280 284 288 292 295 299 300 307 311 315 316 318 322 328 332 333 343 347 352 354 358 359 371 372 374 378 382 386 389 390 395 399 400 405 409 411 415 418 421 424 430 434 437 440 443 445 446 447 449 453 457 463 464 466 468 472 479 483 486 487 491 494 496 497 500 503 506 507 509 511 515 517 520 521 523 527 528 530 536 539 541 542 549 551 553 562 563 570 571 575 576 579 584 586 588 591 598 601 
148 151 154 160 166 182 185 186 194 201 204 210 212 215 217 221 227 232 238 244 250 255 259 260 262 265 270 272 274 280 284 287 291 295 297 303 306 309 315 316 318 322 325 330 335 336 345 349 356 359 362 365 374 378 382 385 388 389 392 396 398 401 405 409 411 415 419 423 425 427 432 438 439 441 444 447 450 454 456 457 460 465 466 468 472 475 481 487 489 493 496 500 502 506 507 508 512 516 520 521 524 527 531 532 534 537 541 544 545 547 548 552 555 556 559 565 568 571 572 579 582 585 589 592 594 595 599 604 
150 152 156 162 168 184 189 190 196 205 208 212 213 217 220 223 231 233 241 248 254 259 261 265 269 270 273 277 278 284 287 288 295 299 302 305 310 312 319 322 326 328 332 334 338 340 349 350 360 361 364 369 376 381 386 387 391 395 396 397 402 406 407 413 416 420 422 424 427 430 436 442 444 446 450 451 455 456 460 461 465 466 470 474 475 476 482 489 490 497 501 503 505 509 512 515 517 518 521 523 527 530 533 534 537 540 545 548 552 556 559 563 566 570 574 578 580 582 584 588 590 591 595 598 601 604 608 612 
152 153 160 165 171 186 192 196 200 208 210 216 219 223 225 229 233 234 244 251 257 263 266 267 272 273 275 281 285 286 289 290 298 300 306 310 313 316 322 326 329 332 335 336 339 343 350 353 361 363 366 370 380 383 389 391 395 397 400 402 404 408 412 416 418 424 425 427 429 434 437 444 446 449 454 456 457 459 462 465 466 470 474 478 479 481 483 492 495 498 505 506 508 511 513 519 520 523 524 526 528 533 537 539 541 545 547 552 555 558 560 565 569 574 577 580 581 583 588 591 595 598 600 601 602 608 611 615 
156 157 161 167 174 187 195 199 202 212 213 220 224 225 226 230 237 239 246 252 259 267 271 272 274 275 278 283 286 288 290 292 302 306 309 314 318 321 326 329 331 333 338 340 343 344 354 357 365 367 371 372 381 387 391 393 399 401 404 407 408 410 415 420 424 426 429 432 436 439 440 447 449 453 457 459 463 465 466 469 472 476 478 482 483 485 489 495 496 501 509 511 513 514 517 520 522 525 527 531 532 537 538 540 544 547 549 554 558 561 563 569 570 576 581 583 585 589 592 593 597 600 601 604 607 610 613 617 
157 158 163 169 178 191 199 201 204 214 215 224 225 229 232 233 238 243 247 254 260 271 273 274 278 280 282 287 291 293 295 297 304 310 313 315 319 322 330 334 338 340 343 346 348 351 358 362 369 371 372 375 385 390 395 399 400 404 405 409 412 416 418 421 426 430 432 435 438 440 444 451 452 455 460 464 467 469 470 471 476 477 482 484 487 489 491 496 499 503 510 512 515 516 520 521 525 529 531 533 535 538 540 543 545 549 551 557 560 564 566 570 574 580 583 584 589 593 595 596 598 602 606 607 608 611 616 621 
161 162 165 173 181 195 202 206 209 217 219 227 230 233 234 235 242 244 248 255 263 272 276 279 281 285 287 290 295 299 301 304 308 314 318 320 322 324 334 338 339 341 346 350 354 358 361 366 371 372 376 380 389 391 396 401 403 408 410 414 416 418 419 423 430 432 435 438 440 444 448 453 456 460 463 465 468 472 473 475 479 481 483 485 491 495 496 498 502 505 513 515 516 518 524 527 530 532 534 536 537 541 545 549 551 555 556 558 564 566 568 573 578 581 586 588 591 597 601 605 607 610 614 617 619 620 621 625 
164 166 168 177 184 199 206 209 213 219 223 229 234 236 238 239 246 250 253 258 266 276 279 283 285 289 292 294 296 301 305 307 312 317 320 324 327 330 335 339 342 346 349 352 355 362 364 369 374 378 379 383 390 393 397 404 406 410 414 416 419 421 425 428 432 436 438 441 442 445 452 455 457 463 467 468 472 475 478 481 483 487 488 490 492 497 501 503 505 508 515 517 520 524 526 530 532 533 538 541 544 546 547 553 557 560 562 564 567 571 574 576 581 585 589 591 595 601 605 608 611 613 617 621 625 629 632 634 
167 171 172 179 187 200 208 211 216 221 224 231 238 241 245 248 251 253 255 261 267 279 280 287 288 293 294 295 297 305 309 311 314 318 322 327 328 332 339 343 344 349 352 356 358 363 365 371 377 381 382 385 392 396 401 405 409 412 418 420 423 424 428 432 435 438 442 445 446 449 453 459 461 465 470 474 478 482 483 485 488 492 495 496 497 499 503 506 508 509 517 520 522 526 528 534 535 536 541 544 546 549 553 554 561 562 563 568 569 574 577 578 583 588 593 597 599 604 609 612 615 616 620 623 629 631 634 636 
168 174 175 180 189 203 212 215 219 222 225 233 239 242 247 249 254 256 259 262 271 280 282 288 290 294 296 297 299 308 311 314 318 322 323 329 331 333 343 346 349 352 356 360 363 367 368 373 379 384 388 391 394 399 403 409 410 415 422 426 428 430 432 435 439 443 444 449 453 454 455 460 464 468 474 477 480 486 488 490 493 494 496 500 502 504 508 511 514 517 520 521 525 530 533 535 536 537 544 547 549 553 557 560 562 566 570 574 578 581 582 583 585 589 594 600 603 605 611 616 619 622 625 628 633 635 639 641 
171 177 178 183 192 205 214 218 221 226 228 237 241 244 248 251 255 259 261 266 272 284 286 289 291 295 300 301 303 310 315 318 319 323 325 331 335 339 346 349 353 357 359 363 367 368 371 375 381 385 392 393 396 401 404 412 416 419 425 430 433 434 436 440 444 447 448 451 454 456 460 464 468 470 477 480 484 487 491 492 495 496 499 504 506 507 509 512 516 520 524 525 527 532 536 537 538 540 547 548 550 555 558 562 564 570 574 577 580 585 589 591 595 596 599 603 606 607 612 619 623 627 631 633 634 639 643 646 
175 178 182 184 196 209 215 219 225 228 231 240 243 247 249 252 258 260 264 268 274 286 287 291 294 298 301 304 306 313 317 322 323 325 326 332 338 342 349 350 356 358 362 366 371 373 376 377 383 387 396 400 404 405 408 413 419 422 429 433 435 437 438 444 447 451 454 457 458 461 463 467 470 473 480 482 486 489 495 496 497 499 501 505 507 509 513 514 520 524 526 529 533 535 540 544 547 550 553 557 559 563 566 567 571 575 579 580 582 589 590 595 597 599 602 607 608 609 615 623 625 629 635 636 639 642 647 650 
176 180 185 186 199 213 217 223 228 230 235 244 247 251 255 258 262 266 267 271 278 287 290 293 295 300 302 305 307 317 320 326 327 328 332 333 340 346 351 354 360 363 366 370 373 374 378 379 385 391 397 404 408 410 413 415 422 426 430 437 441 443 445 448 449 452 457 461 463 467 470 471 472 474 481 483 488 490 497 499 502 505 509 510 514 518 519 523 527 529 533 535 539 540 542 548 549 553 556 560 563 566 570 574 575 579 581 585 588 593 594 599 602 606 607 610 612 613 617 624 629 632 637 638 643 644 648 652 
179 184 188 190 200 215 220 226 230 232 239 248 250 255 256 259 265 267 270 272 280 290 293 295 299 303 306 310 311 318 322 327 329 330 335 339 343 348 353 356 363 366 367 371 377 380 382 385 387 392 399 406 411 414 416 417 425 430 433 439 445 446 447 452 453 456 461 462 464 471 474 476 479 481 483 487 491 494 499 503 505 507 511 512 516 520 524 526 528 530 537 538 541 545 546 549 553 555 559 562 564 569 574 578 581 582 583 588 591 597 599 603 607 608 611 613 615 617 620 626 633 635 640 641 646 650 654 658 
181 188 190 194 201 218 224 230 234 236 241 252 253 257 260 261 266 269 271 276 284 294 296 297 302 307 310 311 313 319 325 330 331 335 338 341 344 350 357 361 366 368 370 375 380 383 386 387 388 396 403 407 414 418 421 424 429 431 437 442 446 448 450 454 458 459 462 466 469 474 478 482 484 486 488 492 496 499 502 505 507 508 515 518 519 523 525 530 532 536 539 543 547 548 552 553 555 556 560 565 566 572 575 582 585 586 588 589 594 599 603 605 611 613 617 619 620 621 624 630 634 638 642 644 649 654 656 660 
183 190 192 197 203 222 227 231 238 241 244 255 258 262 264 266 267 270 275 277 288 296 299 300 304 310 314 316 319 322 329 331 334 339 343 344 345 352 359 364 369 371 374 377 382 384 387 389 393 400 404 409 418 420 423 428 433 437 440 444 448 452 453 456 459 460 466 469 470 477 482 483 487 488 492 496 499 501 503 506 509 511 517 519 522 525 529 534 536 538 542 546 551 553 555 557 560 562 565 569 572 574 579 586 590 591 593 596 600 603 607 609 613 615 618 620 621 625 627 632 637 642 643 645 653 658 662 664 
184 193 195 201 207 224 231 235 241 243 246 259 262 266 269 270 271 275 279 280 291 297 303 306 309 313 318 321 325 328 331 332 335 342 346 348 349 356 363 368 371 375 377 380 383 387 391 393 394 402 405 411 420 422 424 430 436 440 442 447 449 453 456 457 460 461 468 471 473 481 483 485 489 491 494 498 501 504 505 510 511 515 519 522 524 529 532 535 540 541 545 547 555 559 560 563 567 570 574 578 580 581 585 589 592 593 596 599 602 606 611 615 619 623 626 629 632 633 635 639 643 644 648 651 655 660 664 668 
187 196 198 205 211 227 234 237 244 246 248 260 266 270 273 276 279 282 286 290 293 300 304 307 310 317 322 323 328 332 335 339 343 346 347 350 354 359 364 371 373 379 380 381 386 391 392 396 399 405 407 415 422 423 427 433 440 441 444 450 452 454 459 463 466 467 472 473 475 485 489 490 492 495 496 502 503 508 510 512 516 517 523 524 527 530 533 539 544 546 548 551 558 560 562 566 571 575 579 583 584 586 590 593 595 597 600 602 604 608 614 616 620 627 631 635 637 639 643 647 651 653 655 659 663 666 670 671 
190 199 202 206 215 231 236 240 248 251 254 264 269 274 277 281 285 289 293 297 299 304 308 311 313 318 326 328 332 336 338 341 346 350 353 354 355 360 367 373 375 383 387 391 393 395 397 399 403 406 411 419 423 424 431 436 441 442 447 454 457 460 464 467 471 475 479 482 485 487 492 495 497 499 502 503 505 509 513 515 519 521 527 531 532 536 539 542 545 549 550 554 560 564 565 570 572 579 582 587 588 590 594 597 599 601 602 605 608 609 615 619 624 630 632 639 641 644 645 648 654 657 658 662 666 670 672 676 
193 202 205 207 219 234 238 243 249 255 257 266 272 276 278 282 286 290 296 299 300 308 309 315 319 320 330 332 336 340 342 345 347 353 354 357 360 364 368 377 381 387 389 395 398 399 400 404 407 409 413 421 427 430 433 439 444 448 449 456 460 463 465 469 473 479 480 485 486 491 494 498 501 505 508 509 510 514 518 522 526 528 530 533 535 539 540 543 547 553 556 558 562 566 569 571 574 580 583 588 590 591 596 601 604 608 612 613 615 618 619 622 625 633 637 642 645 646 647 652 655 661 665 668 669 671 676 678 
197 205 206 208 221 238 241 246 253 259 260 267 273 279 280 286 287 293 297 300 303 311 315 316 322 326 334 335 339 344 346 349 351 355 359 362 366 368 372 379 385 389 392 396 399 400 403 408 409 412 416 424 430 431 434 441 445 451 452 459 462 467 468 473 477 482 486 488 489 494 496 500 502 508 510 512 515 518 521 525 527 529 531 534 538 542 543 544 551 556 558 562 563 569 573 576 577 583 585 590 593 594 599 605 606 610 614 618 622 623 625 628 629 637 639 644 648 652 656 659 660 662 667 669 671 673 680 684 
199 207 210 212 222 241 243 248 257 263 264 268 276 280 283 288 292 294 299 304 307 313 316 319 326 329 336 338 340 347 351 353 357 359 360 364 367 372 375 382 387 390 393 399 403 407 411 413 417 418 422 425 432 436 440 445 447 452 456 460 464 471 474 475 479 486 489 493 495 497 500 502 504 509 513 517 518 522 525 528 531 533 537 538 542 544 545 547 553 558 561 565 569 572 576 577 581 584 587 594 597 601 602 609 611 612 617 621 625 627 629 631 634 639 641 646 649 653 659 662 665 669 670 671 675 678 683 688 
200 210 213 217 226 244 247 250 261 266 270 272 279 283 284 289 296 298 300 306 308 315 318 320 329 332 339 343 346 350 355 358 360 362 365 366 370 374 378 384 390 393 397 401 404 410 412 417 421 422 424 429 435 438 443 447 450 456 459 461 466 473 478 482 485 489 493 496 497 501 505 508 512 514 517 518 522 523 527 531 535 536 538 539 546 547 551 553 557 562 564 566 573 577 578 579 584 587 591 597 600 605 606 611 615 616 618 623 629 630 634 635 637 641 644 649 652 657 663 667 670 672 673 674 679 683 684 692 
203 213 216 221 227 248 252 255 264 267 274 278 282 286 289 291 300 304 308 309 313 316 319 322 332 336 341 347 348 351 357 360 363 366 369 373 377 379 382 387 392 395 400 402 407 414 415 418 422 424 427 430 436 439 444 451 454 457 463 464 467 477 481 486 489 490 495 499 502 506 509 511 514 517 520 524 525 527 530 533 536 537 542 544 550 552 553 557 559 565 566 569 574 580 582 585 589 592 596 600 603 607 608 615 618 621 622 625 633 636 637 641 642 643 646 650 656 660 665 671 673 675 679 680 681 684 687 693 
205 214 219 223 231 249 254 256 266 270 276 279 284 288 293 295 303 306 311 315 316 319 323 327 334 338 343 349 352 355 358 361 364 367 370 374 381 383 387 388 393 396 403 405 408 416 419 423 425 427 430 431 438 440 447 454 456 459 464 468 469 480 483 490 493 495 499 500 506 509 512 516 520 523 524 525 526 529 534 535 537 541 544 545 551 554 555 561 563 569 573 576 579 581 586 590 591 596 599 601 605 611 613 617 621 623 625 626 637 641 642 643 644 646 649 652 657 664 667 672 674 677 681 684 685 689 692 695 
209 217 223 227 233 251 256 257 269 274 278 280 288 290 294 296 306 309 314 318 322 324 326 331 335 340 346 350 353 358 361 364 368 371 373 377 385 388 391 392 395 400 405 407 410 417 423 426 428 430 431 434 442 443 450 455 457 461 465 472 475 481 486 491 496 498 502 504 509 511 515 518 524 525 528 532 534 538 542 546 547 548 551 553 555 556 560 564 566 570 577 578 580 584 589 594 595 597 600 602 606 615 617 620 624 626 628 629 639 644 648 651 654 657 658 659 661 667 670 674 678 680 684 687 689 692 695 696 
211 220 225 230 237 252 259 261 270 276 279 282 290 292 298 300 309 313 316 320 325 327 329 332 337 343 349 353 356 361 365 366 371 373 376 378 389 392 395 398 402 404 406 409 412 420 424 427 432 436 440 443 444 445 451 459 460 462 469 476 479 483 489 494 497 499 506 508 510 515 516 519 527 531 534 535 536 539 545 550 551 553 554 558 559 560 561 567 569 572 578 581 585 589 593 595 597 600 603 607 611 619 620 624 626 627 630 633 642 647 649 652 656 660 663 667 668 670 673 676 680 681 688 690 694 696 700 702 
213 222 227 231 238 254 263 265 271 278 283 284 294 295 301 305 310 315 317 322 326 330 331 336 341 347 351 354 360 362 368 370 372 374 377 379 390 396 397 402 405 406 407 413 416 424 426 429 436 439 443 447 451 453 454 463 464 465 471 480 484 487 492 497 498 500 510 514 517 518 521 522 531 533 536 539 543 547 549 552 553 556 559 560 564 568 572 573 575 577 581 582 589 591 595 597 600 604 608 610 613 622 623 626 627 628 631 637 645 648 651 655 659 663 665 671 672 675 678 681 682 686 690 691 695 697 702 706 
217 224 228 232 241 255 264 268 273 280 287 288 298 301 303 307 311 318 322 323 327 332 335 338 344 350 354 358 364 365 370 371 373 377 380 382 391 400 401 405 409 413 416 418 422 428 430 432 437 442 444 451 455 459 460 467 471 472 473 482 488 491 495 500 504 508 514 518 521 523 525 529 535 536 538 541 544 550 554 555 558 561 564 568 571 572 573 575 576 579 585 589 591 595 599 603 607 608 610 611 615 624 628 629 633 637 641 643 648 651 652 659 662 664 669 673 676 678 680 682 685 688 693 697 699 703 706 709 
219 227 229 234 245 259 266 269 277 283 288 291 299 303 306 309 313 320 325 326 328 333 338 342 346 353 358 360 368 370 372 376 377 381 382 383 392 401 404 409 410 417 419 422 426 430 432 433 440 445 446 452 456 461 462 471 475 478 480 485 490 493 498 503 506 510 515 519 523 524 529 532 539 541 543 544 545 553 556 558 562 566 568 572 573 574 578 579 583 586 590 592 593 597 603 606 609 612 614 617 618 626 631 634 638 641 643 644 652 654 656 661 663 667 670 675 680 684 687 690 691 695 698 700 702 705 710 711 
220 228 233 236 246 262 270 271 279 285 290 292 303 304 308 313 314 321 328 331 332 335 340 345 350 356 360 362 369 371 373 377 380 382 386 389 396 402 407 413 415 418 423 427 431 432 435 439 444 446 448 456 458 464 466 474 476 480 481 488 492 495 499 504 508 513 517 522 526 527 532 536 541 545 546 547 548 556 558 562 564 567 570 574 576 577 580 581 586 588 593 595 598 600 607 608 612 616 617 618 619 627 634 637 639 642 644 647 653 658 662 663 667 669 674 676 681 686 690 691 694 699 701 705 708 709 712 714 
221 232 235 239 249 266 274 278 283 289 292 293 306 307 309 317 321 324 332 335 338 342 343 346 354 358 363 365 370 372 376 379 384 387 390 391 397 406 409 417 419 422 424 431 434 437 439 442 447 451 455 458 461 467 471 478 481 484 488 489 496 497 503 508 509 515 519 526 530 531 535 538 545 547 549 550 551 558 561 563 566 569 571 575 579 580 584 585 588 590 597 598 599 601 608 612 613 619 620 624 628 629 638 639 640 644 646 650 655 662 663 665 668 671 678 680 683 688 694 695 699 700 705 708 712 716 719 720 
225 233 236 241 251 267 277 280 285 292 296 297 309 312 313 319 323 325 334 338 342 345 347 348 355 359 364 366 373 376 380 383 386 389 394 396 399 409 413 419 421 425 428 434 438 439 443 447 451 455 459 461 465 470 472 480 482 487 489 493 500 504 508 512 514 517 523 527 533 536 540 542 546 548 553 555 558 562 563 566 567 570 572 578 581 584 588 592 593 594 600 602 603 604 611 615 616 620 624 628 629 632 642 644 647 650 654 656 660 664 665 666 672 675 681 683 687 690 695 699 701 702 706 711 714 717 723 727 
229 236 238 244 253 271 280 281 288 296 299 302 311 314 316 323 326 328 338 339 345 348 349 353 359 362 365 368 376 380 382 386 388 392 396 399 403 411 417 422 425 427 432 436 440 441 444 450 455 458 462 465 469 473 475 481 485 490 492 497 501 507 509 513 517 521 526 529 534 538 544 548 549 552 554 559 563 564 565 569 570 574 577 579 585 587 590 593 595 598 604 606 607 608 614 617 620 621 627 629 633 636 644 648 651 652 657 658 661 668 671 672 674 679 683 684 689 691 698 701 705 708 710 715 716 719 727 730 
233 239 241 245 256 275 284 287 290 297 300 306 313 317 319 324 329 330 340 343 346 351 353 356 361 366 370 372 377 383 386 387 392 396 397 401 406 413 421 426 427 431 436 439 441 443 448 453 459 463 465 466 473 475 477 482 486 493 495 500 503 511 515 518 520 523 530 532 535 540 545 551 552 555 557 562 567 568 572 573 574 578 581 585 587 589 594 596 597 599 608 611 615 617 618 620 623 624 630 632 637 638 647 649 654 657 658 661 664 670 672 675 678 681 687 691 695 698 701 703 706 710 712 719 720 724 730 732 
234 243 247 251 259 276 286 288 294 300 304 309 315 319 323 327 330 334 342 344 349 352 357 358 362 370 372 376 381 386 389 392 396 399 401 403 408 416 425 430 433 435 437 440 443 445 450 457 461 467 470 474 478 480 481 483 489 495 499 501 507 514 517 519 524 526 534 536 537 542 546 554 555 556 559 564 571 575 577 578 582 583 587 590 591 592 595 598 602 604 611 614 619 623 626 630 631 635 639 642 645 647 648 650 658 660 662 665 669 671 673 678 682 685 689 692 698 701 704 708 709 712 713 723 725 729 732 736 
238 245 249 253 260 277 288 289 295 303 306 310 318 323 326 330 333 337 345 349 351 353 359 360 366 374 377 380 385 388 393 397 398 402 403 405 409 420 426 433 434 439 440 443 445 447 452 459 465 470 472 478 482 483 484 486 490 497 500 504 511 516 520 523 525 528 537 538 540 545 549 555 559 560 563 566 572 576 579 582 584 585 589 593 595 599 602 606 607 608 615 619 623 624 630 632 636 637 640 646 649 650 654 657 662 663 667 671 675 676 679 680 683 688 693 696 701 703 708 710 711 715 716 726 727 730 733 738 
242 248 250 257 261 280 290 292 298 306 308 313 322 327 331 333 336 339 347 350 353 354 360 362 368 378 381 382 388 391 397 398 402 403 406 409 412 424 429 437 439 440 443 446 447 449 453 461 469 471 476 479 486 488 491 492 493 498 502 507 515 520 523 525 527 530 539 542 545 547 552 558 563 565 566 569 574 580 582 583 586 590 594 595 596 602 606 609 613 614 616 622 624 628 632 636 637 638 641 647 653 656 658 660 664 668 670 673 679 682 685 687 689 692 695 697 703 704 712 714 716 718 720 730 734 737 740 741 
244 252 253 261 265 282 293 295 299 310 313 314 325 328 334 338 339 343 348 354 357 361 365 367 371 379 382 384 392 393 401 405 408 409 413 414 418 425 431 441 442 444 446 448 452 454 456 463 473 475 479 482 488 490 493 494 497 502 504 510 516 524 528 531 534 536 542 545 548 551 556 562 564 569 573 577 578 583 586 589 591 593 596 598 602 605 607 612 616 617 618 623 626 630 636 639 641 644 645 649 656 660 663 665 669 671 675 679 683 685 688 689 692 696 698 702 705 707 716 717 719 721 725 732 735 741 744 746 
246 253 255 263 269 286 295 297 301 314 318 320 329 331 335 339 343 344 351 356 358 363 369 373 375 383 387 389 395 399 404 409 410 412 416 417 422 426 433 443 447 448 449 452 456 459 462 466 474 478 482 483 492 495 499 501 505 508 509 511 519 525 532 534 535 537 543 548 550 555 559 564 568 573 576 581 585 586 588 593 596 597 600 603 604 609 613 615 620 623 624 628 629 631 638 642 645 649 652 656 658 662 664 667 671 673 677 681 687 690 692 696 697 699 700 703 709 710 717 719 720 725 729 734 736 742 747 750 
247 255 259 265 272 288 297 299 304 317 319 323 333 335 337 341 347 350 352 357 359 367 372 374 379 385 388 391 398 401 406 413 415 418 420 422 426 427 434 447 451 455 458 462 464 468 470 473 477 482 484 485 494 497 502 505 507 509 511 515 521 529 533 535 537 540 545 549 552 558 563 568 570 576 578 585 586 589 592 596 598 600 604 606 607 611 614 616 624 626 628 632 636 639 643 645 647 653 655 657 659 663 667 670 672 674 681 684 691 693 694 699 702 704 708 711 715 718 719 722 723 728 730 737 739 746 751 752 
248 257 262 267 273 291 298 300 308 321 325 327 335 337 340 343 350 353 357 359 363 371 373 378 382 387 392 394 399 404 407 414 417 419 421 426 429 430 435 449 453 458 459 463 468 469 473 475 478 486 489 490 497 499 505 508 511 514 518 522 523 531 534 536 541 542 547 551 554 560 567 569 572 579 583 586 588 592 594 597 600 601 607 608 609 613 616 620 625 630 634 638 639 642 646 648 650 656 658 660 664 665 669 671 673 675 682 688 695 698 702 704 708 712 715 719 720 721 724 726 727 731 733 740 744 750 754 756 
252 259 264 270 274 294 300 304 310 322 328 329 339 343 345 347 354 356 359 361 367 372 377 381 384 389 394 398 401 406 408 418 419 422 424 429 431 432 436 451 454 461 462 465 469 472 475 477 481 489 493 495 499 502 508 511 512 516 519 526 527 533 538 542 545 549 551 553 558 561 568 571 573 582 585 589 591 593 595 600 602 603 609 611 615 616 618 623 628 631 635 642 645 648 649 651 652 660 663 664 665 668 670 675 676 678 684 690 697 702 706 708 712 714 719 722 726 728 730 731 732 736 737 742 748 751 756 759 
255 261 266 273 275 298 301 305 312 323 331 333 342 347 351 355 356 358 361 364 369 376 381 385 389 391 395 400 404 409 412 420 421 426 430 433 434 437 439 454 456 463 464 466 471 474 476 480 483 491 497 498 502 505 511 512 513 519 522 527 530 537 541 543 546 552 553 554 561 563 569 573 577 585 587 592 595 597 601 602 605 609 613 614 617 618 620 627 632 635 639 643 648 652 655 658 661 662 664 667 669 672 674 679 682 686 687 694 700 706 707 711 715 716 723 724 729 732 736 738 741 742 745 748 751 753 759 761 
257 262 268 277 278 301 305 306 313 327 335 337 343 348 354 358 360 364 367 369 370 377 383 386 391 393 396 404 407 412 413 422 426 430 433 436 440 443 446 455 460 466 469 471 472 475 477 482 484 495 500 503 505 508 515 519 522 525 529 531 535 541 544 545 549 553 557 558 563 567 572 577 578 587 591 594 599 602 605 608 609 610 615 619 622 624 625 630 634 637 642 647 649 655 658 662 666 668 669 671 675 676 679 680 684 687 688 695 702 708 712 715 717 719 727 728 733 737 741 745 749 750 751 753 756 760 763 764 
260 264 271 279 280 304 307 310 316 329 337 341 347 352 356 360 361 367 370 373 376 381 384 389 395 398 402 408 411 413 415 424 430 431 436 440 444 446 448 457 463 468 471 473 476 478 481 483 487 498 503 506 507 511 517 522 524 529 530 532 538 544 548 551 553 555 560 564 568 571 575 581 582 591 595 598 600 603 607 609 612 614 618 622 625 627 630 632 636 641 645 650 653 657 659 663 669 671 672 676 679 680 682 685 686 688 689 697 704 710 716 719 721 725 728 730 736 739 742 748 753 756 760 763 764 768 771 773 
263 266 274 283 286 308 312 313 318 330 338 344 349 356 359 363 364 370 371 374 378 383 387 390 398 402 404 412 413 416 419 425 432 433 440 441 448 452 455 458 465 472 474 476 478 479 484 486 491 500 507 511 513 517 518 526 528 533 536 540 541 545 549 554 556 560 563 568 569 575 576 583 584 594 599 600 604 608 609 613 616 619 623 627 630 632 635 636 637 643 646 652 654 660 664 668 671 674 678 682 685 686 687 689 691 695 696 700 708 711 717 721 724 729 730 733 738 740 746 749 757 759 762 765 766 771 773 777 
267 271 277 287 288 309 313 317 319 332 339 347 353 360 361 364 367 372 374 376 380 387 390 393 399 405 407 415 418 422 423 426 435 437 444 445 452 454 457 460 468 473 477 479 482 484 486 488 494 503 511 513 515 518 522 529 530 536 537 541 543 547 550 555 558 564 568 569 571 576 578 585 588 596 602 605 609 611 613 617 618 623 625 630 634 637 638 641 645 647 649 656 658 663 668 672 676 677 680 685 689 691 694 696 697 701 703 707 709 712 721 725 727 730 734 735 741 744 749 753 758 762 765 767 770 773 777 779 
270 273 281 289 293 311 315 319 321 334 343 351 357 363 364 367 371 374 377 378 382 388 393 395 401 406 409 416 419 424 425 430 437 441 448 451 455 459 460 461 471 476 480 484 485 489 492 495 496 507 512 514 517 522 523 531 532 540 541 545 547 550 553 556 562 565 571 574 576 580 584 587 592 599 604 608 611 613 615 621 625 628 632 634 636 641 644 646 647 650 652 660 662 664 672 673 678 680 681 689 691 692 696 698 702 705 707 710 714 717 725 728 730 734 737 738 743 747 753 756 761 764 769 772 775 777 781 785 
272 275 284 292 295 313 319 322 323 336 347 352 361 365 368 371 375 378 380 383 387 391 396 398 405 407 410 418 422 428 429 434 441 445 452 454 459 460 463 465 472 479 483 485 488 493 496 500 504 509 513 517 518 525 528 534 536 543 546 548 552 553 556 557 563 566 572 575 580 583 586 589 596 602 606 611 614 617 619 625 627 629 636 639 641 642 645 650 654 657 661 664 668 670 676 677 682 684 686 693 697 698 699 700 706 707 710 714 717 721 727 732 734 736 740 742 744 749 754 757 764 766 770 775 778 782 786 790 
274 277 285 296 300 315 322 325 329 340 351 356 365 368 371 373 379 382 384 386 388 395 398 401 406 409 414 422 425 430 433 435 442 449 453 458 463 467 470 473 475 481 485 489 493 497 500 502 506 513 514 520 524 529 530 538 539 544 549 551 554 555 560 563 565 567 575 578 581 585 588 593 597 606 607 614 618 622 625 626 630 634 638 642 645 646 647 653 656 659 662 668 669 674 678 679 684 686 690 695 701 704 706 709 713 715 717 719 723 727 730 735 738 740 741 746 749 750 757 760 766 767 773 778 782 785 790 792 
276 278 287 299 304 318 325 326 330 344 354 357 366 369 375 377 383 385 388 392 395 399 403 406 409 412 417 424 426 433 437 440 444 450 457 462 465 471 473 474 478 483 487 491 496 501 502 506 507 517 520 524 528 530 531 539 540 548 551 555 559 560 563 564 569 572 579 583 586 587 591 595 599 607 608 616 619 624 629 633 635 637 639 644 649 651 652 655 659 663 667 670 673 676 679 683 686 687 694 696 705 706 709 713 717 719 723 724 726 729 731 739 740 742 743 747 751 753 758 764 769 771 774 779 786 788 793 794 
279 280 290 302 305 319 327 330 331 348 357 359 370 374 378 379 386 388 391 393 396 402 406 409 413 416 419 426 428 437 439 444 448 453 461 466 469 474 476 477 480 485 491 494 497 505 507 508 509 521 524 525 532 535 536 540 541 551 553 556 560 563 567 571 572 574 581 586 587 591 595 599 601 609 613 617 620 626 630 636 638 641 642 645 651 655 658 659 661 665 670 671 677 678 680 687 691 695 697 700 709 712 714 716 718 722 725 727 730 732 733 740 743 747 750 751 753 754 760 768 771 775 779 782 788 790 797 801 
283 287 291 305 308 321 329 333 335 349 358 363 374 375 382 384 388 392 395 396 397 406 408 411 415 417 423 427 432 440 441 448 451 454 465 470 471 477 480 483 487 491 495 499 501 507 509 511 514 523 527 530 535 536 540 542 546 553 554 559 563 565 569 574 577 579 585 590 593 595 598 602 603 611 614 619 622 630 633 638 642 643 644 648 655 656 662 665 667 668 671 672 681 685 687 688 692 698 699 703 712 714 715 718 720 726 728 729 733 736 737 742 747 748 753 757 758 761 762 769 773 776 782 785 791 792 799 804 
284 289 293 307 310 323 330 336 337 352 360 367 376 379 383 388 392 395 399 403 405 409 412 416 420 423 424 428 435 441 442 450 454 458 466 471 472 481 484 485 490 494 496 503 504 510 511 512 516 525 528 533 536 540 541 544 549 556 558 563 566 568 572 576 580 583 586 594 598 600 601 603 606 613 615 623 627 634 635 639 646 649 651 653 656 660 664 668 670 671 675 677 685 688 690 691 696 702 706 707 714 715 718 719 722 729 731 732 735 740 743 745 751 755 757 760 764 766 770 771 775 780 783 788 793 795 800 808 
285 292 295 311 312 325 331 338 340 355 361 371 378 381 385 392 393 398 401 407 409 411 414 420 423 427 430 432 438 444 445 454 455 459 468 474 477 483 485 489 493 496 497 504 507 512 516 518 521 527 531 535 539 544 547 550 553 557 559 567 569 571 574 578 583 586 589 596 601 604 605 607 610 615 618 627 628 636 640 641 649 652 655 659 660 662 667 671 675 676 680 681 686 690 691 694 698 706 708 709 718 722 726 730 734 738 742 744 745 749 752 755 758 759 761 763 765 770 773 777 781 784 785 790 794 797 804 811 
287 293 298 315 319 326 333 340 341 356 362 372 381 382 389 393 394 401 404 410 414 416 420 422 425 429 434 438 441 448 450 455 456 462 472 478 482 484 486 490 495 498 501 507 509 515 517 521 524 529 534 536 542 545 549 551 557 558 561 571 574 577 581 584 586 587 592 597 604 607 611 612 616 619 620 629 630 640 643 646 653 655 659 660 663 666 671 674 679 683 686 687 690 691 693 697 701 708 710 712 722 724 728 734 735 740 745 746 749 751 754 758 761 762 764 765 769 773 775 781 784 785 787 791 795 798 808 815 
288 294 299 318 320 328 336 342 346 360 364 373 383 386 392 396 399 405 407 411 418 420 421 424 429 430 436 440 445 451 455 459 460 465 476 479 483 488 489 491 498 502 505 508 513 516 520 525 526 530 536 538 546 550 554 556 560 562 565 573 578 579 585 587 588 591 596 598 607 609 613 615 618 620 621 633 637 644 646 650 655 657 661 665 667 670 673 677 680 684 688 691 692 693 694 700 705 711 714 717 725 728 731 737 740 741 748 749 751 754 758 759 764 767 770 774 777 778 781 785 787 788 792 793 799 803 810 817 
290 295 300 320 321 330 340 346 349 362 365 377 384 389 395 399 403 406 411 413 420 421 424 426 430 432 440 444 447 452 459 461 463 467 480 484 488 492 495 499 501 505 508 511 516 520 524 529 530 531 539 541 549 552 555 560 561 565 568 574 579 581 586 588 591 592 597 601 609 612 617 620 622 623 624 637 640 648 649 651 659 660 665 668 670 672 675 679 684 686 690 693 697 700 703 707 711 713 718 720 729 730 735 741 744 746 749 751 752 756 761 764 766 771 772 775 781 782 784 789 790 791 796 797 803 807 814 818 
293 297 304 322 324 332 344 348 352 364 369 381 385 392 396 400 404 409 412 414 424 426 428 432 436 439 442 448 449 455 462 464 467 471 484 485 489 494 496 501 504 507 512 514 517 522 526 531 535 539 543 547 553 554 557 561 565 567 571 575 580 584 589 593 595 597 599 603 611 616 621 625 626 629 633 639 642 649 652 655 661 665 669 672 674 675 679 681 688 691 693 697 699 703 707 710 713 716 722 726 731 734 739 743 745 748 752 755 759 760 762 767 769 774 775 777 783 786 790 793 795 798 802 806 808 809 815 822 
295 299 306 324 325 334 345 351 354 367 373 383 387 395 399 401 408 411 414 415 428 431 434 436 440 442 445 451 455 456 466 468 469 473 488 492 495 498 501 503 508 511 515 517 520 525 529 533 537 542 547 551 557 561 562 566 567 571 574 579 582 586 593 595 597 599 600 605 612 617 623 627 629 630 635 641 644 651 653 656 662 669 671 675 678 679 682 684 692 695 698 700 704 708 710 712 714 717 723 727 732 736 743 745 748 750 754 757 761 763 767 769 771 778 780 784 785 788 791 795 798 802 804 810 812 815 817 826 
297 301 308 326 327 338 349 354 357 369 376 385 390 398 403 405 411 412 416 417 432 433 438 440 444 445 447 453 459 461 468 472 475 476 491 496 499 500 503 504 509 514 516 521 525 526 531 536 539 546 548 555 559 562 563 567 570 574 575 580 584 589 595 598 600 602 605 609 616 619 626 629 630 631 637 645 649 653 656 660 664 671 674 677 680 684 688 692 693 697 699 704 708 712 715 718 722 724 727 729 734 739 747 751 754 756 758 762 766 769 771 775 776 781 784 786 788 789 795 798 801 803 807 813 815 817 820 829 
301 304 309 328 329 342 350 355 360 372 379 388 394 400 405 409 412 416 420 422 434 438 439 441 445 446 448 454 460 463 472 474 476 477 492 498 503 505 509 511 514 518 520 524 528 531 533 538 542 550 551 558 560 564 566 570 573 575 577 581 586 590 596 599 602 604 607 611 620 622 630 634 638 639 642 649 653 657 661 662 667 673 677 678 683 687 689 694 696 701 705 706 710 716 718 721 726 728 730 732 737 743 751 754 756 759 761 763 768 773 777 780 782 786 790 793 795 797 798 802 805 806 808 816 819 823 825 833 
304 308 312 330 334 345 354 359 363 376 383 391 397 402 408 412 415 420 422 424 436 442 446 447 450 454 458 462 465 468 476 478 479 480 496 499 507 508 511 514 515 519 522 525 531 535 536 539 545 553 554 560 561 568 570 574 577 580 582 584 589 591 599 600 604 607 608 614 624 628 631 636 640 644 648 652 655 661 663 664 669 677 680 682 686 689 690 696 698 705 706 709 711 719 721 724 730 732 734 736 738 744 754 757 759 760 765 767 770 774 780 782 783 787 794 796 800 802 806 807 809 812 813 820 821 825 828 836 
306 309 316 331 336 349 358 360 367 380 387 393 399 406 410 416 418 424 428 431 438 443 450 453 457 458 461 463 467 471 479 482 486 487 497 503 510 514 516 520 522 523 526 528 534 538 539 543 548 556 557 561 563 569 572 576 580 581 584 587 590 593 600 601 606 611 615 616 626 629 634 639 642 645 650 654 656 662 664 665 673 679 681 684 687 693 695 699 700 709 712 715 716 720 722 727 731 734 736 737 742 746 757 758 761 765 768 770 771 777 782 783 786 790 796 798 803 805 807 808 810 813 814 822 823 826 830 840 
307 311 320 332 340 350 360 364 368 382 391 394 401 407 413 418 421 425 432 435 440 444 452 457 461 462 463 464 471 473 482 485 489 493 499 507 514 517 518 524 526 528 530 533 538 540 541 545 552 560 562 563 564 572 575 579 584 585 588 589 592 597 601 603 610 615 619 620 630 631 638 643 646 648 651 658 662 665 666 667 675 680 682 686 691 697 698 702 706 713 716 717 721 722 725 729 733 738 739 740 743 748 760 763 764 766 771 773 775 778 786 789 790 792 799 801 805 809 812 816 819 820 823 826 829 830 831 843 
309 313 323 334 342 354 361 365 372 383 393 395 404 408 414 422 425 428 436 440 443 447 453 459 463 465 466 467 472 474 484 487 491 495 501 510 515 518 520 526 530 533 535 538 539 544 545 547 553 564 565 566 567 574 576 582 587 588 591 592 596 601 605 608 613 616 621 624 632 634 641 644 650 651 653 659 663 668 672 674 677 682 683 688 695 701 703 707 708 716 717 720 722 726 730 732 736 742 743 745 747 749 763 765 769 771 773 776 779 783 789 791 794 797 801 803 808 813 814 820 821 823 824 830 834 836 839 844 
311 314 327 338 344 358 365 369 374 385 395 399 407 410 416 425 426 429 439 443 446 449 454 460 466 467 469 470 474 478 485 490 494 499 504 511 518 522 523 527 533 537 538 539 543 548 551 552 554 565 569 573 575 579 580 583 590 593 595 596 598 605 607 612 615 620 623 628 633 636 642 645 652 654 657 660 664 672 674 678 681 683 684 692 699 704 708 709 712 720 721 724 725 728 731 735 738 745 749 753 757 759 766 767 773 776 779 780 781 786 790 794 796 798 802 807 812 814 817 822 823 827 828 831 835 839 843 847 
315 319 331 342 347 360 366 372 376 387 397 401 409 411 417 426 429 433 441 445 449 450 456 461 470 474 478 481 483 487 490 492 497 502 505 512 521 524 528 530 535 541 543 545 548 551 552 555 558 568 570 576 578 583 585 589 594 598 599 601 602 607 608 614 617 621 624 632 635 638 643 648 656 659 663 664 668 673 675 680 682 686 690 696 703 707 712 716 718 723 725 728 730 731 733 737 741 748 751 756 761 762 768 769 774 780 784 786 787 789 791 796 800 803 804 808 814 815 818 823 827 830 831 833 839 843 846 851 
318 321 332 343 348 362 370 373 379 388 398 402 412 416 419 427 430 434 443 448 450 453 459 465 474 477 482 485 489 490 493 497 501 505 507 515 524 528 531 533 538 542 544 549 553 556 558 560 563 572 576 579 581 585 589 591 596 601 605 609 612 616 619 620 622 626 627 634 637 640 644 649 657 661 666 668 672 676 680 684 688 691 695 698 704 710 714 717 720 726 729 732 733 735 737 741 745 749 755 758 762 763 772 775 778 781 786 789 793 796 799 803 805 806 807 812 818 819 820 827 831 835 838 839 843 845 847 852 
322 323 334 347 351 365 372 375 382 390 399 406 416 420 422 430 432 438 445 451 453 454 460 469 476 479 483 486 493 497 501 505 506 509 513 517 525 531 532 537 541 545 547 552 555 559 560 564 568 576 580 583 585 586 592 593 600 604 608 611 613 620 621 625 626 627 628 638 639 643 648 652 659 662 670 671 674 678 683 685 691 692 696 702 708 714 715 719 721 728 732 733 736 738 740 744 749 750 757 760 764 768 776 779 783 785 790 792 797 799 800 806 808 809 811 815 820 822 824 830 835 838 841 843 847 849 850 853 
324 328 337 348 353 369 375 378 384 394 400 409 417 424 426 434 436 442 446 454 456 458 462 471 478 482 484 489 494 500 503 508 512 513 517 518 529 535 539 543 547 548 550 553 558 560 564 566 571 580 584 587 589 592 594 597 601 605 610 613 616 623 625 628 629 630 634 639 642 647 651 654 661 666 671 674 678 682 685 686 693 694 697 705 712 716 720 722 724 729 733 734 737 739 742 748 750 753 761 764 766 770 779 783 785 789 793 794 800 803 805 808 810 811 814 816 822 825 828 834 838 842 846 847 849 851 852 854 
328 330 341 350 354 372 378 380 388 398 404 411 418 427 428 438 442 446 450 455 457 462 464 474 479 486 487 493 498 503 507 509 515 517 520 521 531 536 541 547 548 549 553 557 560 564 567 568 573 584 588 591 594 595 599 600 604 608 612 614 618 626 630 632 635 637 639 642 643 648 655 656 663 668 674 675 681 685 686 690 697 699 703 709 715 720 723 725 729 731 734 736 741 745 748 749 753 757 763 768 772 773 780 786 789 792 795 799 801 806 807 812 815 817 820 823 825 827 831 838 840 846 847 850 851 853 855 859 
332 336 345 351 358 375 380 381 389 401 408 414 420 430 432 441 445 450 454 459 461 465 468 475 483 487 488 496 502 506 508 511 518 520 523 524 533 539 543 548 550 553 554 558 562 568 571 574 578 586 592 594 597 598 601 604 607 612 614 618 622 629 631 634 637 638 641 646 650 653 657 660 666 671 677 681 683 687 690 694 698 702 704 711 718 724 728 730 733 736 737 738 745 747 749 750 757 758 767 772 775 779 781 790 794 797 801 803 807 810 813 814 816 819 823 827 831 833 836 841 844 848 851 852 854 858 860 862 
334 338 348 354 362 378 384 388 393 404 412 417 424 432 434 444 446 454 455 460 465 466 470 476 485 488 491 497 506 507 512 515 522 523 524 525 534 541 545 550 551 554 555 560 564 570 574 575 581 588 595 596 599 600 604 605 608 613 616 619 624 632 636 640 644 646 650 654 657 658 662 665 667 674 680 683 687 688 691 697 700 703 706 714 720 728 732 734 735 737 740 743 746 750 754 756 758 761 768 775 777 780 784 791 796 800 802 806 809 813 815 817 820 822 826 830 832 834 839 842 847 849 855 858 861 863 865 866 
337 342 349 357 364 380 385 391 395 407 415 418 428 435 437 445 448 456 459 461 469 473 474 480 486 491 492 498 508 511 515 518 523 526 527 530 538 542 546 552 556 557 559 562 566 573 577 580 583 592 597 600 602 604 606 608 609 617 619 622 626 634 637 641 645 648 653 656 660 662 666 668 670 676 682 686 688 692 694 699 701 705 709 718 724 730 736 737 741 745 747 749 752 755 756 760 764 766 770 777 780 782 786 795 799 804 806 808 812 817 820 824 826 828 832 835 837 839 843 844 850 851 856 859 864 865 867 871 
