4 7 9 10 11 13 17 21 22 23 25 28 32 35 36 40 43 47 50 51 53 57 59 60 63 67 71 73 77 79 82 84 87 88 89 91 95 99 102 106 109 112 115 118 121 124 127 129 133 137 138 141 142 146 147 148 152 153 156 159 162 166 169 173 175 177 179 182 186 188 191 192 194 195 199 203 205 206 208 211 215 219 221 224 227 228 232 234 236 239 243 247 250 253 254 258 259 261 265 268 270 273 274 275 277 279 280 282 286 287 289 293 296 297 301 305 309 311 
5 11 12 14 16 18 21 24 27 31 33 36 37 41 43 45 48 49 53 57 59 62 66 68 72 73 74 77 81 85 86 88 92 95 99 102 105 107 111 113 115 116 118 119 122 127 131 134 138 139 141 143 144 147 149 152 154 155 159 162 163 168 172 177 179 180 184 188 190 194 197 201 202 204 207 209 213 217 219 222 223 224 225 229 231 235 236 240 241 242 245 248 254 255 257 261 265 267 269 272 273 277 278 282 284 285 286 287 288 289 290 294 298 299 304 309 310 312 
6 13 17 18 22 26 30 34 35 38 40 41 43 45 47 51 54 58 60 64 65 66 69 70 76 80 82 84 87 90 92 94 98 99 102 106 108 109 112 115 117 121 123 124 126 130 133 136 140 143 147 149 152 154 157 158 161 165 168 172 174 177 180 181 182 183 188 190 192 197 201 203 206 210 212 216 217 221 224 227 230 233 237 241 243 245 247 251 254 255 257 260 261 262 265 266 267 268 271 274 278 280 283 286 289 291 295 298 301 303 306 308 310 311 314 317 320 324 
10 17 18 21 25 27 31 38 42 43 45 46 48 49 52 53 55 62 66 67 69 71 73 74 77 82 84 85 89 91 96 100 103 105 106 108 109 112 114 116 121 122 125 129 132 135 138 139 142 145 149 152 155 159 162 166 167 169 171 174 176 180 184 187 190 194 196 197 198 201 205 207 211 213 217 220 223 227 228 232 236 239 241 242 246 249 253 257 259 263 267 268 270 274 275 279 280 284 286 290 292 294 298 299 301 302 306 307 309 312 314 315 317 319 321 323 324 325 
12 18 20 23 27 30 34 40 43 46 48 51 54 57 60 62 64 66 70 71 73 74 78 81 83 84 85 89 92 96 97 103 107 109 113 116 117 118 122 125 126 127 131 134 137 140 144 148 149 151 152 153 157 160 163 170 172 173 177 181 182 186 188 190 193 196 199 202 205 206 210 211 213 214 219 224 227 230 232 233 239 242 243 244 248 252 257 260 262 266 270 272 275 276 280 281 284 285 289 293 294 295 302 303 306 308 310 311 314 316 317 319 320 323 324 327 329 332 
13 19 21 25 29 33 38 41 47 51 55 58 62 64 68 70 72 76 78 82 83 85 88 90 93 95 98 100 103 107 110 113 115 118 119 121 122 126 127 128 129 131 133 137 140 142 146 150 154 157 159 160 162 166 168 172 173 175 180 184 187 188 189 193 194 199 202 205 206 207 213 217 218 221 225 229 233 234 237 238 240 243 246 248 249 253 259 263 267 270 272 276 277 281 282 285 289 293 295 299 303 307 309 311 313 315 317 320 323 324 328 331 332 336 339 342 344 348 
14 21 25 26 32 35 42 44 51 54 59 63 65 69 72 76 77 78 82 85 86 90 93 97 99 101 105 108 112 114 118 121 125 129 133 135 137 140 143 145 149 151 154 155 157 161 164 167 170 172 176 179 182 186 187 188 191 193 195 197 200 204 205 209 211 212 216 218 221 224 225 228 232 235 238 241 245 249 250 254 256 259 262 265 267 268 271 273 274 278 282 284 285 286 288 289 290 296 299 302 304 309 313 315 316 320 324 326 329 333 335 336 340 342 346 350 352 355 
16 25 26 27 33 39 44 45 53 57 61 64 68 70 75 78 82 84 85 88 92 95 96 98 103 105 106 110 116 117 122 124 126 131 134 137 138 142 147 148 150 155 158 162 166 169 170 174 177 181 185 187 188 191 193 196 199 203 206 207 210 213 215 216 220 224 226 228 231 235 237 241 242 246 250 254 258 260 261 263 265 267 271 272 273 274 278 282 283 287 288 291 293 297 298 300 303 306 307 309 312 313 315 317 321 323 327 328 333 335 338 342 346 350 351 352 355 356 
17 29 32 33 37 43 46 49 57 59 65 69 71 72 77 82 83 85 87 92 95 96 97 102 107 110 114 117 119 123 125 127 128 133 135 140 143 144 149 151 154 157 161 166 170 171 173 177 179 182 186 190 192 195 196 199 202 207 211 212 216 220 221 222 225 229 231 233 234 236 238 242 243 247 254 258 260 261 265 269 270 273 276 278 281 285 286 287 291 293 296 298 302 303 307 311 315 316 319 323 324 328 329 332 336 339 343 345 349 352 353 357 360 363 364 367 371 375 
18 31 36 37 41 45 47 50 61 62 69 70 72 74 81 85 88 89 93 96 99 102 106 108 110 113 117 119 121 127 130 134 137 140 144 145 148 150 153 155 157 158 163 167 173 175 178 181 185 188 189 192 195 198 200 201 206 211 213 215 218 223 225 228 232 234 237 238 239 241 242 243 245 250 255 261 263 267 271 272 274 277 280 281 284 287 291 294 298 299 300 301 305 308 310 313 319 323 327 330 333 334 336 338 339 341 347 349 350 353 355 360 362 366 368 372 376 379 
19 33 39 41 43 49 51 53 65 69 71 73 74 77 84 89 92 95 97 98 102 104 107 111 113 115 120 124 125 128 132 138 142 146 149 152 153 157 160 163 164 166 170 174 175 178 181 183 187 189 190 196 199 202 203 205 208 213 214 216 220 226 228 232 233 235 239 243 245 247 250 253 254 255 258 265 267 268 275 279 281 284 286 290 292 294 298 299 302 305 306 307 311 313 316 319 321 325 330 331 337 340 341 342 345 349 351 354 356 360 361 363 366 368 371 375 377 380 
20 36 42 44 46 53 55 56 68 70 73 75 76 80 87 92 95 99 102 104 106 108 111 112 116 119 121 128 131 135 137 139 146 150 151 153 155 160 163 165 168 170 171 175 177 182 183 187 190 194 195 199 201 203 206 210 212 216 218 220 223 230 232 233 235 238 242 247 248 252 254 255 259 261 265 267 269 272 277 281 282 287 288 294 297 300 302 306 309 311 312 314 315 318 321 322 323 327 332 334 338 344 345 348 349 351 355 359 360 361 365 368 369 370 375 377 379 382 
22 38 43 47 51 54 59 62 70 72 75 79 82 85 89 93 97 101 105 109 110 112 113 114 120 123 125 132 133 137 141 145 149 154 155 156 158 161 165 169 172 174 175 177 181 183 185 190 193 195 198 200 202 205 210 213 214 217 222 223 226 231 235 239 241 244 247 249 250 255 256 258 263 266 270 273 276 277 278 284 287 291 295 296 300 304 308 309 310 312 315 319 323 327 328 330 332 335 339 341 344 345 347 349 350 354 358 363 365 366 368 371 374 377 379 382 384 388 
26 41 47 51 53 58 61 63 73 74 78 80 83 89 91 95 100 103 108 113 117 118 119 120 123 127 131 133 137 141 143 147 153 156 157 159 160 164 168 173 176 178 180 181 185 189 193 195 199 202 205 207 208 209 214 215 218 222 225 228 230 233 237 241 245 249 251 252 255 259 262 263 264 267 272 276 277 279 282 286 288 295 298 302 305 306 310 314 317 319 322 323 327 330 334 336 340 343 345 346 347 349 351 354 357 359 363 364 366 370 372 374 377 378 380 385 389 393 
27 45 48 52 54 62 66 70 77 80 81 83 84 90 92 98 102 104 112 116 119 123 125 129 132 133 135 138 140 143 146 150 154 157 160 162 165 167 172 177 178 182 183 186 188 193 195 199 201 204 206 211 215 219 221 223 225 229 231 234 237 239 242 245 248 252 253 256 258 260 265 266 267 270 275 277 280 282 285 289 291 298 299 304 309 312 316 319 320 323 325 329 333 336 337 340 344 345 346 349 353 355 357 358 360 363 367 370 374 378 381 383 386 389 392 396 397 400 
28 46 50 53 56 64 70 73 80 83 87 89 92 94 96 100 104 106 114 119 120 124 128 130 136 140 144 148 150 151 155 157 158 160 161 163 168 172 175 180 182 186 188 191 192 196 197 201 202 207 209 212 217 220 224 225 228 231 232 237 240 244 245 246 250 256 260 262 264 266 268 270 272 274 276 281 283 286 287 293 295 299 301 307 310 313 318 320 323 327 329 330 337 341 342 344 348 349 351 353 354 357 359 363 367 368 369 373 377 382 385 389 391 394 395 400 404 408 
30 50 51 55 60 68 73 74 84 87 88 92 93 98 102 104 107 108 115 120 122 126 130 131 137 143 147 151 155 158 159 163 165 167 170 173 176 180 182 185 188 192 195 199 201 203 204 208 210 212 216 218 220 224 227 228 232 235 236 240 242 248 252 254 257 258 261 264 266 269 273 275 276 278 280 283 286 289 293 295 298 303 306 308 313 314 320 324 328 330 333 334 339 343 346 348 350 352 354 358 359 360 364 368 371 374 378 382 385 387 388 392 395 398 399 401 405 411 
34 52 56 59 62 69 76 77 87 89 90 93 95 100 103 106 108 112 117 124 125 128 131 135 140 147 151 155 158 161 164 167 168 172 175 176 178 184 188 191 194 198 200 202 203 205 208 212 215 217 220 224 228 232 235 236 240 243 245 248 252 256 257 261 265 268 269 273 277 281 284 287 289 290 291 293 294 296 299 300 301 304 310 312 316 319 321 326 329 334 336 339 342 345 350 352 355 357 359 363 367 371 373 374 376 377 381 386 390 394 395 398 399 401 405 409 412 415 
36 55 59 60 63 70 79 82 91 94 96 97 98 104 107 110 113 115 119 128 129 133 134 138 144 149 154 158 161 163 168 171 175 176 178 179 183 188 192 195 198 199 204 208 212 214 216 218 222 224 228 231 235 239 243 245 248 251 252 254 257 261 264 267 270 273 276 278 280 282 288 289 291 294 296 297 298 299 303 305 307 308 312 315 317 320 322 329 330 336 339 343 347 349 351 353 358 360 364 366 368 374 376 379 380 383 387 389 391 397 400 402 403 406 410 414 418 421 
40 59 62 64 66 74 81 85 95 97 101 104 107 110 112 114 117 121 125 130 133 134 137 140 148 152 158 160 165 167 170 172 178 182 185 186 187 191 193 199 203 206 207 209 216 218 222 223 224 226 230 232 239 242 244 246 249 253 254 256 261 263 266 271 275 276 280 284 285 286 289 292 294 297 301 305 306 307 310 314 318 320 323 326 327 328 329 333 336 339 342 347 350 354 356 359 363 365 367 368 372 376 380 382 384 388 391 393 396 400 402 404 406 409 413 416 419 422 
44 60 63 65 67 75 82 89 97 99 103 108 111 114 117 121 125 127 130 133 134 137 141 145 149 153 160 162 167 168 174 176 182 185 188 192 196 197 198 201 204 209 210 211 219 222 225 227 229 230 233 234 243 247 250 252 255 259 260 262 264 266 270 275 277 278 283 286 290 294 297 299 300 304 307 309 311 315 318 321 322 323 324 329 330 334 336 340 342 346 347 350 352 355 359 361 367 370 373 377 378 379 382 385 386 391 395 398 401 403 407 411 415 419 420 421 422 426 
48 61 64 69 72 79 85 93 99 103 106 112 115 116 119 125 128 131 132 135 136 141 145 149 151 157 162 166 169 171 177 179 183 187 192 194 199 200 203 207 208 212 216 217 223 225 228 229 231 232 236 239 244 250 254 258 259 261 263 266 267 270 273 278 279 280 287 288 291 296 298 300 304 307 308 312 315 317 322 325 326 330 334 338 342 343 346 348 352 355 359 361 364 366 367 369 372 376 379 383 386 389 393 394 396 397 400 402 406 407 410 415 419 421 423 425 429 432 
51 64 66 71 76 82 86 97 100 105 110 116 118 122 126 128 130 135 138 140 141 145 146 150 154 158 164 167 171 175 181 184 185 190 193 197 202 206 209 212 214 216 220 223 226 230 232 236 240 242 243 246 250 253 255 260 264 268 272 274 275 276 279 280 282 284 288 289 294 298 302 303 306 311 312 316 317 319 325 326 330 333 335 339 344 346 348 349 356 358 362 363 365 370 374 376 379 380 383 385 390 394 398 400 402 404 407 408 411 414 417 420 424 428 429 431 433 437 
55 67 70 75 80 83 87 101 103 109 114 117 122 123 130 134 136 139 142 146 147 151 155 158 162 164 167 168 174 176 184 186 190 192 197 200 205 208 211 216 217 219 223 227 228 234 237 241 245 248 251 253 254 257 260 264 267 269 273 278 281 282 283 284 287 291 293 297 300 301 305 306 309 315 317 320 324 326 328 332 335 338 340 341 346 350 353 355 359 360 364 367 368 373 375 377 383 385 389 390 393 395 400 404 407 409 411 413 417 418 421 423 425 429 431 433 436 439 
56 69 72 76 82 85 89 102 107 113 117 119 123 124 131 135 139 141 144 150 152 153 158 159 166 169 170 171 175 180 186 190 192 195 201 204 209 211 213 217 221 223 226 228 232 237 241 245 249 253 255 259 263 267 270 273 276 277 278 279 283 286 289 291 295 299 300 302 305 309 310 313 316 319 321 324 327 328 330 333 337 341 344 348 350 353 357 361 363 364 366 370 374 378 381 382 387 388 393 394 396 397 404 405 409 413 414 416 420 423 424 428 430 432 435 438 441 445 
57 70 76 78 85 87 93 103 111 117 118 120 126 129 135 137 142 144 147 151 156 158 159 161 168 172 174 175 179 181 188 194 196 198 205 209 211 214 215 218 225 226 230 233 236 239 243 247 252 256 260 263 266 269 272 274 279 283 285 287 289 293 295 299 302 304 305 309 312 313 314 315 320 322 326 328 330 334 338 340 341 342 347 350 353 355 360 365 369 372 375 376 380 381 384 388 392 396 398 401 405 407 411 412 415 417 418 422 423 425 428 432 433 434 438 439 444 447 
59 73 80 81 87 88 97 106 114 119 120 121 130 131 136 141 144 145 148 155 160 163 167 171 173 177 178 180 183 187 190 196 197 200 208 210 215 219 222 226 227 230 231 234 238 240 244 249 254 257 264 267 270 273 277 280 283 285 286 289 291 296 297 303 307 308 310 314 318 321 322 325 326 330 334 336 339 343 344 346 348 349 353 357 361 362 364 369 372 375 378 382 386 388 390 391 394 400 404 405 407 411 413 416 419 422 426 429 433 435 438 442 445 448 449 451 455 456 
61 75 84 87 91 93 99 107 118 122 125 128 132 135 139 142 145 149 150 158 161 166 170 175 179 182 185 188 189 193 197 198 200 204 211 212 219 221 224 228 231 234 235 237 241 244 248 250 255 260 267 270 271 275 280 283 285 289 290 294 296 298 300 304 308 310 311 318 322 323 325 328 332 335 339 342 346 347 350 353 354 355 356 360 362 363 366 373 376 378 379 384 390 393 396 399 403 407 410 412 415 417 419 420 423 425 427 432 437 438 439 445 446 450 451 454 457 461 
65 76 86 90 92 96 101 108 122 126 130 134 136 137 142 146 147 151 154 159 163 170 173 177 181 185 189 193 196 200 201 203 206 207 214 215 223 227 229 231 234 236 237 240 242 246 249 254 256 261 270 272 276 280 282 286 287 293 297 298 301 305 309 310 313 315 316 322 324 328 332 333 337 340 344 345 350 351 352 354 358 359 363 365 369 371 372 375 379 383 385 388 392 394 400 401 405 410 413 414 418 419 423 424 426 428 432 433 441 444 447 451 454 457 460 463 467 469 
69 80 88 92 96 99 105 109 125 127 132 138 142 143 145 147 151 154 155 162 165 174 176 180 184 186 191 196 199 201 205 208 212 215 218 221 224 231 235 237 241 245 248 251 252 254 255 257 258 265 274 275 278 284 287 290 291 294 299 300 305 309 311 314 316 319 321 325 327 332 334 335 339 341 345 346 354 355 357 359 362 366 368 371 372 375 376 378 381 385 389 391 396 397 404 408 410 413 414 416 419 421 427 431 435 437 441 442 444 447 451 454 456 458 463 464 468 470 
71 83 92 95 100 103 108 110 128 130 136 141 145 148 149 152 156 157 159 163 169 175 179 182 186 189 195 197 202 206 207 212 214 216 221 224 226 234 237 240 244 247 252 253 255 256 260 264 266 269 277 279 280 285 290 293 294 297 303 307 308 311 313 318 319 322 325 326 328 333 337 339 341 343 346 349 356 358 361 363 364 368 370 375 377 378 380 383 384 387 390 392 397 398 408 410 413 416 419 422 425 429 431 432 438 440 442 446 449 451 454 455 457 462 466 469 473 475 
73 84 95 97 104 107 110 112 130 133 139 143 147 149 152 153 158 159 161 164 173 179 180 186 189 190 199 203 205 208 210 214 218 220 224 227 228 235 238 241 246 250 256 257 260 263 266 268 272 276 281 284 286 287 292 294 295 299 304 308 312 315 318 322 326 329 331 333 335 338 341 343 346 348 349 352 358 360 363 365 369 371 375 376 378 382 384 386 388 389 394 396 400 404 412 414 415 419 422 423 426 430 435 437 439 443 447 451 454 457 460 462 465 467 469 472 475 476 
74 85 97 100 105 109 113 114 132 136 143 145 151 153 157 159 160 162 164 168 174 183 184 189 191 195 200 204 206 212 214 218 221 222 227 231 233 237 240 245 250 251 259 263 265 267 268 270 276 280 284 288 291 293 295 296 298 300 308 310 313 316 322 323 328 331 333 337 340 343 347 348 352 356 357 358 362 365 366 368 371 374 376 377 379 386 390 394 396 397 400 401 403 406 415 418 420 422 424 426 430 431 437 441 443 444 449 452 455 460 463 466 467 470 473 476 480 483 
77 88 101 104 109 112 114 117 133 140 145 147 153 154 160 162 163 165 168 170 175 185 189 192 196 200 204 206 209 214 217 222 226 228 231 234 235 241 243 246 253 255 262 266 267 269 271 274 277 284 285 290 292 296 299 302 303 306 310 314 315 318 325 326 331 333 334 339 344 345 349 351 353 359 362 363 365 368 370 372 375 379 383 385 388 392 393 398 400 402 403 405 406 410 417 422 425 429 433 436 439 443 446 448 451 452 453 455 457 463 466 468 472 475 477 479 481 487 
79 91 104 105 110 113 116 120 136 143 149 150 157 159 162 166 167 169 171 175 177 186 190 195 197 202 207 211 213 215 221 223 227 229 235 239 241 242 247 249 254 257 263 267 268 270 275 276 278 286 287 294 297 300 302 305 308 310 312 318 322 326 327 328 332 335 338 343 346 349 353 355 358 361 365 367 370 371 373 376 380 383 384 387 392 396 400 402 403 405 408 412 416 419 420 425 426 430 437 438 441 444 448 450 454 456 458 459 463 465 469 472 474 476 479 481 483 491 
81 93 108 110 113 117 121 125 140 146 150 151 158 160 166 168 172 174 175 178 181 190 194 198 200 204 209 212 214 218 224 226 228 231 237 243 245 247 251 252 258 260 265 270 274 275 277 280 284 288 290 297 299 303 306 308 309 312 315 320 326 327 329 331 333 336 341 347 349 350 354 356 359 362 368 372 373 377 380 381 385 387 389 391 395 399 404 408 409 410 413 415 420 424 427 429 433 437 438 441 442 446 450 453 457 460 464 468 470 474 478 480 484 488 491 494 497 499 
85 96 112 113 114 118 125 129 143 150 151 153 160 164 169 171 175 177 181 184 188 194 196 201 204 208 213 216 217 219 226 229 231 233 239 245 246 250 253 255 262 266 268 272 278 279 280 281 288 289 294 300 303 304 307 310 312 315 318 323 328 329 332 333 336 337 345 351 352 356 357 358 361 364 371 375 379 380 381 384 386 390 392 394 397 400 405 409 412 414 417 419 421 428 429 430 434 440 441 444 445 447 451 456 458 461 468 471 474 475 481 484 487 490 492 495 501 503 
88 98 113 114 118 120 127 130 146 154 157 161 164 166 170 175 178 181 184 186 192 198 202 206 207 209 214 218 220 224 229 230 234 238 240 249 250 254 257 260 263 267 270 275 280 281 284 287 291 294 295 301 307 309 312 316 318 321 325 327 329 332 335 337 338 342 347 353 354 358 359 360 364 367 373 379 380 383 384 388 392 396 400 402 404 407 411 412 414 416 420 423 427 431 435 436 439 443 447 451 452 453 454 457 459 462 471 472 476 478 484 486 491 494 497 500 502 504 
90 99 114 115 120 121 131 134 149 156 159 163 165 170 172 176 181 185 188 191 195 201 203 210 214 216 218 221 225 228 230 233 238 242 246 252 254 257 260 262 265 271 272 276 284 288 289 292 294 296 300 303 308 312 314 317 319 325 327 331 334 338 341 343 346 347 351 357 360 363 367 371 375 377 379 383 384 386 389 390 393 398 401 405 407 411 412 414 415 418 423 425 430 434 436 440 441 445 449 455 458 460 462 463 467 470 474 478 481 484 485 490 493 498 501 504 505 509 
93 103 116 117 122 124 132 137 151 160 162 167 170 174 177 180 185 188 190 194 197 202 205 213 215 218 222 223 227 232 235 237 242 243 247 256 257 261 265 266 270 275 277 278 288 290 293 295 298 300 303 304 310 316 319 321 324 326 328 333 336 341 345 348 352 355 357 358 362 365 371 374 376 381 382 385 387 391 392 395 396 401 402 408 410 415 417 419 423 424 425 428 432 438 440 441 443 449 451 459 462 463 466 468 471 472 478 480 482 488 489 494 495 499 503 505 509 513 
95 107 117 120 123 128 133 141 153 161 166 171 174 175 180 183 186 191 193 195 199 204 207 216 220 223 225 229 232 236 238 240 245 248 251 257 261 265 269 272 273 278 280 281 292 295 296 300 302 303 306 310 313 319 322 325 327 328 329 337 338 344 347 351 356 360 362 366 369 373 374 376 380 382 386 388 389 394 395 399 402 403 406 410 412 416 421 424 425 428 430 433 437 441 443 444 448 452 454 461 463 466 469 472 475 479 480 482 486 490 494 495 497 500 507 511 515 518 
98 108 121 122 124 129 134 143 155 164 170 174 177 179 183 187 191 194 195 196 202 208 211 217 221 227 231 232 233 240 242 245 248 250 252 258 262 266 270 274 278 281 282 286 295 296 300 303 306 309 310 312 316 322 326 329 330 333 337 339 340 348 350 352 359 363 367 371 372 375 376 380 381 385 389 393 395 398 399 400 403 404 409 414 418 419 422 428 430 431 434 435 438 445 446 447 451 453 455 464 466 470 474 477 481 482 485 486 487 492 495 496 498 504 508 514 516 519 
102 112 124 126 127 133 136 146 156 166 172 176 179 183 186 191 195 196 200 201 204 211 215 219 224 228 232 234 235 243 247 248 251 252 253 262 265 270 273 277 280 282 283 289 297 301 302 305 308 310 314 318 322 325 330 332 333 336 341 342 346 352 356 360 361 365 371 373 376 377 380 382 385 387 393 395 397 402 405 408 409 411 415 416 420 422 425 430 432 434 436 439 442 449 450 453 455 457 460 466 470 473 478 482 483 484 486 487 489 495 496 497 500 507 510 515 520 524 
104 113 125 128 131 137 140 148 160 170 174 180 181 187 188 193 197 199 204 207 209 214 218 222 227 229 235 236 238 247 251 255 259 260 261 263 267 274 277 279 282 283 285 292 300 304 306 310 314 318 322 326 329 333 334 336 338 340 342 344 350 355 359 361 363 367 373 374 378 381 382 383 386 388 396 399 401 404 407 409 411 412 419 423 425 426 429 434 437 440 444 447 448 451 454 458 462 463 466 470 474 477 482 485 487 491 494 498 501 505 507 511 514 518 520 521 522 527 
108 115 129 130 133 140 144 151 164 171 178 183 185 191 192 195 199 201 205 211 214 216 222 225 230 233 236 240 243 250 255 257 263 264 267 270 274 276 279 282 286 290 292 295 302 305 308 312 318 321 324 330 334 336 340 343 346 348 352 355 359 362 364 365 367 368 376 377 382 384 387 390 392 393 399 403 406 407 408 410 413 417 422 425 426 429 431 438 439 443 448 451 455 456 458 462 465 468 469 473 476 479 486 489 490 495 496 501 505 509 510 515 516 520 521 523 524 530 
111 116 130 132 136 144 145 155 168 175 181 186 187 193 195 198 202 206 207 214 218 222 226 228 232 235 239 242 244 254 257 258 266 268 272 273 277 279 282 284 287 293 297 301 305 306 309 314 319 322 327 333 335 338 342 347 348 350 353 356 361 365 366 370 373 376 380 381 384 385 390 393 395 396 401 406 408 409 411 413 416 419 425 426 427 432 434 440 442 445 451 452 457 459 463 466 470 471 473 476 477 482 488 490 493 496 499 503 508 511 513 517 519 521 522 525 529 533 
115 119 133 135 138 148 149 156 169 176 185 188 189 197 199 201 206 208 211 216 221 226 227 232 233 236 243 246 248 257 259 262 270 271 276 278 280 282 286 288 291 296 300 302 306 307 312 315 320 326 328 337 339 342 345 349 352 354 356 359 363 369 371 372 374 380 383 384 386 388 392 396 397 398 405 410 413 414 418 422 426 428 430 431 433 435 439 443 446 449 454 455 460 464 466 468 471 475 476 479 481 485 489 492 494 500 501 506 511 515 519 522 525 529 532 535 538 539 
119 120 135 139 140 150 152 159 173 180 188 191 194 198 200 205 207 212 213 219 223 230 232 235 237 240 244 247 252 259 260 265 272 274 280 281 282 285 287 289 294 298 301 305 307 309 313 318 322 327 329 339 340 343 346 351 353 356 359 363 365 371 372 374 378 381 387 388 391 392 393 399 402 405 406 412 416 417 419 424 430 431 435 436 440 443 444 447 451 453 457 458 463 468 472 475 476 478 481 485 488 492 493 496 497 503 506 508 513 519 523 524 527 533 535 539 540 543 
122 123 136 143 144 154 156 162 175 183 189 194 195 200 201 209 211 214 217 220 227 234 235 236 241 245 249 252 256 260 261 266 274 276 281 285 289 292 295 297 300 303 306 310 313 314 318 322 326 331 334 343 346 349 350 352 355 359 363 364 366 375 379 381 382 386 390 391 394 397 401 402 403 407 408 414 419 423 426 429 431 432 439 443 446 447 450 453 457 460 462 465 469 473 477 480 481 482 483 489 492 494 498 499 503 505 507 512 516 521 526 528 530 536 539 540 543 545 
126 127 137 146 150 158 159 166 178 185 190 198 200 204 207 212 215 217 220 221 229 237 239 243 247 251 254 258 262 264 268 272 278 282 283 287 290 294 296 299 302 307 309 311 316 320 323 324 328 332 335 345 349 353 356 359 363 364 366 370 374 376 383 386 389 390 392 395 397 401 403 406 410 411 414 415 420 424 428 430 432 434 443 444 450 451 452 457 458 461 466 470 473 475 481 484 487 488 489 492 493 496 501 502 505 506 510 513 520 522 527 532 534 540 544 548 552 555 
127 130 141 147 151 160 164 169 181 189 191 200 204 207 210 213 218 221 222 224 230 238 241 247 248 252 256 259 263 268 272 275 280 284 288 290 293 297 299 303 305 308 312 316 320 324 325 328 332 335 336 347 352 355 359 360 366 368 369 371 378 380 384 387 390 392 396 400 403 405 409 413 417 419 421 424 425 426 431 434 437 439 447 450 452 454 458 460 462 464 468 474 476 478 484 485 490 493 495 497 498 502 503 504 506 508 513 515 522 524 528 534 538 541 545 549 553 559 
128 131 143 149 154 163 167 171 183 192 193 204 207 211 215 216 221 222 223 225 231 240 242 249 252 255 257 263 266 270 273 278 281 288 289 292 297 299 302 307 308 310 313 318 322 327 329 330 335 339 340 351 353 359 362 364 367 370 371 373 380 382 387 390 391 393 397 401 404 406 410 416 420 423 426 430 432 435 439 440 442 443 448 451 456 457 462 463 467 471 475 477 478 481 485 486 492 496 500 501 505 509 512 515 518 520 523 527 530 533 537 539 543 547 548 552 556 561 
131 133 144 153 157 165 168 173 187 196 199 206 208 215 217 219 225 227 229 232 233 243 245 250 256 259 262 267 269 273 274 282 285 289 291 293 299 303 305 310 311 315 319 322 326 330 332 335 336 340 341 352 357 361 365 368 369 371 374 377 384 386 390 391 395 399 402 404 408 412 413 419 423 427 431 434 437 439 443 446 450 454 457 459 461 464 467 471 472 475 476 480 483 487 491 494 498 501 503 504 507 512 513 516 522 525 529 532 534 538 540 542 544 549 551 555 559 565 
133 137 147 154 160 168 170 176 188 199 200 209 210 219 222 225 229 231 233 234 236 244 247 253 259 260 266 270 274 277 279 286 288 290 295 296 300 307 309 312 316 317 323 324 330 331 334 338 342 343 344 355 359 365 368 371 373 377 381 383 385 389 394 395 397 401 406 408 411 414 416 421 424 428 435 438 442 443 446 449 451 457 461 465 468 472 476 479 482 486 488 490 494 498 499 501 502 506 507 509 512 516 517 521 526 528 531 534 536 541 542 543 546 551 554 557 560 568 
137 140 151 158 161 169 174 179 191 200 203 212 216 223 225 226 231 232 235 239 241 245 248 255 261 262 267 272 275 280 284 290 293 294 299 302 306 308 313 316 318 319 324 326 334 335 336 339 345 348 352 358 362 368 370 373 374 378 385 388 389 393 395 399 403 404 407 410 414 418 422 424 426 429 437 442 446 448 451 452 455 461 463 468 472 474 480 482 483 490 491 494 498 500 504 507 509 511 512 515 516 519 521 525 529 533 534 537 540 544 545 547 548 555 556 559 561 569 
140 143 155 161 164 173 175 183 195 203 204 214 217 225 226 229 233 235 239 241 242 246 252 259 265 269 271 273 278 282 288 294 296 298 300 304 308 311 317 319 323 325 327 328 337 340 343 347 348 352 355 360 364 370 372 377 379 383 389 390 391 397 399 401 405 409 410 412 416 420 426 427 428 430 441 444 449 452 454 457 460 463 464 469 473 477 484 487 488 492 495 498 502 504 508 512 514 517 519 520 521 523 525 527 530 534 536 538 544 548 552 554 558 559 563 567 568 571 
144 146 157 162 166 174 178 186 198 207 211 217 218 226 227 231 236 237 240 245 249 252 254 261 269 271 272 274 281 286 292 297 300 303 305 306 309 314 318 321 325 328 332 334 339 344 345 348 350 354 356 362 368 372 375 380 384 386 390 392 396 398 403 406 407 411 414 417 421 422 427 430 432 436 445 449 453 456 459 460 461 466 470 472 476 480 487 491 493 496 499 502 505 506 510 514 517 518 520 522 524 526 530 532 536 540 543 547 550 554 558 560 561 563 564 570 572 576 
146 147 158 165 168 176 179 188 199 210 214 218 220 230 234 237 241 245 246 248 251 255 256 262 271 275 276 279 283 287 295 299 303 305 306 310 312 317 322 325 327 332 333 337 340 345 347 349 351 355 359 364 370 374 376 384 387 391 392 393 399 401 405 407 409 415 417 420 423 427 431 432 435 438 449 453 454 458 463 466 467 469 472 475 479 481 490 493 496 497 501 503 509 511 512 517 519 520 522 526 527 530 531 533 540 543 545 551 553 558 559 564 566 569 572 576 577 579 
150 153 159 168 170 178 180 191 203 212 215 219 222 233 237 239 245 249 251 253 254 258 261 266 274 279 282 284 285 290 297 302 304 306 308 312 313 320 325 329 330 336 340 343 345 346 348 352 355 359 362 366 371 375 377 386 389 395 397 401 404 405 409 410 414 417 419 422 425 430 433 435 437 440 452 456 458 460 464 470 471 475 478 482 483 485 492 494 500 502 504 507 510 515 516 518 522 526 528 532 535 536 537 540 543 544 548 554 557 562 566 570 571 574 575 577 578 582 
153 154 161 172 175 180 184 194 205 214 217 223 225 236 238 243 249 250 254 258 262 266 268 269 275 283 284 287 291 293 298 306 309 312 314 316 320 322 327 333 335 337 343 344 347 351 353 354 356 360 363 367 375 379 381 388 390 397 398 405 406 408 413 417 420 424 428 432 435 439 442 444 445 447 456 457 461 464 465 473 476 480 483 484 486 490 496 500 502 503 505 510 514 517 521 522 524 528 532 535 536 538 542 544 546 547 550 556 558 563 568 573 574 578 579 582 586 587 
156 157 162 174 179 183 187 197 209 216 219 224 229 240 241 245 252 256 258 259 265 270 273 277 281 285 286 288 295 298 302 310 313 316 319 322 324 325 328 334 337 339 345 349 351 353 356 358 362 365 367 371 378 381 385 389 394 401 402 406 408 411 415 421 423 427 432 435 439 443 444 445 447 450 458 461 463 467 470 476 478 484 487 490 491 494 500 504 506 510 514 518 520 524 528 530 531 535 536 538 542 546 549 550 554 555 557 560 562 566 570 577 579 581 583 586 590 593 
160 164 165 175 183 184 191 200 212 218 221 225 230 241 244 248 256 258 260 264 268 272 277 279 285 286 289 290 296 301 306 314 317 320 323 324 326 329 331 337 341 344 348 351 352 357 360 362 365 368 372 374 381 383 386 391 398 403 404 409 411 415 419 422 424 430 434 437 440 444 446 449 452 453 459 463 465 469 474 478 480 486 489 494 497 501 504 505 509 513 517 522 526 527 530 531 533 539 543 545 546 547 551 552 558 559 560 561 565 569 573 581 585 589 593 595 597 599 
162 166 170 179 184 187 193 203 216 220 222 229 232 245 247 251 260 264 266 270 271 275 278 280 286 288 290 293 298 302 309 316 320 323 326 328 330 331 334 339 343 345 350 355 359 361 363 365 369 372 374 377 384 387 389 393 399 405 407 411 412 416 421 425 428 433 437 440 442 447 448 453 456 459 460 464 469 472 475 480 484 487 490 497 498 502 508 511 513 515 521 525 528 529 532 535 537 541 544 548 551 553 556 560 563 566 569 571 572 575 576 584 588 592 594 598 602 603 
164 167 172 181 185 189 196 207 220 221 223 233 236 247 248 253 262 266 269 272 276 277 282 283 287 290 292 296 299 303 310 320 321 325 328 329 332 335 337 341 345 346 351 359 363 367 371 374 376 379 382 384 385 388 391 397 403 407 411 412 414 420 424 428 430 437 438 444 445 448 452 454 460 463 465 468 472 475 476 481 488 492 494 498 499 505 512 515 518 520 525 526 532 533 536 540 544 546 550 552 556 558 561 565 568 570 573 576 579 583 584 586 590 595 597 601 604 605 
167 171 173 183 188 190 198 210 221 225 229 234 239 249 251 255 266 267 270 275 280 284 286 287 288 291 293 297 302 306 314 322 325 326 330 331 336 339 340 342 349 353 356 360 366 369 373 377 380 384 386 389 390 391 394 401 405 411 412 416 418 421 428 430 434 440 441 447 450 451 456 457 463 465 466 472 475 478 481 485 490 493 498 502 506 509 514 516 521 524 529 531 533 537 538 543 546 547 553 554 560 563 565 567 572 574 575 579 582 584 585 588 591 596 601 603 605 607 
169 175 176 187 189 194 200 212 224 226 230 235 241 250 255 258 267 268 272 278 283 285 289 291 292 293 295 300 306 307 318 325 326 330 334 335 339 340 343 347 350 357 361 365 370 371 374 379 382 388 392 394 395 398 401 404 406 413 414 419 420 423 432 433 438 443 445 448 453 454 460 462 466 467 468 474 479 481 485 486 493 494 499 505 507 513 517 519 522 527 533 535 536 539 542 547 550 554 556 557 562 564 569 571 574 577 578 580 585 587 588 590 594 598 605 606 609 610 
173 178 180 188 193 197 201 216 227 229 233 236 243 254 257 261 270 272 276 281 285 288 291 293 296 298 301 304 307 311 322 326 328 333 338 342 346 348 349 352 354 359 365 368 372 374 377 381 386 389 394 397 401 402 405 409 413 416 418 420 422 424 434 437 439 447 448 450 454 455 462 465 469 473 475 479 482 485 488 491 494 496 502 506 510 515 518 521 523 531 534 538 539 543 546 549 553 556 557 561 566 567 570 572 576 579 583 586 588 590 591 595 596 599 607 610 612 613 
175 182 186 192 196 198 205 220 230 233 235 238 246 258 259 263 274 276 279 283 288 292 293 296 300 302 305 308 311 315 326 327 331 337 342 346 349 352 354 355 356 363 366 372 376 378 380 385 389 392 396 398 403 406 407 413 417 419 420 421 425 426 437 439 442 450 451 453 456 459 464 466 471 477 480 484 486 489 490 493 496 499 506 510 511 517 519 525 527 532 535 539 540 547 548 551 556 557 559 562 567 571 575 577 579 583 586 588 590 594 598 602 605 608 612 614 617 618 
176 185 187 196 199 200 209 224 231 236 240 243 248 260 261 264 276 280 283 287 289 293 296 297 301 303 309 311 314 318 330 333 335 339 346 349 350 353 355 358 361 364 369 376 379 381 383 387 392 394 397 401 406 409 410 416 420 424 426 430 431 435 438 441 446 453 457 459 461 463 465 467 473 481 482 488 491 493 495 499 500 503 507 514 518 521 522 526 530 533 538 543 546 550 551 553 558 560 561 565 571 572 576 581 582 586 589 592 593 598 601 605 607 611 616 619 622 623 
177 186 189 197 201 203 213 225 234 238 242 244 249 261 264 266 277 281 286 290 292 297 299 300 303 307 310 314 315 321 331 335 338 343 347 350 354 356 358 361 362 365 370 379 383 386 390 393 394 395 398 402 408 412 416 417 423 425 430 431 432 437 439 445 450 456 460 462 465 468 472 476 479 484 485 491 493 495 499 502 506 509 513 518 520 522 523 527 532 537 541 546 549 552 553 555 559 563 565 566 575 577 580 585 586 590 594 596 597 601 602 606 608 612 617 623 627 630 
178 190 193 198 205 209 216 228 237 241 246 247 251 264 266 267 281 283 287 294 295 299 300 302 306 308 312 318 321 323 335 338 341 344 351 353 358 359 360 365 368 369 373 383 384 388 392 396 397 399 400 405 410 414 417 419 424 429 431 434 436 439 441 447 453 457 463 466 468 471 473 477 483 487 488 493 495 497 500 506 508 511 514 522 523 526 528 532 536 541 543 547 551 553 557 561 563 564 567 568 576 578 584 589 590 592 597 601 603 607 608 609 613 616 620 627 630 631 
179 192 196 200 207 213 219 231 241 242 247 248 255 268 271 274 285 287 288 295 299 302 305 307 310 314 316 321 322 325 336 341 344 348 355 356 362 364 368 371 373 376 377 387 390 391 395 397 400 403 407 411 413 417 419 420 426 432 433 435 440 443 447 449 456 459 467 470 471 474 477 481 485 489 490 495 499 502 504 509 511 512 518 524 528 530 532 534 540 542 545 550 555 559 563 564 566 570 573 574 577 581 587 592 593 596 601 602 606 609 611 615 616 617 624 631 632 633 
183 193 197 204 211 217 221 235 244 248 252 254 257 270 275 279 286 288 291 297 301 303 308 311 313 316 318 324 328 329 338 342 345 349 356 359 365 366 371 374 375 378 380 391 393 397 398 402 403 404 408 415 417 420 421 424 430 435 437 439 442 447 451 455 460 461 470 473 475 478 482 485 487 493 495 499 503 506 509 513 515 518 521 528 531 535 538 540 543 546 548 552 558 562 566 570 573 575 578 582 585 586 588 593 594 600 605 606 608 610 614 616 619 620 625 635 639 643 
186 196 201 205 212 219 222 239 246 249 254 256 259 272 279 280 287 290 292 298 303 305 311 314 316 319 322 326 329 330 340 346 350 351 358 363 368 371 374 376 378 381 385 394 398 401 403 405 409 410 413 417 421 425 427 430 434 436 440 444 447 451 454 457 464 465 471 477 480 482 484 487 490 494 499 500 504 507 510 517 521 523 527 531 532 538 542 544 546 548 549 553 561 563 567 573 577 578 580 585 586 590 591 597 598 601 606 608 611 614 618 621 623 627 631 637 643 646 
190 197 202 208 215 220 224 240 247 253 255 259 263 275 281 284 288 294 297 301 305 309 313 318 320 323 324 327 332 336 343 349 352 354 359 367 369 374 375 379 380 385 388 398 401 402 407 410 411 413 417 420 423 427 429 431 436 438 442 445 449 454 457 459 467 469 472 481 482 483 485 488 493 498 503 507 510 514 518 521 524 527 530 533 537 540 543 545 550 554 557 561 564 565 569 576 580 582 584 588 591 593 597 601 603 605 609 611 612 618 622 625 627 630 635 639 646 649 
193 198 205 210 216 223 228 244 249 255 257 263 265 277 282 288 291 295 298 304 309 311 317 319 322 326 329 331 334 340 344 352 353 358 360 369 371 376 380 384 385 386 391 399 402 404 410 412 413 417 420 424 425 429 430 432 437 441 444 446 450 457 458 463 470 473 475 485 487 489 491 492 497 500 507 511 512 518 521 523 528 529 534 537 538 542 546 549 553 558 562 565 566 570 571 580 582 584 587 592 593 595 598 602 606 610 613 617 620 623 627 631 632 633 638 640 650 652 
194 199 209 211 220 225 231 247 250 256 258 266 270 281 284 289 293 299 302 307 311 313 321 322 323 327 331 335 338 343 346 353 355 360 361 370 372 377 381 386 389 393 395 402 406 410 414 417 419 421 422 425 427 430 431 433 439 443 447 448 451 461 465 468 474 478 481 486 490 492 494 495 501 505 508 513 514 521 522 524 531 532 536 538 541 544 549 550 554 560 565 569 572 576 578 582 584 588 589 595 596 599 600 605 608 611 616 618 624 628 629 633 635 638 642 644 654 658 
195 200 211 215 223 228 234 249 253 258 259 269 273 282 287 290 295 303 306 309 312 315 324 327 330 331 333 339 343 344 350 354 358 364 367 372 373 378 383 389 392 396 398 404 409 412 417 420 422 425 429 432 434 435 439 441 443 445 449 453 455 462 468 470 475 479 485 488 493 496 499 503 504 509 510 516 519 525 527 528 533 534 539 543 544 546 552 553 555 564 567 570 575 578 581 583 588 591 594 598 599 601 602 607 612 616 620 621 625 631 635 638 641 644 647 650 658 662 
196 203 213 216 224 230 237 251 255 260 263 272 277 284 288 291 296 307 310 311 313 316 328 330 333 336 337 342 344 346 353 358 359 365 368 375 378 379 386 391 395 399 400 406 412 416 421 425 426 430 431 435 437 438 442 443 447 451 454 457 458 464 470 471 479 483 489 491 495 498 500 507 508 510 511 517 522 526 529 533 537 538 541 544 548 551 555 559 563 568 572 574 577 579 583 585 590 595 599 603 606 609 613 615 619 622 624 625 626 635 636 640 644 646 649 653 661 666 
199 207 215 220 228 234 241 254 257 261 264 274 280 287 292 295 297 310 311 312 315 317 331 332 336 339 340 346 349 351 356 359 362 367 371 377 382 385 389 395 398 403 404 409 414 417 425 426 429 433 437 438 442 443 447 448 449 454 458 461 462 466 474 478 480 486 493 495 498 499 502 508 510 512 514 519 526 528 533 537 541 545 549 550 554 556 558 561 564 570 575 579 582 584 586 587 591 596 600 605 607 611 614 617 623 625 628 631 632 639 643 645 649 652 653 655 664 668 
200 208 216 222 232 238 242 258 262 266 270 276 284 291 294 297 299 312 315 319 321 325 333 336 337 342 346 350 351 355 360 363 365 370 375 381 385 387 393 397 401 406 410 412 415 418 426 428 433 435 441 444 447 450 454 455 456 457 459 462 464 469 478 482 486 490 495 497 502 506 508 510 514 515 518 521 528 529 537 540 545 546 553 555 557 561 564 566 568 574 577 581 586 590 593 596 597 598 603 609 613 614 618 622 625 628 630 634 636 640 646 648 651 655 659 660 667 671 
201 209 217 225 236 241 243 259 264 267 273 278 288 292 295 301 302 313 318 321 323 329 335 337 339 346 349 352 353 356 361 365 368 371 376 384 386 388 396 400 403 409 413 414 418 419 429 431 435 437 445 448 451 454 458 460 463 464 465 468 470 474 482 483 487 491 497 500 503 510 514 518 520 523 527 528 531 534 540 544 549 551 557 558 561 563 566 569 570 576 581 582 588 593 595 598 601 602 605 611 616 619 622 625 629 632 636 640 642 645 649 650 653 658 663 664 668 672 
202 212 221 229 239 242 245 260 266 271 274 279 289 294 296 303 306 316 320 322 324 333 339 343 347 350 351 354 358 361 362 368 369 375 377 388 389 392 400 402 404 413 416 420 422 425 430 434 439 441 449 453 455 458 460 463 464 465 467 471 472 478 486 487 489 494 498 503 506 511 518 521 523 524 530 531 535 539 543 546 550 552 559 560 562 566 570 571 574 577 585 589 593 594 598 600 603 606 607 614 619 622 624 628 630 636 638 644 647 648 653 654 655 660 667 671 672 673 
203 215 224 232 242 244 249 263 270 274 278 280 293 297 298 306 310 318 321 324 325 336 341 345 348 351 354 358 361 363 366 369 372 379 382 392 396 397 404 406 409 416 419 423 427 430 433 435 442 446 453 457 458 461 462 467 470 471 473 476 478 479 489 490 494 498 502 504 510 512 520 523 525 527 531 532 538 541 547 551 555 558 563 567 570 571 575 576 577 580 586 591 597 600 604 608 609 611 615 619 621 623 628 629 632 640 644 647 648 650 656 657 661 665 670 674 677 678 
205 217 226 236 246 250 253 264 273 277 281 283 296 299 303 309 313 322 323 325 327 338 344 349 351 355 359 361 362 366 370 372 373 380 386 395 397 398 408 409 410 417 422 426 428 433 436 438 444 448 454 459 461 465 467 470 472 475 476 479 481 485 491 493 498 500 504 507 511 516 524 527 530 531 532 536 540 545 549 553 556 559 567 571 574 575 579 580 581 582 588 592 599 601 607 612 615 617 621 622 623 624 630 634 638 642 647 648 649 651 659 663 665 666 674 676 681 683 
206 220 228 237 250 253 255 266 277 281 284 286 297 300 304 313 314 325 328 331 334 341 346 352 355 358 361 363 367 370 374 375 376 383 389 396 401 403 411 413 416 421 424 428 430 436 439 442 446 449 457 463 466 468 470 473 475 477 479 480 485 488 493 495 500 504 508 511 512 517 525 528 531 532 533 537 541 548 552 557 561 562 568 573 577 581 583 586 587 588 591 594 601 602 609 613 616 620 625 626 628 629 634 635 641 643 649 651 653 657 660 667 669 673 675 679 685 687 
209 221 232 238 254 257 259 267 281 282 288 291 301 305 309 317 318 327 332 334 335 345 350 354 358 362 366 367 370 373 376 379 381 387 391 399 402 404 415 417 421 425 427 431 434 440 441 446 447 453 461 464 467 469 472 476 478 481 485 487 491 493 497 499 504 508 510 514 518 520 526 532 533 534 536 538 545 552 556 560 562 564 570 574 579 585 586 587 588 591 594 596 604 608 610 617 621 623 627 628 631 635 639 642 643 647 652 653 655 661 663 668 673 675 679 680 689 691 
211 225 235 241 257 259 261 270 283 284 289 294 302 308 310 318 320 331 336 338 339 348 351 358 359 365 368 369 373 377 381 382 385 388 393 401 405 408 418 419 424 427 428 432 437 442 445 447 449 455 463 466 470 474 475 480 482 484 486 490 493 495 498 501 505 510 513 517 520 522 529 535 539 543 544 548 552 554 560 562 563 565 572 577 583 586 590 592 594 598 600 602 608 609 614 620 625 628 631 634 638 639 643 645 649 650 655 658 661 664 667 670 676 677 681 682 692 696 
215 228 238 245 261 265 267 273 284 286 291 295 306 309 312 319 324 335 340 344 348 350 353 360 361 366 371 373 374 378 385 387 389 391 397 405 407 412 420 423 425 431 432 434 439 444 447 448 450 458 464 467 473 476 477 481 483 488 491 495 496 497 501 504 507 513 515 521 522 524 532 539 542 546 550 554 555 558 562 564 567 568 573 580 585 589 594 595 596 599 603 606 610 614 617 623 629 632 633 635 639 640 646 648 651 653 657 659 662 668 669 671 679 682 683 684 695 700 
219 230 242 249 263 267 270 277 287 289 292 298 307 310 313 322 327 338 343 345 351 353 355 362 366 367 375 379 380 383 389 393 397 399 401 409 413 415 424 427 429 435 438 442 445 447 450 451 452 462 467 469 474 478 481 483 487 492 494 498 502 504 505 506 508 516 517 522 523 526 534 541 544 547 552 558 559 563 564 566 570 571 575 583 589 590 595 598 599 600 606 607 614 618 619 626 633 635 636 640 643 646 649 650 652 656 661 663 664 670 671 672 682 686 687 690 697 704 
223 234 243 252 265 268 272 278 291 294 298 301 310 312 317 324 330 341 344 347 354 355 358 365 368 371 377 381 382 386 393 396 398 403 406 410 414 417 425 431 433 438 442 443 447 449 453 456 457 466 470 471 478 482 485 487 488 496 498 499 505 507 511 514 518 519 522 525 527 530 536 544 547 551 555 562 564 565 568 572 574 577 579 584 592 593 597 599 602 606 607 611 617 622 624 630 636 640 642 643 645 647 651 653 655 657 662 664 668 671 674 678 684 687 688 693 701 705 
226 235 246 253 267 269 275 282 294 297 301 302 311 313 319 325 332 345 346 351 355 356 360 369 372 376 378 384 388 390 395 400 401 407 411 413 418 420 426 433 436 441 443 444 449 450 455 460 462 470 471 475 481 483 487 488 491 497 502 504 509 513 516 519 523 525 528 531 535 538 542 545 550 555 557 566 569 572 574 578 580 582 585 586 596 599 600 601 603 609 611 614 619 625 627 632 637 641 643 645 646 648 653 656 659 663 667 669 673 676 679 681 686 689 690 696 702 706 
229 238 248 257 270 273 278 283 296 299 305 307 315 318 323 328 333 346 348 355 357 360 363 370 374 378 379 386 392 396 398 403 404 408 413 416 419 422 430 434 439 444 447 449 450 452 456 461 466 473 476 480 482 485 490 493 495 500 505 507 512 516 520 523 526 530 531 535 538 542 543 549 553 559 562 568 572 576 580 582 585 588 589 590 597 603 605 607 609 612 614 616 622 627 631 633 641 642 646 647 650 653 655 658 663 666 671 672 677 681 682 683 688 693 696 698 705 709 
233 240 252 259 271 275 281 284 297 302 307 309 318 321 327 330 334 348 349 356 359 364 366 371 375 381 383 387 394 399 401 407 408 409 416 417 420 423 434 435 440 445 449 453 455 459 462 466 470 476 478 483 484 487 492 497 501 504 506 510 514 518 522 524 530 534 536 538 541 543 544 553 557 561 564 569 573 579 584 587 589 593 596 599 600 607 609 612 614 618 619 623 625 631 633 637 645 646 649 653 656 657 661 662 667 668 672 676 678 683 684 685 689 695 699 702 708 711 
235 242 254 263 272 278 284 288 300 303 311 313 321 322 331 333 337 351 355 358 360 365 368 375 376 385 389 391 395 401 404 411 415 419 421 424 425 429 435 439 441 448 453 454 458 463 465 469 474 479 480 484 488 492 495 499 504 505 509 512 518 521 526 529 532 537 540 543 547 548 550 556 559 564 566 573 574 581 585 589 593 597 601 603 607 609 610 615 616 620 624 628 629 633 637 640 647 650 652 655 657 660 664 667 671 674 675 678 682 686 690 694 697 700 702 704 710 714 
239 246 257 267 275 281 288 290 301 306 312 315 323 324 332 336 338 355 358 360 362 366 369 376 378 387 392 394 399 405 409 412 419 423 425 429 433 434 436 442 444 449 456 457 461 465 469 470 475 480 484 486 490 493 497 502 508 510 513 517 519 525 530 534 538 541 542 546 549 551 554 558 563 568 572 575 576 583 586 590 597 598 602 606 611 612 614 618 620 622 627 632 635 637 638 643 650 652 656 660 662 666 670 673 676 678 679 681 683 688 694 695 700 701 703 706 713 717 
240 250 259 271 277 285 291 292 305 309 313 317 324 327 334 339 343 359 360 362 364 369 371 380 381 391 395 397 400 409 413 416 423 424 428 432 434 438 442 446 447 452 459 460 463 467 471 473 476 483 487 491 492 497 501 504 510 513 515 518 520 528 534 538 540 542 544 547 553 555 558 561 564 572 576 580 582 584 589 594 600 604 605 609 614 618 619 622 624 628 632 636 640 641 645 647 652 655 657 661 663 668 672 674 677 681 685 687 689 692 697 701 705 706 710 712 715 718 
242 251 262 273 278 286 293 295 308 310 314 320 325 330 338 341 345 360 364 366 367 372 374 383 387 392 397 400 403 410 416 419 426 427 430 436 438 441 446 447 450 456 462 464 465 471 475 479 482 485 488 495 498 500 502 508 514 517 521 524 528 529 535 542 546 550 554 557 560 561 564 565 567 575 578 582 584 586 590 595 604 607 609 613 615 622 625 629 633 635 638 640 641 642 649 650 653 659 663 664 668 672 675 677 681 685 686 690 692 694 701 703 708 711 712 714 718 720 
245 252 265 275 280 290 294 299 312 316 319 322 328 332 339 342 347 362 368 372 373 376 378 387 391 393 398 401 404 413 418 421 429 431 433 438 439 443 449 453 455 459 464 465 469 472 476 481 485 489 493 497 501 502 504 510 518 521 524 525 532 533 538 544 549 553 555 559 561 563 567 570 574 576 580 586 587 588 593 598 608 612 616 619 621 623 628 633 635 638 640 641 645 648 652 656 658 661 664 668 672 676 678 681 684 689 690 693 696 698 705 706 710 714 717 720 723 727 
249 254 269 279 282 291 296 302 316 317 322 323 332 335 340 345 348 363 369 375 378 381 384 389 394 395 401 402 407 415 421 423 430 434 436 441 445 446 452 457 461 464 468 471 475 477 480 483 489 490 495 500 504 506 507 514 520 522 526 528 535 539 540 547 551 556 559 561 563 566 568 574 576 577 584 589 593 596 599 600 609 616 617 623 625 626 632 636 639 642 644 648 651 653 657 660 663 665 667 672 676 679 682 683 685 692 694 697 699 701 706 707 713 718 721 722 724 731 
251 258 272 283 286 292 297 303 319 320 326 329 336 338 342 347 349 365 371 378 382 386 389 390 397 400 403 404 408 417 422 425 433 436 439 443 449 453 456 458 463 468 472 474 478 479 482 485 492 495 496 502 507 511 513 517 523 524 530 532 539 541 543 550 552 559 561 565 568 572 575 578 581 585 588 592 595 598 600 601 610 620 623 625 627 631 636 639 641 643 647 649 654 657 661 663 665 669 673 676 677 681 685 688 689 694 697 699 700 702 710 711 714 720 723 725 729 734 
253 261 273 286 290 296 301 306 323 326 329 332 338 342 344 351 352 366 373 379 383 388 393 396 399 403 404 407 409 418 424 426 437 438 440 447 452 455 457 460 467 472 473 478 480 482 486 489 493 497 498 505 510 514 515 519 525 529 533 534 540 545 546 554 558 561 564 568 570 576 578 582 583 587 592 595 599 600 602 606 614 621 625 629 630 634 638 641 645 647 649 651 657 661 665 668 670 673 675 677 679 685 689 691 693 697 698 701 705 706 711 713 715 724 725 728 731 737 
257 264 274 290 294 297 304 310 325 330 332 335 339 346 347 355 359 369 376 382 385 392 397 400 403 405 408 410 414 420 425 429 439 440 441 451 456 459 461 463 470 476 477 479 482 483 490 494 496 499 501 508 512 515 519 521 526 531 534 536 541 546 550 556 561 563 565 569 573 577 579 583 585 591 596 599 602 605 609 612 617 623 627 632 633 637 642 646 647 651 654 655 659 663 669 672 676 680 682 685 686 687 693 696 697 698 702 705 708 712 716 718 722 726 728 732 733 740 
259 265 278 294 296 298 307 312 328 334 337 339 341 350 353 358 361 373 380 383 386 393 400 404 408 412 414 415 417 422 428 430 440 442 444 452 459 462 463 465 472 477 480 483 485 488 491 496 497 503 505 509 515 518 523 526 527 535 538 540 543 550 551 557 563 566 569 570 577 578 582 586 588 592 600 601 606 608 610 613 619 625 631 636 638 642 646 650 651 654 655 658 660 664 673 676 677 681 684 686 690 693 694 697 700 703 706 709 713 716 719 721 724 730 731 735 737 744 
261 268 280 298 301 305 310 313 329 335 339 341 342 353 356 359 362 375 381 385 388 395 401 406 410 416 417 418 421 425 432 433 444 446 447 454 460 466 468 472 475 478 483 485 487 490 493 497 499 507 508 510 519 520 527 531 533 539 542 543 545 551 553 558 565 570 571 574 580 583 587 588 592 593 603 607 608 611 614 616 622 627 633 639 640 645 648 654 658 659 663 664 668 672 674 679 682 683 685 687 692 695 696 700 701 705 708 713 714 717 723 725 729 731 734 736 741 748 
262 271 283 299 303 307 314 315 331 338 343 344 346 356 360 364 368 376 384 389 393 398 402 408 411 418 419 423 427 431 436 439 447 451 452 455 463 468 470 476 478 482 486 489 490 494 497 498 501 509 512 516 520 523 530 532 535 541 546 548 550 554 556 559 566 573 577 579 584 586 589 592 595 598 604 608 612 613 618 620 623 630 636 640 642 649 653 656 661 665 666 667 671 673 676 683 684 687 688 691 696 698 701 703 706 709 712 714 717 718 724 726 730 733 736 738 743 749 
265 274 284 301 307 310 318 322 335 342 347 348 352 358 361 368 372 377 385 392 396 400 403 411 414 422 426 428 429 434 437 440 449 454 455 457 467 469 473 479 483 484 488 491 494 496 498 500 504 512 513 520 524 528 532 533 536 543 548 550 552 555 559 560 570 575 581 583 587 589 591 596 597 599 605 611 614 616 619 624 627 633 637 643 647 650 654 657 663 668 669 673 677 681 685 687 691 695 699 700 704 708 711 712 716 720 723 725 727 728 732 735 739 742 744 746 750 752 
268 276 287 302 309 312 322 325 339 344 348 352 356 361 363 369 376 381 386 394 398 403 405 415 417 426 428 431 435 439 440 442 453 456 457 460 468 472 476 482 486 489 490 494 497 498 500 501 505 515 519 521 528 531 536 539 542 546 551 554 558 562 563 565 572 577 585 587 589 590 592 600 601 603 608 613 616 618 621 625 631 635 641 647 648 653 656 658 666 672 674 678 682 684 688 692 695 698 700 702 706 711 713 716 719 722 724 726 728 732 735 737 743 747 751 752 754 755 
270 278 290 303 310 313 324 326 342 346 351 355 358 364 368 373 379 384 387 396 399 406 408 419 420 429 430 432 436 442 443 445 454 459 462 465 471 474 478 483 489 491 494 495 498 501 504 507 510 518 522 523 532 535 540 541 545 549 555 557 562 564 567 568 575 580 587 588 590 592 593 603 607 610 612 615 619 622 625 629 632 638 643 648 650 654 660 664 668 675 678 679 686 690 694 697 698 699 702 703 709 714 718 719 723 724 725 729 731 735 739 741 744 750 753 756 760 764 
274 280 293 306 312 315 328 330 346 350 353 357 360 368 372 377 380 388 390 397 403 408 412 422 424 431 435 438 442 445 448 451 456 461 463 468 475 477 480 485 490 493 496 497 501 504 507 509 511 522 525 526 535 539 541 544 548 553 558 560 565 566 568 571 576 584 590 593 596 598 601 607 610 613 617 620 622 626 627 630 636 642 644 651 654 656 662 667 671 678 679 681 689 692 695 701 705 709 713 716 718 720 721 724 726 730 731 735 737 738 740 744 747 754 756 759 761 765 
275 283 296 310 316 318 330 333 349 351 355 361 363 370 375 378 382 391 393 400 404 411 415 425 426 432 438 441 446 450 454 456 459 464 468 471 476 479 484 487 491 497 498 500 504 508 510 513 517 524 528 529 537 540 544 548 550 556 560 563 568 569 571 574 578 585 594 597 601 604 608 609 612 616 620 624 625 627 631 635 640 644 645 652 656 658 664 668 674 680 683 685 691 693 698 703 708 712 714 717 719 721 725 728 729 731 734 738 741 742 745 747 749 756 760 761 763 769 
277 286 299 314 319 322 332 337 353 356 358 365 368 371 376 379 383 394 397 402 407 414 417 426 429 436 441 443 448 454 455 457 460 468 469 475 477 481 486 490 495 499 501 503 507 509 513 517 521 527 531 532 539 542 546 549 553 557 563 565 571 572 576 579 582 587 597 599 603 605 611 613 615 620 621 625 627 629 633 636 643 646 649 655 660 661 665 670 677 682 687 689 695 699 700 706 709 714 715 719 720 725 729 731 733 734 737 740 743 747 751 753 754 757 763 766 770 774 
281 289 303 318 321 323 336 339 354 359 360 368 370 375 377 381 386 398 401 406 408 416 421 428 431 438 443 447 451 455 458 462 466 471 472 479 483 485 489 494 496 503 506 507 510 512 515 520 524 529 533 535 543 546 550 554 557 559 566 570 573 576 577 582 586 591 598 603 605 607 613 617 618 624 628 629 630 633 634 637 644 649 652 659 664 668 670 671 681 685 691 693 696 702 703 708 712 715 717 720 722 728 733 735 736 737 741 745 747 751 754 756 758 760 766 769 771 776 
285 290 305 320 325 329 339 341 357 363 365 369 371 379 380 384 389 399 403 408 409 417 422 432 435 440 447 449 453 457 462 465 470 475 477 481 486 489 493 495 500 504 508 511 515 519 521 525 526 531 535 536 545 550 553 558 559 562 568 572 577 579 581 583 589 593 601 605 608 611 614 620 624 627 629 632 634 638 642 643 645 650 655 663 666 669 671 672 684 689 695 697 698 704 708 710 713 719 722 725 728 730 736 738 742 745 746 750 753 757 758 761 764 766 769 773 776 779 
288 292 308 324 326 332 343 344 359 365 366 373 377 381 385 388 392 400 404 410 413 419 423 436 437 442 451 452 457 461 463 467 471 476 480 483 489 491 497 500 503 508 511 514 518 520 523 526 530 532 538 541 546 554 555 559 563 566 572 573 581 582 585 588 592 597 604 606 612 616 617 623 625 628 633 635 638 639 646 650 651 655 656 667 669 671 674 676 688 690 697 701 703 707 709 712 717 720 724 727 732 733 739 740 744 748 751 753 755 759 761 763 767 769 772 774 778 783 
289 293 312 325 330 336 344 345 363 367 370 375 379 383 388 392 394 403 406 413 415 423 425 440 443 445 453 457 461 464 467 471 473 480 483 486 491 492 499 503 504 512 513 516 520 523 527 529 532 536 542 543 550 556 558 562 566 569 575 578 584 586 589 590 594 599 605 610 614 619 620 625 627 632 635 636 641 645 649 653 655 657 659 671 674 676 680 681 691 693 699 702 706 709 711 716 718 722 725 731 735 736 742 743 747 749 753 754 759 760 765 767 770 774 777 781 784 787 
290 297 313 327 333 340 348 349 364 370 371 379 381 384 390 395 399 407 409 416 418 424 429 444 447 448 456 458 465 468 472 476 480 484 488 490 493 494 502 505 508 516 519 523 525 527 528 531 536 537 545 547 551 558 560 565 570 572 579 581 588 590 593 594 597 602 606 612 615 621 622 626 631 634 639 641 643 647 651 657 660 661 663 674 677 680 684 687 693 695 702 704 710 712 716 719 721 725 728 732 739 742 746 748 752 756 758 760 764 766 770 772 775 778 780 785 788 792 
294 300 317 331 334 343 352 353 368 371 373 382 383 387 391 397 403 408 413 420 422 425 430 445 450 454 457 459 466 471 476 477 484 486 491 492 494 497 504 508 510 519 521 524 529 533 537 538 540 544 548 551 554 561 564 567 572 575 580 583 592 595 598 602 604 608 612 613 616 624 626 627 633 638 641 644 645 650 654 658 664 666 669 675 681 683 687 690 694 697 705 706 712 714 718 721 722 726 732 735 742 746 749 751 754 757 759 763 767 768 771 774 777 779 783 788 790 794 
