4 5 6 7 10 13 17 21 23 25 26 27 31 34 36 37 39 41 44 47 50 51 53 57 61 63 64 67 71 74 77 80 82 83 84 88 89 91 92 96 98 99 103 105 106 110 114 117 119 122 124 128 130 134 138 140 144 148 151 152 153 157 160 161 165 166 168 169 170 173 175 178 179 183 186 188 189 191 192 196 
7 8 11 13 17 20 22 26 30 34 36 39 42 43 45 46 47 50 52 55 58 59 61 62 66 70 72 76 80 84 88 92 94 98 99 100 101 104 107 108 112 114 117 120 123 124 128 131 135 137 141 144 148 149 150 153 155 156 160 162 163 166 169 171 173 177 178 182 185 189 193 196 199 203 207 209 210 211 214 215 
11 14 16 20 24 27 31 34 36 38 41 44 45 46 50 51 52 55 56 58 59 62 65 68 71 74 75 79 82 88 89 94 96 102 106 109 112 115 119 121 123 124 127 129 130 134 137 140 144 146 150 152 155 156 160 164 165 168 169 173 176 177 180 184 187 190 191 193 194 198 202 205 209 213 215 217 218 222 226 228 
14 16 17 22 26 28 32 36 40 43 47 48 51 53 57 61 62 64 67 70 71 72 73 76 77 81 83 86 89 91 95 96 99 105 110 111 115 119 122 123 127 128 131 133 137 141 143 145 148 150 151 155 158 160 163 165 168 172 174 176 178 181 185 188 192 193 194 197 199 202 203 206 213 217 219 222 224 226 228 231 
16 17 21 25 30 31 36 39 44 48 49 50 55 56 61 62 63 66 69 74 76 79 83 86 87 89 90 93 96 97 99 101 102 106 114 118 120 122 125 128 131 133 135 136 141 142 147 149 152 155 158 160 164 166 167 168 170 174 178 182 185 186 187 191 193 197 201 204 205 209 212 213 214 220 224 227 231 234 235 238 
18 22 25 26 33 34 38 43 46 52 54 58 59 63 64 67 71 74 75 78 79 82 85 87 89 93 94 95 97 100 103 106 110 114 117 121 124 125 128 131 135 136 139 142 143 147 150 152 154 158 160 162 168 172 174 177 178 181 183 186 188 191 193 195 197 198 204 206 208 212 215 217 221 225 228 232 233 236 239 243 
19 26 30 31 36 40 44 47 49 54 57 61 64 67 69 72 73 77 78 80 82 83 86 88 92 94 96 100 101 103 106 109 111 118 120 125 127 130 132 133 137 138 140 143 147 151 152 155 159 162 163 164 169 173 178 179 180 184 186 187 189 195 197 201 203 204 206 208 210 213 216 220 223 227 232 234 237 239 240 244 
23 29 34 38 39 43 48 50 53 57 60 63 67 70 74 75 76 81 82 85 88 90 91 94 98 100 102 105 109 111 113 114 118 122 123 128 131 132 136 140 141 142 145 149 151 153 154 159 160 165 169 172 173 177 181 184 187 188 192 194 197 201 203 204 206 210 214 215 218 219 221 225 228 231 236 239 242 244 247 248 
25 32 38 39 42 45 52 55 59 60 63 65 71 75 78 81 83 85 88 92 94 97 101 104 106 108 110 112 114 117 118 121 123 124 125 131 133 134 137 144 145 148 150 153 156 158 159 161 162 167 173 174 175 180 182 188 189 191 195 197 199 203 207 209 212 213 218 219 223 225 229 231 234 236 239 242 243 247 250 251 
29 36 41 42 46 50 56 57 62 63 65 66 73 77 82 83 84 87 90 94 98 100 103 108 109 113 115 117 121 124 127 128 131 132 134 138 140 142 143 145 147 152 156 157 158 161 164 168 171 173 176 179 181 182 186 192 193 196 198 200 201 207 210 212 216 218 220 221 225 227 231 233 238 240 242 245 246 249 252 256 
32 39 42 43 48 52 60 63 66 67 69 72 76 80 85 88 89 90 92 98 99 103 107 110 111 115 118 122 125 126 128 132 135 138 142 144 147 149 151 155 159 163 164 166 167 169 170 174 175 178 181 184 187 188 190 196 199 202 206 208 211 215 218 222 224 227 229 231 233 234 235 239 243 244 245 248 249 250 255 258 
35 43 44 47 49 56 61 66 67 68 72 73 79 82 89 92 94 97 100 103 104 107 108 111 115 118 119 123 129 131 132 135 137 139 143 148 150 151 152 156 161 167 168 169 171 173 175 178 181 185 189 190 191 193 194 200 201 206 207 209 215 216 219 223 226 230 234 235 239 242 243 244 248 250 253 257 261 265 267 268 
38 46 50 54 56 59 63 67 69 72 75 79 81 85 92 94 98 101 105 107 109 111 113 114 116 121 122 125 133 135 136 140 142 146 150 152 154 155 157 160 163 170 171 172 175 178 182 183 184 188 192 195 197 201 205 208 210 214 216 220 221 225 227 229 231 234 236 237 243 244 247 249 250 253 254 260 263 267 268 272 
41 50 52 58 62 65 69 70 71 73 77 81 84 86 95 99 101 104 106 108 112 115 118 121 123 124 126 129 137 139 143 144 146 147 153 157 160 162 166 167 171 175 179 180 184 186 187 191 192 194 196 200 202 204 209 211 215 219 222 225 229 233 236 237 239 241 244 245 247 251 252 253 257 258 259 262 264 270 272 273 
42 51 56 61 63 68 71 75 78 81 85 89 92 93 97 100 104 108 111 114 115 117 121 122 124 126 129 132 140 141 147 148 152 156 157 160 161 164 170 173 174 177 180 182 188 192 194 195 197 201 204 205 206 208 211 213 219 223 224 227 230 237 240 243 247 248 252 255 259 261 262 265 267 268 272 273 276 280 283 284 
43 53 58 63 66 69 75 79 80 83 88 91 96 97 98 101 107 111 115 119 122 124 128 130 132 135 136 140 141 142 149 151 153 157 158 162 163 165 173 175 177 178 182 184 192 196 199 203 206 210 213 216 220 223 226 229 233 236 240 242 243 244 248 249 250 252 255 259 260 264 268 269 270 272 275 278 280 282 285 288 
45 55 61 65 67 70 78 80 83 86 90 94 100 101 104 106 111 113 119 121 124 128 131 134 137 138 141 145 147 148 150 153 157 158 162 165 168 169 174 179 181 182 185 186 196 198 203 204 208 214 218 220 224 226 229 232 237 240 241 243 245 247 252 254 257 258 260 264 268 271 272 276 278 282 284 288 292 296 298 302 
49 57 62 67 70 73 79 84 86 87 92 98 102 106 107 110 114 116 122 125 126 131 135 139 142 146 148 149 153 157 159 161 163 167 168 172 175 178 181 185 189 191 193 196 198 199 206 210 212 215 221 225 229 232 235 237 238 243 244 245 248 249 255 258 260 261 263 265 272 274 276 280 281 286 287 290 296 297 300 303 
51 60 63 69 73 75 80 85 87 89 96 99 104 107 110 111 118 119 126 128 130 134 137 143 144 149 150 154 157 160 161 165 168 171 172 173 179 183 186 190 192 193 197 200 204 208 212 213 217 218 223 226 233 234 239 241 245 246 250 254 256 257 260 264 265 267 268 270 276 279 283 285 288 289 291 295 299 302 303 306 
54 62 66 71 76 79 81 88 91 95 97 102 106 109 114 115 120 124 127 129 133 137 141 147 150 151 153 155 161 162 164 169 171 174 175 177 183 186 187 192 193 197 200 204 208 210 215 217 219 220 224 229 235 239 241 242 246 247 254 256 257 261 263 268 272 276 279 283 285 287 290 291 293 295 297 298 302 306 309 312 
57 66 67 74 77 80 82 89 95 96 99 105 107 111 118 122 126 128 129 132 136 140 145 148 152 156 159 162 163 167 171 172 173 175 179 183 185 187 188 193 195 198 202 206 211 214 218 222 223 227 228 233 237 243 247 250 252 254 255 260 262 265 269 270 274 278 283 286 289 291 295 296 299 301 304 307 311 315 318 320 
59 67 71 76 80 82 86 93 98 101 103 106 111 114 121 125 130 134 137 141 145 148 152 155 158 159 161 164 168 169 174 178 181 183 184 186 190 192 196 198 202 204 207 208 212 217 221 225 227 228 232 235 238 246 251 253 255 259 260 264 266 267 273 275 276 280 284 288 293 295 297 299 303 304 307 310 312 316 320 324 
60 70 72 78 83 85 90 96 102 106 110 113 114 115 122 128 133 136 141 142 147 152 154 158 161 164 166 170 173 175 176 179 183 185 186 188 192 195 200 203 207 210 213 215 218 220 223 226 228 230 233 237 239 250 255 258 261 265 267 268 269 273 276 280 282 285 286 292 295 297 298 301 306 307 308 313 317 321 324 326 
61 71 73 79 85 88 91 100 105 109 112 116 117 121 123 131 135 138 142 144 149 156 157 161 163 166 167 173 175 178 181 182 185 188 192 196 199 202 205 206 211 213 215 219 221 223 227 228 232 236 239 242 245 253 257 260 264 266 269 270 272 277 280 284 287 289 291 294 299 300 302 305 310 312 316 319 323 326 328 332 
62 74 76 80 88 89 92 104 108 110 113 118 119 123 124 132 136 140 146 149 152 158 160 165 168 169 172 176 177 180 184 186 190 191 194 199 203 207 211 213 214 218 221 222 226 227 230 232 235 239 242 243 249 255 259 264 267 269 273 276 278 279 282 287 291 292 295 298 303 304 307 308 311 315 320 324 327 330 333 334 
63 75 79 83 89 92 96 107 112 115 118 122 126 130 134 135 137 143 147 151 154 162 163 168 169 172 175 177 178 184 186 188 192 194 198 200 205 208 215 216 217 222 223 224 230 233 237 240 244 246 247 250 252 259 260 266 269 273 274 279 282 286 287 289 295 298 302 303 304 306 308 312 314 317 322 328 331 334 338 342 
66 78 83 85 93 97 99 111 113 117 121 124 127 132 135 136 139 145 150 154 157 165 167 172 176 179 182 185 189 193 195 196 198 201 204 206 208 211 218 220 222 226 230 232 234 236 240 241 247 249 253 256 259 261 265 268 270 274 277 280 285 290 291 295 299 301 303 305 307 308 310 316 318 320 324 332 334 337 342 346 
68 80 84 89 96 100 102 112 116 119 123 126 128 134 139 142 146 147 152 156 159 169 170 176 177 182 186 187 191 196 197 200 202 203 205 208 211 214 220 223 226 230 232 236 239 241 245 248 251 252 255 257 261 263 268 270 273 276 279 282 287 292 296 299 303 304 305 309 313 314 315 317 321 324 327 336 338 340 343 349 
71 83 85 91 99 103 107 115 117 122 124 127 129 138 143 144 148 152 153 159 162 171 173 179 181 184 189 191 195 197 200 202 205 208 212 213 215 218 222 227 231 235 237 239 242 246 249 252 253 257 259 263 266 267 270 274 277 278 283 287 289 293 298 303 304 306 308 311 316 318 320 324 327 328 332 340 343 346 347 351 
75 84 87 92 101 106 111 118 122 126 130 131 132 141 144 148 149 156 157 162 166 175 176 182 186 189 193 197 198 199 203 207 208 211 214 218 219 220 226 228 235 238 239 242 244 248 251 254 258 260 262 267 270 272 273 277 281 282 284 288 290 297 301 304 307 311 312 314 320 321 324 326 331 334 336 342 345 347 350 354 
79 86 88 95 105 110 114 122 124 127 133 136 138 145 146 149 150 158 160 165 167 176 180 184 187 192 195 201 205 209 211 215 218 222 223 226 228 232 233 237 241 245 247 248 250 254 258 259 261 262 264 268 273 274 278 281 283 286 289 293 295 301 304 308 309 313 315 318 324 327 329 331 333 335 337 346 347 350 354 356 
83 89 91 96 108 113 117 123 125 130 134 138 140 147 151 153 154 161 163 166 168 180 183 186 189 194 197 203 207 213 215 216 219 223 226 229 231 233 236 241 243 248 251 253 254 255 262 265 268 270 274 277 281 285 286 288 289 293 296 298 301 302 306 311 313 317 321 325 327 328 330 332 335 337 340 350 351 353 355 358 
86 92 96 100 110 116 119 125 126 132 136 140 143 149 154 158 162 164 167 171 173 181 184 189 190 197 198 206 209 216 219 222 226 229 233 234 238 240 241 245 248 249 254 257 261 262 264 267 271 275 277 279 282 287 291 294 296 300 304 305 307 311 315 317 318 321 322 327 330 332 334 335 336 339 344 353 356 359 363 366 
87 95 100 103 112 117 121 126 130 133 140 142 146 151 156 162 166 168 171 172 175 183 187 190 194 201 204 207 210 219 222 225 227 230 234 237 240 242 243 247 251 254 257 258 264 267 268 272 276 279 281 283 284 288 294 297 298 301 308 311 315 318 320 321 324 327 329 333 334 337 341 344 348 351 355 358 359 360 364 367 
88 98 103 104 113 121 124 129 134 135 141 145 147 154 160 165 168 170 173 176 178 187 191 195 199 203 205 211 215 221 226 228 230 233 238 240 241 246 249 250 253 255 258 259 265 271 273 275 278 280 283 286 290 292 297 301 305 308 309 312 318 319 322 323 327 328 330 334 337 340 345 346 352 354 357 362 366 369 370 372 
92 101 104 108 114 122 128 133 137 138 145 147 150 157 164 166 170 173 174 180 184 190 192 198 203 205 208 215 217 223 228 229 232 235 239 243 247 250 253 254 258 260 262 263 268 275 278 280 281 285 286 289 292 294 299 305 307 309 312 314 322 323 327 328 330 331 335 339 342 344 349 351 354 358 361 363 367 372 374 377 
93 104 107 110 118 124 131 137 138 142 149 152 155 158 165 168 171 174 175 184 188 194 195 202 206 210 213 218 222 227 229 233 235 238 242 244 251 255 259 260 263 264 267 271 274 277 282 283 286 287 291 294 295 298 303 307 311 312 313 318 323 326 329 331 335 339 342 343 345 348 352 356 358 362 365 366 368 374 375 380 
95 108 112 115 122 127 132 139 143 145 152 156 157 160 168 171 172 177 179 187 191 196 200 206 208 212 214 219 223 229 231 235 237 241 245 247 255 256 260 261 266 270 272 273 276 280 285 288 291 292 295 298 300 302 304 309 315 316 317 320 326 330 333 336 337 340 343 345 347 351 354 357 361 363 367 369 371 376 377 382 
99 112 114 117 124 131 134 141 145 147 156 158 160 161 169 172 173 179 183 189 195 199 202 207 211 216 219 222 224 231 232 238 241 245 248 249 259 260 264 268 272 274 277 279 283 286 289 292 295 298 299 302 305 309 312 314 318 320 323 326 330 334 336 339 342 343 346 348 351 354 357 358 363 367 369 370 375 380 382 383 
103 116 118 121 126 134 136 144 147 150 157 160 161 162 171 174 177 181 186 190 196 202 203 209 213 218 221 223 225 233 237 242 243 246 252 255 262 265 266 271 274 277 279 283 284 287 292 295 297 300 303 305 308 311 313 318 322 324 327 328 331 336 337 343 345 346 350 354 357 361 364 367 369 373 377 379 381 382 386 390 
107 119 122 125 130 136 137 148 150 152 161 163 167 168 172 175 179 185 190 194 199 206 207 213 216 221 223 225 226 237 239 245 246 247 253 256 265 267 268 272 275 280 283 287 289 291 296 299 303 305 308 312 315 317 319 321 325 327 331 333 335 339 340 345 347 350 353 356 359 363 365 369 373 374 380 384 385 389 392 395 
111 122 123 127 132 138 142 152 154 156 163 166 171 173 177 181 185 186 191 195 203 210 213 217 221 222 226 230 231 240 241 248 251 253 255 260 267 271 272 274 279 282 286 291 294 298 299 301 304 308 309 314 318 319 322 326 329 331 334 337 340 343 346 349 350 353 357 360 361 365 366 371 375 378 383 388 389 391 396 398 
115 123 127 128 136 142 144 154 155 157 167 169 172 177 178 182 186 190 194 198 206 211 216 218 224 228 232 233 236 242 243 252 256 257 261 262 271 273 277 278 280 283 287 294 298 300 301 304 307 309 311 315 321 323 327 328 330 334 337 340 342 347 349 351 352 354 361 365 367 370 374 377 381 382 387 392 396 400 403 407 
116 126 128 131 140 146 150 158 160 161 169 170 175 180 181 184 188 193 197 201 209 215 217 219 228 231 233 236 237 243 245 256 257 260 263 267 274 278 282 286 289 293 297 301 304 306 310 311 313 316 318 319 325 326 331 335 337 341 342 344 346 350 354 357 358 362 365 366 371 375 379 383 384 386 391 393 398 404 406 411 
118 129 132 135 144 150 154 162 166 167 170 174 176 184 186 188 191 194 199 202 211 219 223 225 229 232 236 238 241 247 248 260 262 263 265 271 277 279 286 287 293 297 299 303 307 309 313 317 321 323 327 330 333 336 340 341 345 348 352 354 356 359 363 366 369 373 375 378 379 382 386 388 392 395 396 398 400 408 409 415 
121 132 135 138 147 154 158 163 168 171 175 179 181 187 188 191 193 195 200 203 214 221 226 227 233 236 239 241 243 250 254 261 263 264 268 273 280 281 287 289 294 298 301 306 310 314 318 322 325 327 330 331 336 340 341 343 347 351 356 360 363 366 370 371 372 374 377 381 382 385 389 391 394 396 400 402 403 409 411 417 
125 135 138 142 148 156 162 165 170 175 178 181 183 189 193 196 199 201 202 205 217 225 229 230 237 240 244 246 247 252 258 263 265 269 272 277 282 283 290 292 295 299 302 309 311 318 321 324 328 330 332 333 339 341 344 347 350 354 360 363 367 369 373 375 377 381 385 387 391 394 397 400 402 405 406 408 412 414 415 419 
129 138 139 145 150 160 163 166 174 178 179 185 189 190 194 198 202 203 206 209 218 229 231 232 239 243 246 248 252 255 260 264 267 272 275 280 286 289 292 293 296 300 305 311 313 320 322 327 332 333 335 336 341 345 346 351 352 356 361 364 371 375 379 381 384 387 390 394 395 396 400 401 403 409 410 413 416 417 421 424 
131 142 143 146 154 161 164 170 178 181 182 188 190 192 195 201 205 208 211 212 220 231 235 236 240 245 249 250 255 256 262 268 271 276 277 283 288 293 296 299 300 302 309 312 314 323 325 329 335 336 337 340 343 349 352 354 355 358 364 368 374 379 381 382 385 390 392 398 402 403 405 408 410 413 417 420 421 425 428 430 
132 143 144 147 155 164 165 171 180 184 186 190 194 196 197 202 206 210 213 214 222 235 237 240 241 247 252 256 260 261 265 272 275 278 279 286 292 296 300 304 305 306 312 316 318 324 326 330 337 340 341 343 346 352 354 356 357 362 365 369 378 380 385 387 388 393 394 399 406 408 410 414 418 422 423 425 427 431 435 437 
136 145 146 151 159 167 169 175 182 186 188 192 196 197 201 206 208 213 216 220 224 238 240 244 246 250 254 257 264 268 272 274 278 281 285 287 293 299 303 306 309 310 316 317 319 325 330 332 340 342 345 347 349 353 356 359 361 366 368 372 380 382 387 389 393 395 398 403 410 413 416 420 424 427 428 430 433 437 441 444 
140 149 153 156 162 169 173 178 185 190 194 196 200 203 204 208 209 216 219 223 227 241 245 249 250 253 258 260 268 271 273 277 282 285 289 290 295 301 307 311 313 317 318 321 325 329 334 336 342 345 347 348 353 355 360 363 366 370 372 376 383 384 391 395 396 397 399 406 414 416 420 423 427 431 434 435 437 439 445 447 
142 152 155 158 164 171 175 181 187 194 195 199 201 206 208 209 210 217 220 226 230 244 247 250 254 256 262 266 269 275 278 279 285 289 293 294 298 304 308 315 319 320 321 323 328 333 336 337 346 348 352 354 358 361 363 367 370 374 377 380 386 388 395 399 400 401 403 410 416 417 422 424 431 433 435 437 438 440 446 450 
146 156 160 163 165 172 176 182 191 195 199 203 204 208 212 213 216 221 222 230 233 247 250 252 256 257 265 270 271 277 279 280 286 290 295 296 299 308 310 318 323 325 329 333 337 340 341 344 349 353 354 355 361 363 367 369 372 376 380 384 388 391 399 402 404 406 408 412 418 422 423 428 433 435 438 439 441 444 449 454 
147 158 161 166 170 176 177 185 192 196 200 206 208 211 216 219 221 225 228 231 236 248 253 255 258 261 268 273 277 281 285 288 290 293 296 298 301 311 312 321 326 327 330 334 340 341 344 346 353 355 358 359 364 366 371 374 376 380 381 385 392 396 402 406 407 408 412 414 422 424 425 430 434 439 440 444 447 449 453 456 
150 160 163 170 171 180 183 189 194 200 201 207 212 213 218 220 225 229 233 237 241 250 255 258 262 265 272 275 281 285 289 290 291 296 299 303 306 313 317 322 330 334 338 342 345 347 351 352 354 357 360 364 365 370 374 376 380 384 385 388 394 399 405 410 413 415 419 423 424 426 429 434 436 441 445 449 452 454 457 458 
153 164 165 172 175 184 185 193 198 204 206 211 214 216 221 224 229 232 236 241 244 254 258 260 264 266 273 276 282 288 291 295 298 299 300 305 307 317 321 325 334 335 341 346 350 351 353 355 359 363 364 366 370 374 376 378 382 385 388 390 398 403 406 413 415 418 422 427 431 433 436 438 442 444 446 452 454 458 460 463 
156 166 168 174 177 187 189 196 201 206 207 215 217 221 225 229 231 235 240 245 247 257 261 262 268 272 277 278 284 290 293 299 302 304 307 311 314 320 322 327 338 342 343 347 353 355 356 360 364 365 369 373 377 378 379 381 385 387 389 392 399 407 411 414 416 419 423 429 433 436 439 442 444 447 449 455 457 460 461 466 
160 168 169 177 180 191 195 197 204 209 210 217 219 224 229 233 237 238 244 246 249 260 264 268 271 273 278 279 288 294 298 300 304 307 309 312 316 323 327 328 341 346 348 352 356 360 361 362 366 369 371 375 380 384 386 389 392 395 399 401 404 408 414 418 420 422 426 431 436 439 443 446 449 453 456 458 460 462 465 468 
161 170 174 179 183 194 199 203 207 212 214 221 222 226 231 236 240 243 247 248 251 264 267 271 275 278 282 283 291 297 300 303 305 311 313 315 317 326 328 332 344 350 352 353 359 364 366 370 374 377 380 381 384 387 389 392 396 400 401 404 408 411 417 421 424 428 429 432 439 441 447 448 452 457 461 463 466 467 468 471 
163 171 175 181 184 195 200 205 210 216 220 224 226 228 235 237 241 245 250 254 257 265 270 275 278 281 284 287 294 299 304 308 309 313 315 319 321 330 334 335 348 351 355 359 363 365 368 371 375 381 384 387 389 390 392 395 397 403 406 410 411 414 418 423 425 429 430 433 440 444 448 451 454 458 464 467 471 475 478 481 
167 175 177 182 188 196 202 207 214 217 221 226 230 231 239 240 243 249 253 255 259 266 272 277 282 283 286 289 297 301 307 309 313 317 319 321 323 332 337 338 350 353 359 360 365 368 371 375 378 384 387 391 392 394 395 399 402 406 408 412 413 417 421 426 427 433 434 437 441 446 451 454 455 460 466 468 474 476 481 484 
170 179 181 185 191 198 205 209 218 222 224 228 231 232 242 244 247 251 254 259 263 270 273 278 285 287 290 292 300 303 308 311 317 321 325 328 330 334 341 344 353 356 361 362 367 369 372 376 382 388 389 395 397 400 401 402 404 407 411 414 417 418 423 427 428 434 435 438 443 449 455 456 459 463 468 472 478 479 483 486 
173 180 183 186 195 200 206 210 220 223 225 231 234 235 245 248 249 255 257 262 267 274 275 281 286 290 294 298 301 305 310 314 321 324 327 329 331 336 345 347 357 361 364 367 370 371 375 379 386 392 396 398 400 401 404 406 407 408 414 418 421 425 427 431 433 438 440 443 446 453 459 462 465 469 470 476 482 484 485 490 
176 184 188 190 197 201 209 213 223 225 227 233 235 238 246 250 254 257 258 266 269 276 278 284 288 293 298 301 303 306 312 317 322 328 329 333 336 337 346 348 360 362 367 369 372 376 379 383 389 395 399 401 403 404 406 410 412 416 417 422 424 426 431 434 436 442 444 448 449 457 460 465 469 473 475 477 484 488 489 492 
178 186 189 192 200 205 213 214 225 229 232 236 240 244 249 251 258 261 265 268 273 278 279 285 290 294 301 303 306 308 313 319 325 331 333 336 340 342 348 352 363 365 368 372 374 380 384 386 391 399 403 407 409 411 412 416 419 423 427 429 433 435 439 440 441 444 445 449 450 460 463 469 472 475 478 482 487 491 494 495 
180 190 192 196 201 209 214 218 228 232 236 240 241 246 251 254 262 264 268 270 274 282 283 287 294 295 304 308 309 311 317 322 329 333 336 339 344 346 349 353 367 369 370 375 378 384 387 389 394 403 405 411 415 418 420 424 425 428 429 433 437 441 445 448 451 455 457 459 462 465 468 473 476 478 480 486 489 493 498 501 
181 192 193 199 204 210 216 219 229 234 237 241 245 249 252 257 266 267 270 273 278 284 287 289 295 298 305 309 312 316 320 324 332 336 338 343 345 349 352 357 370 374 377 378 380 385 389 391 398 407 409 415 416 420 421 426 429 433 436 437 441 443 447 451 452 456 459 461 466 467 470 474 480 484 487 490 491 494 499 505 
184 195 199 203 208 212 220 223 232 238 241 242 246 251 253 261 268 270 272 275 282 287 291 294 299 303 307 312 316 318 324 326 333 340 342 344 346 353 354 361 373 378 379 382 384 386 393 395 399 408 413 416 420 422 426 427 433 435 437 439 443 446 450 454 455 459 462 464 469 471 473 476 481 486 488 493 494 495 503 508 
186 199 202 207 212 213 221 227 235 239 245 246 250 253 256 264 269 273 276 280 286 290 292 296 300 307 311 314 318 319 327 330 334 343 347 349 352 355 357 363 375 379 381 385 388 392 395 396 401 412 414 418 421 425 428 429 435 439 440 441 446 448 451 457 461 463 464 467 471 472 474 478 482 490 492 495 497 500 507 512 
188 203 207 209 214 215 224 231 236 240 247 250 252 255 259 266 270 275 278 283 290 291 296 299 302 309 313 317 322 326 329 332 335 347 350 351 354 357 360 367 379 382 383 388 390 394 396 397 404 413 417 419 425 429 433 437 441 442 444 447 449 450 455 459 462 465 467 469 472 476 478 479 484 491 495 498 500 501 510 513 
189 204 211 215 217 219 225 234 237 242 249 254 255 258 261 267 273 276 282 284 292 294 300 301 304 313 317 321 324 330 334 337 339 349 354 357 360 363 366 368 382 385 387 391 392 397 398 401 406 417 419 420 426 430 437 439 443 444 448 452 454 455 456 462 466 467 471 475 479 481 484 487 490 494 496 500 502 505 513 514 
190 205 213 219 223 225 226 236 239 246 253 255 259 262 265 271 276 277 285 289 293 297 304 307 309 317 320 324 326 334 338 339 343 350 358 362 363 364 369 371 386 389 391 393 395 400 401 405 407 419 423 426 427 434 441 445 448 449 450 454 455 457 460 464 470 471 472 476 482 486 487 491 495 497 498 502 505 507 517 521 
192 206 214 222 224 226 227 239 242 249 255 256 262 266 267 274 278 281 286 292 294 300 305 308 312 321 322 328 330 336 342 346 347 353 359 365 366 370 374 375 387 392 396 398 401 402 405 407 409 421 427 428 432 436 445 446 449 452 456 460 464 467 470 472 473 474 475 480 486 489 493 497 499 502 503 504 508 509 520 522 
194 209 217 226 229 230 231 240 243 253 258 260 265 267 271 275 280 284 289 293 295 301 308 312 316 323 326 331 334 339 344 349 353 354 360 368 371 375 378 379 390 393 398 402 405 409 412 414 415 423 428 429 435 437 448 450 453 454 457 463 467 471 474 477 478 479 481 484 487 493 494 500 503 507 510 512 516 520 522 526 
197 212 221 229 231 232 234 244 247 254 262 264 269 270 272 277 282 287 290 294 296 304 312 316 319 327 328 334 338 340 346 353 355 357 363 370 373 379 382 386 391 397 402 403 406 411 413 415 418 427 431 435 439 440 452 453 457 460 463 465 471 475 479 480 481 483 487 489 492 494 498 501 506 509 513 514 520 523 527 530 
198 216 224 232 234 236 238 248 250 255 264 267 272 276 279 282 283 288 294 295 298 308 315 318 322 329 333 337 342 344 349 355 358 360 367 373 374 382 383 388 392 398 403 405 410 415 418 420 423 428 433 438 441 442 453 455 460 463 467 470 475 478 482 484 486 487 488 493 495 496 500 505 507 512 517 520 524 526 529 534 
201 218 226 236 239 241 245 249 252 258 268 269 275 278 280 283 285 291 295 299 300 312 316 322 323 333 335 340 345 348 352 359 363 365 368 374 377 383 386 390 395 402 404 407 411 416 421 422 426 432 434 441 442 445 456 458 464 465 468 472 479 482 486 488 491 494 495 499 503 507 508 510 512 514 519 522 525 530 533 535 
204 222 228 238 242 246 249 250 255 261 271 274 277 280 282 285 289 294 297 302 304 316 317 325 329 336 337 343 347 352 353 360 364 366 371 376 378 384 390 392 396 406 410 411 413 419 422 424 429 435 436 445 447 449 457 462 468 470 473 474 483 486 487 491 494 498 500 504 507 510 511 513 516 517 522 523 529 533 534 537 
206 223 231 242 243 248 250 254 258 265 274 275 281 283 284 289 292 297 300 304 305 319 321 329 333 339 342 345 351 356 357 362 367 369 374 379 383 386 394 395 400 408 414 417 418 423 427 430 434 438 440 446 451 454 459 463 469 474 476 478 487 489 493 496 500 501 505 509 511 514 517 521 524 526 530 533 535 539 542 544 
