4 5 7 10 14 15 17 19 22 26 27 28 32 33 34 35 37 41 44 46 50 51 54 56 60 62 63 64 67 68 70 73 74 76 79 81 83 87 91 93 96 99 103 105 109 112 114 115 119 120 121 123 126 129 130 133 136 138 139 141 145 149 153 155 158 159 163 165 166 167 169 173 177 179 182 185 187 191 194 198 201 205 209 211 215 218 219 221 223 224 225 226 229 
6 7 10 13 18 21 23 24 26 27 30 33 37 41 45 47 50 53 55 56 57 58 59 62 63 65 68 69 73 76 78 80 82 83 87 91 92 96 100 102 103 107 110 111 112 114 118 120 124 126 130 132 135 136 138 142 144 147 149 152 155 157 160 161 163 167 168 170 172 176 178 181 185 188 190 194 198 200 202 206 209 213 216 220 221 222 225 226 227 229 230 234 235 
9 11 15 19 22 23 27 29 31 35 38 40 42 46 47 51 54 56 58 61 62 65 66 69 72 73 76 77 78 80 84 87 91 93 94 96 100 103 106 110 111 113 117 120 122 125 129 130 133 135 137 138 139 143 147 150 154 158 162 165 168 169 170 172 176 179 182 184 185 187 189 190 194 195 196 199 202 205 208 209 211 215 220 222 224 227 230 231 234 235 238 241 242 
12 16 17 22 25 26 28 33 35 36 42 44 48 51 53 54 56 58 60 65 69 70 72 73 75 79 82 83 84 87 91 95 98 102 105 107 109 111 113 116 120 124 128 132 136 139 143 147 149 152 155 158 160 161 164 168 172 176 179 182 183 186 189 190 192 194 198 200 201 205 208 209 211 215 219 222 225 226 227 228 232 236 238 239 241 242 243 246 248 251 253 256 260 
15 18 22 23 28 29 30 35 36 37 45 47 50 53 54 55 60 61 62 67 72 75 78 79 80 84 86 87 88 91 92 96 101 104 109 112 113 117 118 121 125 126 130 133 137 142 147 149 150 153 159 160 163 165 169 171 174 180 183 186 190 191 192 193 194 195 201 204 205 208 209 210 214 219 221 226 227 230 233 236 238 239 242 245 247 251 253 255 259 260 262 265 266 
16 19 25 28 31 34 37 40 44 48 49 50 54 58 60 64 66 67 69 70 74 77 81 84 87 89 92 94 98 102 104 107 110 111 114 118 119 121 123 126 129 133 137 141 142 144 149 151 154 156 161 163 164 169 170 172 176 184 187 190 192 195 198 201 202 204 207 210 212 213 215 217 219 221 225 229 231 232 237 238 239 243 245 247 250 252 255 258 262 264 266 270 271 
20 22 29 31 32 35 39 41 47 51 52 55 57 60 62 67 71 75 79 82 83 86 88 89 93 94 96 99 101 106 107 110 111 115 116 120 122 125 126 130 131 135 138 145 148 151 155 157 160 163 167 171 173 175 177 178 180 185 188 191 193 196 199 202 204 208 210 213 215 217 220 223 225 227 230 233 236 238 240 243 246 250 251 255 257 259 261 265 269 271 274 277 279 
23 26 30 35 38 42 44 46 49 54 58 61 63 66 67 69 75 79 81 83 85 88 92 96 100 101 102 105 109 113 117 119 122 126 130 133 135 137 140 142 143 145 149 153 156 160 162 166 168 172 176 179 181 185 187 191 194 195 197 201 204 208 210 211 213 216 219 221 224 227 229 233 237 239 240 244 248 252 256 258 259 263 267 268 271 273 276 277 280 283 284 288 289 
26 30 33 38 39 46 48 49 53 56 62 63 64 68 69 71 79 81 83 85 88 92 94 100 104 107 109 110 114 118 120 121 125 130 132 137 138 141 142 144 148 151 153 157 160 161 166 169 173 177 178 181 182 187 189 194 198 202 204 207 208 212 213 215 216 218 222 223 226 231 233 236 241 244 246 250 252 256 257 262 263 265 269 273 275 279 282 283 286 289 290 294 296 
28 34 36 41 43 50 54 58 62 64 67 70 74 76 79 81 83 84 85 87 91 96 99 103 106 109 111 112 115 119 122 126 129 133 137 141 145 148 152 154 157 159 162 163 167 170 172 173 174 181 185 189 190 191 193 198 199 203 206 211 213 214 218 222 225 228 232 235 239 241 242 245 248 252 253 256 259 263 265 268 271 275 277 279 282 284 287 288 292 293 295 296 298 
29 36 39 42 45 52 55 59 65 68 69 71 77 80 84 87 90 92 96 100 101 104 106 109 111 115 116 119 121 123 125 129 130 135 140 144 147 151 155 158 161 163 167 171 172 174 177 179 182 184 186 193 195 198 202 203 205 209 211 214 215 217 222 224 226 229 234 238 242 243 245 246 252 256 260 261 263 265 266 270 273 279 283 286 290 291 292 296 298 302 303 307 310 
33 38 41 44 48 53 56 63 69 72 73 76 79 82 87 91 95 97 98 103 106 107 109 110 113 119 120 123 125 127 130 134 135 139 143 146 150 155 159 163 165 167 169 175 178 182 185 187 188 189 193 194 198 201 203 204 207 213 214 216 218 219 223 228 229 232 236 241 244 248 251 255 257 259 264 265 269 272 274 278 280 282 285 288 294 298 301 304 305 308 310 313 314 
34 40 42 48 49 55 60 67 72 73 76 79 81 86 90 94 96 98 101 106 107 111 114 115 118 121 123 127 131 135 138 142 143 145 146 148 153 156 160 166 167 170 174 176 180 184 189 191 195 198 199 201 203 207 210 211 213 217 220 222 225 229 232 236 240 242 245 248 250 251 252 257 261 264 266 267 272 273 276 280 281 285 288 290 295 302 306 308 309 310 311 317 319 
38 41 46 49 51 57 61 71 74 76 78 80 82 89 92 98 102 103 104 108 110 112 117 121 125 129 131 134 137 139 141 146 148 150 154 155 159 160 162 169 173 175 177 178 183 187 191 195 197 202 203 205 207 209 211 213 214 218 224 227 231 235 236 239 241 246 247 249 251 255 257 260 264 268 272 274 277 279 283 286 288 292 293 294 298 306 309 312 314 318 320 323 325 
40 42 47 52 56 58 63 73 77 78 80 84 85 90 95 102 103 107 110 114 116 119 122 126 128 131 132 137 138 142 143 148 149 154 156 158 162 166 170 172 174 177 178 181 184 188 195 198 200 204 206 208 209 211 215 217 220 224 228 232 235 238 242 246 247 248 249 250 253 258 260 262 267 270 274 276 278 282 285 287 291 294 295 298 302 309 310 314 318 319 321 324 326 
42 44 51 56 59 63 65 77 80 82 84 85 89 93 99 105 108 112 115 118 121 125 128 129 132 134 135 139 143 145 147 149 151 158 162 164 166 170 171 174 176 181 183 184 188 191 197 200 204 208 211 215 216 219 222 226 229 230 232 233 236 242 244 247 248 249 250 253 254 259 263 267 269 272 278 280 283 285 289 293 296 300 301 302 304 312 316 320 324 327 331 335 339 
43 48 55 59 61 67 71 78 84 88 91 94 95 96 102 108 111 115 116 121 123 127 130 134 136 138 139 141 144 147 148 151 155 162 163 166 169 171 173 178 179 185 189 191 192 194 200 202 205 212 214 216 220 224 226 227 233 234 238 242 243 246 250 251 252 254 257 259 262 263 264 268 272 273 282 284 287 290 293 297 299 302 304 308 309 314 320 324 328 329 335 338 341 
44 49 59 60 65 71 74 80 88 89 94 97 101 104 108 112 115 116 117 122 125 129 134 137 141 142 143 144 148 150 151 152 159 163 164 168 171 172 174 181 184 189 191 192 196 198 201 203 207 216 220 222 224 227 231 232 235 239 243 246 250 254 256 257 259 260 261 263 264 268 272 274 276 280 286 288 292 293 296 300 303 304 308 310 314 315 322 328 329 331 338 340 344 
46 53 60 61 68 73 76 82 91 92 97 99 103 107 109 114 118 122 124 125 129 132 136 140 143 146 149 152 153 156 158 161 165 168 169 170 174 178 179 185 186 192 195 199 202 206 210 214 217 221 225 228 230 231 235 239 243 245 246 249 252 256 259 263 266 267 270 271 275 278 282 286 287 290 292 294 296 298 300 302 306 310 312 313 316 319 323 331 333 337 339 344 346 
48 54 64 67 69 75 77 84 92 94 100 101 106 108 110 118 121 126 130 133 135 137 141 144 146 147 152 155 157 158 161 165 167 172 176 179 182 184 185 187 190 193 198 200 204 210 212 216 220 223 228 229 233 236 237 243 246 250 254 258 259 263 267 268 270 273 274 276 277 279 286 287 291 293 294 298 301 305 306 310 314 315 318 322 324 328 332 333 336 339 342 346 350 
50 55 67 68 70 79 83 87 94 96 102 104 109 113 114 120 123 128 131 136 140 142 143 146 148 151 154 156 159 160 163 169 172 175 178 180 186 190 194 196 198 202 205 208 210 212 216 217 223 226 231 233 236 237 241 247 251 252 258 260 261 264 270 272 276 280 282 283 284 286 288 289 294 296 298 301 304 307 308 314 318 321 324 328 329 333 334 335 340 342 343 348 354 
53 56 69 71 74 81 84 90 97 99 104 108 113 116 117 122 127 129 133 138 144 146 148 152 154 157 160 161 162 165 166 170 174 179 182 185 188 193 196 197 200 203 209 210 213 215 218 221 227 230 233 237 241 242 244 248 253 257 261 262 264 265 273 277 280 282 285 289 291 295 297 298 302 306 309 310 311 314 318 320 323 326 330 333 336 340 342 343 345 349 352 354 355 
56 60 71 73 75 85 86 91 98 102 108 112 117 120 121 126 130 134 136 139 148 150 151 154 155 159 163 165 167 171 174 178 182 183 186 190 194 197 200 204 208 211 213 214 217 218 220 225 228 232 234 239 243 244 248 249 256 261 262 266 270 274 278 281 283 284 289 292 295 296 300 303 305 310 311 312 314 318 319 322 327 331 335 338 342 346 349 353 354 358 361 362 366 
60 61 74 75 79 88 89 93 100 103 110 115 121 122 125 130 132 138 142 143 151 154 157 159 163 164 168 171 175 176 179 182 183 184 187 194 196 198 202 208 212 215 219 221 224 227 230 232 235 238 242 244 247 251 252 254 259 262 264 268 272 277 282 284 288 291 292 294 297 301 305 306 310 313 314 317 319 321 322 325 329 335 339 342 344 350 351 355 356 359 364 366 367 
64 65 75 77 81 90 94 96 101 105 114 118 123 126 127 132 133 141 143 147 153 158 161 165 169 171 173 177 178 182 183 186 188 191 195 199 202 204 208 210 216 220 222 226 229 233 235 236 239 241 246 250 251 254 256 257 263 264 267 270 273 278 285 289 290 294 297 301 303 307 308 312 313 316 320 324 326 329 332 336 337 341 343 344 348 351 355 358 359 360 366 368 372 
65 67 77 80 84 93 96 97 102 107 116 121 126 130 133 135 139 143 147 150 157 159 163 167 171 172 176 180 182 184 187 189 191 193 197 203 207 210 212 215 219 224 228 231 235 238 241 243 246 249 253 254 258 262 263 266 268 269 272 275 277 281 286 291 292 296 300 302 306 308 311 314 318 319 321 327 328 330 334 339 343 347 351 354 355 357 358 359 362 363 369 371 375 
66 70 80 83 87 96 99 101 104 108 117 123 130 131 136 137 141 147 151 153 160 164 168 170 172 173 177 183 184 188 192 194 196 200 204 206 210 212 215 219 220 226 232 234 238 241 242 245 250 252 256 259 260 264 265 270 272 274 275 277 278 284 287 295 297 301 304 305 307 312 313 317 319 322 323 329 332 335 337 343 346 348 354 357 361 363 365 366 369 370 371 373 378 
69 72 81 86 89 97 102 106 107 109 119 124 131 133 137 139 143 151 155 157 161 166 171 173 176 180 183 186 190 193 196 199 201 204 205 208 214 215 216 222 225 227 234 238 242 245 246 250 253 255 259 263 266 270 271 272 274 276 278 282 286 287 289 299 302 303 308 309 310 316 319 320 324 327 330 331 336 337 341 347 351 355 359 362 363 366 368 370 373 377 379 380 382 
70 76 83 88 93 101 106 107 108 112 123 125 135 137 140 144 146 155 156 159 164 170 174 175 177 181 185 188 193 197 199 202 204 205 209 213 215 217 221 223 228 229 237 242 246 250 252 253 254 256 262 267 269 272 276 279 281 282 284 285 289 293 295 302 304 306 310 314 315 318 322 323 325 329 331 333 339 340 345 348 352 356 361 363 365 368 369 371 377 378 380 381 386 
74 77 87 89 97 105 109 110 114 117 127 128 136 141 143 146 150 158 160 163 165 171 175 178 181 182 189 191 194 198 203 206 210 214 216 217 218 222 223 225 232 236 238 243 247 252 254 257 258 260 264 269 271 274 279 282 286 288 290 294 298 302 303 304 308 309 314 318 322 325 329 333 335 336 339 342 346 347 351 355 358 359 365 368 372 375 377 380 382 386 388 389 390 
78 80 89 91 98 106 112 113 116 119 130 132 140 144 147 148 154 160 161 164 167 174 177 179 182 184 193 195 196 202 205 210 214 218 221 223 226 230 234 236 239 240 242 247 250 253 256 260 264 266 269 270 275 279 281 285 288 292 294 297 300 304 307 311 313 315 316 319 323 326 331 336 340 343 345 346 348 349 353 356 360 364 366 370 374 378 379 383 387 388 391 392 394 
82 85 91 95 99 108 116 120 121 125 132 136 141 148 150 151 156 164 168 171 172 176 180 183 187 189 194 197 201 205 209 212 215 220 224 227 229 233 236 238 242 244 246 248 251 254 259 264 266 270 271 275 277 283 285 286 292 293 298 300 302 305 308 315 317 320 322 324 326 328 333 337 341 347 349 351 354 358 362 363 367 371 374 376 380 384 386 389 390 392 394 396 397 
84 87 94 96 100 109 120 123 126 128 133 139 144 149 154 157 160 167 169 173 176 177 181 186 191 192 197 200 203 208 213 216 219 221 227 229 232 235 239 243 245 248 249 253 255 257 262 266 269 272 274 278 280 287 290 294 298 300 304 305 308 311 313 317 321 322 323 327 329 332 335 341 343 348 351 354 357 359 365 367 370 374 378 382 383 388 389 392 394 395 399 401 404 
86 88 95 97 104 112 121 126 130 132 137 142 145 153 157 160 164 168 173 176 179 183 184 190 194 195 200 203 207 212 217 219 223 226 230 233 235 239 242 247 250 253 255 257 258 259 264 268 272 274 277 282 285 289 292 296 299 301 307 309 311 312 314 318 325 329 331 334 335 337 340 342 344 352 354 355 359 363 369 372 373 377 381 386 387 389 391 396 397 398 401 402 406 
90 93 96 101 106 116 123 129 133 134 139 146 149 155 159 162 167 172 176 178 182 186 190 194 198 201 204 205 211 214 221 225 226 229 233 235 239 240 245 251 252 254 257 260 262 265 269 271 274 276 279 284 287 293 294 298 303 305 309 311 313 316 320 321 328 331 335 336 339 342 346 349 353 357 361 365 367 368 371 375 378 381 385 389 392 394 396 398 401 405 408 410 411 
94 98 99 102 107 117 125 132 134 137 140 148 150 158 162 166 171 176 178 181 184 190 192 197 201 203 208 209 213 218 225 229 232 233 237 240 241 243 247 255 259 263 265 269 271 275 278 280 283 286 287 291 295 298 300 303 306 310 312 314 315 319 321 324 331 333 339 340 343 347 350 351 356 358 362 367 369 370 372 378 381 383 387 391 395 396 397 400 403 406 409 412 414 
95 99 102 103 108 119 127 136 138 139 143 150 154 162 165 170 175 179 181 183 188 193 196 199 205 207 210 212 215 222 226 230 234 235 239 242 245 246 249 258 261 267 271 272 276 279 283 287 291 292 294 296 299 302 304 308 312 315 317 318 320 322 324 325 333 334 340 341 345 351 353 355 357 359 365 368 373 374 375 381 385 386 391 393 397 400 401 405 408 412 416 420 423 
96 101 103 106 109 123 128 139 142 145 147 154 157 164 168 173 177 183 187 189 190 196 200 204 206 211 215 217 221 226 229 233 236 238 242 244 249 252 255 259 263 270 274 276 279 281 285 288 294 295 298 300 302 305 306 310 315 318 322 326 328 331 334 336 340 344 347 349 353 357 358 362 366 368 369 372 377 378 379 382 387 391 394 396 398 404 408 410 411 416 420 421 426 
98 105 108 111 112 127 131 143 146 148 152 158 161 166 171 176 178 185 188 190 191 197 201 206 208 212 219 223 227 231 235 236 239 242 246 248 253 256 259 261 264 273 276 277 283 286 289 291 297 299 300 303 305 306 310 313 318 321 326 329 331 333 337 340 343 348 349 352 357 358 359 365 367 371 374 377 378 381 382 386 388 395 398 401 402 408 409 411 412 419 423 427 431 
101 108 109 115 117 129 135 144 148 151 153 160 164 169 172 180 182 187 190 192 194 200 202 208 210 213 220 227 231 233 236 237 241 243 248 249 257 261 264 268 272 274 280 282 285 289 291 295 301 304 306 308 311 314 315 317 320 324 328 333 336 338 339 342 345 351 353 357 361 362 364 368 369 374 377 381 385 386 389 391 393 398 400 403 404 409 410 412 416 420 425 428 433 
105 111 112 119 122 133 137 146 149 152 154 162 167 173 174 184 185 189 194 198 200 204 205 212 215 219 221 228 233 237 241 242 246 250 254 255 258 263 268 271 275 276 282 283 286 291 292 299 302 306 307 311 313 316 317 318 323 328 331 334 337 341 342 343 346 355 357 360 362 364 368 371 373 378 382 384 386 387 392 394 395 399 401 407 410 412 414 417 421 423 426 429 435 
108 115 118 121 125 137 139 149 152 154 157 163 169 176 180 186 187 192 195 199 202 207 211 214 216 222 223 232 235 238 245 249 250 252 255 257 259 267 269 273 276 277 283 284 287 295 298 300 306 308 310 314 316 319 320 323 325 330 335 336 338 345 347 348 350 358 359 363 365 366 370 373 375 381 385 389 391 392 394 398 399 400 403 408 411 416 418 422 425 428 430 433 437 
110 119 120 125 126 139 140 153 156 160 162 164 170 179 181 188 190 193 199 203 204 209 215 217 218 225 226 235 236 241 246 250 252 254 257 261 263 268 270 274 280 283 284 288 291 298 299 304 307 312 314 316 317 323 325 327 329 331 339 340 341 347 351 353 355 359 363 364 368 372 375 377 380 385 388 393 397 398 400 402 405 406 408 410 413 420 421 424 429 432 434 436 440 
111 123 126 128 131 141 144 155 160 161 166 167 172 182 185 192 194 197 202 207 208 212 217 221 224 228 232 237 241 245 247 253 256 257 261 263 264 270 272 278 281 285 286 292 293 300 302 306 308 315 317 319 323 324 327 329 333 335 342 346 347 351 355 357 361 362 365 366 369 373 377 381 383 386 391 397 398 402 405 407 410 411 412 415 418 421 422 425 431 436 437 439 443 
112 126 127 131 133 144 145 159 162 165 169 172 176 186 188 193 196 201 203 211 213 215 221 225 226 232 235 241 242 249 253 254 257 258 263 265 268 273 275 279 283 287 288 296 297 303 306 307 312 317 318 323 324 327 331 332 337 340 344 348 350 355 356 359 363 367 370 374 377 378 380 383 385 388 392 399 403 406 408 411 412 414 415 418 419 423 424 426 432 437 440 442 447 
115 128 129 133 137 146 147 161 164 168 170 173 178 189 193 196 197 204 206 213 217 220 222 226 228 234 239 244 248 252 256 259 263 265 268 272 275 276 277 283 284 288 289 300 302 307 311 312 315 321 323 325 329 331 333 336 339 342 347 349 353 359 362 365 366 368 372 375 378 380 384 388 392 393 397 401 405 410 411 412 414 415 417 421 422 427 431 433 436 440 441 444 448 
118 132 133 134 138 150 152 162 166 170 174 176 180 190 197 201 205 208 212 217 221 224 227 231 235 236 242 247 251 253 257 261 267 268 270 276 280 283 285 286 287 292 295 301 303 309 312 315 316 324 325 326 333 335 337 340 341 344 348 350 356 363 365 369 371 372 376 378 382 383 385 391 394 396 400 404 409 411 414 416 418 422 426 427 428 429 433 437 441 442 445 449 453 
120 133 137 140 143 154 158 165 167 174 176 180 182 193 200 205 209 211 214 219 223 227 229 234 239 242 244 248 253 256 260 262 271 273 277 281 283 287 290 294 295 299 303 307 310 313 316 320 324 326 327 331 336 339 340 344 348 351 353 357 359 364 369 370 375 379 382 386 388 392 393 397 399 400 401 405 413 414 418 422 423 426 429 430 434 435 437 440 442 444 449 450 454 
122 136 141 145 146 155 162 169 172 178 180 181 184 194 204 209 213 216 220 221 227 228 233 238 240 243 247 252 254 260 263 264 273 275 278 283 287 289 292 295 296 300 306 308 312 317 318 323 328 331 332 333 338 340 341 348 352 353 354 361 365 368 372 373 377 380 385 387 390 396 399 403 407 409 411 415 419 420 422 423 424 428 430 434 438 439 442 444 446 448 453 457 460 
125 138 142 149 152 158 166 171 175 180 184 187 188 198 207 211 216 217 222 223 230 231 235 241 242 245 248 254 256 263 267 270 276 279 282 284 290 292 296 298 301 305 307 309 313 320 323 325 331 335 338 341 342 346 348 351 354 355 356 364 369 370 376 379 382 386 390 391 395 398 402 405 411 412 415 416 420 421 425 429 432 434 437 441 445 446 450 453 454 457 459 461 465 
129 139 145 150 154 161 169 175 176 181 188 190 192 202 211 213 219 223 225 228 232 233 236 243 245 249 252 257 260 265 268 274 277 281 284 287 293 295 299 302 305 307 310 311 314 324 325 327 334 338 340 342 345 347 350 354 358 359 360 367 373 377 378 381 384 387 394 398 402 406 409 412 416 419 422 426 428 429 433 435 438 441 442 445 446 447 453 455 457 460 463 464 468 
131 141 146 152 157 165 170 177 179 183 191 195 198 204 213 217 220 226 229 232 233 237 240 244 247 253 255 261 262 269 272 278 281 284 287 288 297 298 303 304 308 312 314 318 319 326 328 329 337 342 346 347 349 353 354 358 359 363 367 370 375 380 381 383 388 391 398 401 403 410 414 416 420 424 427 429 431 433 436 440 442 444 447 451 452 453 454 457 460 464 466 469 470 
134 142 147 155 158 169 172 179 183 187 195 199 203 207 214 219 224 228 231 233 237 239 243 246 251 255 257 264 265 270 276 279 285 286 290 294 300 301 307 308 311 314 317 320 323 327 329 332 340 345 349 350 352 356 359 363 365 366 370 373 377 383 384 387 389 395 402 404 405 411 418 421 423 426 431 433 436 437 440 442 443 447 449 454 456 457 461 464 468 470 474 478 479 
136 146 149 157 160 171 176 183 184 188 199 201 205 208 215 223 227 231 232 236 238 240 244 248 255 258 260 267 270 274 280 284 288 290 291 298 304 305 311 315 319 323 326 328 332 333 335 336 343 347 352 353 357 359 363 365 369 370 371 376 380 384 385 391 394 397 404 407 411 414 420 424 425 428 432 434 439 442 443 447 449 452 454 456 459 463 467 469 473 476 477 479 480 
137 148 152 158 164 174 179 187 190 191 201 205 206 209 217 225 229 234 235 239 241 242 246 252 257 259 262 271 272 276 284 287 289 294 295 300 308 309 312 317 322 326 328 331 334 335 338 339 345 350 356 357 358 361 364 368 371 372 374 379 382 386 389 393 396 401 408 411 413 416 421 425 426 430 434 437 443 445 447 451 454 457 458 460 464 467 471 475 479 483 486 490 491 
139 150 156 162 168 176 183 191 193 197 202 209 212 215 219 229 230 237 239 242 244 246 248 256 258 260 266 275 277 278 288 292 295 298 300 303 309 311 313 320 323 328 331 332 338 342 346 347 349 352 359 360 364 365 369 371 374 378 380 382 385 389 390 395 398 402 411 413 416 420 422 427 428 431 436 438 447 451 454 456 460 462 463 464 465 470 475 479 481 486 490 491 492 
143 153 160 164 169 180 186 192 195 198 206 213 217 218 220 233 237 239 240 244 245 248 252 257 259 261 268 278 279 281 291 294 297 301 302 306 310 312 317 322 325 331 333 336 342 346 347 348 350 353 361 362 368 372 376 379 381 385 386 388 389 391 393 399 402 403 413 417 420 423 424 428 432 433 437 439 450 454 455 459 461 463 467 469 471 472 478 483 487 489 492 496 500 
144 157 164 167 171 183 187 194 196 202 209 217 218 219 222 237 241 242 244 245 247 251 253 260 264 266 271 280 281 283 292 295 301 304 307 310 313 317 321 325 329 332 334 337 344 349 351 353 355 356 363 364 369 375 380 383 384 389 392 393 394 396 397 400 405 406 416 420 422 426 427 432 434 435 441 443 453 457 460 461 462 465 471 475 478 480 483 484 490 493 494 499 502 
146 158 167 168 174 187 189 196 197 203 211 221 223 227 229 238 242 246 248 250 254 255 258 262 267 271 274 281 285 286 294 297 304 307 308 314 318 322 324 327 331 335 336 339 346 351 352 357 360 362 366 368 370 379 381 384 387 390 394 395 399 401 404 405 409 410 417 423 425 429 431 435 436 439 445 449 456 460 462 463 466 468 474 478 480 484 486 489 492 495 498 502 503 
150 160 168 172 178 190 194 197 200 207 214 223 227 231 233 242 246 248 251 252 255 259 262 265 271 274 277 285 287 290 296 300 308 309 311 315 320 324 328 331 335 337 341 342 349 354 357 358 361 364 369 373 374 380 382 387 389 394 398 402 406 408 411 415 416 418 421 424 429 432 434 436 440 441 449 451 460 464 468 472 474 476 479 482 485 489 491 495 498 500 503 505 509 
154 163 169 173 182 192 195 201 203 210 217 226 229 234 237 244 248 249 253 254 257 260 265 268 272 276 278 288 290 292 298 302 309 312 315 317 323 326 332 335 338 339 344 347 352 355 358 359 364 366 372 375 379 384 386 389 391 396 399 406 408 409 414 418 421 422 425 428 431 436 440 443 445 447 451 452 462 467 469 474 478 482 484 485 487 492 495 498 502 505 506 508 513 
157 167 170 177 184 196 197 204 207 213 219 228 231 237 241 245 252 255 259 263 264 267 270 272 273 280 281 291 293 296 299 303 311 315 319 321 324 330 334 338 339 342 346 348 356 357 359 362 368 372 373 377 380 387 388 393 397 401 404 408 411 415 417 421 422 423 427 431 435 440 444 445 448 450 453 456 466 468 473 475 479 486 488 491 495 499 502 503 504 508 512 515 519 
161 168 174 180 185 200 204 205 208 215 220 231 232 239 242 249 255 257 262 264 265 268 273 275 278 281 284 293 296 299 301 306 312 318 323 327 330 331 338 340 344 347 351 353 357 359 360 363 371 374 375 381 383 390 393 397 400 405 409 412 416 417 419 422 424 428 429 432 436 443 446 449 450 451 457 460 469 471 477 480 483 489 492 494 498 503 505 509 511 512 515 518 521 
164 171 175 182 189 202 207 208 211 217 221 234 238 243 244 253 257 258 264 266 268 271 277 279 281 282 288 294 300 301 305 307 316 321 325 328 331 332 342 343 346 348 354 356 358 360 364 366 375 376 377 382 387 392 396 399 404 408 413 414 420 421 423 424 427 432 433 434 437 447 450 451 455 459 460 461 472 475 481 482 487 490 494 497 500 504 509 510 515 516 518 519 523 
167 175 176 185 193 204 210 213 217 219 223 236 239 245 247 254 260 264 266 268 272 276 279 282 285 288 292 295 301 305 308 311 318 325 328 329 334 337 343 347 351 355 358 361 363 366 368 372 379 380 383 387 389 396 399 400 407 412 416 419 422 425 428 431 433 436 440 443 444 451 454 455 457 461 463 466 476 480 484 487 491 494 495 498 503 507 512 516 519 522 525 528 530 
169 176 180 188 194 206 212 215 221 222 225 240 243 246 251 258 263 267 270 272 275 277 281 285 286 292 294 296 303 307 309 314 319 326 330 332 337 340 347 349 355 358 362 366 367 369 371 374 380 382 387 388 393 397 403 407 409 415 419 420 423 429 430 432 437 439 444 447 450 455 458 460 464 466 469 470 477 481 485 491 493 497 501 502 506 511 514 518 523 527 530 531 532 
173 177 184 191 197 209 213 216 223 226 229 241 245 248 252 262 264 268 273 275 276 279 284 287 290 293 296 298 304 309 312 317 321 329 332 336 340 344 351 353 357 361 365 370 373 377 378 381 383 387 389 390 396 399 407 408 413 418 421 422 424 433 435 437 438 441 447 449 451 458 461 465 467 469 470 474 479 484 486 492 495 500 505 506 509 515 516 520 527 530 534 535 536 
174 181 186 194 200 212 215 219 224 227 230 245 248 252 256 264 265 271 276 277 278 281 286 289 292 294 297 299 307 311 316 319 323 330 333 338 341 346 354 356 361 363 367 371 376 379 381 384 386 388 390 392 400 402 409 413 415 420 425 426 427 434 438 442 445 448 450 451 454 459 464 466 468 470 474 476 480 486 489 496 498 504 507 510 514 518 520 522 529 533 535 539 542 
178 183 189 198 203 215 216 221 225 230 234 248 249 253 257 265 267 274 278 282 286 287 290 292 296 297 299 302 310 314 320 322 327 334 337 342 346 348 357 358 365 369 371 373 379 381 383 387 389 391 394 396 403 405 413 417 421 424 426 428 432 438 439 444 448 451 455 459 463 466 467 468 471 472 475 480 481 488 491 500 501 508 510 512 518 522 523 524 533 535 539 542 546 
182 187 192 201 204 218 219 223 229 231 237 249 252 257 260 266 268 276 282 285 288 290 293 296 298 301 303 304 314 318 324 328 329 338 341 345 350 354 360 362 368 373 374 378 381 385 386 389 393 395 397 398 404 406 416 418 424 428 431 434 438 442 444 445 451 454 459 460 467 470 473 475 476 478 481 485 488 492 495 504 508 511 514 517 520 526 529 531 534 536 540 545 550 
185 189 196 203 207 220 224 226 231 234 240 250 254 258 263 267 270 277 286 290 292 295 299 302 306 309 312 313 316 322 328 331 333 339 344 346 351 358 361 364 369 376 378 380 385 388 391 395 399 403 404 406 409 412 420 424 428 432 436 438 442 445 448 450 452 455 461 462 468 471 476 477 478 481 483 487 489 496 497 506 511 513 515 519 522 528 531 532 538 540 541 546 554 
186 193 200 205 209 223 226 228 234 237 241 254 256 260 266 268 272 279 288 294 298 302 304 308 311 312 313 316 320 325 331 332 335 340 348 352 353 361 363 366 370 379 381 385 386 392 394 399 400 405 407 408 413 417 423 428 432 435 440 441 446 449 452 454 458 460 463 466 470 475 477 481 482 485 489 491 494 497 501 508 515 519 521 523 527 532 535 537 542 545 546 547 557 
187 197 204 207 211 224 230 233 235 239 245 255 260 264 270 273 277 280 290 295 301 306 307 311 313 315 316 318 323 329 333 335 336 341 350 354 357 364 366 368 371 380 385 386 387 395 399 401 402 407 409 413 415 421 427 431 435 437 443 445 450 454 458 459 461 464 468 471 473 476 480 485 486 487 491 494 496 499 502 511 516 522 526 530 533 534 537 541 545 547 551 555 560 
190 200 207 211 213 225 232 236 238 240 246 256 263 266 272 276 279 281 291 297 305 309 311 313 315 317 320 324 327 330 335 338 341 343 354 358 361 367 369 370 372 384 388 391 394 397 403 407 409 411 414 418 421 425 431 432 437 439 444 448 451 458 461 465 468 471 475 476 478 481 482 487 490 491 495 496 497 500 504 515 519 525 527 531 537 540 541 542 549 553 555 557 564 
194 201 210 214 216 229 233 240 241 245 247 258 264 267 273 280 284 288 295 299 308 312 315 317 319 322 326 330 333 337 340 342 344 345 356 360 362 369 373 376 378 385 390 393 395 400 406 411 412 416 420 424 428 432 434 437 439 440 445 452 453 460 464 467 471 473 479 482 485 488 489 493 496 498 502 506 507 509 510 519 520 528 531 535 541 542 544 546 553 557 559 562 567 
198 202 212 217 220 231 237 241 245 247 248 262 267 269 274 282 285 289 298 300 312 315 317 318 320 324 327 333 336 341 344 347 349 353 360 361 363 373 374 380 384 386 391 397 401 404 409 414 418 420 421 428 430 434 435 438 442 443 447 453 455 462 465 471 475 477 481 484 488 490 494 495 497 501 506 508 511 512 515 520 521 530 534 536 543 546 548 551 555 559 563 566 569 
201 206 213 220 224 234 240 243 248 252 253 264 268 270 276 286 290 294 301 303 314 317 320 321 323 327 328 337 339 345 347 350 352 355 363 367 368 375 377 383 386 387 393 401 404 408 412 418 420 421 424 429 431 438 440 444 448 452 456 457 459 465 468 472 479 480 482 487 490 491 496 498 500 505 507 509 515 517 519 522 525 532 536 538 544 547 551 553 556 561 566 568 573 
205 208 214 224 227 235 241 247 251 254 258 267 270 272 277 287 293 298 304 308 315 319 324 326 328 331 332 338 341 349 353 355 358 362 365 368 371 377 380 384 389 391 394 402 405 409 415 419 424 425 429 430 434 440 444 446 450 454 460 461 462 469 471 474 481 485 487 490 494 496 497 501 503 506 508 513 519 523 526 530 532 536 537 540 545 550 555 559 561 565 568 569 575 
207 209 217 227 230 236 243 250 255 259 261 270 273 274 280 289 296 302 306 309 318 323 325 328 330 332 335 340 342 352 356 359 363 367 371 373 377 378 381 388 391 394 396 406 409 412 417 423 427 430 431 435 439 444 447 448 451 458 463 464 467 473 476 480 485 487 489 491 496 500 501 503 505 510 513 517 522 526 529 534 535 540 542 544 548 554 559 561 564 567 571 574 578 
208 211 221 228 233 239 247 252 257 260 263 274 275 279 283 292 297 306 308 313 321 327 329 332 334 337 338 343 346 354 360 362 366 368 373 377 378 381 384 392 395 397 400 407 412 413 418 424 428 432 434 436 440 446 449 451 454 460 464 465 468 477 481 482 488 490 493 495 500 501 504 506 510 511 514 518 526 529 531 538 540 544 547 550 554 558 562 566 570 572 575 577 581 
212 216 224 231 236 243 248 255 259 264 268 278 280 282 287 296 298 309 312 316 325 329 331 335 339 341 342 345 350 356 364 366 367 371 375 381 382 383 388 396 399 402 405 408 413 417 420 425 431 436 438 440 444 449 450 455 458 461 465 466 470 480 482 486 492 493 494 499 502 506 508 512 514 518 519 523 528 531 535 539 541 545 551 553 556 559 566 567 573 575 576 579 585 
213 217 227 234 239 244 252 256 261 266 271 282 284 286 290 300 304 312 313 320 326 331 334 338 341 342 344 349 353 359 365 370 372 373 376 382 385 389 390 398 401 403 408 411 416 420 423 426 432 437 440 441 446 453 455 457 462 466 470 471 475 482 486 488 494 498 502 505 508 511 515 518 519 520 524 526 530 535 537 540 544 548 555 557 558 561 570 573 577 580 584 586 588 
215 220 228 235 243 245 253 260 265 269 274 286 287 291 295 303 308 315 319 324 328 335 337 339 345 348 350 354 355 362 369 374 377 379 380 385 386 391 394 402 403 404 410 412 420 424 427 428 434 439 442 445 449 457 461 462 464 467 472 474 477 485 489 492 498 501 506 507 512 513 518 520 521 524 528 529 532 539 540 541 545 549 557 560 561 565 574 576 581 584 586 590 591 
218 222 232 237 244 249 254 262 266 273 276 290 293 297 299 307 310 317 322 327 331 339 340 342 349 351 353 358 361 364 373 377 380 383 385 386 390 394 396 403 404 407 411 415 421 426 428 430 438 441 444 449 453 460 463 466 468 470 475 478 482 488 493 497 502 504 510 511 516 520 522 526 529 530 534 535 539 541 543 546 548 551 559 563 567 568 577 581 585 589 590 593 594 
222 226 235 238 248 252 255 264 269 277 281 293 297 300 304 310 314 320 326 329 332 343 344 346 352 353 355 361 364 368 376 381 382 387 388 390 394 397 401 404 405 408 415 418 422 428 432 434 439 444 445 452 455 463 464 467 470 473 477 479 485 490 497 500 503 508 514 516 517 524 525 528 531 533 538 539 543 544 548 551 555 558 563 564 569 573 581 584 587 590 594 596 598 
226 228 239 243 251 255 257 265 271 281 284 297 299 303 305 311 318 323 328 330 335 346 347 349 355 359 363 366 370 371 380 382 385 389 390 394 395 400 402 406 408 409 417 421 426 429 433 436 441 448 449 455 457 465 467 471 472 475 480 481 488 492 499 502 506 510 515 518 521 527 529 530 534 537 541 542 544 546 552 554 557 559 567 570 574 578 584 585 588 594 596 597 602 
230 233 243 247 254 256 259 266 273 283 285 301 303 305 307 312 319 327 332 333 338 347 349 353 359 360 367 370 372 373 381 385 388 393 395 396 399 403 405 407 412 413 420 425 429 433 436 437 445 452 454 458 461 469 473 476 478 481 483 485 492 496 503 504 509 514 517 521 524 529 532 536 540 543 545 549 553 554 556 559 560 562 569 573 578 582 587 589 591 597 599 601 603 
231 235 246 250 256 257 263 269 275 285 289 304 308 309 310 313 323 330 335 337 342 350 354 355 361 362 368 374 375 377 385 386 389 395 398 402 403 405 408 410 414 418 422 429 430 436 438 440 447 454 456 462 466 471 475 479 481 484 487 489 495 499 504 506 513 517 521 522 528 533 537 541 542 546 547 553 554 555 560 562 566 570 571 574 581 585 590 594 595 598 600 602 606 
233 238 250 251 257 258 264 273 278 287 290 308 312 315 318 320 326 332 337 340 345 352 357 361 365 369 373 377 381 384 388 391 394 399 403 405 408 412 413 415 417 421 426 432 435 437 441 442 451 458 459 465 467 475 476 483 485 486 491 492 498 500 505 510 515 518 524 525 532 536 540 543 544 548 551 554 558 561 562 564 570 574 576 579 583 587 591 598 601 604 608 609 610 
237 241 253 254 259 260 268 277 279 289 292 310 314 318 319 321 330 334 340 342 346 354 358 364 366 370 374 381 382 388 391 393 398 401 404 406 411 413 416 419 422 424 428 433 436 441 444 448 453 460 464 467 470 476 478 486 487 489 494 498 502 506 508 513 519 522 526 530 533 538 541 547 549 550 553 555 559 562 564 566 574 576 577 583 584 589 592 600 603 606 609 612 615 
241 244 255 256 260 261 271 280 284 291 295 314 318 321 324 327 331 337 344 345 349 358 360 365 368 374 378 383 387 391 395 396 399 405 407 410 412 414 419 421 425 428 431 437 439 444 448 449 454 464 466 469 471 479 482 488 489 490 497 501 505 508 512 517 520 524 527 533 534 539 543 548 553 555 556 557 562 563 565 568 576 577 581 586 587 593 595 601 604 609 612 615 617 
243 248 259 261 264 268 274 284 287 293 296 315 322 326 329 333 334 340 347 350 351 362 366 367 371 377 381 384 390 392 397 398 402 409 412 415 417 420 421 424 427 431 434 440 441 445 452 453 457 468 471 474 477 483 486 490 494 498 502 505 507 510 513 518 522 525 528 537 538 540 544 551 554 559 561 563 566 568 569 571 578 579 585 589 590 594 597 605 609 611 614 616 618 
244 252 262 266 267 271 278 285 288 294 298 318 325 328 331 335 339 341 350 353 356 364 368 371 374 379 385 386 394 398 401 404 406 412 416 417 418 423 426 429 430 435 436 442 445 447 454 457 459 472 473 478 482 487 488 494 496 501 506 507 510 513 517 520 523 526 529 539 542 543 546 554 557 562 565 566 570 571 573 575 582 583 589 592 595 597 598 608 613 616 617 619 623 
