3 5 9 12 15 19 20 23 27 31 34 36 38 39 41 43 47 50 54 57 61 64 68 72 75 76 79 82 83 87 91 95 97 101 103 107 108 109 112 116 118 122 123 124 128 132 135 136 139 142 146 150 152 153 157 161 163 165 168 170 172 174 176 177 178 180 181 184 187 189 190 191 193 195 196 198 201 203 205 207 208 212 213 214 216 220 224 225 229 233 235 239 240 241 244 245 249 250 252 253 256 260 264 267 269 270 274 278 282 285 287 290 292 294 297 298 301 305 308 
4 6 13 14 17 20 23 25 28 32 38 40 44 46 48 51 54 57 59 61 63 67 70 75 78 79 83 84 85 91 95 98 102 104 107 111 113 114 117 120 121 126 127 130 131 133 139 141 142 145 147 154 156 159 160 162 167 169 170 171 175 178 181 182 184 188 191 194 198 202 206 207 208 210 211 213 214 218 220 221 224 226 229 231 232 234 237 238 240 243 245 249 250 253 257 260 262 263 267 270 271 274 278 279 283 287 291 293 297 300 304 308 310 312 316 318 320 322 326 
5 7 16 18 20 21 24 29 33 36 42 44 47 50 51 52 58 61 63 66 69 72 75 79 80 82 85 87 88 93 97 101 103 108 109 113 115 118 121 123 127 128 132 134 138 141 143 144 148 151 153 156 160 162 165 169 173 177 181 184 188 192 193 197 200 201 204 207 208 209 213 216 219 221 225 228 232 233 236 240 241 245 247 250 252 254 258 260 261 265 266 269 272 274 276 280 281 285 286 287 290 292 295 296 300 302 304 308 312 314 316 319 322 325 328 329 331 332 335 
9 12 18 21 22 23 27 30 36 38 43 47 49 52 56 59 61 62 66 67 71 74 77 82 83 85 88 91 94 98 101 104 105 109 111 114 118 120 125 129 131 134 138 140 143 146 148 152 153 154 156 160 164 167 171 174 178 180 183 188 192 194 198 199 202 206 208 209 212 215 216 219 223 224 229 232 234 237 238 242 245 249 251 253 255 259 261 264 266 267 268 272 273 277 278 283 285 286 289 292 295 299 300 301 304 305 307 311 314 317 319 321 323 329 331 335 339 340 344 
10 14 20 24 28 29 30 31 37 39 45 50 53 56 60 62 63 66 69 73 75 78 80 83 86 87 91 94 97 99 102 105 108 110 113 116 121 124 127 130 134 138 139 143 146 149 151 153 154 158 162 164 167 169 173 178 180 184 186 192 196 198 200 202 205 208 210 211 214 217 221 224 227 228 232 236 237 238 240 244 246 253 256 258 261 263 264 265 269 271 272 276 277 281 283 284 289 292 294 298 300 303 307 310 312 315 318 322 323 325 326 327 331 335 339 340 342 346 350 
11 15 22 27 30 32 35 36 40 42 47 51 55 57 63 66 67 68 73 74 79 81 82 84 90 93 95 98 102 105 109 110 114 115 119 121 122 127 130 134 136 140 142 147 148 151 153 157 161 164 166 167 170 174 177 180 182 187 191 196 199 200 204 207 208 209 212 215 218 221 222 227 230 232 233 239 240 241 244 248 251 255 259 262 264 267 271 275 277 278 279 282 284 288 289 293 294 296 297 299 304 308 312 316 317 321 322 326 329 333 336 339 343 347 348 352 354 355 357 
13 19 23 30 33 35 38 40 42 43 48 52 59 62 66 68 69 73 77 78 83 87 89 93 94 95 97 100 106 108 111 115 117 120 123 127 131 133 134 138 142 146 147 151 155 158 162 164 168 171 174 175 178 179 182 183 186 191 195 198 202 206 208 209 212 213 215 219 220 224 225 231 234 237 239 241 244 248 251 252 254 258 260 265 269 273 276 279 283 287 289 291 294 297 299 303 304 308 310 313 317 320 323 327 329 332 333 335 339 340 343 346 349 350 351 353 358 362 363 
17 20 25 32 34 37 41 42 45 47 51 56 63 65 68 70 74 78 82 85 88 90 92 96 100 102 105 108 111 113 114 118 119 122 126 128 135 137 140 143 145 149 151 154 156 160 163 168 171 175 177 178 180 182 184 185 188 195 197 200 204 210 214 217 218 221 222 226 229 231 235 239 241 245 249 251 253 255 259 262 264 267 269 273 275 278 280 283 286 290 294 298 300 301 303 307 310 312 316 318 319 321 325 329 331 336 340 342 343 344 345 348 351 355 358 361 365 366 368 
20 23 28 35 38 40 42 45 48 49 52 58 65 67 70 73 77 81 85 88 92 94 97 99 101 104 108 112 115 117 119 121 125 126 128 130 138 139 143 147 148 153 155 157 160 164 168 169 175 179 181 184 188 189 191 192 193 199 202 203 205 211 215 220 221 225 229 231 233 235 237 242 245 247 253 257 261 263 266 270 274 278 281 283 284 287 289 292 295 297 298 302 304 305 306 309 313 316 318 322 325 327 329 330 335 339 343 346 348 349 351 352 355 358 362 363 367 369 370 
24 28 30 38 42 43 44 49 51 53 54 60 68 70 73 77 78 85 86 91 96 97 99 102 103 108 110 116 118 120 122 123 128 129 133 134 139 140 144 148 151 157 160 161 165 168 170 173 176 183 185 188 191 192 196 200 204 207 208 212 216 217 219 224 225 228 230 234 238 239 241 245 248 249 256 258 263 265 270 273 278 279 282 285 287 289 290 296 300 301 304 307 309 312 313 314 318 320 322 326 328 332 336 340 344 348 352 354 356 360 361 365 367 370 371 372 375 378 379 
28 29 34 40 44 46 48 52 54 56 58 61 69 71 77 78 79 86 90 95 99 101 104 105 109 111 113 118 119 121 124 127 130 134 137 139 140 142 147 151 154 161 165 166 167 172 175 178 182 185 187 192 195 197 201 204 207 211 214 217 219 222 223 227 230 232 233 237 239 241 244 248 251 252 258 260 267 271 274 277 281 283 286 288 290 291 295 300 302 305 306 311 315 319 322 326 328 329 332 334 337 338 340 344 345 350 355 359 363 364 368 371 375 377 378 382 386 387 388 
32 34 35 43 46 47 52 54 55 60 61 63 73 76 79 83 85 87 93 97 100 104 108 112 113 117 120 123 125 127 131 134 136 137 141 143 146 150 152 155 159 164 167 170 174 177 180 183 187 188 190 193 199 200 205 206 208 214 216 221 225 227 230 231 235 236 239 243 245 249 253 255 256 260 261 265 271 272 276 278 284 286 290 291 292 296 300 301 304 309 312 313 317 322 325 327 331 332 334 336 340 342 344 346 349 352 357 360 365 369 373 375 376 381 384 387 388 392 393 
33 37 41 44 47 48 54 56 60 63 66 69 76 80 83 85 87 89 96 99 101 107 110 116 119 122 123 124 126 129 132 135 139 140 144 146 150 152 153 156 160 168 172 175 179 183 184 185 189 193 194 195 202 205 209 211 212 216 220 223 228 230 231 233 238 240 242 244 248 251 257 260 262 265 267 270 275 279 281 285 286 287 291 292 294 300 302 306 307 313 316 317 320 326 330 333 336 340 341 343 344 345 348 352 355 358 361 362 368 370 377 381 382 386 390 394 396 400 401 
36 40 44 45 50 53 56 58 63 65 70 71 78 81 84 87 88 91 98 102 104 109 114 117 122 124 126 128 129 133 135 139 141 144 148 149 153 154 157 161 164 169 173 177 180 184 187 189 190 197 200 204 205 207 212 216 220 223 226 228 230 231 235 237 239 244 248 250 254 257 260 261 265 266 268 272 276 281 284 288 292 296 300 301 303 305 308 310 313 317 318 320 323 327 332 337 340 343 347 348 351 355 356 358 359 361 362 365 372 373 380 382 384 389 392 396 399 401 405 
38 42 45 48 53 56 58 61 65 66 72 74 79 85 87 90 94 95 101 105 107 110 118 121 125 127 131 134 135 136 138 141 142 148 152 156 158 162 163 167 168 171 176 181 185 188 191 195 198 199 203 207 208 209 214 217 223 226 230 234 237 240 243 244 248 251 252 256 260 261 263 264 269 271 274 275 279 283 287 292 294 299 304 308 311 312 314 317 320 321 322 325 329 332 334 338 341 344 350 353 357 359 360 364 366 367 370 372 376 377 383 387 391 395 396 399 400 404 408 
40 44 46 49 56 57 60 63 67 71 76 78 83 89 90 94 98 99 102 106 109 113 122 123 127 131 133 138 140 143 147 150 152 156 157 160 161 163 167 169 172 175 178 182 189 193 195 196 201 202 204 211 212 214 215 220 226 230 232 236 238 241 244 245 251 252 253 260 262 265 267 268 273 274 278 280 283 285 290 294 295 301 305 309 313 315 319 323 326 327 329 333 337 341 342 346 347 351 352 357 361 365 368 372 376 379 381 383 387 391 395 396 400 404 406 410 413 415 417 
43 45 47 50 58 62 65 69 72 73 77 81 87 92 94 95 102 106 109 111 113 115 125 129 131 134 138 142 144 147 151 153 157 161 163 164 166 169 172 173 174 177 179 186 192 194 198 202 203 204 205 214 218 222 224 226 227 233 234 238 241 245 248 249 252 254 256 262 264 269 271 273 274 276 281 284 285 287 293 298 302 305 309 311 317 318 322 325 329 330 331 335 340 344 345 349 351 352 353 359 365 369 373 377 378 380 385 389 392 395 399 402 404 405 410 411 415 419 423 
47 50 51 54 61 66 70 72 73 76 78 84 91 94 96 97 106 107 112 113 114 118 127 133 136 137 141 146 148 150 155 157 161 165 166 170 171 174 176 180 183 186 187 190 195 197 201 206 209 213 214 216 222 226 228 230 234 238 242 244 246 248 251 254 258 260 262 264 266 271 274 275 279 283 285 286 289 292 294 301 303 306 312 314 319 322 324 328 331 334 338 341 345 346 347 353 356 360 362 365 369 373 375 378 380 382 389 392 394 399 401 404 407 408 413 414 416 422 425 
49 51 53 57 62 70 74 78 82 83 85 86 95 98 99 102 109 113 115 119 122 123 131 135 137 141 143 148 150 153 158 160 163 168 172 175 177 180 183 186 189 192 193 196 200 203 207 210 212 216 218 221 226 229 231 233 237 239 245 249 252 256 257 258 260 261 264 267 269 273 277 279 280 284 287 289 290 293 298 305 309 312 315 317 320 326 327 329 333 335 341 342 349 350 354 355 359 361 363 367 370 374 378 380 382 383 391 394 397 403 406 407 409 412 417 418 419 423 428 
53 54 57 61 63 74 78 80 85 88 91 92 97 101 104 108 112 115 117 121 125 126 135 138 139 143 147 149 153 156 159 161 165 169 176 180 184 188 189 191 193 196 199 200 202 206 209 212 216 220 222 226 228 232 233 236 241 245 247 252 253 257 258 261 264 266 268 270 274 278 279 283 284 287 291 292 295 299 302 306 310 314 319 322 324 328 332 333 337 338 342 344 350 351 356 360 363 367 371 374 375 378 382 385 389 390 393 397 399 406 410 412 416 420 421 423 427 428 429 
57 58 62 65 68 75 82 86 88 91 92 93 101 103 107 111 113 119 120 122 129 131 139 141 144 146 149 150 156 158 161 163 168 172 178 184 187 191 194 198 200 204 206 210 214 217 221 224 228 229 233 234 238 239 243 246 247 249 250 256 260 261 263 265 269 273 274 276 279 280 282 284 288 289 295 297 301 305 307 310 311 317 321 323 325 329 336 337 338 340 346 350 353 357 360 361 364 369 373 378 381 385 387 390 393 397 400 401 402 409 411 414 417 421 425 426 430 434 436 
58 62 64 66 71 79 83 88 90 95 99 102 104 105 110 112 115 120 123 127 133 136 141 145 149 153 156 157 160 161 165 168 171 174 179 187 189 192 196 202 206 208 211 212 216 219 224 227 232 236 238 241 243 246 247 249 251 252 256 257 263 265 266 268 273 275 277 278 280 282 286 290 291 294 299 300 302 307 311 313 315 321 325 329 333 334 338 339 343 344 350 354 358 361 363 364 368 370 375 379 385 388 389 391 394 400 403 404 407 411 412 418 422 424 429 432 435 438 440 
61 65 69 73 75 81 86 89 93 96 100 106 109 113 115 118 120 123 126 131 137 140 142 149 150 154 157 159 164 168 172 176 177 180 184 188 190 195 200 203 207 210 213 217 221 223 226 230 235 239 240 243 247 250 253 257 259 260 262 266 269 270 272 275 276 277 281 285 288 289 290 291 292 296 301 305 307 310 313 315 319 324 326 332 335 339 343 345 349 350 351 358 359 365 367 371 374 378 382 384 386 392 394 396 397 404 407 409 412 415 419 423 424 427 433 435 439 443 446 
63 68 70 75 77 83 89 92 96 99 104 110 114 116 120 122 126 129 131 135 139 142 143 153 155 156 161 162 166 170 173 180 182 183 187 192 195 196 203 206 208 211 215 221 222 225 230 233 236 242 243 247 251 253 254 260 263 267 269 272 273 276 277 280 281 285 289 292 295 299 302 305 309 311 313 317 318 320 324 328 329 332 335 338 339 342 345 349 353 356 359 361 363 368 370 374 378 380 386 390 393 397 401 402 403 408 412 413 416 420 422 424 426 431 434 437 442 445 449 
67 72 76 78 81 84 93 94 99 102 106 111 117 119 121 126 129 133 135 136 143 145 149 154 157 159 164 167 168 174 178 184 186 187 191 195 199 201 207 208 210 215 216 222 226 228 233 234 237 246 248 252 254 258 259 262 267 271 275 276 279 282 284 286 288 292 295 297 298 303 305 308 312 314 315 320 321 325 328 331 335 337 341 344 346 350 351 355 359 362 364 366 367 370 371 375 380 382 390 391 395 398 403 405 407 410 416 418 420 423 425 428 431 434 437 440 445 447 451 
71 75 79 80 82 85 95 99 101 103 109 113 118 122 125 129 131 137 141 144 148 150 152 158 162 164 168 170 171 178 180 185 189 192 193 196 202 203 208 210 213 216 217 225 227 232 235 237 240 248 252 256 260 263 264 267 269 274 278 280 282 284 285 288 291 295 298 299 300 306 308 312 316 319 322 325 326 328 329 333 339 342 345 349 351 355 358 362 365 369 372 374 376 380 381 382 386 390 392 393 398 400 407 409 412 414 417 422 426 427 429 431 433 437 439 441 447 451 453 
72 76 80 82 86 87 99 101 103 106 110 115 122 126 129 132 136 138 144 147 149 151 155 159 166 167 172 173 174 179 183 187 192 194 196 199 206 207 210 211 214 219 220 229 231 236 239 240 242 251 254 260 261 267 271 272 276 279 282 284 288 292 293 297 299 300 302 303 306 310 311 314 318 323 327 331 332 334 336 340 344 346 348 353 357 359 361 365 369 372 375 376 377 381 383 385 390 391 394 396 401 402 409 412 413 418 419 423 428 431 434 438 442 444 448 452 453 456 460 
75 78 83 85 88 89 102 103 107 111 114 118 125 130 131 133 137 140 148 150 153 154 157 161 168 170 174 178 182 184 188 192 195 199 200 202 208 210 213 215 218 222 223 233 235 240 243 244 245 255 258 264 266 269 272 274 279 281 285 286 289 294 297 300 304 307 311 313 316 317 318 321 322 327 331 332 336 337 340 344 345 347 352 356 358 360 363 366 372 375 378 380 383 387 389 392 396 397 401 405 408 410 412 415 416 421 423 427 432 435 437 441 444 447 452 456 460 462 465 
76 79 84 88 89 90 106 108 109 114 118 122 126 132 133 135 139 143 151 152 154 156 159 162 172 174 175 179 185 189 192 196 198 200 203 206 210 212 215 216 221 225 226 237 239 242 245 247 248 256 260 267 270 274 277 281 284 288 289 291 294 296 299 302 306 308 313 314 320 323 324 325 328 332 334 336 338 339 342 347 349 351 353 360 361 364 366 367 374 379 381 382 386 388 393 397 398 400 402 408 410 412 415 419 420 424 426 430 433 439 440 442 447 448 456 457 462 466 470 
80 82 88 91 93 96 107 111 115 119 121 124 129 135 137 138 141 145 154 157 158 160 164 167 175 178 182 186 190 191 193 198 201 204 206 207 211 214 217 221 223 227 231 238 240 245 249 253 254 259 262 268 273 275 280 282 285 291 292 296 300 304 305 306 310 314 316 317 322 326 329 331 333 334 335 337 339 341 344 348 351 355 359 363 365 369 373 376 380 384 386 388 392 393 394 398 399 401 404 411 413 414 419 420 422 425 430 434 438 440 442 443 449 451 457 461 465 469 471 
84 86 92 94 98 101 108 113 117 123 124 125 131 136 140 143 145 146 156 158 162 163 167 170 177 181 186 187 191 195 198 201 202 206 209 213 216 218 220 223 225 230 234 242 246 248 252 255 257 261 264 269 277 281 282 284 288 295 297 299 302 305 307 309 311 316 320 324 327 329 333 335 338 341 344 346 348 349 351 355 359 361 365 367 371 373 377 380 381 385 389 391 393 397 400 402 406 408 412 416 420 423 426 428 432 433 435 437 440 443 447 451 453 455 459 465 468 473 474 
88 91 96 100 104 107 109 116 118 124 125 126 132 139 142 146 148 149 158 161 166 167 169 172 178 184 190 191 194 197 200 203 206 207 210 215 218 219 224 227 228 232 236 246 247 252 253 257 258 265 266 272 278 283 285 286 290 296 298 301 304 307 309 312 313 317 324 326 329 330 335 337 341 344 347 350 353 354 358 361 362 365 366 369 375 376 380 381 385 389 392 393 396 400 404 408 412 415 418 422 425 429 431 435 438 441 443 445 446 448 449 455 458 460 464 467 472 475 476 
91 92 97 103 106 110 112 118 119 128 129 132 133 141 143 150 152 156 161 163 169 172 174 177 180 186 193 196 199 201 205 209 213 216 219 222 224 225 228 231 232 233 238 248 250 256 260 263 267 271 275 278 279 284 288 291 295 298 299 302 306 308 312 313 314 321 327 329 333 336 339 340 344 346 348 354 355 359 361 363 367 368 371 375 378 380 381 385 386 392 396 400 404 405 409 412 416 418 422 426 429 431 434 437 441 442 445 448 452 456 458 459 463 464 468 471 473 476 477 
92 96 98 104 107 113 114 121 122 130 132 133 134 144 145 151 153 157 163 164 171 176 180 183 186 190 196 199 201 202 209 210 215 219 223 227 231 233 234 238 242 244 246 250 253 257 263 267 268 275 277 282 285 288 290 293 299 303 305 307 310 311 315 317 321 325 328 331 337 340 343 347 351 354 355 359 361 364 367 371 374 378 379 381 385 387 389 390 392 393 400 404 405 407 410 414 419 420 425 429 430 433 436 441 443 447 451 454 457 458 459 463 466 469 471 475 479 482 485 
95 97 102 106 109 114 115 125 128 133 137 139 141 146 148 155 159 161 164 167 174 178 183 184 190 191 197 201 205 209 213 215 217 220 227 229 233 234 235 242 244 248 249 254 257 258 267 269 271 277 278 285 288 290 292 297 300 305 306 310 311 314 317 319 324 329 330 332 338 344 345 351 355 359 360 361 365 366 370 372 377 379 383 385 387 388 392 393 395 398 404 408 409 411 412 417 420 423 429 430 434 436 437 443 445 450 454 458 461 464 467 469 470 474 475 476 483 485 489 
98 99 106 110 111 117 118 128 131 134 141 142 145 150 151 158 162 163 168 170 177 181 185 189 193 195 198 204 206 213 217 221 222 224 228 233 234 236 239 243 246 252 256 259 261 264 269 271 272 281 283 289 293 295 299 301 305 308 310 314 316 317 320 321 325 332 334 336 342 345 348 352 356 363 367 368 370 373 377 380 384 386 387 388 391 392 396 399 402 406 410 414 417 418 420 421 425 429 430 433 435 439 440 446 449 452 455 462 463 467 469 470 474 476 479 482 485 486 492 
100 102 107 113 117 121 123 130 133 138 144 146 147 152 154 160 166 168 171 174 181 182 186 191 194 199 200 207 211 217 220 222 223 225 229 237 238 242 246 248 252 253 259 261 264 265 270 273 276 284 285 292 297 298 302 306 308 312 315 319 320 322 324 328 331 333 336 337 345 346 350 356 359 366 369 371 372 375 379 384 385 388 389 393 397 399 402 405 407 410 412 415 419 421 423 424 426 431 433 434 439 441 444 447 452 455 459 466 469 473 474 478 481 482 484 487 489 490 495 
101 106 109 115 121 123 125 134 137 139 148 151 152 153 158 161 170 174 177 179 185 188 192 193 196 202 203 209 214 219 223 225 227 230 232 239 240 245 247 250 255 259 261 263 266 269 272 276 279 287 290 294 300 303 306 309 311 315 318 322 324 326 328 330 334 338 342 345 346 349 354 360 363 369 371 373 375 376 383 386 387 391 394 396 400 404 408 411 412 416 418 421 425 429 430 431 433 434 437 439 443 444 445 449 454 459 460 467 473 477 480 482 485 488 492 495 499 503 505 
102 107 111 118 124 126 129 138 140 143 152 156 158 161 164 167 173 177 178 181 187 192 194 198 199 204 207 211 216 220 226 228 232 234 235 243 244 249 250 251 258 263 265 267 270 273 276 279 281 289 291 297 301 304 307 313 316 317 321 323 326 327 330 332 338 342 343 348 349 351 356 362 366 372 374 378 382 384 386 387 391 392 396 397 402 405 411 414 418 422 423 425 427 430 432 434 436 437 438 443 445 448 452 456 459 461 465 471 474 480 484 488 491 495 497 498 500 507 510 
106 111 115 119 127 128 132 141 142 144 155 160 163 167 170 174 175 181 182 186 190 195 199 202 204 207 209 214 218 221 228 232 235 239 243 247 251 253 255 257 259 265 269 271 273 274 277 281 282 290 293 299 304 308 309 315 317 321 325 326 329 332 335 337 339 346 347 349 351 352 358 364 367 373 376 379 385 386 387 391 393 394 400 401 404 409 412 418 420 426 429 430 432 434 436 439 441 444 447 448 452 454 455 459 461 464 467 475 478 483 485 490 494 497 501 503 506 511 514 
107 113 116 120 129 133 137 142 144 147 159 162 167 168 171 178 179 185 189 192 195 199 202 203 206 208 211 217 221 225 232 233 236 240 247 249 254 258 260 263 264 266 270 272 274 275 281 282 284 291 294 300 305 309 311 319 320 323 326 327 331 335 336 340 341 348 351 352 356 360 362 365 368 375 378 383 386 389 392 396 398 399 403 405 406 410 413 421 425 429 433 437 439 442 444 448 450 451 454 455 457 459 463 464 467 468 469 476 482 487 490 492 498 499 505 507 510 513 518 
111 115 117 123 131 134 138 146 147 148 163 167 171 173 176 180 181 187 193 196 197 201 203 206 207 209 215 221 223 227 235 238 240 242 249 250 257 261 264 266 267 270 273 275 279 280 284 288 292 293 297 303 307 311 314 321 323 324 327 328 332 336 338 342 343 350 354 356 357 362 363 368 372 378 379 385 387 393 397 400 403 405 406 407 410 411 414 425 426 430 437 440 442 444 448 452 456 457 459 462 465 467 468 471 475 476 479 480 486 489 494 496 499 501 507 509 513 517 521 
112 117 121 127 135 138 140 147 151 153 164 168 172 176 179 182 185 191 196 198 201 205 207 208 212 216 217 222 225 231 237 239 244 245 253 255 260 262 268 271 275 279 280 284 288 289 293 295 299 302 306 307 311 313 318 324 328 331 333 336 340 341 342 344 346 353 356 357 358 365 368 370 375 379 382 389 392 396 399 402 405 407 410 413 416 418 419 426 429 433 439 441 446 449 453 455 457 459 460 465 466 469 470 472 476 477 483 485 489 493 497 498 500 505 511 514 515 520 522 
115 120 125 129 138 142 145 151 154 156 168 171 173 177 183 184 189 192 197 199 203 208 209 212 213 218 222 223 226 232 240 241 248 249 257 258 262 263 271 274 279 283 284 288 290 293 296 300 304 305 307 310 315 318 319 328 332 334 335 340 341 342 346 350 354 355 360 364 368 370 371 373 376 383 386 392 393 398 400 406 408 410 411 415 419 420 424 430 434 438 441 444 447 453 456 457 461 464 467 469 471 474 475 477 480 482 485 488 493 495 499 502 504 508 513 518 520 522 523 
117 122 127 133 142 144 149 153 156 158 171 172 177 180 187 190 192 196 199 202 204 211 214 215 219 223 227 230 234 235 243 247 249 252 261 264 267 271 275 276 280 287 291 293 297 301 305 308 310 313 316 318 321 324 325 331 335 336 337 343 344 345 348 351 355 358 363 366 372 373 377 381 385 388 391 394 398 399 403 410 413 416 417 418 421 423 426 431 437 439 444 448 451 456 459 461 463 465 471 472 473 478 480 482 484 488 490 493 494 499 503 504 505 511 514 519 524 526 529 
119 123 129 136 145 148 153 154 158 162 172 174 180 182 190 192 196 198 200 205 208 215 219 221 223 226 229 234 235 239 244 248 250 256 263 265 270 275 277 279 282 291 293 297 298 304 306 309 311 316 318 319 322 326 327 335 338 339 341 347 351 355 359 362 366 367 371 374 376 377 380 383 389 392 393 397 400 402 407 413 415 418 420 424 425 427 429 432 441 443 447 451 454 460 461 465 466 469 474 478 482 486 487 490 493 495 497 501 504 508 512 515 517 518 522 524 527 531 532 
122 125 130 140 149 153 155 158 160 163 174 176 181 185 191 193 200 204 208 210 213 216 220 223 227 231 234 235 238 243 247 252 254 257 265 269 273 278 279 283 286 294 297 301 304 305 308 312 316 318 322 325 329 332 334 339 340 341 343 350 355 358 361 366 367 371 372 378 379 383 385 387 393 397 401 405 407 409 411 417 420 423 426 427 430 432 436 440 444 445 450 453 456 461 465 469 471 474 477 480 485 487 491 495 496 499 501 502 507 512 516 517 520 521 523 525 529 532 533 
125 129 131 144 150 156 160 163 165 169 177 181 183 187 195 198 204 208 210 213 215 217 223 227 228 234 238 241 244 247 250 256 258 259 266 273 275 282 283 285 288 295 301 303 308 311 314 315 318 322 326 329 333 334 335 343 344 348 350 354 359 362 364 368 372 374 378 380 381 385 389 392 395 398 404 407 410 412 415 421 424 426 428 432 433 436 437 444 447 448 451 455 460 463 469 471 472 477 479 484 487 488 494 499 501 503 506 507 510 513 520 523 526 530 534 537 538 542 543 
127 131 134 145 152 158 164 168 169 170 180 182 187 189 198 200 205 209 212 215 217 219 227 228 231 235 239 243 247 251 253 257 259 262 268 276 279 285 286 288 290 296 305 309 311 315 319 321 323 325 328 333 337 340 341 346 349 351 352 355 363 366 370 372 373 375 379 383 386 390 392 395 398 399 405 410 413 416 417 425 426 430 433 437 441 442 443 447 451 454 457 461 464 466 470 474 475 479 483 487 488 490 498 502 504 507 508 509 512 514 521 526 527 534 538 539 541 545 549 
131 134 135 147 154 160 167 172 173 176 183 185 191 195 199 204 207 211 214 217 220 223 229 231 234 237 242 246 248 253 255 258 260 266 270 278 283 286 290 293 297 298 308 310 315 316 320 325 327 330 333 335 338 341 343 350 354 356 360 362 365 368 371 374 376 377 381 384 389 394 396 397 400 402 406 411 417 420 421 428 430 432 435 440 442 446 449 451 454 455 459 465 469 473 474 475 479 480 486 491 493 494 500 506 507 511 512 515 519 522 524 527 528 538 539 542 545 549 550 
135 136 138 150 156 164 171 173 176 180 186 189 195 198 202 205 210 213 218 220 222 225 231 234 236 238 243 247 252 256 257 261 264 268 274 282 286 290 292 294 301 305 309 311 317 319 321 326 329 333 336 337 341 345 346 354 358 359 362 366 367 370 375 376 378 382 385 388 391 398 401 405 408 410 411 414 421 423 425 431 435 437 438 441 445 448 451 452 457 460 461 466 471 475 479 481 483 484 489 494 496 497 501 510 511 515 516 518 520 526 528 530 534 542 544 547 550 551 552 
136 138 142 153 159 167 174 177 181 182 189 190 197 202 204 208 214 215 219 221 225 226 234 235 238 242 244 248 255 257 259 263 267 269 277 284 288 292 294 297 305 306 312 315 321 323 325 327 331 334 338 341 344 346 347 357 361 364 368 370 372 375 377 380 381 383 387 390 392 402 404 406 412 413 415 419 423 426 427 435 439 442 446 447 450 452 454 455 458 463 467 471 473 478 480 484 488 490 492 497 499 500 505 514 517 521 524 527 529 530 534 538 539 544 548 551 553 555 556 
138 140 143 154 162 168 177 179 182 183 192 195 200 203 208 210 215 217 222 223 228 230 238 242 245 249 253 257 261 264 268 270 273 275 281 286 291 294 295 298 309 313 317 318 325 328 332 335 336 338 341 344 346 350 354 361 363 368 372 374 378 379 380 383 386 387 391 393 397 405 407 411 414 417 419 420 426 428 430 438 443 447 449 451 455 458 461 462 463 464 471 474 476 482 484 485 492 496 497 500 504 506 508 515 518 523 528 530 531 534 536 541 544 547 551 553 556 559 562 
140 141 146 155 166 171 178 180 184 188 195 197 204 205 210 211 216 221 223 225 231 232 240 246 249 253 254 259 263 266 272 274 277 281 284 288 295 299 300 302 311 315 318 319 327 332 336 340 344 347 349 353 357 360 363 366 368 370 374 376 381 385 389 392 394 395 397 401 402 408 410 412 415 419 422 426 430 431 433 439 444 449 450 453 459 460 464 466 469 470 473 477 481 484 486 487 494 500 501 503 507 510 512 518 520 526 531 535 536 540 544 545 547 548 554 555 559 562 564 
141 145 150 156 169 175 181 182 186 190 198 200 207 210 212 215 220 225 228 230 234 235 241 249 251 257 260 261 266 269 274 278 281 285 289 290 299 300 301 306 313 316 322 323 330 335 338 342 347 348 350 355 359 363 364 368 369 374 377 380 382 387 390 394 395 399 402 404 408 410 411 415 419 422 423 429 433 437 440 441 448 450 451 455 461 462 467 470 471 474 476 481 483 485 487 491 498 503 505 508 511 512 515 521 525 527 534 537 538 541 548 552 556 558 561 564 567 569 570 
143 148 153 158 170 176 185 189 191 193 199 204 209 214 216 217 223 229 233 234 235 236 243 251 255 258 261 265 269 273 276 282 284 287 290 291 303 306 307 309 315 320 325 327 333 336 341 343 349 352 355 356 363 367 369 373 376 380 382 386 390 393 397 399 401 403 404 408 411 415 416 417 423 425 429 432 434 439 444 448 449 453 457 459 462 466 468 472 474 477 479 485 487 489 492 494 500 506 509 512 515 517 521 524 529 530 536 538 542 543 550 556 560 563 566 567 569 571 574 
147 152 156 159 174 180 189 191 192 197 201 207 210 217 219 220 225 233 237 240 244 248 249 255 257 261 264 267 272 274 278 284 287 289 293 295 304 310 314 315 316 324 329 331 334 339 342 347 353 356 360 364 366 368 373 374 377 381 383 387 394 397 401 404 405 408 410 414 416 418 422 423 424 428 430 433 438 440 445 451 453 454 459 461 466 468 472 475 477 479 480 486 488 490 493 495 503 510 511 515 516 521 523 525 530 534 539 541 545 546 551 559 562 565 567 568 571 573 577 
149 155 160 162 178 181 190 192 196 200 202 208 214 219 223 224 228 237 241 244 248 250 254 257 260 263 267 268 276 279 282 285 288 290 295 299 305 313 315 318 321 325 332 336 337 340 345 348 354 359 362 366 368 372 376 380 381 384 387 389 395 398 404 406 409 411 415 419 421 422 424 425 427 429 432 435 439 443 447 454 458 460 463 465 468 469 474 477 480 484 485 487 491 494 497 500 505 512 516 520 524 527 531 535 536 539 543 544 548 552 554 562 564 569 573 577 578 582 583 
151 158 162 165 181 184 192 194 198 203 204 210 218 221 225 229 233 240 244 247 251 254 258 261 264 265 269 273 278 282 284 288 292 296 300 303 307 316 319 320 325 329 334 338 341 345 347 349 357 361 363 369 373 375 378 382 383 386 388 392 396 401 406 407 410 412 416 423 426 428 429 433 437 440 443 445 449 451 453 457 461 464 466 470 473 476 477 478 481 486 490 492 493 498 500 501 507 514 519 521 525 530 535 536 540 542 545 549 552 555 558 565 568 570 575 578 581 584 588 
154 160 163 169 184 185 193 197 201 205 208 214 220 222 228 232 234 243 247 248 253 255 259 262 267 268 271 274 281 283 287 292 294 297 303 304 310 319 320 323 329 332 337 342 346 347 351 355 358 365 368 370 377 378 379 385 387 391 393 396 398 404 408 410 414 418 422 426 429 432 436 437 439 443 445 447 451 454 456 459 464 467 471 472 476 480 484 488 491 494 495 498 501 502 505 506 511 515 521 525 527 533 539 542 543 545 546 551 553 557 560 568 572 575 577 581 582 586 590 
158 161 167 171 185 187 195 200 202 209 210 216 223 226 230 233 238 247 251 254 257 260 264 265 268 270 272 278 282 287 291 295 298 302 306 308 311 322 326 327 332 336 341 346 348 349 355 356 362 366 371 374 379 380 384 388 391 395 399 403 407 409 413 416 420 423 425 430 434 437 441 442 445 449 450 454 457 458 461 465 466 470 475 479 482 486 490 493 496 498 502 504 506 507 508 510 512 516 524 528 529 537 542 545 549 551 554 556 557 560 562 569 573 577 581 585 589 593 596 
161 164 170 175 189 192 196 202 206 212 216 217 225 230 233 235 240 250 254 255 260 264 266 270 271 272 273 279 285 290 292 299 303 307 309 311 313 326 327 330 336 339 344 349 351 352 357 360 363 368 374 376 381 383 388 390 393 398 400 405 410 411 416 419 421 427 430 434 438 439 444 448 449 450 453 457 458 460 465 469 471 472 478 481 485 490 493 496 498 499 504 507 510 513 515 518 520 521 525 529 531 539 546 548 553 554 558 562 565 566 568 571 575 578 583 589 590 595 599 
163 166 172 176 191 194 198 206 208 213 218 220 229 231 237 238 242 253 255 259 262 266 269 272 274 277 278 283 286 291 295 303 307 310 311 312 317 329 332 335 339 341 345 351 355 359 362 363 365 369 378 382 384 385 391 395 398 399 403 406 414 415 419 421 425 429 433 435 440 443 448 450 454 457 460 464 466 470 471 472 475 477 481 483 487 494 498 501 502 506 507 510 514 517 520 524 526 530 531 533 535 542 550 552 556 557 559 564 568 569 572 576 579 582 586 590 591 598 602 
166 167 175 177 195 196 199 208 211 215 221 223 233 235 239 241 246 255 259 261 263 267 272 276 280 284 287 289 292 293 299 305 310 311 315 316 320 331 336 338 341 344 347 355 356 362 365 368 371 373 380 385 389 392 395 399 400 403 404 408 416 418 421 422 427 433 435 439 443 446 452 455 456 459 463 468 472 473 474 477 481 484 487 488 490 498 501 503 504 507 509 511 516 521 525 529 530 534 535 536 539 544 551 553 558 559 560 568 569 570 576 580 584 588 591 592 593 601 606 
168 169 177 180 198 202 206 211 214 217 224 225 237 239 240 244 248 257 262 264 267 269 274 277 283 288 292 296 298 301 303 307 313 314 318 319 322 334 337 339 344 347 349 359 363 364 368 370 374 378 383 387 391 396 397 402 405 409 411 413 420 424 426 429 430 437 439 442 447 451 455 458 461 462 466 470 474 475 479 483 485 487 491 494 498 499 503 506 508 512 516 518 521 524 527 533 534 538 542 546 548 549 554 556 561 562 564 572 573 575 580 583 587 592 593 597 598 604 609 
171 172 178 182 202 206 209 214 216 220 227 228 238 243 247 250 253 258 265 269 273 274 278 282 284 290 296 300 304 305 309 310 316 320 322 325 329 336 339 342 345 348 353 362 367 369 372 373 378 381 387 391 394 400 401 404 407 410 414 415 424 427 430 432 434 438 440 446 450 454 457 460 463 464 468 472 477 479 480 484 488 490 494 496 499 501 506 508 512 515 520 521 524 525 531 534 537 542 546 548 549 551 557 560 563 567 571 575 579 580 581 586 591 594 597 598 599 607 610 
172 173 182 183 205 210 213 218 220 224 231 232 241 244 249 252 255 259 266 270 276 278 279 284 286 291 299 302 307 310 311 313 319 323 326 327 330 339 342 346 350 352 355 364 371 374 375 376 380 383 388 392 398 403 404 406 411 413 416 420 427 429 431 434 436 441 445 448 453 458 459 463 466 467 470 473 480 482 485 487 490 494 495 498 502 504 510 511 514 516 522 524 527 531 533 535 538 544 549 551 555 556 559 564 566 568 572 579 582 583 586 587 592 595 601 603 605 611 613 
174 176 184 188 208 213 215 220 223 227 232 235 245 248 251 253 256 263 268 273 277 279 280 287 288 293 302 305 309 311 312 316 320 325 328 330 333 343 345 347 352 353 356 368 372 375 379 382 383 384 391 394 402 404 408 409 415 419 421 423 428 433 434 438 441 443 449 450 456 462 464 468 471 475 478 481 483 484 487 491 495 499 501 504 505 509 514 517 518 522 524 527 531 532 536 539 541 545 551 553 558 560 563 566 568 572 575 582 583 586 590 593 597 599 605 607 611 613 617 
175 178 188 189 211 217 221 222 227 229 234 238 248 251 254 257 260 265 272 274 279 282 286 291 293 294 304 309 312 315 318 321 323 326 329 332 337 346 350 353 355 356 359 370 374 376 383 384 387 388 395 398 405 406 411 413 419 420 423 427 429 434 438 441 443 447 452 455 457 465 469 472 476 478 479 485 488 489 490 495 498 501 502 505 508 513 516 521 524 526 528 532 536 537 541 544 548 550 553 557 561 563 567 570 573 577 579 583 586 589 593 594 598 600 607 610 615 619 620 
177 182 189 192 213 221 224 225 230 234 236 242 249 254 257 258 264 267 274 278 282 285 288 292 294 296 306 313 316 317 321 324 328 331 333 336 339 348 353 356 358 359 360 371 377 380 385 388 392 393 398 401 408 410 415 419 420 422 426 429 430 436 440 445 446 448 454 458 461 467 472 474 479 482 486 488 491 494 495 497 502 504 506 510 512 515 520 525 526 527 531 533 539 540 542 546 549 551 557 558 563 564 571 574 578 581 582 587 591 592 596 600 601 603 608 613 616 621 622 
178 183 192 196 215 224 225 226 233 237 239 246 253 257 261 262 265 271 277 280 285 286 292 294 297 300 309 314 318 322 325 328 330 335 336 340 344 351 354 360 362 365 366 372 378 383 389 391 396 397 400 405 410 411 417 423 426 429 432 433 435 438 442 448 449 453 455 462 466 470 475 477 481 483 490 493 497 501 502 506 508 511 513 515 519 522 526 530 533 537 539 540 542 543 545 550 552 553 559 561 565 568 574 578 580 584 588 589 592 596 599 603 604 608 612 614 620 623 627 
182 185 193 199 219 228 229 233 235 239 243 250 254 258 262 264 266 273 281 285 289 293 297 299 303 304 310 315 319 324 328 329 331 337 341 344 347 353 355 361 364 368 370 376 381 385 391 393 400 401 405 406 412 415 418 427 429 430 436 437 440 442 444 452 453 454 456 465 470 471 476 478 484 486 492 494 499 502 506 509 511 513 515 516 522 523 527 534 537 540 542 546 547 548 550 554 557 558 563 565 569 570 578 579 582 588 592 594 595 600 603 605 608 609 614 618 624 626 630 
186 190 197 202 220 230 231 236 238 240 245 254 258 260 263 265 270 275 282 289 292 296 301 303 305 307 311 317 322 325 331 333 335 338 344 346 350 354 359 365 369 373 377 380 384 389 394 396 402 406 409 410 413 419 421 428 433 435 439 441 444 445 448 455 459 461 462 468 472 473 480 482 485 489 494 498 501 504 509 513 516 520 523 527 528 529 530 535 540 543 545 547 549 552 553 558 560 562 564 568 573 575 581 582 584 592 594 596 598 601 606 610 613 616 617 619 626 627 632 
190 192 200 205 222 234 237 239 241 243 246 256 259 264 266 267 273 277 286 293 294 300 303 305 307 310 315 321 324 328 335 338 339 342 348 350 352 357 363 368 372 376 378 381 386 391 398 399 404 407 411 415 417 421 425 430 437 439 443 446 448 449 452 457 462 466 469 472 474 476 481 485 488 492 495 500 504 508 510 517 519 523 525 530 532 535 537 541 543 544 546 548 552 553 554 561 563 566 567 570 574 579 584 586 587 595 599 602 606 610 613 614 618 621 625 627 631 635 637 
192 193 204 209 224 237 239 243 244 245 247 260 261 266 267 270 276 279 288 295 296 303 306 307 310 313 319 325 328 331 337 340 343 345 349 352 353 358 366 369 375 379 380 382 388 394 402 404 407 408 412 417 418 423 427 434 439 441 446 447 452 456 460 463 464 469 471 473 475 479 484 488 491 494 496 501 505 509 514 520 521 526 528 533 535 538 541 545 548 551 554 556 560 564 567 570 572 573 576 580 581 584 586 590 591 598 601 603 607 613 616 618 620 623 629 630 632 637 641 
195 196 207 212 228 238 243 246 247 250 252 264 268 271 273 275 278 283 289 298 302 307 310 312 316 319 321 328 329 334 341 343 346 350 352 353 355 359 369 371 379 383 384 385 392 397 406 410 411 414 415 420 421 425 428 438 440 444 447 450 453 458 462 466 468 473 475 478 482 483 487 492 493 498 500 504 507 513 515 522 525 529 532 535 538 541 544 548 552 553 558 561 562 566 568 571 574 576 577 583 584 586 588 592 596 599 605 606 610 614 620 622 623 625 633 636 637 641 644 
198 200 209 215 230 241 247 249 252 254 256 265 271 272 277 279 281 287 290 300 303 310 313 317 318 321 322 329 332 338 343 346 347 352 353 356 360 362 371 375 382 387 388 389 395 398 409 411 413 415 418 422 425 426 430 439 442 448 449 453 454 459 463 469 470 475 476 479 484 488 489 493 494 501 502 505 508 516 520 525 528 531 535 539 541 545 549 551 553 554 560 565 567 570 572 573 578 580 582 585 587 588 589 595 598 603 606 609 614 616 623 625 627 628 634 640 644 645 649 
199 204 213 219 234 244 249 252 254 255 259 269 272 275 279 282 286 288 294 303 304 311 316 320 323 324 325 332 335 341 345 347 350 354 357 358 362 366 372 378 384 390 394 398 402 403 413 415 418 420 421 423 427 429 433 443 444 452 453 455 456 463 464 472 473 476 480 483 487 491 494 498 501 502 504 509 513 520 524 529 530 533 538 542 545 546 550 554 556 560 561 567 569 573 577 580 582 586 587 589 590 591 594 596 600 604 608 610 615 620 626 628 630 631 636 641 648 650 654 
202 206 214 223 235 245 250 255 256 259 263 271 276 277 283 287 291 292 297 307 308 312 318 324 325 326 330 335 339 342 348 352 353 358 362 365 368 369 373 381 385 393 397 402 403 405 414 416 421 424 426 428 430 432 434 447 451 454 455 458 460 465 467 473 474 480 481 486 491 494 495 499 503 506 507 510 517 521 526 533 534 536 539 544 549 552 554 557 560 564 568 570 571 576 580 583 587 590 591 592 596 599 602 606 607 611 615 617 619 622 628 630 631 633 639 642 651 654 657 
205 209 216 226 236 246 253 259 260 261 265 273 278 282 285 288 292 294 299 308 311 313 319 327 330 331 335 338 341 346 351 353 355 361 366 369 371 374 378 382 387 397 398 406 410 412 418 421 425 426 428 432 434 435 437 449 454 456 460 462 463 467 469 474 478 481 485 490 493 497 498 500 504 509 511 513 518 522 527 537 539 540 544 547 551 553 558 560 563 566 572 575 578 580 582 584 588 591 592 595 598 602 604 610 614 617 620 622 624 626 629 632 636 637 640 644 655 657 659 
208 212 217 229 240 249 257 262 263 265 269 276 281 285 286 289 295 298 302 311 315 319 321 329 332 336 340 343 344 348 352 355 359 364 369 373 377 378 379 384 389 401 403 408 412 416 422 423 427 431 434 437 439 443 444 452 458 461 464 466 470 473 475 478 479 482 486 494 498 500 501 504 505 511 514 517 522 524 530 539 542 543 548 549 555 557 562 564 566 568 576 580 583 587 589 590 592 594 598 601 604 606 608 614 618 621 625 629 633 636 640 644 646 647 650 653 658 659 662 
210 214 218 231 243 253 261 263 265 266 270 278 284 288 290 292 298 299 305 312 317 320 323 332 334 339 342 346 348 349 353 358 361 367 371 374 379 380 382 385 391 405 406 410 414 419 425 426 430 432 435 441 445 448 450 455 462 466 468 472 476 480 482 484 485 486 489 496 499 504 506 507 508 514 516 521 523 527 532 541 544 546 551 552 556 559 565 566 570 572 579 584 588 591 593 594 597 601 604 608 610 613 614 615 620 624 629 633 636 640 644 646 647 648 651 657 659 660 663 
213 215 219 235 245 254 262 267 270 273 275 280 287 292 294 295 302 303 308 313 320 324 326 336 339 343 345 347 351 355 358 359 364 369 374 378 381 385 389 392 395 406 408 414 417 421 427 428 434 436 439 443 448 450 452 456 465 467 472 475 477 481 486 487 490 493 497 499 501 507 508 512 516 518 520 523 526 529 534 543 545 550 552 553 558 563 568 572 574 576 580 586 589 592 596 597 601 604 605 610 611 614 616 617 623 628 630 637 639 644 646 650 651 654 658 661 665 669 671 
217 220 222 239 246 256 264 270 273 274 279 281 289 295 297 300 306 310 312 316 321 327 330 337 340 346 349 353 354 359 360 363 365 373 377 382 383 389 391 393 398 407 410 415 419 423 431 433 435 438 441 445 451 452 453 459 467 469 475 477 478 484 487 490 493 494 500 502 504 511 512 513 518 519 521 526 528 531 535 547 550 553 556 557 562 564 569 576 580 581 584 587 592 596 599 601 602 608 611 614 616 620 622 626 629 633 634 641 645 649 652 654 657 658 659 665 667 671 674 
218 221 223 242 250 260 265 271 277 278 281 284 293 297 298 304 309 314 317 319 323 330 332 340 343 349 352 356 360 362 364 365 366 377 380 383 384 391 395 397 401 410 413 419 422 424 435 437 438 441 442 446 455 458 459 462 470 474 476 481 483 488 492 495 498 500 501 504 508 515 519 523 525 528 532 535 537 540 543 551 553 556 559 560 566 569 570 577 581 585 589 593 594 600 602 603 606 612 616 618 621 623 624 628 632 635 636 642 646 650 653 657 659 661 664 668 671 672 678 
219 223 224 244 251 261 267 275 278 280 285 288 294 301 304 306 310 316 320 321 324 334 338 341 345 350 354 359 364 365 367 371 372 380 384 388 389 395 397 399 402 412 414 423 427 430 439 441 445 449 452 456 459 461 465 467 473 478 480 485 486 492 493 497 499 501 502 507 510 519 520 525 527 531 533 538 540 543 545 552 557 561 565 568 572 576 579 582 584 588 593 595 597 604 607 611 613 615 619 621 624 628 631 634 635 639 642 645 648 654 656 661 662 664 665 670 674 676 680 
221 226 227 246 254 264 269 276 282 285 286 291 296 303 305 309 313 320 322 323 328 338 342 345 348 353 355 362 366 368 369 373 375 382 387 392 393 399 400 401 404 414 415 427 431 435 441 444 448 452 455 457 461 464 468 472 476 480 483 488 492 494 496 498 502 503 505 508 511 520 524 526 531 533 537 542 546 548 549 555 561 565 568 570 574 580 584 588 590 594 596 598 600 606 611 612 614 617 620 624 627 632 635 639 641 645 648 651 652 657 661 664 665 666 670 671 676 679 682 
225 227 230 248 257 265 273 278 285 287 289 293 298 304 308 313 314 322 323 325 332 339 346 350 353 355 359 363 368 370 374 375 377 386 390 396 398 400 402 405 407 418 420 429 433 438 445 449 451 453 458 459 464 466 471 475 477 482 486 492 493 495 497 502 505 508 511 512 514 524 526 527 533 535 541 543 549 550 553 558 565 569 572 573 578 584 588 590 594 597 600 602 606 608 612 613 615 618 624 628 631 633 639 642 645 647 651 654 655 658 664 666 669 673 675 676 680 683 686 
226 230 231 251 260 268 277 281 287 291 294 296 299 307 310 315 317 324 328 331 335 342 348 354 355 359 360 365 371 373 376 380 384 389 392 398 401 404 407 409 413 419 423 431 436 442 446 453 455 458 460 464 467 469 475 477 479 483 490 495 499 503 507 508 511 512 515 516 517 525 527 529 537 540 542 547 552 553 555 562 569 573 576 578 580 585 591 593 595 598 601 603 610 613 616 620 621 624 627 629 635 637 642 643 648 649 652 656 659 661 666 669 670 674 678 679 683 687 690 
230 231 234 254 264 271 281 283 288 292 297 300 302 309 314 316 320 325 332 335 337 343 352 357 359 360 362 367 373 377 381 383 387 392 395 402 406 409 412 413 416 422 426 434 438 444 448 454 459 461 463 465 468 470 479 480 482 486 494 499 503 505 511 513 514 518 520 522 523 528 530 534 538 543 547 551 555 559 563 567 570 576 578 579 581 586 592 596 598 602 605 608 614 617 620 622 624 627 628 633 639 643 646 650 652 654 658 659 661 662 669 671 673 677 681 683 687 689 694 
232 234 235 258 268 274 282 285 289 296 299 303 307 313 316 318 321 329 336 337 338 344 354 359 361 365 369 370 375 380 382 387 388 395 398 403 410 413 415 417 419 425 430 436 442 448 449 456 462 466 467 471 474 476 483 486 488 489 495 503 506 507 515 517 518 522 523 524 525 529 533 535 540 545 548 553 559 563 567 571 573 577 581 584 588 589 593 598 600 606 609 611 618 620 624 625 626 629 632 635 641 645 650 652 653 656 662 665 668 672 674 677 680 681 682 684 690 692 696 
236 239 242 260 270 275 283 286 293 297 300 304 308 315 320 321 322 332 340 341 345 347 357 363 365 366 371 372 376 381 386 391 393 397 401 407 414 417 421 424 426 430 431 437 443 451 454 457 464 467 468 474 476 478 486 487 491 492 498 504 507 510 519 520 524 527 529 530 533 536 537 538 542 546 549 557 563 565 570 575 577 579 585 586 591 595 597 602 606 609 611 615 622 625 626 627 631 635 639 641 643 646 654 658 660 663 666 667 671 674 675 681 684 687 688 690 691 694 698 
237 240 246 261 274 278 284 290 297 301 305 309 312 316 322 323 324 335 344 347 351 355 358 364 367 371 373 376 379 383 389 394 398 399 404 409 417 420 425 428 429 431 435 439 446 454 456 459 467 471 472 478 481 482 488 492 496 498 502 506 511 514 521 525 528 531 533 535 537 541 545 549 551 552 555 559 566 570 571 578 582 585 587 589 595 596 600 604 608 610 613 618 624 628 630 631 634 639 641 644 647 649 655 661 662 664 670 673 677 678 682 686 688 689 690 691 695 696 702 
238 241 250 262 277 281 287 291 300 302 306 310 315 320 325 327 328 337 348 352 355 359 363 367 371 374 377 378 381 386 390 395 400 404 406 413 418 424 427 430 433 435 438 443 447 458 461 465 469 472 476 481 484 488 492 494 500 501 506 507 515 516 522 528 529 534 537 541 542 546 547 552 553 556 558 563 569 574 575 582 583 588 591 594 598 600 603 605 610 611 614 621 628 632 635 636 640 642 645 649 653 656 660 663 667 670 671 674 681 684 688 691 694 696 698 700 701 703 705 
239 245 253 265 278 283 289 293 303 305 309 312 317 321 329 333 335 339 351 356 358 361 365 369 374 377 381 384 385 389 393 396 402 405 410 416 422 428 431 435 437 441 442 444 451 462 464 467 470 475 477 484 485 492 494 495 504 508 512 515 517 521 523 531 532 536 539 544 547 548 549 555 557 560 562 564 570 578 579 583 586 590 593 597 599 602 605 606 612 616 618 623 630 634 637 638 643 645 648 652 656 657 661 665 669 672 676 678 684 685 692 696 697 701 704 706 707 708 712 
240 248 255 269 280 286 291 296 307 311 314 316 321 325 333 337 341 344 353 358 361 363 367 373 377 379 384 388 392 396 400 402 406 410 412 417 425 430 433 436 440 444 448 452 455 463 465 470 473 479 480 485 487 495 497 498 508 510 516 517 521 524 528 533 535 537 541 548 549 553 554 557 560 564 566 569 573 580 582 586 589 594 598 601 605 609 612 614 618 621 622 624 631 638 640 642 645 647 649 656 660 662 665 666 673 677 680 681 686 690 696 699 700 705 708 710 714 716 717 
242 251 258 272 282 288 293 297 310 315 319 321 323 328 336 340 342 345 354 361 363 365 371 377 378 382 386 391 396 397 402 406 407 413 416 420 428 432 437 438 444 446 450 454 457 465 466 471 474 481 485 486 491 496 500 503 509 513 518 522 526 529 531 535 537 541 542 552 554 557 559 561 562 566 570 573 577 584 588 592 596 599 601 605 607 610 616 619 622 623 626 627 634 642 646 647 648 651 654 659 664 666 670 671 674 678 682 685 687 692 697 701 703 708 711 714 716 718 720 
244 255 259 273 285 291 295 300 314 317 320 323 326 331 339 342 345 349 358 364 365 367 373 378 382 383 387 394 400 402 405 410 414 418 421 424 429 433 441 442 446 447 451 456 461 468 470 472 476 482 487 489 493 497 503 506 510 516 520 526 530 533 536 539 540 544 545 555 559 561 563 567 568 569 573 577 579 586 589 596 598 603 607 608 612 616 618 620 626 630 632 634 638 644 648 651 654 655 656 662 665 667 671 675 679 683 687 689 693 696 701 704 706 712 713 716 717 719 724 
246 258 262 277 289 295 299 304 315 321 322 324 327 334 343 346 348 352 360 366 370 373 377 380 386 390 391 396 403 406 409 412 416 421 425 426 432 436 443 445 449 451 452 458 462 472 476 480 481 485 489 492 494 500 505 507 512 518 524 530 534 538 541 544 547 549 552 558 561 564 568 570 573 575 579 580 581 589 590 598 602 605 609 613 615 620 622 626 627 633 636 640 641 645 649 652 657 660 662 665 666 670 673 677 682 684 688 690 695 697 705 709 710 716 719 722 724 726 729 
250 262 264 281 293 298 302 305 316 324 326 328 331 338 344 348 352 355 363 368 372 374 381 385 387 392 394 400 406 408 410 415 420 424 429 430 434 438 445 446 450 452 453 459 463 476 477 482 485 489 491 496 498 501 506 510 516 519 525 531 537 541 542 546 550 554 555 559 563 565 572 575 576 577 581 584 587 590 594 602 604 606 611 615 617 622 623 630 634 638 639 644 646 648 653 655 661 665 669 670 674 678 679 681 685 689 693 696 700 704 707 711 714 718 720 723 727 728 731 
251 264 265 283 294 301 306 309 320 325 330 332 335 339 347 350 353 356 364 371 375 378 385 388 389 396 400 403 407 410 414 416 423 428 430 431 436 441 446 450 451 453 455 462 466 480 484 488 489 493 494 499 500 504 507 513 520 524 526 532 538 543 546 549 551 556 560 562 566 569 574 578 581 584 587 590 592 595 596 604 608 609 612 617 621 625 626 631 636 642 646 650 654 655 657 658 663 666 670 674 678 680 682 683 689 692 696 697 703 705 710 714 715 721 723 724 730 731 734 
255 266 267 286 297 305 307 310 323 326 334 337 341 342 350 352 357 359 368 372 378 380 386 389 390 397 402 404 408 412 415 420 427 432 436 437 438 445 447 453 454 456 459 466 467 481 487 491 493 497 500 501 502 508 510 514 524 525 527 533 542 545 549 552 556 558 563 564 567 571 577 582 584 588 590 592 596 598 601 605 611 613 616 618 622 626 627 634 640 646 647 653 658 659 660 664 666 669 673 675 681 683 685 689 691 693 700 702 705 708 711 715 717 724 727 731 732 734 735 
259 268 269 288 298 306 311 315 326 329 337 338 345 346 352 355 360 361 371 374 379 381 388 393 394 399 403 407 411 414 418 422 430 433 439 441 442 448 452 455 456 458 461 470 472 483 491 493 497 501 503 507 509 510 514 518 528 529 530 537 544 548 553 557 558 562 566 570 573 576 579 584 587 589 591 595 597 600 605 608 614 618 619 620 626 628 631 638 643 650 652 655 660 664 667 671 672 675 676 677 683 686 687 690 693 697 704 707 708 710 713 719 720 726 729 732 736 740 744 
260 271 274 290 299 309 313 317 328 332 338 342 349 353 355 359 362 365 373 377 380 384 389 395 398 403 406 410 412 415 420 426 434 436 443 445 447 451 455 457 460 463 467 471 474 484 493 497 501 503 507 509 513 515 517 521 529 530 532 538 547 552 555 559 562 565 567 574 577 581 585 588 591 595 599 602 606 610 613 615 619 622 623 626 627 630 632 642 645 651 653 658 661 667 671 673 675 678 682 685 687 690 691 692 696 699 708 711 712 716 718 723 727 729 732 734 738 741 746 
264 273 276 293 301 310 317 321 331 333 341 343 350 356 357 361 364 367 377 379 384 385 390 397 402 407 408 414 416 417 422 430 436 439 444 446 448 455 457 461 464 467 469 475 478 487 495 500 502 504 511 513 516 518 522 526 531 535 536 539 548 555 557 563 567 569 570 578 579 584 588 589 592 599 600 605 610 613 615 616 620 625 629 632 636 637 638 645 646 655 658 662 665 669 672 674 677 681 686 690 693 696 698 702 704 707 711 712 716 717 721 727 731 733 737 739 743 744 748 
267 275 277 296 304 312 320 322 334 335 344 346 352 360 361 365 366 370 378 383 386 388 393 398 405 408 409 416 417 420 423 433 438 443 448 450 452 456 460 464 465 469 471 476 479 489 499 503 504 505 512 515 520 524 525 530 535 539 540 544 551 557 559 566 571 573 576 580 581 586 592 596 597 600 604 608 611 615 616 617 623 626 633 636 639 640 642 648 650 658 659 665 668 670 675 676 681 685 689 693 696 700 701 704 707 709 714 716 719 723 724 731 733 734 739 740 744 745 752 
268 276 278 297 307 316 321 326 337 340 346 347 353 364 366 368 370 373 379 387 390 392 397 402 407 410 412 417 421 423 427 435 441 447 450 454 458 459 464 466 469 470 472 479 481 493 501 506 510 511 515 516 522 528 531 535 538 540 541 548 553 558 560 567 572 577 581 583 584 588 596 600 602 604 607 609 613 616 618 619 627 629 636 637 641 643 645 652 653 662 664 668 669 674 677 679 683 688 692 696 698 704 706 709 713 714 716 719 720 726 730 734 736 737 743 744 745 748 756 
272 280 282 298 311 317 322 329 340 342 347 349 356 366 367 369 372 374 380 390 391 394 401 403 409 412 413 420 423 425 431 438 444 448 454 455 460 462 466 468 470 473 477 481 484 496 505 510 514 516 518 520 525 530 535 537 540 542 546 551 555 562 563 570 574 578 583 586 590 593 599 602 604 608 609 611 614 617 621 622 630 634 638 641 644 647 651 654 658 665 668 672 676 679 680 684 688 692 695 699 700 708 709 712 716 719 721 725 726 728 733 737 739 740 745 747 751 755 758 
276 284 286 300 314 318 325 330 344 346 349 352 357 368 369 371 373 377 381 394 396 397 403 406 411 415 417 421 424 429 432 439 447 452 456 459 463 466 468 472 475 479 482 484 487 499 507 513 517 521 524 527 530 533 538 541 544 548 550 554 557 566 570 574 577 582 584 589 594 595 601 604 605 609 611 614 616 618 622 623 634 637 639 642 645 650 655 658 660 667 670 676 680 683 684 687 691 694 697 703 705 709 710 714 719 721 723 728 732 734 738 739 743 745 747 749 755 759 760 
279 286 288 301 318 322 328 332 348 349 352 356 361 370 373 374 377 380 384 395 397 400 405 408 415 417 421 425 426 433 434 442 451 454 459 461 467 470 472 476 477 482 485 489 492 501 511 514 520 522 525 531 532 534 542 544 548 551 553 555 559 570 571 578 581 583 585 592 597 599 602 605 609 611 614 616 618 621 624 625 636 641 642 645 647 654 656 660 662 670 671 679 683 684 688 691 692 695 698 707 709 710 711 718 723 727 731 734 735 736 742 744 745 749 753 757 759 761 762 
280 288 292 302 320 326 330 335 350 351 355 358 364 373 376 379 381 383 385 396 401 402 409 411 419 421 424 427 429 435 437 446 452 455 460 464 470 472 476 477 478 485 487 493 495 504 512 518 521 526 530 533 535 536 544 548 552 554 556 560 564 571 574 580 585 589 592 593 599 600 604 608 611 613 616 620 621 623 626 630 637 644 646 648 652 656 660 661 665 671 675 683 686 687 692 695 698 699 703 711 713 715 718 719 724 731 732 736 738 739 745 748 751 752 756 759 762 763 765 
282 289 294 305 321 327 334 337 354 358 359 362 367 375 379 380 385 386 390 399 402 404 411 415 420 424 428 430 431 439 440 448 456 458 461 467 473 474 479 481 484 487 489 495 497 505 513 522 525 528 531 535 537 540 547 552 554 556 557 562 567 575 579 583 587 590 596 598 601 603 607 609 612 616 619 624 626 629 630 634 639 645 649 652 656 657 664 667 670 673 677 687 688 691 693 698 701 704 706 713 716 719 721 725 728 733 736 739 742 743 749 751 754 758 761 763 765 767 771 
286 292 296 308 323 329 336 340 358 359 363 364 371 379 383 386 390 393 394 401 404 407 413 416 423 425 429 433 437 441 443 449 459 460 462 471 476 478 483 487 491 494 496 499 502 506 516 526 530 533 536 540 544 546 551 553 555 557 558 565 569 579 582 585 589 592 600 602 604 607 611 614 616 619 621 627 629 631 632 636 642 649 651 653 660 664 667 668 671 676 680 689 692 696 697 699 703 708 709 716 719 723 724 727 730 736 740 743 747 748 751 755 758 761 763 765 768 771 773 
288 293 298 309 324 331 338 344 362 365 367 369 375 381 387 391 392 394 396 402 408 410 417 420 425 429 433 436 439 444 448 453 463 466 469 472 480 481 487 489 493 495 498 501 506 508 519 527 533 534 537 543 548 552 555 557 561 563 564 568 570 583 586 588 590 596 603 604 607 610 612 615 618 620 623 628 633 635 639 641 643 651 654 658 663 668 670 674 675 679 681 693 694 700 704 707 710 712 716 720 724 726 729 730 734 740 741 744 751 753 756 759 760 763 766 770 774 775 777 
289 294 300 313 325 332 339 345 363 367 368 370 379 382 391 393 396 399 400 405 412 416 420 422 428 432 437 438 443 445 451 454 466 467 470 476 484 486 490 491 496 499 502 504 509 510 521 530 536 537 538 544 552 556 558 561 563 566 570 572 575 585 590 591 595 600 606 607 610 612 614 617 619 624 625 631 635 638 640 644 646 652 656 660 666 670 672 676 680 684 688 695 697 701 705 708 711 714 719 721 728 730 733 736 740 744 747 748 752 755 758 761 763 767 771 775 777 781 784 
292 298 301 316 327 336 343 347 365 370 372 376 383 386 393 397 400 404 407 409 414 419 421 424 430 433 439 443 446 447 454 458 468 469 474 480 486 490 492 496 500 504 507 508 513 514 524 534 538 542 543 548 554 560 564 568 569 573 576 577 578 587 591 593 599 603 610 611 614 617 620 622 624 626 628 632 636 639 642 648 650 656 659 661 670 673 674 678 682 688 691 698 702 705 709 710 713 716 722 723 730 733 734 740 741 747 749 753 755 756 762 765 766 771 773 779 782 786 788 
293 300 302 319 330 337 344 349 367 372 376 380 385 387 394 398 401 407 409 410 416 420 424 426 432 434 440 444 449 453 456 460 472 474 477 482 489 492 494 500 504 507 511 513 517 520 526 535 541 543 545 549 558 561 567 569 571 575 580 584 587 589 594 596 601 606 611 612 617 618 623 627 631 634 637 640 641 644 646 650 652 658 660 664 673 676 678 682 683 689 695 699 704 708 711 715 717 719 723 726 732 737 741 742 744 749 751 757 761 765 766 767 771 773 775 783 786 788 789 
297 304 305 323 333 340 347 350 368 374 379 384 386 391 398 400 402 411 413 415 420 421 425 429 436 437 444 448 450 454 460 461 474 476 478 483 493 495 498 501 507 508 513 517 521 522 527 537 543 544 548 552 561 565 569 570 573 577 582 587 589 591 598 601 603 608 614 618 622 623 627 628 632 635 641 645 646 650 651 654 657 662 663 665 675 680 681 685 687 692 698 701 706 709 714 716 720 721 724 727 736 739 742 744 747 750 752 759 763 768 771 773 777 780 783 786 789 793 796 
298 308 312 324 336 343 348 352 369 377 380 388 392 396 400 401 405 413 416 417 424 425 428 433 437 439 447 452 455 457 462 464 476 478 479 484 495 498 500 505 508 510 514 521 525 527 530 541 546 547 551 553 564 569 573 574 576 578 584 589 592 594 602 603 607 612 618 621 624 625 629 630 634 638 645 647 648 653 657 661 663 666 668 670 676 683 685 686 688 694 702 703 710 711 716 720 722 724 728 730 737 743 746 747 748 751 754 761 767 772 773 777 779 784 787 790 791 796 798 
