2 4 8 11 13 17 19 21 25 28 32 34 35 38 39 43 44 47 51 54 58 62 65 66 69 70 74 77 78 81 83 87 89 93 94 97 101 104 105 109 110 112 116 119 120 123 126 128 131 133 136 137 138 142 145 148 149 152 154 158 161 164 167 169 173 176 180 183 187 191 192 193 194 198 199 202 203 205 209 210 212 213 216 219 223 227 228 231 233 235 237 239 242 245 247 251 253 256 257 258 260 264 266 269 272 276 277 280 281 284 285 286 290 293 297 301 305 306 309 312 313 315 318 321 324 326 329 333 336 338 341 342 344 345 347 
3 8 10 13 17 19 21 24 27 32 36 38 40 43 45 46 49 53 54 58 59 63 67 69 71 74 78 81 82 84 86 88 93 95 96 99 105 108 110 111 114 118 120 121 123 126 129 133 137 139 143 147 149 150 151 152 153 156 160 163 164 166 168 171 174 178 181 184 190 194 196 199 203 207 211 213 217 218 221 223 227 231 235 237 238 240 243 244 245 246 247 250 251 255 259 260 261 265 267 270 273 274 276 278 282 284 286 288 289 292 294 298 299 301 305 307 308 309 311 316 317 319 322 325 329 330 332 337 339 341 342 344 347 348 352 
6 9 11 14 18 23 24 25 30 35 40 44 45 47 51 53 56 58 60 61 62 65 70 74 75 77 82 83 86 89 93 95 96 100 102 104 108 109 112 116 117 121 124 128 131 135 137 141 145 149 152 155 156 157 159 162 165 168 170 172 176 177 181 184 188 192 196 200 201 205 209 210 212 213 217 219 223 227 228 230 233 236 238 241 245 246 247 249 250 253 256 260 262 265 267 270 271 273 277 280 284 286 288 292 296 297 300 303 306 308 311 314 317 320 324 328 329 331 335 338 341 344 346 347 350 351 352 355 359 362 366 367 368 369 373 
10 14 15 18 20 26 27 28 32 38 43 47 49 52 55 59 63 67 70 73 77 80 83 84 87 90 91 94 95 99 102 103 105 106 107 110 112 113 114 118 122 125 129 133 137 140 143 146 149 153 157 160 161 162 164 165 168 171 172 174 179 183 187 191 192 196 197 203 206 209 211 212 215 216 218 222 225 228 230 231 235 240 244 245 249 250 251 254 255 257 261 264 268 270 273 277 280 282 283 285 287 290 292 296 300 302 306 308 310 312 316 320 324 328 330 331 334 338 340 344 346 348 351 355 359 361 364 365 367 370 374 377 380 384 387 
12 17 20 23 26 30 32 34 38 40 46 51 53 54 58 63 67 70 74 78 81 83 84 88 89 91 94 96 100 101 103 107 110 114 118 121 122 126 127 129 130 131 135 137 140 142 146 148 150 156 160 161 163 164 167 171 174 178 182 183 186 190 194 196 199 201 203 204 210 213 215 218 221 222 223 225 227 232 236 239 242 246 248 252 255 257 261 262 265 267 270 272 274 278 280 283 287 288 291 292 293 297 301 303 306 310 312 314 316 318 320 322 326 332 334 337 339 340 343 347 350 351 353 358 360 362 367 371 374 376 380 384 385 388 390 
15 18 24 28 29 34 35 37 41 42 49 53 57 61 63 64 68 73 78 80 82 86 87 89 93 95 97 100 102 103 107 108 113 118 119 123 126 128 131 132 134 135 139 141 145 146 149 152 155 158 162 164 168 169 173 177 180 181 185 186 189 194 196 198 202 206 208 210 214 218 220 223 224 226 230 231 234 237 240 242 246 250 251 256 258 261 264 265 269 271 272 276 278 281 283 286 291 294 296 300 304 306 308 310 314 317 319 321 324 325 329 331 335 337 341 342 345 346 347 350 352 353 355 362 364 368 369 374 378 381 383 385 388 392 394 
18 22 28 30 34 35 37 41 42 44 53 54 59 63 66 69 70 76 80 81 86 90 94 95 98 101 104 105 108 110 113 114 116 120 122 124 128 130 134 138 139 140 143 147 151 152 155 157 159 162 164 167 169 172 177 181 183 185 188 191 192 196 199 201 206 210 213 217 219 222 225 226 227 228 232 234 237 239 242 244 249 253 255 258 261 263 266 268 272 275 276 277 279 284 286 289 295 298 301 304 306 309 312 315 318 319 320 323 326 328 332 334 337 340 343 345 348 352 356 360 361 362 363 367 371 375 378 381 382 385 387 388 392 393 398 
19 23 31 34 38 40 41 42 44 47 57 59 60 65 67 73 76 80 82 83 89 92 95 97 99 103 106 110 112 113 114 117 119 122 126 128 131 135 139 140 142 144 145 151 155 156 157 160 161 166 168 171 172 173 180 183 184 187 192 194 196 199 200 202 208 214 218 220 222 223 227 229 233 237 240 243 247 250 251 252 255 259 262 264 265 269 273 274 276 280 281 285 286 289 293 296 298 301 302 308 312 314 318 321 325 327 328 331 332 336 337 339 340 344 346 349 351 353 359 364 365 366 368 371 373 378 381 385 386 388 391 395 397 398 400 
20 26 35 37 41 44 46 49 52 54 59 61 62 68 72 74 79 84 87 89 90 94 97 101 105 109 113 114 117 120 124 128 131 132 134 137 139 140 143 146 148 150 153 157 161 164 166 168 169 173 177 181 183 186 190 191 193 197 200 202 203 207 210 214 217 221 224 227 229 230 232 233 236 238 243 246 249 251 253 255 257 263 264 266 267 271 274 276 280 282 284 288 291 292 294 298 299 304 308 312 315 316 321 322 328 332 334 338 342 343 344 348 350 354 356 357 359 361 364 368 369 370 373 376 380 384 386 389 392 393 397 398 401 403 405 
23 29 38 42 43 45 48 50 56 59 61 62 64 72 73 78 83 87 91 95 98 101 103 107 108 110 114 116 121 125 126 130 134 138 141 143 147 151 154 158 159 160 162 164 168 169 173 177 181 182 183 184 188 192 194 197 199 201 202 206 207 211 212 217 221 224 228 230 232 235 239 243 245 248 249 252 256 260 263 267 269 271 274 275 276 277 279 281 282 285 288 290 292 293 298 302 305 307 311 315 317 318 323 324 332 335 337 340 343 344 347 349 352 357 360 363 367 371 374 377 381 383 384 388 390 394 398 401 403 407 409 410 413 414 417 
25 33 41 45 48 50 51 53 57 61 63 64 65 74 77 80 85 90 95 99 102 105 107 110 111 114 116 118 123 127 130 132 135 141 145 146 150 154 158 161 162 165 167 170 173 174 178 180 182 186 189 192 195 198 200 201 205 208 212 215 219 220 224 226 230 234 236 238 240 242 245 248 249 253 255 256 258 262 266 271 273 277 281 284 286 290 291 293 297 298 301 305 306 310 313 314 318 320 323 324 325 329 332 334 338 339 340 343 346 347 348 351 356 360 363 365 371 373 378 381 383 385 386 391 392 397 399 403 406 409 410 412 415 419 421 
26 36 43 47 50 51 53 56 58 64 65 66 70 77 80 84 86 92 98 101 106 110 112 114 118 120 124 128 132 136 138 141 142 143 146 148 151 158 160 162 165 168 170 172 174 175 179 184 185 189 192 194 199 202 203 206 208 212 214 216 221 222 226 229 234 235 239 241 245 248 251 255 257 258 259 260 262 263 267 273 277 280 284 286 289 294 295 297 299 301 303 307 308 314 318 321 323 324 326 329 331 332 334 335 339 340 344 347 350 351 352 356 360 362 367 370 375 377 380 382 385 386 390 394 397 399 401 405 408 411 412 414 418 421 425 
30 37 45 48 54 56 59 61 64 67 69 70 74 80 83 85 90 94 99 105 107 111 114 115 119 122 128 129 136 137 139 145 146 148 151 154 155 161 165 167 169 170 173 176 179 182 186 188 190 192 194 195 201 204 207 210 212 215 216 219 223 226 229 232 235 238 243 245 249 253 257 261 263 267 271 273 277 278 281 285 289 293 295 297 300 302 303 306 308 310 313 317 320 324 325 326 329 331 333 337 341 344 347 351 353 355 358 361 365 367 371 372 374 375 376 379 380 383 384 385 389 392 395 397 399 402 404 408 412 416 418 420 421 422 426 
31 40 47 52 56 58 62 63 66 69 71 75 76 83 86 89 94 96 100 108 110 113 118 119 121 125 131 134 140 141 143 147 150 151 153 157 158 163 166 169 170 172 177 181 183 187 190 191 195 198 199 201 202 205 208 213 217 218 220 224 227 231 232 234 238 241 244 249 251 254 258 265 266 270 274 278 281 282 286 290 293 295 299 301 302 305 306 308 309 314 318 320 323 328 331 333 337 338 339 341 343 347 351 355 356 358 362 366 369 372 376 380 383 384 388 391 394 397 398 401 405 406 409 413 417 419 420 424 426 428 429 431 435 438 440 
35 41 50 56 58 59 64 68 71 72 76 77 79 84 89 92 98 101 105 110 113 117 120 121 124 128 132 138 143 145 147 151 152 155 159 161 162 167 168 173 175 178 179 182 186 189 193 194 197 201 202 204 205 206 210 215 221 224 228 231 234 238 240 244 246 250 251 254 257 258 259 266 269 273 277 281 282 285 287 293 295 299 301 302 304 308 310 314 315 319 320 323 326 329 332 337 341 342 343 346 347 349 354 356 360 364 368 372 376 377 379 383 384 387 391 394 395 398 402 403 407 409 413 415 420 421 424 425 429 432 434 435 437 442 443 
38 43 52 58 61 64 66 72 75 76 80 82 86 90 94 95 99 102 107 111 114 118 123 124 128 132 133 140 144 148 149 153 155 156 162 165 167 170 174 175 179 183 185 188 191 194 195 196 200 205 206 210 213 215 216 219 225 229 233 236 237 240 242 247 251 253 254 258 262 266 268 272 274 277 279 284 288 291 295 297 300 304 305 306 309 313 317 321 323 326 328 330 334 338 340 344 348 350 352 356 360 363 365 368 369 370 371 374 379 381 384 387 389 392 393 398 399 400 406 409 411 413 417 420 421 422 425 426 431 433 435 439 440 446 448 
41 45 54 59 64 67 71 76 80 81 83 86 89 91 98 100 103 106 108 112 115 121 126 130 133 135 139 142 148 150 152 154 156 157 165 169 171 175 177 181 182 185 189 193 195 196 198 199 203 208 210 214 216 217 221 222 229 231 235 237 241 243 245 249 253 254 255 260 264 270 272 276 277 278 282 285 291 295 299 300 302 305 306 310 311 316 320 324 328 332 334 335 337 340 344 348 352 356 359 363 365 367 370 371 374 378 379 383 386 388 389 391 392 395 399 403 404 407 409 413 415 419 423 426 427 430 431 435 438 439 443 446 449 450 453 
44 49 56 62 68 69 73 80 82 83 86 89 92 96 101 103 107 110 111 115 117 125 130 132 134 137 143 145 151 153 156 158 159 161 169 172 176 179 180 183 186 189 191 197 201 204 206 208 211 212 213 216 220 224 225 229 230 234 238 241 243 245 246 252 255 258 259 262 267 271 274 277 278 281 285 288 292 298 303 304 308 310 311 313 316 317 322 326 329 334 336 337 339 343 345 351 356 358 363 366 367 368 373 374 378 382 383 387 389 392 395 397 398 402 405 408 409 411 412 416 420 422 426 429 432 435 439 440 442 445 447 449 452 455 459 
48 51 60 65 71 73 75 84 88 89 91 92 95 99 103 106 110 114 117 118 120 129 131 134 136 140 147 151 155 159 161 165 166 167 172 174 180 182 186 188 189 192 195 198 204 207 210 214 215 216 217 219 222 226 229 232 235 236 239 242 244 249 250 256 257 259 263 264 268 275 277 280 282 286 289 290 295 302 306 310 314 318 319 323 327 330 332 335 339 341 342 345 348 352 356 358 360 361 364 368 371 374 375 379 382 384 387 390 393 397 401 404 405 406 407 412 414 417 419 422 423 427 430 432 436 438 440 443 445 446 448 453 457 460 464 
52 55 64 68 72 75 76 88 92 95 96 98 102 105 108 112 116 118 120 123 127 130 135 137 140 142 148 155 156 162 163 167 169 173 177 179 181 185 190 192 193 194 199 201 207 210 213 217 221 224 227 228 229 232 234 235 239 242 243 245 249 252 256 257 261 264 268 272 274 279 282 286 289 290 293 294 299 305 307 311 318 322 325 329 333 336 337 339 343 346 348 352 354 358 360 361 364 366 369 372 375 379 382 386 390 393 395 399 403 406 409 410 414 416 420 423 424 425 429 432 434 435 436 439 442 445 449 453 454 456 457 459 461 465 468 
55 56 66 70 74 78 79 92 96 98 100 101 105 109 113 115 120 121 124 126 129 131 138 139 143 146 151 159 160 163 166 168 170 177 180 182 185 189 194 198 201 205 207 210 214 217 219 223 226 228 232 235 238 241 242 244 247 250 254 258 262 265 268 270 273 275 278 282 284 286 290 294 296 299 302 304 305 308 312 316 320 326 328 331 337 341 345 349 351 352 355 359 363 367 369 371 374 375 376 378 382 385 388 390 391 396 399 400 407 408 410 412 418 419 422 426 429 431 432 433 436 438 439 440 443 446 450 455 457 459 460 463 464 467 470 
56 60 70 73 78 79 83 96 98 102 105 106 109 110 115 119 121 123 125 127 133 137 141 144 148 151 152 161 163 166 167 170 171 179 181 183 189 191 198 202 205 209 210 213 215 219 222 227 231 234 235 239 241 244 246 247 249 254 255 259 264 266 272 276 280 283 287 291 295 297 298 302 306 310 311 314 316 320 323 327 328 329 330 332 341 344 348 353 357 361 364 368 370 374 377 380 383 386 389 393 395 398 399 401 403 405 406 408 411 414 416 417 422 425 429 430 434 438 441 442 443 446 447 448 452 454 456 460 462 463 467 471 473 477 480 
59 61 73 75 81 85 87 100 102 106 107 108 113 117 121 125 129 133 135 138 139 141 143 147 150 154 156 164 168 170 171 173 175 182 186 190 192 193 200 206 208 212 214 218 221 222 223 228 232 237 241 243 246 248 250 252 256 257 258 263 266 270 273 277 282 286 290 295 297 301 305 309 312 314 316 317 319 321 324 328 331 333 337 340 342 346 350 356 358 365 369 370 372 375 380 383 386 387 393 394 397 399 403 404 405 407 411 414 417 419 420 424 426 429 431 435 436 439 445 448 450 452 454 457 460 463 466 467 469 471 473 474 477 480 483 
62 65 74 77 84 88 90 103 106 108 109 110 116 120 123 127 131 134 139 140 143 145 149 150 152 155 157 167 171 174 178 180 181 186 190 191 196 197 201 208 212 216 219 220 224 225 228 231 235 240 242 244 247 249 253 256 258 261 263 267 271 275 278 281 285 288 294 297 300 304 308 310 314 316 318 321 322 324 325 331 332 337 340 342 346 350 352 360 362 366 370 373 376 378 384 386 390 394 397 398 402 405 409 411 415 417 418 420 423 426 427 430 431 435 438 440 442 445 448 449 452 455 459 460 463 464 469 470 473 474 478 481 482 484 485 
66 68 78 82 85 92 95 104 108 112 116 118 120 122 125 131 135 136 140 142 146 147 152 156 159 161 163 170 172 177 181 183 186 190 193 196 200 201 205 212 215 218 221 225 229 233 235 236 239 241 243 245 248 251 257 261 265 269 270 271 275 279 281 284 288 292 295 300 302 305 311 312 315 318 322 326 327 330 333 337 338 340 341 345 349 354 356 362 366 367 374 378 379 383 386 388 394 398 399 402 403 406 410 414 419 421 425 426 427 430 433 435 438 442 445 447 451 452 456 458 462 466 469 470 474 478 479 481 484 485 486 489 491 492 495 
68 70 82 83 86 95 96 106 110 114 120 124 126 130 131 132 136 137 141 145 150 154 158 159 161 163 165 173 174 181 183 184 187 192 194 200 202 206 210 214 219 223 226 228 231 236 238 241 244 246 249 250 252 253 258 264 266 272 273 277 280 283 285 288 289 293 298 301 306 308 312 314 317 319 324 330 334 335 338 340 344 346 347 349 350 356 358 363 367 369 378 380 382 385 388 390 397 400 404 406 408 411 413 417 423 426 430 434 435 437 440 442 445 448 450 451 454 455 459 460 465 468 470 471 475 480 481 485 488 491 495 498 499 502 504 
71 72 83 86 90 98 101 110 111 115 122 125 129 131 134 136 139 141 144 149 154 155 159 163 167 171 174 177 178 185 188 189 193 195 197 202 206 209 214 215 220 224 227 229 235 240 244 248 250 254 256 260 262 264 268 272 275 279 283 286 289 290 291 294 296 298 300 302 309 310 315 317 318 323 326 331 338 341 343 347 349 350 352 355 357 358 361 367 370 372 380 383 387 388 390 391 400 402 406 409 411 415 418 421 424 429 432 436 438 442 444 447 449 450 452 455 456 457 461 462 466 471 474 478 480 483 484 489 493 496 500 502 506 510 514 
74 75 87 88 91 100 105 112 116 119 125 129 130 132 136 137 140 143 146 151 156 160 163 165 171 173 176 179 182 188 192 194 198 199 200 203 207 211 217 218 223 225 228 233 236 242 246 251 255 257 258 262 263 268 270 275 276 283 285 289 291 292 293 298 299 301 304 305 311 315 318 322 324 326 328 333 339 343 346 351 355 357 359 360 363 367 368 371 374 377 382 384 391 393 396 397 401 405 410 412 416 419 423 425 429 431 433 439 442 444 448 452 454 458 462 463 466 469 470 471 473 476 480 484 486 490 492 493 495 499 503 507 510 512 515 
76 80 89 92 96 102 107 115 120 122 126 132 136 138 139 143 144 145 147 154 157 161 167 169 172 174 177 182 183 190 193 197 202 203 206 207 210 212 221 223 227 231 232 237 238 246 249 253 256 259 263 267 268 270 272 279 282 284 286 290 293 294 296 301 305 307 308 310 313 318 319 323 328 329 332 335 341 344 348 355 359 362 363 367 369 372 373 375 376 378 386 389 392 396 399 401 403 407 414 415 419 422 427 431 435 437 438 441 445 448 451 456 458 462 466 470 472 475 479 481 485 487 488 490 494 495 499 502 505 509 512 516 519 521 525 
80 83 92 96 99 105 109 119 123 126 128 136 140 141 142 144 147 151 154 157 161 162 170 172 175 178 182 186 189 192 196 198 204 205 209 210 214 218 224 225 231 235 236 240 242 250 252 256 260 264 267 270 274 276 280 284 288 292 293 296 298 299 302 305 307 309 310 313 316 319 321 325 331 332 334 338 344 346 349 359 360 365 368 372 376 379 380 383 384 387 389 393 394 397 403 404 408 412 415 417 422 426 430 433 439 440 442 446 448 449 454 459 462 463 468 472 474 479 483 487 489 491 493 494 495 497 500 503 508 512 515 520 523 527 529 
81 87 95 100 101 107 112 123 127 129 133 139 143 147 151 154 157 160 161 164 166 167 174 178 180 182 185 189 192 194 198 202 207 211 213 217 220 223 227 229 232 239 242 244 245 253 256 260 261 266 270 272 278 280 281 285 291 296 300 301 304 308 312 316 317 319 320 321 324 325 328 331 333 336 340 343 347 349 351 362 365 368 370 376 379 381 382 385 386 388 391 395 398 399 406 407 411 416 417 418 425 427 431 436 440 443 446 449 453 454 456 461 465 468 471 475 479 480 487 490 491 494 496 498 499 503 506 508 509 515 519 522 526 528 533 
82 91 96 101 102 109 113 124 130 133 136 140 144 148 155 159 162 163 164 166 169 173 178 180 184 185 187 192 194 197 199 204 211 215 218 221 224 227 231 235 238 242 243 246 250 254 257 262 263 268 273 274 279 281 284 287 294 298 302 306 308 309 315 319 322 323 327 329 332 335 336 338 341 343 344 348 350 354 356 366 370 371 373 377 382 385 387 391 395 399 400 401 405 409 411 415 418 422 426 427 431 433 434 440 442 445 448 453 456 459 463 466 469 473 477 478 481 484 489 493 495 497 500 504 506 510 511 515 516 519 523 526 527 532 535 
85 94 97 103 107 112 114 125 133 135 139 144 145 152 159 161 163 166 167 169 172 175 180 183 186 188 190 194 198 202 203 207 213 216 220 224 225 231 234 239 240 243 244 250 254 256 258 265 266 269 275 276 280 285 288 289 297 299 303 309 310 314 316 321 326 328 330 331 333 336 338 340 345 349 351 352 356 359 360 368 372 374 377 378 383 389 392 396 400 404 407 408 411 414 416 418 420 425 430 432 436 438 442 446 447 450 454 456 457 461 464 467 471 476 480 481 485 487 493 494 497 500 502 508 509 511 515 519 521 522 527 531 535 537 541 
87 98 102 104 108 113 115 126 134 138 140 146 147 155 162 165 168 172 174 176 178 181 182 185 187 192 194 197 200 204 207 209 217 218 223 228 231 232 235 240 243 245 248 252 255 257 262 268 270 274 277 280 283 286 289 291 298 300 305 312 314 315 317 322 329 331 332 333 335 338 341 342 347 353 357 360 362 363 366 371 374 377 378 379 387 391 396 397 403 406 410 414 417 419 421 425 428 431 433 435 437 441 444 447 451 455 459 460 461 464 467 469 472 480 481 482 488 490 494 497 499 503 506 511 514 518 519 520 524 525 529 532 537 540 542 
91 102 104 107 110 115 119 129 138 142 146 147 150 158 165 166 172 175 176 180 181 183 184 189 190 193 195 201 203 208 212 214 219 220 227 229 232 235 236 244 248 252 254 258 262 265 268 270 273 278 282 284 286 290 293 297 301 303 308 316 320 322 323 326 332 335 338 341 345 346 347 348 351 354 358 363 364 368 372 374 375 379 383 387 390 394 398 402 405 409 412 416 421 425 426 430 433 436 439 440 443 444 445 449 453 456 463 465 466 467 468 473 476 481 482 483 491 494 495 499 503 507 509 513 516 519 521 523 528 532 534 536 539 542 544 
95 105 107 108 111 119 123 133 142 144 147 148 152 161 167 168 174 178 179 182 183 187 190 194 197 199 203 205 208 211 214 217 221 224 231 234 237 240 244 245 249 254 256 260 266 268 271 274 278 282 284 285 287 291 297 299 303 305 312 317 323 324 326 330 334 338 339 344 346 348 351 355 356 358 362 364 365 370 375 377 380 383 387 388 394 398 401 403 408 412 416 420 422 427 430 433 436 439 441 443 446 449 452 455 459 460 467 468 469 470 474 477 480 482 485 486 493 498 502 506 510 514 515 517 520 522 526 528 530 533 535 539 540 546 548 
97 107 108 110 114 121 126 135 145 148 150 152 154 163 168 172 178 179 182 184 187 191 194 197 199 202 204 207 212 214 218 221 222 226 234 235 238 243 247 249 252 255 259 261 268 269 274 275 281 284 286 288 292 294 300 302 305 308 314 318 324 327 328 334 337 341 343 346 350 352 355 356 359 361 366 367 370 372 377 380 383 386 391 395 397 400 402 407 412 415 419 422 425 429 432 434 440 441 444 448 451 455 457 461 463 464 469 471 473 477 480 482 485 487 488 492 495 499 505 509 512 517 519 520 524 525 529 532 534 535 537 542 546 548 551 
98 110 113 114 115 125 128 139 146 149 153 157 161 164 170 174 181 182 183 188 192 194 195 200 203 205 207 208 214 216 221 222 224 230 236 238 240 245 248 253 255 256 261 262 269 272 277 279 283 287 289 290 296 300 304 306 310 312 317 322 327 331 333 336 340 343 346 347 353 355 357 361 365 367 368 370 372 373 380 384 386 390 392 397 400 402 406 410 416 420 421 423 426 433 434 435 441 442 447 449 454 458 459 463 467 468 471 475 476 478 483 485 487 488 492 495 496 503 509 511 515 521 522 523 525 528 530 536 540 541 542 544 548 552 555 
102 113 115 119 123 128 132 141 150 152 155 161 162 167 171 176 183 186 188 191 193 197 201 202 205 208 212 213 217 219 223 225 229 231 238 240 242 247 249 257 259 260 263 267 273 274 278 283 286 291 293 296 300 301 308 312 313 314 319 326 330 335 336 339 341 345 348 352 357 360 361 363 366 371 372 373 377 381 384 388 390 391 396 400 403 407 410 412 420 424 425 428 431 436 440 443 445 447 449 452 455 459 461 465 468 469 473 479 482 483 486 489 493 496 497 501 504 505 512 513 519 522 524 528 530 534 538 539 544 545 547 551 552 553 557 
105 115 118 121 126 131 135 145 153 157 159 165 169 171 175 177 185 190 194 198 200 201 204 208 211 212 216 219 223 224 225 226 230 232 239 244 248 250 252 260 262 265 267 270 276 280 283 287 289 294 296 297 301 304 311 316 317 318 323 327 331 337 341 344 347 350 352 355 360 363 365 367 368 375 376 379 382 383 386 391 394 398 401 404 406 410 413 416 421 425 428 432 436 438 444 448 450 451 455 457 458 461 462 466 470 474 475 483 486 488 489 492 496 498 500 504 505 507 516 518 520 525 529 532 536 537 539 540 546 550 552 553 554 558 559 
109 118 120 125 129 135 136 146 157 159 161 168 171 173 178 182 189 194 195 200 201 204 207 209 215 218 219 222 227 230 231 233 237 238 241 246 249 254 255 262 263 269 270 273 280 281 286 289 293 296 298 299 303 305 314 320 323 326 330 332 333 339 343 345 349 353 357 361 363 366 368 372 374 377 378 380 384 387 391 392 398 399 402 406 408 411 415 418 422 428 429 436 437 442 447 449 453 457 458 459 460 465 468 469 471 475 479 485 490 491 493 496 499 503 506 507 509 512 519 523 526 527 533 537 538 540 544 548 550 552 556 557 561 562 566 
111 121 124 128 132 136 138 149 159 160 164 172 174 177 182 184 190 195 196 201 203 205 211 212 217 220 224 225 228 233 236 240 244 245 249 250 252 257 260 266 269 272 275 276 282 283 290 293 297 299 300 301 305 308 315 321 324 330 334 336 339 341 347 348 350 357 358 365 366 370 371 374 376 379 383 384 387 390 394 396 401 403 407 409 413 414 418 419 424 429 431 439 440 444 450 452 454 460 464 467 470 473 474 477 478 481 485 487 493 497 501 503 504 508 512 514 517 520 522 527 531 532 536 541 543 544 546 550 554 558 560 561 565 568 572 
112 125 127 131 136 140 141 153 162 166 170 175 177 178 186 188 194 196 199 203 207 210 215 219 221 222 226 228 229 237 241 244 248 250 252 256 257 260 262 268 270 274 279 280 286 287 293 294 298 301 304 307 309 310 316 323 328 333 337 339 342 343 349 350 353 360 361 369 371 373 375 378 379 380 384 388 390 394 396 400 402 406 408 411 414 415 421 422 426 431 432 440 441 446 452 455 459 464 465 471 474 477 481 485 486 488 490 493 496 500 503 507 508 511 516 518 522 523 524 530 533 534 538 544 547 550 553 556 558 562 563 566 569 571 574 
116 129 131 133 138 142 146 154 165 169 173 176 181 185 188 190 197 200 202 204 210 211 219 223 225 228 229 231 234 241 242 248 250 251 256 260 264 265 268 271 273 277 281 284 288 292 294 295 302 303 307 309 311 312 320 327 329 337 340 343 347 350 352 353 355 362 366 372 375 376 380 384 387 391 392 394 397 400 402 406 407 411 414 417 419 423 424 427 428 433 437 441 444 448 456 457 463 467 470 474 477 478 485 488 489 492 496 497 500 501 506 511 513 516 519 522 526 527 529 532 534 535 540 548 552 556 557 561 565 568 572 574 575 576 580 
118 133 134 138 142 146 149 158 166 170 174 177 183 186 189 191 198 203 204 206 211 212 222 224 226 231 235 238 242 243 244 249 251 252 260 262 265 266 272 276 277 281 284 286 292 296 299 303 305 308 311 314 317 319 324 329 330 338 344 345 349 352 353 357 358 364 367 374 376 378 381 387 390 392 394 398 402 406 408 411 414 417 421 425 426 430 432 434 437 438 439 443 445 452 457 460 464 468 474 476 479 481 486 489 493 494 498 501 502 505 509 514 518 519 521 526 529 533 534 535 538 542 543 549 554 559 560 564 569 573 574 577 580 583 586 
120 137 140 144 145 150 153 160 168 173 175 181 184 189 190 192 201 205 206 207 212 214 225 228 230 232 239 243 247 249 250 252 256 260 263 265 269 273 275 277 281 283 287 290 294 299 303 304 306 312 316 320 324 326 330 334 337 342 346 349 352 354 355 359 363 366 370 378 380 383 386 390 391 394 396 400 405 409 410 414 416 419 422 426 430 431 433 437 438 442 444 446 450 456 460 463 465 470 476 478 482 484 488 490 494 497 500 502 506 510 512 515 521 522 526 528 530 536 540 542 543 547 551 555 557 560 563 566 571 576 577 581 585 588 590 
124 139 143 148 150 151 154 161 170 176 178 185 186 192 195 197 205 209 211 215 218 221 228 229 233 235 243 247 250 252 254 257 261 263 265 267 270 274 278 282 286 288 291 292 297 300 307 309 313 317 318 321 328 329 333 337 340 345 349 350 356 360 361 363 366 367 374 380 383 387 391 394 396 397 401 402 406 410 412 415 419 421 425 427 434 438 440 441 444 448 449 453 454 459 461 465 469 474 479 481 483 487 489 493 495 500 502 503 507 512 514 517 524 526 528 532 535 538 544 545 549 552 556 559 560 562 567 570 572 578 582 585 586 589 594 
126 141 145 151 155 157 159 165 172 177 179 187 189 195 198 199 207 211 212 216 219 225 230 232 234 239 246 249 253 254 256 260 264 268 270 274 277 281 283 284 290 292 295 299 302 303 308 310 317 319 322 325 330 334 336 338 343 347 352 353 359 363 366 369 373 376 378 381 384 390 395 399 403 405 408 411 412 415 419 422 424 426 429 433 438 442 444 445 449 452 455 457 460 463 466 468 472 478 482 486 490 492 493 495 497 501 506 510 511 516 519 521 528 530 534 538 541 545 549 550 554 556 557 563 566 567 571 572 574 582 586 587 590 593 595 
128 144 148 154 158 160 164 168 175 180 184 188 193 198 199 200 208 214 217 220 224 227 234 236 240 241 250 253 257 261 262 263 267 272 275 278 280 283 284 288 291 296 298 301 305 307 310 311 320 323 325 327 331 338 341 344 347 349 354 356 360 366 368 373 377 379 383 385 388 392 398 400 407 411 412 414 415 417 423 426 430 434 436 440 442 443 447 450 454 458 460 461 464 468 471 472 474 479 483 490 493 495 498 499 503 507 510 511 515 519 523 524 529 531 536 542 544 547 550 553 557 558 559 566 567 569 574 576 580 584 588 591 592 595 597 
131 145 149 157 159 163 168 172 179 182 187 192 194 201 202 204 210 218 221 224 226 229 238 241 243 245 254 258 260 263 265 267 270 273 276 281 285 286 290 291 295 298 299 305 307 308 314 316 324 327 329 330 333 339 344 347 351 354 355 360 364 367 369 376 379 382 386 389 392 394 399 402 411 412 414 415 417 420 426 430 432 436 440 444 447 448 451 455 457 459 464 468 472 474 477 478 481 485 488 494 498 501 504 507 509 510 513 515 517 522 526 527 532 534 539 546 548 549 551 556 560 561 562 570 572 573 577 579 584 588 589 595 597 601 604 
134 146 151 161 165 168 169 176 181 184 188 194 196 203 207 208 214 220 225 228 230 231 242 246 250 251 258 260 262 265 268 269 273 277 279 284 287 290 294 295 297 302 305 306 309 311 317 319 325 331 333 334 337 343 346 349 354 355 357 364 367 368 371 379 380 383 390 391 395 397 400 403 414 415 419 421 422 424 428 432 433 437 443 448 452 455 459 461 465 466 467 471 473 476 479 483 487 491 494 496 501 503 507 508 511 513 516 517 518 524 528 531 536 539 541 550 552 555 557 560 564 565 567 573 575 577 580 581 588 590 593 598 601 602 607 
135 148 154 164 168 171 174 178 184 187 190 195 198 207 209 210 218 223 228 232 233 236 244 247 251 255 259 264 268 272 274 276 278 282 286 290 294 295 299 301 302 305 307 310 311 315 320 323 329 333 336 340 343 347 350 352 358 359 361 366 370 373 375 383 385 387 392 394 397 398 403 406 417 421 424 425 426 429 432 433 437 440 445 452 454 458 460 463 469 471 472 476 478 482 486 490 491 494 498 500 504 505 510 514 517 520 522 524 527 531 534 538 539 541 542 551 553 557 558 563 568 570 573 574 579 583 586 587 591 595 597 599 602 606 610 
138 152 156 168 169 173 176 181 188 189 193 196 199 210 214 218 219 226 229 236 240 244 246 251 253 259 260 265 271 273 278 279 283 284 289 291 298 302 306 308 309 310 314 315 316 317 323 326 330 337 338 343 344 351 355 356 362 364 368 370 372 375 378 384 386 390 396 397 398 400 405 410 420 425 427 428 429 433 435 436 438 441 446 453 457 459 464 466 471 473 474 478 481 486 489 492 496 500 501 503 507 508 513 515 521 523 525 526 530 534 538 539 540 544 547 552 554 558 561 567 569 573 574 575 581 586 588 590 594 599 603 604 608 609 613 
142 154 160 170 173 177 178 182 190 192 194 199 203 211 216 220 222 228 230 237 243 246 249 255 259 262 263 266 275 276 280 284 286 288 292 296 299 306 308 309 310 311 317 320 323 326 328 330 331 341 345 349 350 353 357 360 365 369 373 375 379 380 384 385 389 393 397 401 403 404 409 414 423 429 431 434 437 438 440 442 443 444 447 457 459 463 465 468 475 478 482 484 488 490 493 494 500 504 505 507 509 511 515 518 523 527 529 532 533 535 539 541 542 547 548 554 555 559 565 570 571 574 578 582 584 589 591 592 598 602 606 608 610 611 617 
144 156 163 174 175 181 183 186 192 194 198 203 205 215 218 224 227 229 233 240 246 248 252 256 263 264 265 267 276 279 282 287 288 289 295 297 301 309 311 313 314 316 318 321 326 328 329 333 337 345 348 352 356 357 360 361 367 371 377 380 383 385 387 388 393 396 399 402 405 409 412 415 427 432 436 438 441 442 443 445 447 448 450 458 462 467 469 471 476 479 485 489 490 491 495 499 504 506 510 511 515 519 522 526 529 531 533 534 538 540 542 543 545 550 554 555 558 560 567 573 577 579 583 584 586 591 595 597 601 604 607 611 614 616 619 
147 159 167 175 176 182 187 191 195 199 200 206 207 217 221 225 230 233 235 242 249 251 253 258 264 265 269 271 277 282 285 291 292 295 299 302 303 312 313 316 320 321 325 329 330 333 334 338 339 349 352 356 359 360 364 368 371 375 380 381 384 387 389 392 395 399 403 406 407 410 416 419 428 433 439 441 445 449 453 455 459 461 462 464 466 471 474 475 479 480 489 492 494 498 501 502 508 511 514 516 519 520 526 528 532 533 537 540 543 547 550 553 554 557 560 563 566 567 568 574 581 585 588 590 591 595 599 601 602 608 612 615 619 620 624 
148 163 170 179 180 184 189 193 196 202 204 207 209 221 224 226 234 236 238 246 251 254 256 261 267 271 274 277 281 284 288 292 293 299 301 305 306 313 314 318 322 323 328 333 337 340 341 345 349 353 354 359 360 364 367 371 372 376 381 382 385 391 395 399 400 404 406 408 411 412 420 421 431 434 441 442 446 453 456 460 462 465 468 469 472 476 479 483 485 488 491 494 495 501 505 509 511 513 518 520 521 524 529 531 535 536 539 544 545 548 551 555 558 561 562 564 569 573 576 580 583 587 591 593 597 600 601 604 607 610 615 616 620 623 626 
151 166 171 180 182 185 190 194 198 205 208 209 212 222 226 230 238 241 244 247 255 256 258 262 269 275 277 280 284 286 289 294 298 303 306 308 309 315 317 320 323 327 332 337 340 343 344 348 351 354 357 361 365 367 370 373 374 379 385 389 393 394 399 401 403 406 409 411 412 415 422 425 432 435 445 446 450 456 458 461 466 467 471 475 476 479 483 485 489 490 494 496 497 504 508 513 517 521 524 528 532 533 536 539 541 543 544 545 548 549 553 556 562 565 569 573 576 580 581 583 586 588 595 597 600 602 603 607 608 614 617 619 622 627 629 
152 169 172 184 186 190 193 198 199 208 211 214 217 223 228 232 240 242 246 249 257 260 261 265 270 277 278 282 288 292 294 298 300 306 310 312 316 318 319 322 326 331 334 341 345 348 351 352 355 359 361 363 369 373 375 376 377 380 386 390 395 396 402 403 405 409 413 414 418 421 426 429 435 437 449 453 454 460 462 463 470 472 473 477 479 483 487 489 490 493 496 498 500 508 509 517 520 525 528 529 533 535 538 540 543 545 548 551 555 556 557 560 563 568 571 576 578 584 586 589 590 591 598 600 601 604 607 611 613 616 621 623 624 631 635 
154 172 174 187 191 195 199 202 203 211 213 215 220 227 231 233 242 243 250 252 258 261 265 267 271 281 283 285 292 295 299 302 303 309 312 316 319 321 323 325 329 334 336 344 347 352 355 357 361 362 366 369 370 376 380 384 388 392 396 398 400 404 405 408 412 413 415 417 420 425 430 433 437 441 450 456 460 461 465 467 474 475 479 483 487 491 495 497 501 504 505 508 510 512 513 521 522 526 530 533 536 540 543 545 549 552 553 557 560 563 566 570 574 577 580 583 587 591 594 598 599 600 601 602 604 606 608 613 614 619 624 625 627 632 639 
157 175 178 191 195 197 203 207 208 215 219 223 224 228 235 236 244 247 254 256 261 265 269 272 273 284 286 290 295 297 303 307 311 313 316 319 320 324 325 329 333 336 340 345 348 355 359 361 363 366 370 374 377 380 381 388 390 394 398 400 403 408 409 413 417 418 419 420 424 428 434 436 439 445 451 460 462 464 466 468 477 479 483 484 488 495 499 503 504 505 507 512 514 517 519 523 525 527 531 534 538 541 546 547 553 557 559 562 565 568 572 573 577 578 582 585 590 595 599 601 605 606 609 611 615 619 621 623 626 628 630 634 638 641 645 
158 178 179 193 198 201 205 210 211 216 221 226 229 230 237 238 246 250 257 258 264 266 273 276 280 288 290 293 299 303 307 308 313 317 318 321 324 327 331 333 335 339 343 347 349 359 360 363 365 367 371 375 378 383 386 391 394 396 401 403 404 412 416 420 423 426 427 430 432 434 437 440 444 446 455 462 465 466 469 472 479 483 486 488 490 498 501 504 508 509 513 514 516 519 520 526 528 532 536 539 541 544 548 552 556 561 563 566 570 574 576 577 581 584 585 587 591 599 603 607 610 612 616 618 621 622 626 629 632 634 637 638 640 643 646 
160 181 185 196 199 204 206 214 216 219 225 230 232 236 238 241 249 253 260 263 266 269 276 279 281 291 292 296 303 304 309 312 314 318 320 323 326 329 333 336 340 344 348 350 351 361 362 366 367 371 374 376 381 385 388 394 395 397 405 407 411 415 419 422 424 428 431 434 438 440 441 442 446 448 457 463 466 468 470 473 482 487 489 490 491 502 506 507 512 513 514 515 517 523 526 529 531 533 540 541 545 549 552 553 560 564 566 570 574 577 579 581 585 588 590 592 594 600 604 609 614 617 621 622 626 627 629 630 634 637 639 642 644 648 651 
161 183 188 199 200 207 209 218 219 220 227 231 234 237 241 243 250 256 264 267 270 272 278 280 283 295 299 302 305 306 312 313 318 322 324 326 327 333 337 339 341 346 351 352 356 362 366 369 370 372 376 380 383 386 390 397 401 404 407 410 413 417 422 423 425 432 433 437 441 442 446 448 450 451 461 465 470 474 478 480 485 490 491 495 497 503 507 509 516 519 520 524 527 528 529 530 535 537 543 544 548 550 556 557 564 567 568 572 578 580 583 586 589 591 593 597 600 604 608 611 617 618 625 628 629 631 634 637 640 643 644 646 648 649 653 
163 187 190 201 204 211 213 220 221 225 228 234 235 241 245 246 252 257 266 269 274 277 282 284 287 298 302 304 306 308 313 315 322 326 328 331 334 338 340 341 345 349 354 355 357 366 368 373 375 377 380 382 384 389 392 398 405 408 412 416 417 420 425 426 427 435 438 439 444 448 452 453 454 457 463 468 471 475 479 483 488 491 492 498 500 505 509 513 517 521 523 528 530 534 535 539 541 542 544 546 552 553 558 559 568 572 576 580 582 584 588 592 596 597 599 601 602 608 611 615 619 620 626 630 634 635 639 640 643 647 651 655 658 660 664 
166 189 191 204 206 212 215 222 223 227 229 237 239 244 248 251 256 259 269 270 277 280 286 290 291 300 305 308 312 316 317 318 323 327 330 333 335 342 343 344 349 353 356 359 360 369 370 376 380 382 383 387 388 393 397 400 407 409 415 420 422 425 429 432 436 437 441 445 449 452 454 457 459 463 464 471 474 477 483 484 492 495 496 501 503 509 512 517 518 522 526 529 533 538 539 543 545 549 553 557 561 563 564 567 569 574 580 584 585 588 590 595 600 602 604 606 607 611 613 618 622 624 630 634 637 640 644 647 649 653 655 656 661 662 668 
169 191 192 205 207 214 216 225 228 232 235 238 243 246 249 252 258 263 270 271 281 285 287 294 296 301 309 310 316 320 321 325 329 333 335 339 341 344 346 348 352 357 360 364 368 371 373 379 383 386 390 394 396 399 400 402 410 411 416 421 423 426 432 434 440 441 445 449 453 457 459 463 466 467 468 472 478 482 484 488 495 499 503 507 510 514 517 518 520 526 530 533 537 540 541 544 546 553 556 561 564 568 570 573 576 580 584 588 591 592 596 597 601 606 607 610 611 615 617 621 623 625 631 638 640 642 648 651 653 656 658 659 662 663 672 
172 192 196 207 209 215 220 226 232 233 238 241 245 249 252 254 260 265 274 277 283 286 291 298 299 302 311 312 319 321 323 328 333 336 338 342 343 348 351 353 357 360 364 365 370 373 375 381 386 389 392 398 401 403 404 408 413 415 417 422 424 428 433 438 442 445 446 452 456 460 463 465 470 472 474 478 482 485 487 492 498 503 507 508 513 517 518 520 522 530 532 536 538 543 547 548 550 556 560 563 568 571 575 579 582 583 588 590 592 596 600 601 605 607 611 612 613 619 620 623 625 627 634 641 645 648 649 655 657 660 663 665 667 670 674 
173 196 197 211 212 217 221 227 234 235 241 244 249 250 254 258 264 267 275 278 287 291 295 302 306 308 315 316 323 325 327 331 336 339 343 347 349 352 353 355 359 362 365 368 372 375 376 384 389 391 395 400 405 406 408 409 417 418 422 423 428 432 437 442 444 448 449 454 459 461 464 468 471 476 479 482 484 486 488 496 501 506 509 513 517 520 524 528 530 532 533 538 539 546 551 553 555 558 561 567 572 574 576 583 587 590 594 595 598 601 602 604 609 613 614 617 620 623 624 625 629 630 638 644 646 650 651 659 660 661 664 666 669 673 675 
175 200 202 212 213 219 223 229 237 240 242 247 250 253 255 261 266 271 279 280 288 292 298 305 310 312 316 320 326 328 331 333 338 340 344 350 354 358 360 362 363 367 371 375 377 380 384 388 393 397 400 402 406 408 411 412 418 421 423 424 429 436 440 446 447 449 452 456 462 463 467 472 474 477 481 483 487 491 492 497 505 508 511 515 521 522 527 532 534 538 542 543 544 547 555 558 560 562 564 568 574 577 581 584 588 591 596 599 602 606 610 612 616 617 619 623 626 629 633 635 638 639 642 646 647 654 655 661 662 663 666 668 672 677 680 
178 202 206 216 217 222 225 230 240 243 246 250 253 256 258 264 270 275 280 282 292 294 301 307 311 315 318 324 327 330 332 335 340 341 346 353 358 360 363 366 367 371 374 376 380 384 385 390 397 401 403 406 410 411 415 419 422 425 428 431 434 437 442 449 451 453 457 459 466 467 470 475 476 478 482 484 489 492 493 501 509 510 512 517 525 529 533 537 538 541 544 546 550 552 557 560 563 567 568 572 576 578 585 588 592 596 600 601 604 607 611 613 617 621 624 627 631 634 637 638 642 645 647 650 652 655 659 664 665 669 673 674 676 678 684 
181 206 208 217 218 224 229 231 241 244 247 252 254 257 260 266 271 278 282 283 296 299 302 308 312 318 322 328 330 334 338 340 344 348 351 356 361 362 364 368 370 372 378 381 383 385 387 394 400 405 409 410 413 416 420 421 423 426 429 432 438 441 444 451 454 456 458 460 468 472 476 479 483 484 485 489 490 496 499 505 511 515 516 519 528 533 535 539 543 547 549 550 552 554 561 562 566 568 572 576 577 582 588 589 596 599 602 604 607 609 613 615 620 625 629 632 635 639 643 645 646 648 652 654 655 656 660 666 668 671 676 677 678 681 687 
185 209 210 219 220 227 233 234 245 249 250 254 255 259 264 267 275 282 284 288 297 300 303 310 315 321 326 331 332 337 342 343 348 350 353 359 365 369 371 374 378 379 383 387 391 394 396 400 402 406 413 414 415 419 423 427 431 433 437 438 439 445 446 453 455 459 462 466 470 476 478 481 487 488 492 495 498 501 504 509 513 519 521 525 529 535 538 543 544 551 554 556 559 561 564 565 569 570 576 577 581 586 589 590 597 602 606 608 609 610 614 619 623 627 631 633 639 640 647 649 651 652 653 655 659 662 665 670 671 673 680 682 684 687 688 
186 213 217 222 225 230 235 236 246 253 257 258 259 260 266 268 277 286 289 293 301 304 307 313 319 324 328 335 336 339 343 347 350 352 355 361 367 372 374 377 381 385 387 389 392 395 399 404 405 408 416 418 420 424 425 428 434 438 439 442 444 449 450 455 458 461 464 467 472 477 482 484 491 494 496 500 503 505 508 511 515 521 524 529 530 538 539 546 550 555 559 563 567 569 570 573 577 579 583 584 588 589 593 597 601 604 610 612 614 617 618 620 625 629 633 635 641 644 649 651 653 654 658 660 664 666 670 672 675 677 683 687 688 691 694 
187 217 221 224 227 233 237 240 248 254 258 262 264 267 271 274 279 289 293 297 304 307 309 315 320 326 331 339 340 342 345 348 354 355 356 362 370 376 377 379 382 389 391 392 394 396 402 406 409 413 420 424 427 429 433 436 437 441 442 446 449 450 453 458 460 464 466 468 473 479 485 487 495 496 500 503 505 508 512 516 520 525 529 532 533 541 542 548 552 556 562 564 569 573 575 578 581 584 588 592 593 596 599 603 604 607 611 616 620 622 623 626 628 632 636 638 642 646 650 653 655 657 659 664 665 668 673 675 677 681 684 691 692 696 697 
191 219 223 226 229 237 240 241 252 258 262 266 270 274 277 279 280 292 296 299 306 311 315 317 321 328 333 342 343 346 349 351 358 362 363 367 372 378 380 381 384 390 394 398 402 404 407 410 412 415 421 426 429 433 436 437 438 443 447 448 451 453 457 462 464 467 468 471 475 482 487 490 497 501 502 506 507 511 513 520 524 529 532 533 534 542 545 552 554 557 566 568 570 577 580 582 584 586 590 594 596 599 602 604 606 609 615 620 622 623 627 628 630 633 638 641 644 649 651 654 657 659 663 666 668 670 674 677 678 683 687 693 697 698 701 
193 221 226 227 232 239 241 245 255 262 266 270 271 278 282 284 285 296 298 301 309 315 316 320 322 330 335 345 347 349 350 355 360 365 369 370 374 380 384 386 390 392 398 402 405 409 412 416 420 422 426 430 432 436 437 440 444 446 449 450 454 456 459 463 467 468 469 473 477 486 491 492 500 505 507 508 510 512 515 523 527 533 536 538 539 546 547 554 556 560 570 573 574 578 583 584 586 590 594 597 598 600 603 608 611 613 616 621 625 626 630 634 637 640 641 645 647 652 656 658 661 665 666 667 671 672 676 681 684 688 691 696 701 704 706 
195 222 228 232 235 240 243 248 256 264 269 274 276 279 283 287 290 297 302 303 312 319 321 324 325 331 336 346 349 350 354 357 364 367 370 372 378 382 385 389 394 398 402 404 409 412 413 420 422 425 428 434 437 438 442 445 446 447 452 455 458 459 462 466 468 470 471 474 481 489 492 493 504 508 510 514 518 522 523 525 528 534 539 542 543 548 549 556 557 563 572 574 577 582 584 587 589 592 596 601 602 604 605 612 616 619 622 624 627 631 632 635 639 642 643 647 651 653 658 659 663 667 670 673 674 675 678 684 688 691 692 700 704 705 708 
199 223 232 234 236 244 247 252 258 265 273 277 280 281 286 290 291 301 305 308 316 321 322 325 326 334 339 348 353 357 361 362 367 370 373 374 381 385 387 391 398 401 404 408 413 416 419 424 426 427 429 435 440 442 446 448 452 455 458 460 462 466 468 469 470 473 475 476 482 492 495 496 508 512 515 519 520 525 526 527 531 535 541 546 547 550 553 558 559 567 574 577 579 584 587 588 591 594 599 603 606 609 613 617 618 623 626 627 629 634 636 640 643 644 648 649 653 657 659 661 666 670 673 677 679 681 685 687 691 693 696 702 708 709 711 
202 226 233 235 239 245 249 253 262 268 274 279 282 284 290 292 294 305 308 309 317 325 327 329 333 337 341 351 355 359 362 365 369 371 375 376 383 386 388 394 402 405 409 411 414 417 422 428 431 432 434 436 441 443 447 449 453 459 462 463 466 467 472 473 475 478 479 481 483 493 497 501 509 514 518 522 526 528 532 536 539 543 546 550 551 552 554 562 565 568 577 579 581 586 591 595 599 601 605 606 610 612 616 618 620 627 630 633 634 635 637 642 644 646 651 654 656 658 660 664 670 672 674 680 681 682 687 691 693 696 700 706 711 713 717 
204 229 234 236 240 246 251 254 264 272 277 283 287 291 292 296 299 306 309 311 321 326 331 334 337 339 345 353 359 361 363 368 372 374 377 379 385 388 390 398 406 409 413 414 418 419 425 431 432 433 437 438 445 448 450 452 454 463 466 468 472 475 477 481 484 486 488 491 492 496 501 502 511 516 520 523 527 532 536 540 543 546 548 553 554 556 557 563 568 571 580 583 587 589 595 597 601 602 607 610 614 618 621 625 629 633 636 638 639 643 644 648 652 654 657 660 663 666 670 674 676 678 681 683 684 687 688 693 697 700 701 709 715 717 719 
207 233 236 238 241 250 252 257 267 274 280 285 291 293 296 299 303 307 313 315 324 328 333 336 338 340 348 355 363 365 367 370 374 377 379 383 386 390 393 401 408 412 415 417 419 420 426 435 438 440 441 445 446 450 452 454 455 465 467 469 473 479 482 484 488 491 495 497 498 500 502 504 514 519 522 526 528 536 537 544 547 551 555 558 562 565 568 569 572 576 581 586 589 593 598 600 605 608 609 613 615 619 622 626 633 636 637 641 644 645 648 651 654 657 661 662 667 671 672 677 678 681 685 687 690 693 697 698 699 703 707 712 717 719 722 
209 237 241 245 246 253 256 258 271 278 283 286 292 294 298 301 306 309 314 318 328 331 334 337 339 342 349 359 365 366 370 373 375 381 383 385 387 394 396 404 409 416 418 421 423 427 428 436 441 442 446 448 452 453 457 460 461 466 470 471 475 483 484 485 490 492 496 498 499 502 504 508 517 521 525 527 529 540 542 546 549 554 557 559 565 566 569 573 577 580 582 587 592 594 601 603 606 609 613 617 621 622 626 627 636 639 641 645 648 650 652 653 656 660 664 667 669 674 678 681 683 687 689 690 692 697 699 702 705 706 711 716 719 720 723 
210 238 242 246 248 257 261 262 272 280 286 290 295 296 299 304 309 313 315 320 330 333 335 340 343 344 352 362 368 372 375 378 381 385 389 390 392 397 398 406 411 419 422 426 430 433 435 439 442 444 447 451 456 457 461 462 463 468 472 473 478 486 487 489 491 495 498 499 501 504 505 509 521 523 528 530 531 542 546 548 553 555 559 560 566 567 573 575 579 581 584 590 595 596 604 606 610 614 616 618 625 626 628 631 637 640 643 647 652 656 659 661 663 665 669 672 675 678 681 684 685 689 693 696 700 703 704 707 711 712 715 719 722 724 725 
213 242 245 247 250 261 264 268 275 283 288 291 299 302 304 308 313 316 318 321 334 335 336 344 348 351 354 365 372 373 376 382 384 388 393 396 399 403 405 408 415 420 423 427 431 437 438 441 443 448 449 452 459 462 465 468 471 473 476 478 479 490 492 493 497 499 503 504 506 508 509 513 525 529 530 531 532 546 550 553 555 557 560 562 569 571 574 577 581 585 588 592 598 601 606 608 611 616 617 622 626 629 632 633 639 642 644 651 653 659 663 664 668 672 673 674 676 679 683 686 689 693 696 700 701 705 707 711 712 713 719 721 725 727 728 
215 244 246 251 252 264 266 270 277 287 291 292 303 305 306 310 316 317 320 322 338 342 343 345 351 353 356 368 375 378 382 385 388 389 396 400 402 404 406 412 416 422 427 430 432 441 445 448 451 455 456 458 461 463 468 471 474 475 477 480 484 494 496 497 501 505 508 509 512 514 516 519 527 530 532 534 537 547 552 555 556 558 561 565 571 572 577 581 582 587 589 594 599 602 609 613 616 617 620 626 629 630 633 637 643 646 650 653 657 662 665 668 672 675 677 678 681 685 689 692 694 696 699 701 703 706 710 713 716 718 720 722 728 732 733 
219 247 248 255 256 265 267 274 280 288 292 293 304 308 312 315 318 321 322 326 339 346 347 349 353 356 357 371 376 382 385 389 392 393 398 403 404 406 408 416 417 424 428 431 433 444 446 452 453 458 461 465 467 469 473 477 478 480 484 487 491 498 501 502 505 509 510 512 516 517 521 522 530 533 535 537 539 549 555 558 560 563 567 571 573 576 578 585 587 589 593 596 602 604 612 614 620 623 625 627 632 635 637 638 645 648 651 655 661 665 667 672 673 676 680 681 683 689 691 693 698 700 704 706 710 712 714 715 717 722 723 724 729 735 739 
221 248 250 257 259 266 268 275 283 290 296 300 305 312 314 319 323 326 327 331 343 348 349 350 356 358 361 375 377 383 387 390 394 397 402 404 405 409 411 417 421 427 431 435 437 448 450 454 458 460 463 467 469 470 474 480 481 483 487 489 495 499 502 504 507 510 512 515 519 521 522 526 531 537 541 544 547 553 558 562 563 564 569 574 577 578 581 587 591 592 594 600 604 605 613 616 621 627 628 629 633 639 643 644 647 650 654 657 665 669 673 676 678 679 681 684 688 691 693 695 700 702 708 711 715 719 720 722 724 725 727 730 732 738 743 
222 252 256 261 263 268 270 277 285 293 297 301 307 315 319 321 327 330 331 333 346 349 353 356 357 359 362 378 380 384 388 391 398 399 405 408 412 416 420 422 425 428 435 438 439 452 455 457 461 464 468 471 472 474 475 481 482 487 488 492 497 500 504 508 512 516 519 523 527 530 534 536 537 541 544 545 549 555 559 563 565 569 573 575 578 580 585 590 592 595 596 602 608 610 616 620 623 631 632 636 637 640 645 649 651 652 656 660 667 670 674 680 682 686 687 688 691 694 696 699 702 703 709 714 717 723 724 728 732 733 735 737 740 742 747 
224 254 259 262 264 269 273 281 289 296 300 303 309 319 323 327 330 334 335 339 347 350 357 359 360 364 366 381 382 387 392 394 401 402 408 412 415 420 423 425 429 433 437 441 444 455 459 461 465 468 470 472 475 476 477 482 485 488 490 493 500 504 507 512 516 517 523 526 528 534 535 537 538 545 548 552 553 559 560 565 568 570 577 581 582 585 589 591 593 596 598 604 609 614 619 623 627 634 638 640 642 646 648 650 654 655 657 661 671 672 678 682 684 687 690 693 697 701 705 706 710 711 715 717 721 725 727 731 736 739 741 742 743 746 750 
226 255 261 263 267 270 277 283 290 298 302 306 311 323 327 328 333 335 339 343 351 355 359 361 365 367 369 385 386 388 394 397 403 407 409 413 417 421 425 427 431 434 441 443 446 457 463 466 469 473 474 478 480 483 485 489 490 494 496 500 502 506 510 513 520 521 526 530 533 536 537 541 545 549 551 553 554 562 565 566 571 572 578 583 587 588 593 597 601 602 606 609 611 615 620 626 628 638 642 646 647 651 654 658 659 660 664 668 672 675 681 685 687 688 693 696 698 705 707 710 711 714 717 718 723 728 730 734 737 741 743 744 748 749 751 
228 259 263 265 268 271 279 286 294 302 303 308 312 327 331 332 335 337 342 344 354 357 362 365 368 369 373 388 390 392 395 399 405 408 410 417 420 423 428 429 433 436 443 445 450 461 465 468 471 474 477 480 484 485 488 493 495 497 500 503 505 508 514 516 522 525 528 531 534 537 538 545 548 551 555 557 561 564 567 571 572 576 579 586 590 592 596 601 605 608 611 615 617 620 622 629 631 639 646 650 653 656 657 661 662 665 666 670 676 678 685 689 693 695 697 700 702 707 710 711 715 717 721 722 724 730 731 738 739 745 746 747 752 756 758 
231 260 264 267 272 274 282 288 297 304 305 311 314 330 335 336 339 343 344 348 358 362 364 367 372 373 375 392 394 398 401 402 409 411 413 420 422 427 430 434 437 440 447 450 452 465 467 469 472 476 481 484 485 486 490 496 497 501 503 507 511 514 518 522 526 529 531 535 538 540 542 547 551 554 557 558 565 569 570 573 575 578 582 589 591 596 598 604 607 612 613 619 621 622 625 633 634 641 648 651 654 659 660 663 665 666 668 671 677 679 689 690 695 699 702 703 706 711 715 717 721 725 727 729 732 734 736 739 742 746 748 749 754 758 759 
234 264 266 269 274 276 286 290 299 307 310 312 317 332 337 341 344 348 352 354 359 363 366 369 375 379 383 395 397 400 403 404 413 417 418 422 426 429 431 435 440 444 450 453 457 466 470 473 476 479 484 488 490 492 493 500 503 504 507 508 514 518 520 524 527 532 533 538 541 544 547 549 552 555 560 563 569 570 574 575 577 582 586 591 594 598 599 605 611 614 616 622 625 628 632 635 636 642 651 655 656 662 666 670 674 675 678 679 681 683 692 696 697 701 704 707 711 714 719 723 726 727 731 733 735 738 741 744 748 751 754 755 758 762 766 
235 267 270 274 277 280 287 292 303 308 313 314 320 335 341 342 348 350 353 356 361 365 369 372 379 383 384 398 399 402 407 410 414 418 421 424 427 432 436 437 442 448 453 456 459 468 471 477 481 485 489 493 496 497 501 505 508 512 514 515 519 522 526 529 533 536 538 542 545 549 552 553 555 556 564 566 571 573 575 577 580 584 590 594 597 599 603 609 613 618 620 624 629 630 636 640 641 645 654 658 660 664 667 671 676 679 683 686 688 690 696 697 698 705 706 711 715 718 721 726 729 733 735 738 740 742 743 746 749 755 757 758 762 764 770 
237 271 272 277 278 281 289 295 305 309 314 317 324 337 343 347 351 354 356 360 363 366 372 376 383 386 390 400 403 404 411 413 418 421 425 426 430 434 439 442 443 450 457 460 464 470 474 481 484 486 493 496 497 499 503 509 510 513 516 518 520 526 530 533 534 537 539 545 546 550 553 556 559 560 566 568 574 577 581 585 589 593 597 600 604 608 609 613 616 620 624 626 631 635 640 643 647 650 656 661 663 665 671 674 680 683 687 690 693 697 699 700 704 706 708 714 716 720 722 728 733 737 740 743 747 751 753 756 757 759 763 765 769 771 774 
238 275 279 280 284 287 291 297 308 311 315 321 328 340 346 350 355 359 360 364 368 370 374 380 385 389 393 404 405 406 412 416 422 424 427 431 433 435 443 444 446 453 458 464 466 472 475 485 488 490 496 499 503 507 508 512 515 519 521 524 528 531 535 539 542 544 545 548 549 553 555 559 561 565 568 571 578 580 583 586 591 595 600 601 606 609 613 616 618 623 626 627 635 638 641 647 650 651 659 664 665 667 674 675 681 685 691 693 696 699 702 704 707 708 712 717 718 721 725 731 736 738 744 746 751 752 754 760 763 766 767 768 772 774 775 
241 278 282 285 286 288 293 299 310 313 318 325 331 342 350 353 359 362 363 365 369 372 375 384 389 393 394 408 412 416 418 420 425 427 430 435 437 439 447 449 453 457 459 465 469 475 479 488 491 495 497 503 505 508 509 515 519 521 523 525 529 535 539 542 544 545 546 551 554 557 559 560 565 567 572 576 582 584 585 589 593 598 604 608 610 611 616 617 621 626 630 631 639 641 645 649 654 656 660 668 669 671 677 680 682 689 694 698 699 700 703 706 711 715 717 721 724 725 729 734 737 740 746 747 755 758 759 761 767 771 773 777 780 783 784 
243 281 284 289 291 295 297 301 311 314 320 327 332 344 353 357 361 366 369 370 372 374 376 386 393 394 397 409 413 418 420 424 429 432 433 437 438 441 450 454 458 462 464 467 470 476 481 489 494 496 500 507 510 511 515 517 521 522 524 526 533 536 541 543 546 550 552 553 555 561 563 565 567 570 576 577 585 587 590 594 595 601 608 612 613 617 621 622 626 627 632 635 642 643 647 651 656 660 663 669 673 677 679 681 686 693 695 702 705 706 708 712 716 720 722 724 728 732 735 736 738 743 747 751 756 762 764 765 768 772 776 778 783 785 789 
247 283 285 292 295 299 302 304 315 316 322 329 335 348 354 361 362 369 371 375 376 378 382 387 396 399 402 412 415 422 425 426 430 436 440 441 444 448 453 455 459 464 467 470 472 477 485 493 496 497 503 508 514 515 517 520 523 525 527 531 535 537 544 545 549 554 558 562 563 567 570 572 574 575 577 578 589 591 594 596 597 602 612 616 618 620 624 626 629 632 634 637 646 649 651 654 658 663 665 670 677 681 683 687 689 694 697 704 706 709 712 716 720 724 727 731 734 736 739 741 743 744 750 754 757 765 766 767 770 774 780 783 787 789 793 
249 287 290 293 298 300 306 310 318 320 323 332 339 349 358 364 366 373 374 376 380 384 387 390 400 401 405 414 416 426 429 433 434 438 444 447 451 455 458 462 466 467 469 473 474 480 486 495 498 499 505 512 515 517 520 523 527 530 533 536 537 538 548 550 553 555 561 563 566 569 571 576 578 580 581 582 593 596 597 601 603 605 615 617 621 624 625 628 631 634 635 640 650 651 655 658 660 666 669 671 681 682 685 690 694 698 699 705 710 711 714 718 721 726 729 732 737 739 743 746 747 749 754 755 758 768 770 773 777 779 784 787 790 793 795 
253 290 293 296 301 302 308 312 322 326 328 333 343 353 359 368 372 376 379 380 381 385 391 393 403 404 406 416 418 428 431 435 438 442 447 451 452 457 461 463 469 470 474 478 479 481 487 498 501 504 507 515 517 518 524 526 529 532 534 539 541 544 551 553 555 556 565 566 567 571 573 578 581 585 589 592 596 597 599 603 607 609 619 623 625 627 629 630 633 637 639 641 652 655 659 663 667 668 672 675 682 686 689 693 698 699 701 708 712 715 717 719 722 729 730 734 740 741 747 751 753 756 758 762 765 771 774 776 778 780 787 790 791 795 799 
256 292 297 300 303 305 310 316 323 328 329 337 345 356 360 372 374 380 384 385 387 388 392 396 406 407 410 418 420 432 433 438 441 444 451 455 459 461 465 467 470 473 475 482 485 486 490 500 502 507 509 519 522 523 526 528 531 535 536 543 547 551 554 556 557 561 568 572 574 578 582 586 590 591 595 599 602 605 608 609 611 612 621 627 629 633 637 639 641 645 648 650 653 659 662 665 671 675 679 681 684 689 692 697 702 706 710 713 717 719 723 724 726 730 731 738 741 743 749 755 757 761 764 766 770 772 777 781 784 785 791 795 796 797 802 
260 296 299 303 304 306 311 320 324 331 332 339 346 359 364 374 378 382 386 390 394 395 399 400 410 412 416 422 425 436 440 444 447 448 454 457 461 462 466 470 474 475 479 485 489 493 494 504 505 509 510 521 524 526 528 530 532 539 540 547 549 555 558 560 564 567 570 575 577 579 583 589 592 594 597 601 605 608 610 612 616 619 622 629 630 635 640 642 646 650 654 656 660 664 665 666 674 677 681 684 687 691 694 701 703 707 713 715 719 723 724 726 727 731 735 741 742 744 752 757 758 763 766 768 771 775 779 785 787 788 792 798 801 804 808 
261 298 303 304 308 310 313 323 326 332 336 340 347 363 367 377 382 383 390 391 398 400 404 406 411 415 419 426 428 439 442 446 448 449 457 461 465 466 468 474 478 480 483 486 492 495 499 507 511 515 518 524 526 527 532 536 538 541 543 549 550 558 562 563 565 568 574 578 580 581 585 590 596 600 604 607 609 611 613 616 619 622 625 632 636 639 642 646 649 653 658 660 662 665 668 670 677 681 682 687 690 694 698 702 705 709 714 717 720 727 730 731 732 736 737 745 748 752 756 761 762 764 769 770 773 778 783 788 791 793 797 802 804 805 809 
262 299 304 307 311 314 316 325 329 334 337 341 348 365 368 380 383 387 394 395 399 402 407 408 415 417 421 428 431 442 446 447 450 452 460 462 469 471 474 475 480 481 486 488 494 497 500 510 513 516 521 527 531 535 538 542 544 548 550 554 557 560 565 569 570 572 577 580 583 587 589 594 600 602 607 608 611 615 617 620 624 627 628 634 640 642 644 647 652 657 661 665 666 668 669 672 680 682 683 691 694 697 702 703 709 713 717 718 723 730 732 734 736 739 740 747 749 755 757 762 765 766 771 772 774 779 784 792 794 796 798 804 805 809 812 
266 301 308 312 315 317 319 326 330 337 338 342 349 367 372 381 387 391 396 399 400 403 411 412 416 421 425 429 432 443 447 448 453 457 462 465 471 474 477 480 482 485 488 492 498 500 503 513 514 520 523 529 535 538 540 543 546 552 553 555 558 561 567 573 576 578 579 582 584 590 594 598 603 604 608 611 612 619 622 624 628 629 633 636 643 647 651 654 655 661 665 667 670 674 677 681 683 684 686 694 697 698 703 704 710 716 720 724 726 734 737 740 744 745 746 750 752 758 760 764 767 768 775 778 782 784 788 793 795 799 803 805 807 813 816 
268 305 309 315 316 320 322 329 334 338 341 344 353 371 373 383 391 394 399 403 404 408 414 415 419 422 429 431 435 447 451 455 458 460 465 467 473 478 481 482 486 488 489 493 500 504 505 517 521 523 526 531 538 540 543 546 547 555 557 560 563 566 570 575 577 582 583 584 587 592 597 599 604 605 611 614 615 621 625 627 631 632 635 638 647 650 654 657 658 663 668 672 673 675 678 684 685 689 692 697 699 703 704 706 713 719 723 727 731 738 739 743 745 747 749 754 757 761 763 766 770 774 778 780 786 790 793 796 800 804 805 808 812 814 817 
269 307 312 318 320 321 323 333 338 342 344 345 355 372 376 387 394 397 403 404 408 411 416 418 421 424 432 435 436 449 455 458 461 465 467 468 475 482 486 490 494 496 497 499 502 507 510 520 524 526 530 533 539 543 545 548 551 559 562 565 567 571 573 577 578 584 588 590 593 595 600 603 606 608 615 616 620 623 626 628 634 637 641 644 651 655 656 660 662 667 669 675 677 680 683 685 686 690 694 701 702 707 708 712 717 720 726 730 734 739 741 746 748 749 750 755 761 765 768 770 771 775 779 784 790 791 796 798 802 806 810 813 817 819 820 
273 309 313 321 323 326 327 334 340 345 348 351 356 375 377 391 395 399 404 405 411 414 418 420 423 426 435 437 439 452 456 459 464 468 469 472 478 484 488 494 495 499 502 504 508 509 514 523 528 532 533 535 541 545 547 550 552 563 567 568 570 572 574 581 584 588 591 593 597 600 601 605 608 612 618 619 622 624 628 631 636 638 645 647 655 658 661 662 664 668 673 679 680 683 686 690 693 697 699 702 706 711 714 718 721 724 728 731 738 741 742 748 751 755 756 759 762 767 772 775 777 781 784 788 794 797 800 803 804 807 813 815 819 823 826 
274 311 315 324 326 329 330 335 342 348 349 353 357 379 382 393 396 400 407 409 413 416 422 426 430 433 437 441 444 455 458 462 465 469 473 474 482 486 491 495 497 500 506 508 509 510 518 527 530 533 536 540 544 546 549 553 556 566 568 570 572 576 578 583 588 592 593 596 600 603 605 606 610 613 621 625 628 629 633 635 639 641 648 651 657 662 664 667 671 674 677 680 683 685 687 693 695 698 702 706 707 715 719 720 725 728 732 735 742 743 747 749 754 758 762 765 769 771 773 778 781 784 787 789 796 801 802 807 811 813 816 817 820 825 830 
277 315 318 327 331 332 335 338 345 352 356 357 358 382 385 394 398 402 408 412 415 419 426 427 431 435 440 443 448 459 463 465 469 473 475 479 484 490 493 499 501 502 510 511 513 514 520 531 533 536 537 543 548 551 555 558 560 567 572 574 576 577 582 587 592 595 599 602 603 604 606 609 611 614 624 628 630 632 635 638 642 644 652 653 661 663 667 668 672 676 678 683 686 688 690 696 698 700 703 710 713 716 720 722 727 732 734 736 743 744 749 750 755 762 763 767 770 775 777 781 783 786 788 790 798 805 806 811 815 819 822 824 827 829 833 
280 318 319 331 332 335 337 342 348 353 357 358 360 383 386 398 399 405 411 415 419 421 427 428 434 436 443 447 449 461 465 466 472 474 478 482 487 493 497 500 503 504 511 514 516 517 522 532 536 540 544 548 551 552 558 560 561 570 574 578 580 584 586 590 595 597 603 604 607 608 610 614 617 618 628 629 633 635 636 642 644 647 654 657 665 669 671 673 676 678 682 686 687 692 695 698 701 702 706 711 716 720 721 723 730 733 736 739 745 747 752 753 757 764 767 769 772 776 778 785 789 793 794 796 801 807 809 814 816 820 823 826 830 832 834 
284 319 323 333 335 336 339 346 349 355 361 362 364 384 390 401 405 406 415 418 420 423 428 430 435 438 444 450 453 465 469 472 474 475 480 485 489 494 498 501 507 509 513 517 520 522 524 536 538 544 546 552 553 554 559 562 563 574 577 579 582 587 589 591 598 601 605 609 612 616 620 621 624 628 632 633 635 638 642 645 646 649 658 661 668 673 675 679 683 685 687 689 690 693 699 701 705 707 709 714 718 722 726 729 734 735 737 741 747 751 755 759 763 765 771 773 775 780 784 786 792 796 797 801 804 810 814 815 818 824 828 829 833 836 840 
285 323 326 335 336 338 342 349 351 359 365 367 371 385 393 404 406 409 419 420 424 425 429 433 437 440 447 454 457 468 472 474 478 481 485 489 491 498 500 502 509 511 516 519 523 524 528 538 540 548 549 554 556 558 560 565 567 577 579 581 586 589 591 592 599 603 608 611 616 620 622 624 628 631 634 636 640 644 647 651 654 655 661 663 669 675 677 682 685 687 689 692 693 695 701 704 709 710 714 715 722 724 729 732 737 740 744 748 751 753 757 763 764 769 775 776 777 782 787 790 794 799 800 803 807 813 817 818 819 828 830 831 837 839 843 
288 324 327 338 342 345 346 350 354 362 366 371 373 387 397 406 409 410 423 424 428 431 432 434 440 443 450 457 460 469 473 477 480 485 486 490 494 500 503 507 512 514 519 522 524 527 532 542 544 550 554 558 561 564 567 570 574 579 580 585 588 591 595 599 602 607 610 612 619 622 623 627 630 632 635 637 644 647 651 653 657 659 664 666 672 678 681 686 689 692 696 698 699 700 705 708 712 715 716 717 725 727 731 734 739 743 745 751 753 756 759 764 766 770 776 778 782 784 789 792 797 800 803 806 808 815 818 820 822 829 832 834 841 844 846 
289 327 328 341 344 348 350 352 358 366 370 372 376 390 400 410 413 414 425 429 430 433 436 440 443 445 451 461 462 473 477 481 484 487 489 491 497 503 504 510 514 517 522 526 528 529 535 545 546 554 555 559 565 567 568 572 575 583 585 587 590 594 597 603 604 611 614 615 622 623 624 628 631 633 638 639 645 651 655 658 659 660 667 669 675 679 684 688 690 693 700 704 706 709 710 711 715 718 721 723 728 731 735 738 743 745 748 755 756 760 761 767 770 773 780 783 784 788 790 795 798 801 807 810 812 819 822 826 829 831 833 836 843 845 847 
292 330 332 344 346 350 353 356 360 368 371 374 378 394 404 411 417 421 426 430 434 438 442 443 447 451 455 465 469 477 481 484 486 489 491 494 499 504 507 511 517 521 525 527 530 533 539 548 550 558 559 562 569 573 575 576 577 586 587 588 594 597 601 604 608 614 617 618 623 625 628 629 635 638 642 644 648 654 658 659 663 664 671 675 677 683 686 692 693 694 702 708 712 715 716 720 723 727 731 734 738 740 741 743 745 747 750 759 762 765 768 772 775 778 781 785 787 792 796 797 801 803 810 813 815 823 824 829 831 833 836 839 847 851 854 
294 332 334 347 350 354 357 358 361 372 375 378 380 397 406 412 419 425 429 431 437 440 445 447 449 453 456 467 472 480 485 488 490 492 493 496 500 508 509 514 520 522 528 531 534 538 541 551 553 562 566 569 571 575 578 582 584 589 590 591 596 598 605 606 612 616 621 625 627 628 629 632 637 640 644 646 650 656 661 663 664 666 675 679 683 685 687 693 696 699 705 710 714 717 718 723 726 731 735 739 741 745 748 749 751 755 757 762 764 769 771 775 776 781 783 786 790 794 800 804 808 811 813 815 817 827 829 833 834 835 840 844 848 855 857 
297 336 339 350 352 357 359 361 364 375 376 382 386 399 408 416 421 428 431 432 438 443 448 452 455 459 460 468 473 481 489 490 494 495 496 500 501 512 514 515 524 526 532 533 538 540 542 555 559 563 568 572 576 578 581 584 586 592 594 596 599 603 608 612 615 617 622 626 629 633 634 637 640 644 646 649 653 657 665 667 669 672 676 680 685 687 689 695 698 700 706 711 718 720 723 726 729 734 736 741 743 749 750 751 754 756 758 763 766 771 775 777 779 784 787 788 793 796 802 807 812 815 816 820 824 831 833 834 837 840 841 848 850 856 861 
300 338 343 351 355 361 363 365 368 379 382 385 389 401 409 417 423 430 432 435 440 446 452 453 456 462 463 470 474 484 490 493 498 500 504 508 511 514 515 518 526 529 534 536 541 543 547 559 562 564 571 576 578 579 582 586 590 596 597 599 601 606 611 613 619 621 625 628 630 637 639 643 644 646 647 651 654 658 669 673 675 677 678 684 688 690 692 698 701 704 710 715 722 724 727 730 733 737 740 742 745 750 753 755 757 760 761 767 771 773 777 781 784 786 788 790 797 800 806 809 816 820 821 824 827 835 839 842 845 847 851 853 854 860 865 
302 340 347 352 359 363 365 369 373 381 384 386 392 404 412 421 426 432 433 438 444 448 456 458 459 463 464 472 477 488 491 495 500 504 507 509 515 516 517 519 530 532 536 537 542 545 548 563 567 571 573 580 583 587 589 592 595 600 601 603 607 610 612 616 620 625 627 631 632 638 640 644 645 650 654 657 661 664 672 677 678 681 682 688 690 694 696 700 702 706 714 716 726 728 731 735 738 739 741 746 749 751 755 756 760 763 767 768 774 778 781 785 788 791 792 796 801 804 807 813 820 822 824 827 829 836 841 845 847 849 853 857 858 861 867 
304 343 349 354 363 366 370 373 377 384 388 390 394 405 413 425 429 436 437 442 447 452 457 459 460 465 466 476 478 491 494 497 504 507 508 512 516 518 520 522 532 534 537 538 544 549 553 564 569 574 577 583 586 588 592 593 599 603 606 608 610 612 615 617 624 629 633 634 637 640 642 647 650 653 656 661 663 668 674 679 683 686 687 690 692 698 700 703 706 708 716 719 727 730 733 739 742 745 749 751 754 756 757 761 765 768 772 774 777 781 784 789 793 797 799 803 804 807 810 814 821 825 826 830 832 838 844 846 850 854 855 858 861 862 871 
307 347 351 356 364 369 371 374 378 386 391 394 395 406 414 428 432 439 440 446 451 453 461 464 466 469 473 478 480 494 496 498 506 510 513 514 520 524 525 526 536 537 539 543 545 550 555 568 573 578 580 586 588 589 593 597 603 605 609 611 613 614 616 620 625 632 635 638 641 645 646 649 653 657 661 662 667 669 678 681 685 688 690 694 697 701 705 708 710 713 720 722 730 732 735 741 743 748 752 754 757 758 761 765 766 769 773 775 778 785 787 790 796 801 803 807 811 814 817 818 823 829 831 834 835 841 847 848 852 858 862 864 865 869 872 
310 351 354 360 368 370 373 377 382 388 395 398 402 407 418 429 433 442 445 448 453 455 465 468 470 473 476 480 481 495 498 499 509 512 514 518 523 526 529 530 537 539 540 544 546 554 559 570 577 582 584 589 592 595 599 601 606 607 610 613 615 616 619 624 627 636 640 642 644 649 653 656 659 662 665 669 670 674 680 685 686 692 693 696 701 703 707 710 714 716 723 726 733 735 736 742 745 751 756 758 760 764 765 769 773 775 779 780 781 787 788 791 798 802 805 808 813 815 819 822 825 830 835 839 840 845 848 850 854 861 864 865 868 871 873 
313 353 357 363 369 373 377 380 385 392 398 401 404 410 420 430 436 444 447 449 454 459 469 472 475 476 478 482 486 497 501 504 511 515 519 521 526 529 531 532 538 543 544 545 549 555 560 573 578 583 586 590 595 598 600 603 607 611 613 615 617 620 622 627 630 640 642 645 647 652 654 660 663 666 670 674 677 680 684 687 688 696 698 699 703 705 710 713 717 721 724 727 737 739 740 746 749 755 757 762 765 767 771 772 775 778 781 783 786 788 789 793 802 806 810 813 816 819 820 823 827 834 838 843 847 850 852 855 858 865 867 870 874 877 878 
317 354 360 365 371 374 380 383 388 396 402 405 407 414 421 434 439 447 450 454 455 463 473 476 477 481 482 485 488 499 504 505 512 519 521 523 529 533 537 541 542 545 548 550 553 559 563 576 580 584 588 593 597 599 601 605 608 614 616 617 619 623 626 631 632 642 644 647 650 653 656 663 664 667 671 676 678 682 688 692 696 699 700 702 707 710 714 716 721 724 728 730 741 744 745 750 753 758 760 765 767 771 774 777 780 782 785 789 791 795 799 802 805 807 814 818 819 823 826 830 833 838 840 847 848 851 856 857 860 868 871 874 876 879 880 
321 358 361 367 372 378 382 385 391 397 405 408 411 416 423 438 440 450 451 457 460 467 476 478 480 482 484 488 489 502 505 506 514 521 523 525 533 537 539 544 545 546 549 552 556 563 566 579 581 587 591 594 601 602 603 609 611 618 619 620 623 624 628 634 635 646 650 651 652 655 660 666 669 673 675 680 684 685 689 694 697 700 704 707 711 713 718 719 724 726 730 734 742 748 749 753 755 762 765 767 769 773 778 782 785 787 788 793 797 798 803 806 809 813 815 820 821 824 830 832 834 842 843 850 853 856 859 862 866 869 875 879 880 881 882 
323 361 362 370 373 380 385 389 395 401 406 410 412 419 424 439 442 451 452 461 465 468 477 482 486 487 491 492 495 506 509 510 517 524 526 530 536 539 543 547 548 550 554 555 558 565 568 580 583 588 595 598 602 605 608 613 614 619 622 624 625 626 629 637 638 649 651 654 656 659 664 670 674 676 677 683 685 686 690 696 701 702 707 709 712 716 721 724 728 731 735 738 745 749 751 754 759 764 766 770 771 777 781 783 786 789 791 797 799 800 807 810 814 815 819 823 824 826 834 835 838 844 845 854 855 858 862 864 870 874 877 880 884 888 890 
324 365 369 374 375 384 386 393 398 404 407 412 416 421 425 442 444 455 456 462 469 473 481 486 490 494 495 496 497 507 511 514 521 527 530 532 538 541 547 549 551 555 558 562 564 569 570 583 585 592 599 603 604 606 609 615 619 620 625 626 628 629 630 641 642 652 655 657 659 663 665 671 676 678 679 685 686 687 693 697 704 708 710 714 718 719 725 727 731 732 736 740 746 753 757 758 761 767 768 772 776 778 785 787 789 792 795 798 803 807 810 812 818 820 821 824 826 828 838 839 842 845 849 856 857 860 866 868 874 876 878 884 885 891 892 
327 368 372 377 378 386 387 395 401 406 411 414 418 424 428 444 446 459 460 464 470 475 482 489 494 496 500 502 506 511 513 517 522 529 533 536 539 543 551 554 557 559 560 566 569 573 576 585 587 594 600 606 608 611 612 616 622 624 627 631 632 633 636 644 648 653 658 660 664 668 669 675 677 679 681 688 689 692 694 701 708 712 715 719 721 725 729 733 735 738 741 742 747 754 759 763 766 768 772 773 779 780 789 790 794 797 800 801 805 809 812 816 820 821 822 828 832 834 839 841 846 847 851 860 862 863 868 869 877 881 885 888 890 894 895 
331 369 375 379 381 389 393 398 403 407 412 416 419 426 430 445 448 463 465 468 471 479 485 491 495 497 502 504 509 514 517 519 524 531 537 540 542 547 555 556 561 562 566 569 571 575 580 588 589 595 601 607 610 612 615 620 624 627 630 633 636 638 639 647 651 657 661 664 665 670 673 677 680 681 683 691 693 697 701 704 712 716 720 723 726 729 733 734 736 741 743 744 751 755 763 767 769 770 775 778 780 784 790 794 797 801 805 808 811 815 816 820 824 825 828 831 834 835 843 847 849 852 855 862 863 865 871 873 880 884 888 890 892 897 901 
334 373 378 383 384 390 395 400 406 410 416 419 421 430 431 449 451 465 467 469 474 482 486 493 496 500 505 506 513 517 521 525 526 534 540 544 547 551 557 561 565 566 569 571 572 578 584 592 596 600 603 610 614 616 620 621 625 629 632 636 640 642 644 650 652 660 665 666 668 671 676 680 681 685 689 694 698 701 702 705 713 718 723 726 728 731 737 738 739 742 745 749 753 756 766 768 770 772 776 782 786 790 792 795 801 802 809 811 813 819 822 824 828 830 833 835 838 839 847 850 854 856 858 863 864 868 873 875 881 887 892 893 894 899 904 
335 376 380 384 388 391 398 402 409 413 419 422 423 431 434 451 454 468 471 475 478 483 488 496 499 502 508 512 516 519 523 528 529 538 541 546 550 552 560 564 569 571 572 576 577 582 585 594 597 602 604 612 616 618 622 624 629 631 636 639 642 643 647 654 658 663 669 673 676 680 684 687 691 695 697 700 703 706 707 709 714 722 727 729 732 734 740 741 742 745 749 750 757 759 770 774 778 781 784 787 791 793 796 797 802 803 811 813 817 822 826 830 831 833 834 837 840 844 850 851 857 859 860 866 870 872 874 879 883 890 894 896 899 902 908 
336 377 381 386 392 395 399 403 411 417 422 426 428 434 435 453 455 471 472 478 479 484 490 500 503 506 510 513 519 522 526 530 531 539 542 547 554 557 562 568 572 573 577 579 581 583 588 598 602 604 605 614 620 622 625 629 633 636 638 642 646 649 650 658 661 666 670 675 680 684 685 690 693 698 700 702 707 708 709 710 718 726 731 733 734 737 743 746 749 750 754 755 758 763 773 777 780 783 786 791 794 796 797 801 804 806 813 817 820 824 829 832 833 834 835 838 843 845 853 856 861 863 867 868 871 874 876 880 886 893 898 902 906 910 912 
