3 4 5 8 10 12 16 17 20 22 26 29 31 32 34 37 38 40 42 44 47 49 50 53 57 61 65 66 68 70 71 74 78 81 82 84 86 90 94 98 99 100 101 105 106 107 110 114 116 119 120 121 122 123 127 129 133 137 139 143 147 150 154 157 160 161 165 169 170 172 174 177 179 181 185 187 191 192 195 198 200 202 205 206 209 211 213 214 215 219 223 226 229 230 234 237 238 241 244 245 246 248 252 255 256 259 262 263 265 
5 7 8 12 14 15 18 21 23 26 30 33 37 40 42 45 49 53 57 60 63 64 67 71 73 74 78 79 82 84 88 91 92 94 95 99 102 103 106 109 112 114 117 118 120 122 124 125 128 130 132 133 136 137 141 144 147 151 155 156 157 159 163 165 166 168 170 174 176 178 179 182 184 186 187 191 194 195 197 199 204 207 209 210 212 216 218 219 223 225 227 228 232 233 235 240 242 243 248 252 256 260 261 264 266 267 268 269 273 
7 10 12 13 15 17 20 25 27 29 31 36 40 44 45 46 51 57 59 61 66 70 71 74 75 79 82 83 86 90 93 97 101 105 107 108 109 110 111 115 119 122 124 128 130 131 134 138 141 142 143 147 148 150 154 157 161 163 166 170 173 175 177 178 182 185 186 189 191 194 198 199 202 205 207 211 214 215 218 219 220 224 225 228 231 232 235 236 239 242 245 249 253 256 260 262 265 269 273 275 278 281 285 289 290 291 295 297 299 
9 12 14 18 21 25 27 29 33 36 40 43 47 49 50 52 54 59 61 65 68 73 76 77 78 80 83 84 88 91 95 100 104 109 112 114 117 120 122 124 127 131 134 138 142 146 148 149 151 152 154 155 156 160 162 164 168 170 174 177 180 182 184 185 188 190 192 194 197 200 202 203 206 209 211 212 216 220 221 224 226 227 230 231 234 237 240 241 244 248 249 251 255 259 264 268 271 274 275 276 282 285 286 290 292 294 299 301 305 
11 14 15 22 26 28 32 33 35 38 44 47 49 50 54 56 58 62 66 70 74 78 80 83 86 87 88 92 96 100 103 104 106 113 114 116 119 122 123 126 129 135 136 142 145 149 152 155 159 163 165 169 170 171 173 176 178 182 186 187 189 193 197 199 200 204 208 209 213 216 217 221 223 224 228 232 234 238 239 242 243 246 248 250 252 255 259 262 266 268 269 270 271 272 273 274 276 278 282 285 288 292 293 296 297 300 304 307 308 
12 18 20 26 30 31 35 39 43 44 45 48 53 55 58 62 66 69 73 74 78 81 84 87 88 92 93 97 99 104 108 109 111 116 119 120 122 123 125 129 131 138 141 144 147 151 153 156 162 165 167 170 173 176 179 183 187 190 192 195 198 200 202 205 206 209 210 213 215 220 221 222 227 230 234 236 237 240 242 246 247 248 250 251 256 258 261 263 269 270 273 274 278 279 280 282 286 290 293 294 298 301 305 309 313 314 318 322 324 
13 22 23 28 32 35 38 41 44 46 49 53 54 56 59 63 67 70 76 80 82 86 88 91 95 96 97 101 104 106 110 113 115 120 124 126 129 130 134 137 138 140 142 148 152 156 159 161 164 168 170 172 176 180 181 184 191 195 197 199 201 205 207 211 215 218 219 221 223 224 228 229 233 234 236 239 240 243 247 250 253 254 256 257 261 264 266 268 270 273 275 278 280 282 284 288 290 293 296 298 300 305 308 310 317 318 319 323 326 
16 24 25 29 33 39 42 43 46 47 50 57 61 62 65 68 69 71 79 83 87 91 93 95 99 100 101 102 108 110 111 114 117 121 127 129 132 135 138 139 141 145 148 151 156 158 161 162 165 170 174 177 180 181 183 187 193 198 201 202 203 207 211 212 216 221 225 227 230 232 235 236 239 242 245 249 251 252 253 256 259 260 263 264 265 266 268 271 274 276 280 281 283 286 289 291 292 295 300 304 306 307 309 314 320 323 326 330 332 
17 25 26 32 34 42 44 46 50 51 53 60 62 66 69 72 76 79 81 85 88 93 95 97 100 102 104 106 109 114 117 119 122 126 128 132 134 139 143 144 147 148 150 153 159 163 165 169 170 171 175 180 183 185 187 188 197 199 205 208 209 213 216 219 221 222 229 233 237 238 239 240 241 243 246 253 254 258 259 263 267 271 273 276 277 280 284 287 290 294 298 301 302 306 307 310 311 313 314 315 319 320 323 324 325 327 328 331 336 
19 27 30 33 37 45 49 51 54 57 59 61 66 67 71 74 78 83 84 86 91 96 100 104 108 112 113 115 116 120 122 124 125 129 132 134 136 143 147 148 150 153 157 161 164 166 170 173 174 177 181 185 188 191 192 194 201 202 206 211 215 219 221 225 228 231 235 236 240 242 245 249 252 255 256 259 261 262 263 267 269 273 275 280 281 283 286 289 292 298 301 305 309 310 314 318 322 325 328 329 333 336 339 342 344 345 346 350 353 
23 28 34 37 38 47 51 54 57 60 61 62 70 74 78 80 82 84 85 90 93 100 103 106 110 114 118 120 122 123 125 126 130 131 135 137 139 147 151 155 156 159 162 165 166 170 174 175 179 183 185 186 191 195 197 201 203 206 207 215 219 222 223 226 230 232 236 239 243 247 248 252 253 256 259 261 262 265 266 268 271 276 278 281 283 286 288 293 295 299 305 309 310 314 317 319 326 328 329 332 337 339 340 345 348 351 354 358 360 
26 29 37 39 43 50 52 58 62 65 68 71 73 78 81 85 86 87 88 92 97 101 105 109 112 116 119 122 126 127 128 131 132 135 139 143 145 151 154 158 161 163 164 168 170 171 175 178 181 185 188 192 196 197 201 204 206 208 211 218 223 226 230 234 237 238 239 241 246 249 252 256 259 260 262 263 265 269 273 276 277 280 284 287 289 290 293 297 300 301 306 311 312 318 321 324 330 332 336 339 341 343 346 349 350 354 358 360 364 
27 31 38 42 45 54 57 62 63 69 71 72 74 81 85 88 91 93 96 100 101 105 108 111 116 119 121 124 130 134 135 138 140 142 143 145 147 154 157 160 165 169 172 173 176 177 178 182 186 187 190 196 200 202 205 209 212 215 216 220 227 228 233 236 239 241 242 243 248 252 256 259 260 261 263 265 266 273 274 278 280 282 288 289 291 294 296 300 302 305 309 314 318 321 325 327 333 336 337 341 343 345 350 352 353 356 361 365 368 
29 35 42 44 48 58 59 64 66 72 76 77 81 85 87 91 95 98 101 104 106 109 110 115 118 120 124 128 133 137 141 142 146 150 151 154 156 160 162 164 167 170 173 177 178 181 185 189 190 191 193 198 201 206 210 211 213 219 221 222 231 232 237 241 244 245 246 249 253 255 257 263 265 268 269 271 273 277 278 281 282 285 290 293 296 298 299 301 305 309 313 318 321 322 326 328 334 338 339 344 346 349 351 356 358 362 364 367 369 
32 39 43 46 51 60 64 65 70 74 77 80 85 87 90 92 98 101 104 108 109 112 113 116 119 122 127 131 136 138 142 144 148 151 153 157 160 161 166 168 170 173 175 178 180 185 186 192 193 196 198 201 203 209 214 217 218 222 225 228 232 235 238 245 248 252 255 256 257 261 264 266 270 272 274 278 282 285 286 288 290 291 294 296 298 301 302 306 309 312 314 322 325 328 329 333 338 340 344 347 349 351 354 359 362 365 366 369 370 
36 41 44 47 54 63 67 70 71 78 81 85 89 92 93 96 100 103 105 109 112 114 117 120 121 125 128 135 139 142 146 149 153 155 159 162 165 166 167 171 174 176 179 182 185 186 188 195 199 200 202 206 207 210 218 219 222 224 227 232 235 236 239 247 251 253 259 263 266 269 272 274 276 278 279 280 285 287 290 291 292 293 295 298 301 304 308 311 315 318 322 325 329 332 335 336 342 344 345 351 354 357 361 362 364 367 371 372 373 
40 42 48 51 57 65 69 73 75 80 84 88 91 96 98 100 101 105 108 110 113 117 119 122 123 126 130 137 141 146 149 150 154 159 161 165 166 168 169 172 175 178 182 183 187 189 191 197 201 203 206 207 211 212 220 222 225 229 231 235 237 238 242 251 255 257 263 266 269 273 275 279 281 284 286 289 292 294 295 297 300 302 306 308 309 310 311 312 316 319 326 328 332 334 338 342 343 348 352 354 356 360 364 367 368 372 376 377 379 
43 45 52 56 59 67 72 77 81 82 86 90 94 98 101 105 107 108 109 111 115 121 122 123 127 131 135 138 145 149 152 153 158 160 163 168 169 170 171 176 177 179 184 185 189 190 195 200 204 205 209 213 215 218 221 224 228 231 232 237 240 241 243 255 258 261 264 269 270 276 278 280 282 288 290 292 296 299 303 306 310 314 315 316 318 319 321 325 326 327 328 329 334 336 342 344 346 351 356 358 359 362 366 368 371 375 379 383 385 
45 48 55 60 64 69 75 78 83 87 91 92 98 99 105 108 111 113 115 116 118 122 123 125 131 134 136 140 149 152 154 158 159 164 166 170 173 177 179 180 182 185 188 191 192 193 199 203 207 211 213 216 220 221 223 226 230 235 236 240 243 244 248 258 262 266 267 273 276 277 280 284 287 289 293 295 300 301 307 308 314 317 318 319 322 324 326 328 332 333 335 336 339 341 346 348 350 355 357 361 362 364 370 373 377 381 382 384 386 
49 51 59 64 67 71 78 82 84 89 93 96 99 101 109 113 116 118 120 124 126 127 130 131 135 137 140 142 153 157 160 162 166 167 168 171 176 179 181 183 186 189 192 194 198 201 202 205 211 215 216 217 223 224 227 230 233 238 239 244 245 247 249 260 263 270 271 276 279 280 284 288 291 292 296 300 303 304 309 313 318 320 321 323 326 330 332 336 338 340 341 343 345 346 348 352 354 357 358 364 366 368 374 377 378 383 384 387 388 
50 53 62 65 71 72 81 84 87 93 95 97 100 103 110 114 120 123 125 129 133 135 139 143 146 149 152 153 154 159 164 165 167 169 172 174 178 180 182 187 190 191 194 196 200 203 204 209 215 218 220 221 227 228 230 232 235 242 243 247 249 252 253 261 264 273 274 279 281 282 286 290 292 293 298 301 306 308 310 315 322 325 328 332 336 339 340 343 345 349 353 357 358 359 362 365 366 367 369 372 376 379 383 386 390 393 397 398 402 
51 57 64 69 73 75 85 87 91 95 99 101 102 106 111 118 122 126 128 132 135 137 141 147 151 152 155 159 160 162 166 169 172 175 178 181 184 187 191 194 198 202 203 205 209 212 214 217 218 219 221 225 231 235 236 239 243 246 250 254 256 259 263 266 267 277 281 285 287 288 290 292 294 296 302 306 307 312 313 319 324 327 330 335 339 340 343 345 348 352 355 358 361 362 364 368 371 375 376 379 382 386 389 391 394 397 400 401 405 
55 61 67 70 74 76 87 89 95 98 102 105 109 111 113 122 123 130 133 135 138 142 146 148 155 159 163 164 166 169 172 174 178 181 184 186 189 190 193 197 201 204 208 212 214 218 220 223 224 225 226 230 233 239 242 245 247 251 253 255 258 262 267 271 274 278 283 288 290 292 294 297 301 303 304 308 310 314 315 321 325 328 332 339 341 345 347 351 355 359 363 365 369 373 376 378 380 381 384 385 389 393 395 398 402 403 406 407 408 
59 65 71 75 78 82 91 95 98 102 106 110 111 114 118 124 126 132 137 138 142 145 147 150 157 163 164 166 167 172 175 178 181 184 185 190 193 195 198 199 203 205 212 213 218 222 223 226 229 231 232 236 237 241 244 246 249 252 254 256 262 264 270 273 277 279 287 292 296 300 304 306 309 312 313 317 321 325 326 327 331 332 336 340 343 347 349 353 358 363 365 366 372 376 379 382 385 388 390 392 393 395 396 399 406 409 413 416 417 
63 69 73 78 82 84 94 99 103 105 110 113 117 120 121 126 130 136 138 140 143 146 148 151 161 166 169 172 175 178 182 185 187 191 193 196 200 201 205 209 210 211 213 216 219 224 226 230 233 237 240 243 246 248 252 254 258 260 261 265 268 270 271 277 279 283 291 296 299 301 306 307 311 313 314 318 323 326 327 331 334 335 338 342 344 351 355 358 362 367 369 370 374 378 380 383 389 392 393 395 397 398 400 404 407 410 414 420 423 
65 70 76 80 85 89 96 103 105 109 111 114 119 123 126 128 134 137 140 142 145 148 152 153 165 168 171 176 180 183 186 188 190 194 195 198 204 206 209 211 212 216 220 223 227 230 232 236 238 239 241 246 250 253 255 256 260 263 266 269 272 275 278 280 281 284 294 299 302 303 308 310 315 318 320 324 326 330 331 335 339 343 344 345 348 352 357 362 363 368 371 372 376 379 381 385 390 393 395 396 400 404 406 410 412 416 418 423 426 
66 72 77 82 87 92 98 105 108 111 112 117 120 125 130 133 138 141 142 143 148 149 155 158 166 172 174 179 184 187 191 195 196 198 200 201 207 210 213 214 215 220 224 228 231 235 236 237 239 242 245 248 253 255 256 259 263 267 268 273 277 279 283 286 290 293 298 303 304 307 309 314 317 321 325 329 332 336 337 339 342 347 351 352 353 356 359 363 367 370 374 378 379 382 386 390 393 394 396 400 404 406 409 411 414 417 419 425 428 
67 74 81 86 90 96 99 108 110 114 115 119 122 127 134 135 140 144 148 149 153 156 160 161 168 174 178 181 188 192 196 200 201 205 207 209 211 215 216 218 222 224 227 230 235 239 242 243 245 246 247 249 255 259 260 264 268 270 272 277 281 284 287 291 292 297 301 307 310 312 313 316 320 324 327 332 335 338 340 342 344 350 355 357 360 361 365 369 370 374 376 382 384 388 389 393 394 397 399 404 405 408 413 417 418 422 425 429 431 
71 78 83 89 91 97 100 111 115 117 119 122 126 131 137 138 141 147 152 156 157 160 161 164 169 178 182 186 192 195 199 201 205 207 209 212 216 220 222 224 225 227 229 234 238 242 245 248 249 253 255 259 263 264 266 268 269 273 274 278 282 285 288 293 295 299 302 311 313 315 317 319 323 327 328 333 339 342 345 346 348 354 356 359 364 368 372 374 378 382 384 386 387 390 393 394 397 399 400 407 411 412 416 419 420 425 429 430 435 
72 82 86 91 94 100 102 114 116 121 122 124 127 133 140 141 145 150 153 159 161 163 165 167 173 181 185 189 193 196 202 203 206 209 210 213 220 222 224 227 228 229 233 238 239 244 247 252 256 257 258 262 264 266 268 270 271 277 279 283 284 286 292 294 298 301 304 313 316 320 322 323 327 329 330 336 343 346 350 351 354 358 360 362 366 371 373 377 380 384 385 389 392 394 395 397 399 401 405 410 412 416 417 423 426 429 432 433 438 
76 85 88 93 97 103 105 118 119 123 125 129 133 137 142 146 148 154 158 163 165 169 170 172 175 185 187 190 195 199 204 206 209 211 214 217 223 227 228 232 233 237 241 244 247 251 255 259 260 264 266 270 273 277 279 280 281 285 289 292 296 298 302 305 309 313 315 317 321 322 323 327 330 331 332 340 345 349 352 353 357 361 362 365 370 373 376 380 383 387 390 394 396 397 399 403 406 408 412 413 416 420 423 426 430 431 434 436 442 
80 87 89 95 99 105 109 121 123 125 127 132 136 140 146 149 153 156 159 166 169 171 174 176 179 189 192 194 198 201 208 209 213 217 218 221 227 229 231 236 240 241 245 248 250 254 258 263 264 268 269 274 276 278 281 282 283 289 293 296 300 303 305 307 311 314 317 321 322 323 324 329 332 334 338 341 347 352 353 356 358 365 366 368 374 377 379 383 387 389 393 397 401 403 407 411 412 413 415 416 417 424 428 431 435 438 442 446 449 
83 88 90 96 100 108 110 125 129 130 131 133 138 144 149 151 154 158 163 170 171 175 176 180 184 193 197 198 202 204 211 212 217 218 221 222 231 234 235 239 244 248 252 256 258 261 265 266 267 270 273 276 280 282 283 287 290 291 294 298 302 304 308 312 314 317 321 323 327 329 331 335 338 339 341 344 351 353 355 357 360 368 371 373 377 378 381 385 390 392 395 401 405 406 409 415 419 420 421 425 429 430 432 435 437 442 445 449 453 
84 91 95 99 102 109 112 127 132 133 137 138 139 147 153 156 157 160 164 173 177 179 181 184 186 197 200 203 206 207 212 213 219 221 225 228 232 238 242 245 247 250 255 257 261 263 269 273 275 276 280 283 284 288 291 294 296 297 299 302 304 305 310 316 317 319 322 327 329 332 336 340 344 348 351 355 356 359 360 361 362 372 374 375 381 385 389 390 394 395 398 403 409 412 413 417 422 426 428 432 434 438 440 444 447 451 455 456 459 
87 93 98 100 105 110 115 129 136 137 141 145 149 152 154 157 161 162 165 175 179 181 185 188 192 199 204 207 211 212 213 217 221 225 227 229 234 239 245 247 249 253 257 259 263 265 271 276 280 282 284 286 289 291 292 295 298 300 303 307 311 313 315 318 322 324 328 332 335 339 340 344 347 349 353 356 357 362 365 367 370 376 378 379 382 386 392 396 399 401 405 407 413 416 419 423 426 430 431 436 439 440 442 447 451 454 457 459 461 
88 95 99 102 108 113 116 130 139 142 145 148 152 155 159 162 163 166 169 179 180 183 189 191 196 200 207 211 213 216 218 221 223 229 231 234 235 243 249 253 255 256 259 263 266 269 275 278 282 285 289 290 294 298 300 301 305 306 308 310 313 315 317 321 325 329 333 336 340 342 344 347 349 353 354 359 363 367 371 373 375 379 383 386 387 388 393 399 401 402 408 411 416 417 423 427 431 432 435 438 443 444 445 450 453 457 458 460 465 
91 99 100 106 111 115 120 133 142 146 149 151 155 156 160 166 170 172 174 180 182 185 192 196 197 202 208 215 219 223 227 228 230 234 235 238 241 246 251 254 257 258 262 265 268 273 278 282 286 289 291 292 295 301 304 306 308 312 315 319 323 324 325 326 328 333 337 340 343 346 348 350 354 356 358 361 366 371 375 379 382 384 388 392 395 397 399 403 405 408 412 415 418 419 424 428 434 437 439 442 446 449 450 453 457 458 461 463 468 
93 102 106 108 112 119 121 137 146 150 154 155 157 159 161 170 173 177 178 182 184 186 194 198 202 206 211 217 221 224 230 234 235 239 240 244 248 250 254 256 260 263 266 269 273 277 280 286 288 291 293 295 299 304 305 308 310 316 317 321 325 328 329 333 334 337 340 344 347 350 352 355 358 359 361 362 367 373 376 383 387 390 393 395 399 403 405 409 413 417 418 420 424 426 430 431 436 439 443 444 450 451 452 455 458 462 466 468 469 
97 106 109 113 114 123 127 140 150 154 157 159 163 164 168 174 178 181 183 187 191 192 198 202 204 209 213 221 222 228 232 235 239 240 243 248 251 255 259 260 262 264 268 273 277 278 284 287 292 293 295 296 303 307 310 313 315 317 320 323 329 332 335 336 337 341 344 345 350 352 355 356 361 364 365 368 370 375 378 385 388 394 395 397 402 405 409 410 415 421 424 428 429 433 436 439 440 442 445 448 454 457 459 462 463 467 470 474 478 
101 108 110 114 117 127 130 141 152 155 159 162 166 168 171 176 180 185 188 192 195 198 199 203 206 212 214 222 226 229 235 237 241 242 247 251 254 256 261 263 267 269 270 276 279 281 288 289 293 294 298 299 306 309 312 315 318 322 325 328 333 334 339 342 346 350 351 354 356 359 363 366 370 371 373 375 379 382 383 387 391 398 401 402 403 406 412 414 416 422 427 429 431 434 439 442 445 449 450 454 456 458 462 466 468 470 471 477 480 
104 109 111 117 118 128 133 145 155 156 160 165 169 171 172 180 182 186 190 193 197 201 204 208 211 214 217 223 230 233 239 240 244 246 249 254 258 262 264 268 269 271 274 278 282 285 289 292 295 296 301 303 308 313 314 318 319 323 326 330 336 340 341 345 348 351 355 359 361 362 365 368 372 375 376 380 383 387 388 391 393 400 404 406 410 414 416 417 419 425 431 433 437 440 443 444 449 450 454 458 459 462 466 467 469 472 473 480 482 
105 112 115 120 123 132 136 146 157 158 161 168 172 175 176 184 188 191 195 198 199 203 207 211 213 218 221 226 231 235 240 243 245 249 253 257 262 263 267 269 272 275 277 279 283 287 292 294 297 299 303 307 310 314 318 321 325 327 331 332 337 343 345 349 352 356 357 363 366 369 370 372 376 379 380 382 385 388 391 392 396 402 405 409 414 415 418 421 425 427 433 434 440 444 448 451 452 455 458 461 465 467 470 472 476 478 479 481 485 
109 114 116 124 125 136 140 147 158 161 162 171 173 176 178 185 192 193 199 203 206 207 210 213 214 219 225 228 234 238 243 247 249 250 256 258 264 268 272 275 278 282 285 287 290 292 295 297 298 301 304 311 312 316 319 323 326 331 335 337 339 344 348 352 356 358 359 365 368 372 376 378 379 383 384 385 387 391 393 397 398 403 407 410 418 419 420 425 427 429 434 438 441 445 451 453 454 459 461 465 466 468 473 474 480 482 483 486 490 
110 118 119 125 128 137 143 148 161 163 165 172 174 178 180 189 195 197 201 206 207 210 214 216 217 221 229 233 237 242 244 250 253 256 260 261 268 272 274 276 279 283 287 290 293 297 298 300 301 302 305 314 315 317 323 324 327 332 339 343 346 350 354 355 359 363 364 368 372 376 379 383 386 387 391 394 397 399 403 405 407 408 410 412 421 423 424 426 431 434 435 439 445 449 453 454 458 460 463 466 470 471 477 478 482 485 486 488 491 
114 121 123 129 130 138 147 152 162 164 167 176 178 180 182 193 196 200 205 209 212 213 217 218 221 225 233 234 239 243 248 253 254 258 262 265 271 275 276 277 283 286 288 294 297 298 302 305 307 309 311 318 319 320 324 326 328 336 343 345 349 351 358 360 362 367 370 372 375 377 380 385 387 388 394 396 399 402 406 409 410 412 415 416 423 426 430 433 437 438 442 445 449 451 457 461 464 465 467 471 472 473 481 483 485 487 488 492 496 
115 124 128 132 136 140 149 153 165 168 169 178 180 183 186 194 197 201 207 212 216 219 221 225 226 228 234 238 240 245 250 254 257 259 265 268 272 279 280 282 284 290 294 297 300 304 307 308 309 313 315 320 323 324 327 330 334 340 346 347 352 354 360 363 364 371 372 375 379 382 384 388 391 394 396 399 402 405 408 412 416 420 421 422 424 428 432 434 438 439 446 447 451 452 460 465 468 471 475 479 482 486 489 493 497 498 500 502 503 
117 128 130 135 140 143 151 154 169 171 172 181 184 186 190 198 200 204 210 213 220 224 225 229 231 235 237 240 243 247 253 257 260 264 269 271 275 281 285 286 290 293 295 299 302 307 311 313 316 319 322 323 324 327 331 332 335 343 348 352 353 356 362 366 368 372 374 379 382 385 386 390 395 398 399 402 404 409 410 416 420 422 426 428 432 435 436 439 440 444 450 451 454 455 464 469 471 472 478 482 484 490 493 494 498 501 502 503 507 
118 132 134 136 144 147 152 156 172 173 174 183 186 190 191 202 203 208 212 216 224 228 232 234 238 240 243 246 249 250 256 258 262 266 272 274 276 284 288 292 294 295 297 300 303 308 313 317 320 324 328 330 331 333 336 337 339 344 349 356 357 360 365 370 371 373 375 380 386 388 392 394 396 402 405 406 410 414 418 420 422 424 429 433 435 438 441 442 444 448 454 455 459 463 465 473 474 477 482 485 489 494 497 499 500 504 505 508 511 
119 136 137 141 147 151 153 158 176 179 183 186 187 193 195 206 210 212 216 219 227 232 236 238 241 242 244 250 251 255 259 260 265 267 274 276 277 286 290 296 297 299 303 307 311 314 316 319 322 325 329 331 332 335 339 342 346 347 353 359 360 361 366 374 378 379 381 382 387 390 396 397 400 405 408 409 412 416 420 423 424 427 430 437 439 440 443 446 448 450 458 461 464 467 468 477 480 483 484 488 490 496 499 503 504 506 510 512 514 
123 140 143 144 149 153 154 159 177 180 187 191 193 194 196 210 214 218 220 223 228 235 239 240 242 244 247 254 258 260 263 267 271 274 275 280 282 287 291 298 299 302 307 309 314 316 318 321 326 328 330 332 336 338 343 346 350 352 356 360 364 365 367 375 379 381 382 386 389 394 398 402 406 407 411 415 416 420 421 426 429 431 433 441 442 445 446 448 450 451 462 466 467 471 473 479 482 487 491 494 495 497 503 507 508 511 515 518 521 
126 141 144 146 152 155 157 160 181 184 191 195 196 197 198 213 216 221 223 226 230 237 240 243 247 248 252 258 259 262 266 271 274 277 279 281 284 288 293 301 303 304 308 310 318 321 325 327 328 331 332 334 337 342 344 350 351 356 360 361 365 369 371 377 382 384 386 389 393 395 399 406 410 413 414 416 418 424 428 430 434 435 438 443 444 447 451 452 454 455 463 470 471 473 475 482 486 490 492 496 499 501 505 511 513 516 519 520 525 
130 142 148 149 154 156 159 161 185 189 195 199 203 206 208 216 219 222 226 230 234 240 243 247 249 251 254 262 265 267 270 275 279 282 284 286 287 292 294 304 305 306 312 315 319 323 326 331 332 336 338 340 343 344 345 351 352 358 361 364 368 373 375 380 385 389 392 394 395 396 401 407 412 417 421 425 429 432 436 437 440 441 443 445 447 449 455 456 459 460 466 471 473 476 478 486 489 493 497 499 500 502 506 515 519 522 523 524 528 
131 146 150 153 155 160 163 164 187 193 197 200 206 207 212 218 221 224 228 233 238 243 244 251 253 255 259 263 269 272 274 279 283 287 291 294 297 298 302 306 308 311 314 316 320 324 327 333 334 339 342 343 345 347 348 352 353 360 362 366 371 375 377 384 388 390 395 396 399 403 404 410 416 418 423 427 430 434 438 441 445 447 450 454 455 457 461 462 464 465 467 475 477 481 483 488 492 497 501 505 507 509 510 519 521 524 526 529 530 
132 150 152 154 158 163 165 168 191 196 198 204 210 214 217 220 222 228 229 237 242 245 246 254 255 258 260 267 271 273 277 280 286 291 293 296 301 302 303 308 309 312 318 320 324 325 328 335 338 342 346 350 351 355 356 358 359 363 365 368 373 379 380 386 392 395 397 400 402 407 408 412 420 422 425 430 432 437 441 443 447 451 454 456 457 459 465 467 471 475 477 481 485 486 488 492 495 498 505 508 511 514 516 522 526 528 530 531 535 
136 153 154 157 161 165 168 172 195 200 202 208 213 216 218 223 227 231 234 239 243 247 248 257 261 265 267 269 274 275 279 282 289 294 298 299 302 305 308 311 313 315 320 321 325 327 330 337 339 343 347 354 355 359 362 363 365 369 371 373 376 381 385 387 393 399 401 402 405 410 414 418 421 425 426 433 437 438 444 448 450 452 455 459 461 462 469 473 476 479 481 484 489 490 491 493 497 501 507 509 513 516 519 525 528 529 533 534 539 
137 157 158 161 165 168 171 175 196 203 204 211 215 218 222 226 231 232 236 241 244 249 253 258 263 268 269 270 275 276 283 284 293 296 302 304 308 310 311 313 315 318 322 325 327 329 332 339 342 345 348 357 360 363 364 365 366 373 374 376 377 382 387 388 397 403 406 410 412 414 415 421 425 426 427 437 439 443 445 451 452 453 459 460 465 467 470 476 478 481 483 485 492 495 496 499 502 503 510 514 517 518 523 528 531 535 537 540 541 
140 160 164 165 169 172 175 179 199 205 206 214 219 220 224 228 234 238 242 243 248 251 256 262 265 269 273 275 277 280 284 285 294 298 306 308 312 316 317 318 319 323 324 329 333 337 340 343 347 351 354 359 361 366 368 371 372 374 378 382 383 387 388 391 401 406 410 411 416 418 419 425 428 430 434 441 444 446 447 453 456 459 460 464 469 472 474 480 482 486 488 490 496 498 499 502 504 506 511 517 521 525 528 529 534 539 541 544 545 
144 161 166 168 170 174 178 183 201 208 212 217 223 224 227 231 238 241 243 246 249 254 258 266 267 271 274 277 280 283 287 290 295 302 308 311 315 318 321 324 325 329 332 333 335 341 342 345 349 353 355 362 365 370 373 377 380 384 385 389 391 392 393 395 403 408 412 416 419 421 424 426 430 432 438 443 448 452 453 456 458 461 465 468 470 475 476 483 485 490 493 496 499 500 504 506 507 508 513 521 523 529 531 533 536 540 542 547 551 
146 164 169 173 177 180 181 185 204 211 215 219 226 228 231 233 242 246 249 252 254 257 259 270 272 275 277 278 284 288 291 294 299 306 311 315 319 321 324 327 328 333 337 339 342 343 344 348 350 357 359 365 367 373 375 378 383 387 391 394 397 399 400 403 404 412 415 419 420 424 428 432 434 435 442 445 452 453 457 460 461 465 467 471 475 477 480 485 487 494 497 499 502 504 507 509 513 516 518 525 529 531 532 536 540 542 543 548 554 
147 166 170 175 179 182 183 188 205 213 218 220 229 231 233 234 244 249 251 253 257 261 264 273 275 279 280 281 285 290 293 295 303 309 312 318 320 324 325 331 334 337 338 341 343 347 349 353 355 358 362 368 372 377 381 383 385 388 395 398 402 406 408 410 412 413 417 422 425 427 432 435 437 440 444 448 455 458 460 461 464 466 470 474 476 480 484 486 491 496 498 503 505 507 508 513 515 520 522 527 531 533 536 539 544 546 549 551 556 
148 170 173 178 183 187 190 192 208 214 221 225 230 234 235 238 246 251 252 257 259 265 266 276 279 280 284 287 291 293 296 300 306 311 315 322 324 328 330 332 336 339 341 345 348 350 353 354 359 361 364 372 373 378 384 386 387 391 398 401 405 407 410 411 416 418 421 426 428 431 435 437 441 443 447 451 456 460 463 464 465 469 473 475 478 484 487 490 492 497 501 504 506 509 511 515 518 523 526 528 532 536 540 542 547 551 553 556 559 
152 171 174 181 185 189 194 196 212 215 224 227 234 235 239 242 248 255 259 260 261 269 273 280 283 285 288 289 292 295 300 303 307 315 317 324 325 332 333 337 339 342 346 347 351 354 358 359 361 363 368 376 377 381 388 389 390 395 399 404 408 412 415 418 422 426 429 431 432 436 439 441 444 445 448 452 457 462 466 467 468 473 475 476 481 486 490 492 493 501 503 507 509 513 516 519 523 524 527 532 535 540 541 546 549 553 555 557 562 
153 175 177 185 186 193 196 200 216 219 228 230 236 237 242 243 252 259 260 263 265 273 275 282 286 288 291 295 299 302 305 308 311 316 320 326 328 335 336 339 342 345 349 350 353 356 361 365 368 372 373 378 381 385 391 392 393 397 401 408 409 414 419 420 423 430 433 434 438 441 444 447 449 453 455 456 461 463 467 468 472 476 478 482 483 490 493 496 497 502 504 511 513 516 519 522 524 527 530 535 539 543 546 548 553 556 560 564 567 
157 179 180 186 190 195 200 204 219 222 231 232 239 242 245 246 256 262 264 265 267 274 278 283 290 292 295 298 302 304 309 313 316 317 321 330 334 337 338 343 346 350 352 353 357 361 362 368 371 374 377 382 383 388 395 397 399 401 405 411 412 418 422 424 428 434 436 438 440 444 448 451 452 456 459 461 463 464 468 470 473 478 479 486 489 494 496 498 499 505 506 515 519 523 524 527 529 532 534 538 540 547 550 554 555 560 561 568 571 
161 180 181 189 193 197 203 208 223 226 233 234 240 244 246 248 260 264 266 269 272 276 282 287 292 294 297 300 306 309 312 314 318 322 326 331 336 341 343 346 348 353 354 358 362 365 367 369 374 378 381 385 386 390 396 398 401 403 406 413 414 421 426 427 429 437 439 442 446 450 451 454 457 460 462 463 467 468 471 473 474 480 482 488 493 498 500 502 505 506 509 518 521 525 526 528 531 536 537 542 545 551 555 556 560 561 565 571 573 
164 181 184 191 196 201 206 211 227 228 235 239 241 246 250 252 262 267 269 272 276 279 283 288 293 298 300 303 307 313 314 318 322 324 327 332 339 345 349 351 353 354 356 360 363 368 371 375 378 382 386 387 389 392 398 401 402 404 410 415 419 422 427 429 432 439 442 446 450 451 454 458 459 461 466 469 473 475 476 478 479 483 485 492 495 502 506 509 510 513 516 520 525 527 531 532 533 537 541 543 547 552 557 561 564 567 569 573 577 
165 183 186 193 200 202 209 213 229 231 237 242 244 249 252 256 263 271 272 276 278 280 284 290 296 299 303 306 311 315 316 322 323 328 329 333 340 348 353 356 360 362 365 368 369 370 375 377 381 384 389 393 395 398 401 403 407 410 413 416 420 426 428 430 435 440 445 449 453 454 455 462 464 467 468 472 475 478 482 486 490 491 492 494 497 506 508 511 515 519 521 525 526 528 533 537 538 540 544 548 550 554 559 563 568 570 573 574 578 
169 186 190 195 204 207 211 214 231 234 239 243 246 252 255 260 265 275 276 278 279 284 286 291 299 301 304 309 314 316 317 324 325 331 334 336 344 349 355 358 364 367 371 374 377 381 382 386 387 388 390 394 397 402 404 407 410 411 414 420 422 429 432 434 437 444 447 452 454 455 456 463 468 470 471 476 478 479 484 488 492 494 496 500 504 509 512 515 517 521 524 527 530 533 536 538 539 541 545 552 556 559 560 566 570 573 575 577 580 
172 188 193 196 205 210 214 215 235 236 243 245 248 253 258 261 269 278 280 283 286 288 289 295 303 307 310 311 318 321 325 328 329 332 335 340 345 351 359 363 368 370 372 377 380 383 387 390 394 397 401 405 406 408 410 414 418 419 420 423 424 432 433 437 438 448 451 453 457 458 462 466 471 472 473 478 481 485 486 490 496 499 500 502 507 511 515 517 520 525 528 532 535 539 542 543 546 547 548 553 560 562 563 570 574 577 581 582 584 
176 190 194 200 207 213 218 222 238 242 245 248 249 254 259 262 271 282 284 285 289 293 294 299 306 309 313 316 322 323 326 331 332 335 337 341 349 353 362 366 369 373 376 379 383 384 391 394 397 398 403 409 412 415 417 421 424 427 429 433 434 437 438 442 443 452 453 454 461 462 463 470 473 477 478 482 486 489 491 492 497 503 504 506 511 512 516 518 524 526 532 533 537 542 543 545 547 549 552 556 562 564 568 574 577 579 582 583 587 
177 193 195 203 211 216 219 226 241 246 247 249 252 256 263 265 272 285 286 287 290 294 296 302 309 311 314 320 325 329 331 332 336 340 342 343 353 356 364 369 370 375 378 382 387 389 395 399 400 401 404 410 416 418 420 422 427 431 435 438 440 444 448 450 454 455 458 459 464 468 470 472 477 481 485 489 490 493 496 500 501 506 507 508 513 517 519 522 528 531 535 536 540 546 548 550 553 555 557 560 564 567 570 578 579 581 586 588 591 
179 194 199 207 213 217 222 229 244 249 250 252 256 260 266 267 276 289 290 292 295 296 300 304 312 316 318 322 327 333 335 337 338 341 345 348 354 358 367 372 373 377 380 383 391 393 398 403 405 407 410 412 417 422 423 425 428 433 437 442 443 448 451 452 457 461 462 464 466 472 474 476 478 483 489 490 494 496 498 502 506 509 511 512 515 520 523 526 531 534 538 540 541 548 551 552 555 556 561 563 566 568 572 580 582 584 590 591 594 
180 195 200 209 214 220 224 231 247 250 252 256 259 262 270 274 278 290 293 296 297 298 301 307 315 317 320 323 328 335 339 340 342 346 348 349 358 361 368 373 376 378 382 384 395 398 401 404 409 411 412 416 418 424 428 429 431 434 440 445 447 452 455 459 463 467 469 473 476 479 480 483 485 488 492 493 496 500 502 506 508 511 514 517 518 523 527 529 535 539 541 545 548 550 552 556 558 561 562 565 570 571 574 581 585 586 594 597 598 
184 196 204 213 218 221 227 232 249 254 255 260 261 265 273 278 281 293 294 299 302 304 307 309 319 321 322 324 329 337 340 343 346 350 352 354 359 365 369 374 380 381 383 385 399 402 406 409 411 412 415 417 422 427 432 434 436 437 442 448 451 454 459 460 466 469 471 475 477 481 483 486 487 490 496 499 501 504 508 511 512 516 519 522 525 528 530 531 536 541 545 548 551 554 556 558 560 563 564 568 572 574 578 585 589 592 595 601 604 
187 199 206 216 222 224 230 234 251 255 258 262 266 267 277 281 282 297 301 302 304 306 309 311 320 325 328 330 332 339 344 345 350 351 356 358 361 366 370 375 384 385 386 387 401 404 410 412 413 415 416 419 423 429 436 437 438 442 445 451 455 459 461 464 470 471 475 479 482 484 487 488 489 493 500 501 505 508 510 514 518 522 525 529 531 534 536 538 540 542 549 552 556 558 560 562 565 567 570 572 573 577 582 586 591 595 597 602 607 
190 200 207 218 226 227 231 238 253 257 259 266 269 271 278 283 284 301 304 308 312 313 315 316 323 327 331 332 334 340 347 350 351 355 360 364 368 370 373 376 385 386 387 390 402 407 414 416 419 423 426 429 431 433 439 443 447 450 452 453 458 463 466 468 472 475 477 483 486 490 493 497 499 500 502 504 508 510 511 516 519 524 529 531 534 536 540 544 545 546 552 555 559 561 564 565 567 570 574 575 578 582 583 590 592 598 602 606 609 
192 202 211 221 230 232 236 242 256 258 260 267 270 275 281 285 286 305 309 312 314 318 322 323 325 328 335 337 338 342 350 352 355 357 364 365 369 372 376 380 389 393 395 399 404 410 415 420 421 426 428 432 435 437 440 445 451 453 457 461 462 466 469 473 477 480 481 487 491 492 495 498 501 504 506 509 511 514 518 521 525 527 530 534 537 539 544 548 552 556 558 561 562 565 566 567 570 573 577 580 582 586 588 591 594 600 604 608 613 
194 203 214 223 233 234 239 245 257 259 262 270 272 279 283 286 290 306 312 313 317 321 326 328 331 333 339 340 343 346 352 355 358 362 368 370 373 377 381 385 393 395 399 401 407 413 418 422 423 428 429 433 439 440 444 448 452 454 461 462 466 467 472 476 479 481 483 489 495 498 499 502 504 506 507 511 515 516 519 525 526 530 531 536 541 545 548 552 555 557 559 564 567 568 571 575 577 579 582 584 588 590 592 593 598 601 608 612 616 
196 207 216 225 235 239 242 248 258 261 264 274 277 281 287 289 292 308 315 316 321 322 328 330 332 336 340 343 344 350 355 357 360 363 370 374 378 379 383 386 394 398 403 406 409 414 420 425 426 431 435 437 440 441 447 452 453 455 464 465 469 472 476 477 480 482 485 491 497 502 506 510 514 517 521 523 525 526 528 529 532 536 537 541 545 548 549 554 556 559 561 565 570 574 577 581 585 588 591 593 594 596 599 602 606 609 613 616 618 
199 208 218 229 239 240 244 250 259 262 265 277 280 283 289 291 296 311 317 319 322 326 329 333 334 338 343 345 348 351 358 360 364 368 372 378 379 383 385 389 397 401 404 407 413 415 423 428 430 432 438 441 445 446 450 453 455 456 465 468 470 476 480 483 485 488 491 493 499 505 508 511 516 518 524 526 527 531 532 535 538 541 542 545 547 549 552 555 559 561 563 569 574 577 580 585 588 592 594 597 600 602 603 606 608 612 615 617 622 
200 210 221 233 240 242 245 252 260 265 268 280 281 284 292 296 300 312 318 323 324 328 331 336 340 343 347 349 350 354 360 364 367 372 376 381 385 389 391 392 400 405 407 409 417 419 426 430 431 433 439 444 449 453 457 460 462 463 469 472 475 480 484 485 489 490 495 498 502 507 512 516 520 523 527 529 530 534 536 540 543 547 548 550 552 555 557 561 562 566 570 572 575 578 582 587 592 594 596 601 605 607 609 610 612 615 618 620 625 
202 211 222 236 244 247 251 253 261 267 270 282 283 286 296 299 304 315 319 326 328 330 335 339 341 344 351 353 354 356 363 367 370 374 378 383 387 390 393 395 401 406 409 412 421 422 429 432 434 435 440 448 453 456 458 463 465 467 472 473 478 483 486 489 490 494 499 501 504 508 514 520 524 528 529 531 534 538 539 544 546 551 553 554 558 560 564 568 572 575 578 579 582 586 590 594 598 602 605 606 607 610 614 616 620 623 627 628 631 
204 215 225 237 245 251 255 258 265 271 273 286 290 291 298 301 308 318 323 330 333 335 338 343 347 349 355 356 360 362 367 369 372 377 379 385 391 394 397 399 405 409 410 415 422 425 433 437 441 443 447 449 454 460 464 468 472 476 478 482 486 490 494 496 500 501 504 508 510 512 517 524 528 531 534 538 542 546 550 553 554 555 558 562 564 566 568 570 575 576 582 586 587 590 594 598 599 604 609 611 614 616 618 622 623 624 629 632 635 
206 219 226 239 248 253 257 259 267 274 278 289 294 295 301 303 311 321 327 332 335 338 342 346 349 352 357 359 362 363 370 373 376 380 381 389 395 398 401 403 409 411 412 416 423 427 434 440 443 444 451 455 458 461 465 469 474 480 484 487 491 493 496 497 501 503 506 509 511 513 521 526 529 534 535 540 545 547 554 558 562 563 565 566 570 574 577 578 579 582 586 590 591 593 597 600 603 605 613 614 616 619 620 624 628 629 630 633 638 
208 222 229 240 250 255 258 262 271 276 280 290 295 298 303 307 312 325 331 333 337 340 345 350 352 354 360 362 364 366 374 375 379 384 388 392 398 399 403 406 413 414 415 418 426 429 435 442 447 451 452 459 460 465 467 472 475 482 488 491 495 497 500 501 503 506 507 513 517 519 523 528 530 536 540 543 548 550 558 562 564 566 568 572 574 575 580 583 587 588 590 591 592 595 600 603 604 608 617 618 619 623 626 628 629 631 634 637 641 
210 223 231 242 251 256 259 263 273 280 283 294 299 302 304 311 313 329 334 337 338 343 346 353 354 356 363 367 369 372 376 378 382 387 392 396 401 405 408 410 417 419 422 425 427 430 437 446 448 455 456 462 464 469 473 477 479 483 489 494 499 502 506 508 511 513 515 518 521 523 524 530 531 538 541 546 552 553 561 566 567 569 570 575 578 580 584 588 591 595 598 602 606 610 613 616 618 621 623 626 629 631 633 634 637 638 641 644 646 
211 225 233 244 255 259 261 264 277 282 284 297 300 305 308 312 317 330 338 342 345 346 350 354 355 359 365 368 373 377 380 382 385 389 396 399 402 406 410 413 418 422 424 427 430 434 438 450 452 457 458 464 467 473 475 479 481 486 490 495 502 506 510 513 516 517 519 520 525 528 531 534 535 540 544 549 556 560 562 568 571 572 575 577 581 583 587 590 593 596 600 606 610 611 616 618 621 623 627 630 631 633 635 639 640 642 645 647 648 
214 226 234 247 259 260 263 265 278 286 288 301 302 306 309 313 321 331 340 346 349 351 355 356 360 362 368 372 377 378 382 384 386 393 400 401 406 409 414 418 422 424 426 429 431 436 441 451 455 458 460 465 470 475 478 480 482 490 493 498 505 509 512 517 518 521 525 529 532 534 537 539 542 543 548 553 560 561 564 572 576 580 582 586 588 591 593 597 600 604 607 609 611 615 620 622 625 627 628 633 636 639 642 644 645 647 648 651 655 
216 227 238 248 261 262 265 267 282 288 291 304 305 309 313 315 325 332 342 349 353 356 359 360 364 366 372 373 380 382 385 388 389 394 403 407 411 413 417 419 426 428 429 431 433 440 443 455 458 460 461 469 474 478 479 483 485 494 497 502 508 513 514 518 520 522 526 531 534 536 539 541 545 546 552 554 562 566 567 573 580 584 588 592 593 595 596 598 601 605 608 610 614 619 623 626 629 630 634 635 638 643 644 648 651 653 656 658 660 
218 230 240 251 263 264 266 270 284 289 294 306 310 311 314 316 326 334 346 353 355 359 360 362 366 370 374 375 382 384 387 390 394 397 405 410 415 417 419 422 429 431 432 434 435 443 446 458 460 464 468 471 477 482 483 485 489 497 498 505 510 516 520 521 522 525 527 534 535 540 544 547 550 551 556 558 566 570 572 576 582 585 591 593 596 597 601 603 606 607 612 615 619 620 625 627 633 636 639 643 645 649 650 654 657 661 665 666 670 
219 234 242 255 265 266 270 273 288 292 298 310 312 316 319 323 330 337 349 357 358 361 364 365 369 374 377 381 385 388 389 391 396 398 406 412 418 419 420 426 433 435 439 442 444 448 451 460 461 465 472 474 481 483 484 486 491 499 500 509 514 520 521 525 526 528 531 537 538 542 546 550 554 556 558 561 569 572 574 580 583 586 595 597 600 604 607 611 612 613 616 619 622 626 627 630 637 641 642 647 648 652 653 655 661 662 666 670 674 
223 235 246 259 269 272 276 280 289 294 302 312 313 317 321 327 331 338 352 361 363 365 369 370 371 376 379 384 386 390 392 394 398 402 409 413 421 424 425 428 435 439 441 445 449 450 453 461 462 467 473 475 485 489 491 495 497 503 504 510 516 522 525 528 531 533 537 541 543 545 548 551 556 560 564 568 572 575 578 584 586 590 598 602 603 606 609 612 615 619 622 626 630 634 638 640 643 645 648 650 651 654 658 662 663 664 668 674 675 
224 239 248 260 272 273 278 281 293 297 304 315 316 320 324 330 334 342 355 362 367 371 375 377 379 383 387 391 395 397 399 401 403 404 413 414 425 428 430 432 436 442 445 448 453 457 461 463 465 470 477 479 487 491 492 498 499 507 510 514 517 524 528 529 533 534 541 545 548 550 554 558 560 563 565 572 574 577 582 587 589 592 599 606 610 611 614 615 618 623 625 627 634 637 640 644 646 649 652 653 654 656 661 665 666 670 671 676 678 
226 241 250 264 275 276 279 283 294 301 307 316 317 322 326 331 338 346 356 363 368 374 378 381 382 386 391 393 397 399 403 404 408 409 417 419 428 429 432 436 437 443 448 449 457 460 464 466 468 473 481 483 489 494 495 500 503 511 512 515 518 528 531 534 538 541 542 548 552 556 560 561 564 565 567 574 576 579 583 589 592 594 600 610 611 614 617 619 620 624 626 631 636 641 645 646 650 652 655 656 658 661 665 667 669 671 674 678 680 
227 244 252 266 279 283 287 290 297 304 310 318 319 325 329 334 340 348 358 367 371 378 381 382 384 388 394 395 398 403 407 411 415 417 418 422 432 435 436 438 440 445 450 453 459 462 466 468 471 474 484 488 492 498 500 504 505 514 518 520 523 529 534 535 541 545 549 551 553 559 562 566 567 570 574 577 581 585 586 592 595 596 603 614 616 618 620 624 626 627 629 633 638 644 646 650 651 654 656 658 659 665 668 671 675 679 683 684 686 
228 246 253 268 283 285 290 293 298 306 311 322 325 327 332 335 341 349 362 368 373 380 385 389 392 396 398 401 403 405 408 412 416 418 421 423 435 437 439 443 447 451 455 458 460 465 469 473 476 480 486 490 493 502 505 507 511 518 522 525 528 531 535 537 543 547 550 555 559 560 566 567 568 572 577 580 582 586 588 596 597 599 607 615 617 622 626 630 634 638 640 641 644 646 650 653 656 660 664 667 668 670 671 675 677 680 684 688 689 
230 249 256 270 284 289 292 295 302 310 313 323 326 329 334 339 342 353 366 371 376 384 386 392 393 398 400 405 408 412 414 418 419 422 426 430 439 440 443 447 448 452 458 461 463 469 473 475 480 481 489 491 495 504 509 513 516 521 526 530 533 537 540 542 544 548 554 557 563 564 569 573 575 579 583 586 590 594 596 597 598 601 610 619 621 624 627 632 635 639 642 644 647 650 652 656 658 664 666 669 672 673 676 678 682 683 685 692 693 
231 250 257 274 288 292 294 297 304 314 317 324 330 332 335 342 346 355 368 372 377 386 389 394 395 402 404 409 412 415 417 420 421 425 428 433 442 445 446 450 454 455 462 466 468 470 475 479 484 487 491 494 499 506 510 517 518 524 529 533 536 539 544 545 546 551 557 558 567 568 570 575 576 583 587 589 594 596 598 602 603 606 612 623 625 626 631 634 636 642 646 649 653 655 659 662 665 669 670 673 677 678 682 686 687 688 691 695 696 
233 251 259 275 292 293 298 302 308 315 321 327 334 337 340 344 349 358 371 375 378 390 392 396 397 405 406 413 416 420 422 423 425 428 429 435 446 450 451 453 456 459 463 467 471 473 478 483 488 490 494 498 500 509 513 518 521 527 530 536 537 541 545 548 549 552 560 561 571 573 576 580 582 587 591 592 595 600 602 606 609 612 615 624 629 630 634 636 638 644 650 653 655 658 661 664 667 670 672 674 680 684 685 688 692 694 695 698 699 
234 254 262 276 295 297 300 303 312 319 323 331 338 342 343 347 353 359 375 378 380 391 395 398 401 409 412 417 418 421 426 427 429 430 431 437 450 453 454 455 460 462 467 471 473 475 480 486 492 494 496 500 503 511 516 519 522 528 531 540 542 545 547 551 552 554 562 564 575 579 582 585 587 591 595 596 597 603 605 610 613 616 620 628 631 633 636 638 639 645 653 654 656 659 662 667 668 674 676 680 683 688 690 694 695 696 698 702 706 
237 258 266 278 297 299 301 306 313 322 327 335 341 344 346 349 355 361 377 381 382 394 399 402 405 412 416 420 422 425 430 431 434 435 439 443 454 457 460 464 468 470 473 476 477 479 483 489 493 496 499 501 505 512 519 520 523 530 532 544 546 548 550 553 554 558 565 566 578 581 585 588 590 595 598 600 602 607 608 611 617 621 624 632 634 635 640 642 644 647 655 658 660 661 666 670 671 678 680 682 685 691 694 697 701 704 705 709 710 
241 262 267 279 299 301 304 307 314 325 329 339 345 349 351 353 359 364 380 384 388 395 401 403 409 416 418 424 427 429 431 433 436 440 442 446 455 458 464 466 472 474 476 478 480 484 488 493 494 499 503 506 508 513 521 525 526 532 533 547 549 550 553 554 556 562 569 571 580 583 587 592 593 598 600 603 605 608 611 613 618 625 629 635 639 641 642 644 646 650 659 663 666 668 672 675 678 680 682 683 686 692 697 698 705 707 709 713 715 
242 265 268 283 301 302 308 312 318 328 333 341 348 350 355 356 360 365 384 386 390 396 403 407 412 420 421 427 428 431 434 438 442 444 445 450 458 460 466 469 476 478 482 485 489 490 491 494 496 503 506 507 512 517 523 527 528 535 539 548 553 556 558 561 565 566 570 574 584 588 592 595 596 599 601 607 611 615 618 620 622 628 633 636 640 643 644 648 650 653 662 667 668 672 673 678 680 683 687 688 690 696 699 702 708 712 714 716 718 
243 269 272 286 303 305 309 313 321 329 334 343 352 353 357 358 361 368 385 388 394 397 407 409 415 423 427 430 433 435 437 439 446 447 449 451 459 464 470 471 479 482 486 487 491 494 495 497 499 507 511 514 515 521 526 529 531 538 542 550 556 559 563 566 569 571 575 577 588 590 596 599 601 604 606 610 613 616 619 621 624 629 635 640 642 644 647 650 654 657 665 670 674 676 677 682 683 685 688 692 695 699 703 707 709 714 715 718 722 
247 272 274 287 304 307 310 315 323 333 335 346 354 358 359 362 365 369 386 392 398 399 410 412 417 427 428 433 436 438 441 444 447 448 451 453 463 465 474 475 481 485 487 488 493 498 500 503 504 508 514 518 522 526 528 531 533 541 546 552 557 561 566 568 571 573 579 580 591 595 599 600 603 608 609 611 617 619 621 625 627 633 637 641 645 646 649 653 656 659 666 672 676 677 680 686 690 691 695 698 699 703 704 709 713 715 719 723 724 
248 276 278 289 306 309 311 316 326 334 336 350 357 360 363 366 369 371 388 396 399 403 413 414 418 429 431 434 439 442 443 448 451 455 459 463 467 470 475 477 484 487 490 492 496 499 503 504 507 510 517 521 523 528 531 533 534 545 549 553 559 563 569 572 574 578 583 587 593 598 600 602 607 612 616 619 621 622 626 627 630 636 641 643 646 647 653 654 660 661 669 675 679 681 682 687 692 693 699 702 704 706 710 711 716 717 721 727 728 
251 277 279 290 307 312 313 318 329 338 341 353 358 363 364 369 372 376 390 400 402 406 417 418 421 431 433 438 443 445 448 451 455 458 461 465 468 474 478 480 486 491 493 494 498 501 506 508 509 514 519 522 525 530 532 534 536 546 553 555 560 565 570 575 579 583 587 591 594 599 601 606 610 616 617 622 623 624 627 628 631 639 643 646 649 653 656 658 663 664 673 678 680 682 684 690 694 697 703 707 709 710 713 716 718 721 724 730 732 
252 278 281 291 309 316 320 322 333 342 344 357 359 367 369 370 374 379 391 402 404 410 418 420 423 434 436 440 445 449 453 454 457 462 463 466 471 478 482 486 487 494 498 501 502 505 509 512 516 519 520 525 527 531 533 537 538 549 557 560 564 568 571 577 580 587 589 593 598 601 602 609 614 617 621 623 625 627 630 633 634 641 646 648 652 655 657 659 664 668 674 679 682 683 685 691 698 699 704 711 712 715 719 723 724 727 731 732 734 
256 281 285 295 311 319 324 325 335 345 347 361 362 369 370 373 376 383 394 406 409 411 421 423 424 435 440 442 446 452 457 459 461 466 467 471 472 479 486 490 494 498 502 504 505 509 510 516 520 524 527 530 531 534 535 540 544 552 559 563 568 569 574 578 581 591 592 595 600 604 606 611 616 618 623 625 628 629 631 635 639 642 649 651 653 659 663 666 670 674 675 680 684 686 690 694 699 700 705 712 713 719 722 727 729 730 733 736 738 
