3 5 6 7 9 13 17 21 23 27 29 32 36 39 42 44 47 48 50 51 52 55 58 60 62 64 68 70 72 73 76 77 80 81 85 88 91 92 94 95 98 102 104 107 111 115 117 118 122 123 126 128 132 135 137 138 140 141 142 146 148 150 152 154 157 159 160 163 165 169 171 175 176 180 182 186 
4 9 13 15 16 19 22 23 25 31 35 37 38 43 46 48 52 54 58 59 62 65 66 67 69 72 74 75 77 80 81 82 86 89 90 91 94 96 98 100 102 106 108 112 114 118 121 122 123 127 129 132 136 140 143 146 149 153 156 159 162 164 167 171 174 176 179 181 183 185 188 191 194 198 201 204 
8 10 15 19 21 25 26 28 29 32 38 41 42 46 49 52 53 57 60 62 64 66 67 68 73 75 76 78 80 83 85 87 89 90 91 93 97 99 100 102 103 108 112 114 118 122 126 129 130 132 136 138 139 141 144 149 153 154 159 162 164 166 168 174 177 181 184 186 188 190 194 196 200 203 207 208 
11 14 17 21 24 29 32 33 34 38 42 43 46 50 51 55 59 63 67 69 70 73 77 78 82 85 89 91 93 97 98 101 105 106 109 112 116 117 121 125 128 130 132 136 138 142 145 146 147 148 150 153 156 157 158 159 160 161 163 165 169 171 173 175 181 182 185 189 190 192 195 198 204 205 210 214 
15 17 21 22 26 30 36 37 38 39 45 47 50 54 57 58 60 65 71 74 77 79 83 84 86 89 91 93 94 101 105 106 108 109 112 115 118 122 125 128 131 135 137 140 141 143 146 147 150 153 154 157 158 160 161 164 166 170 171 175 178 182 186 187 188 190 193 197 198 199 200 201 205 209 211 215 
19 20 24 27 30 34 37 39 43 46 49 50 52 57 61 64 68 72 73 75 80 82 87 91 94 95 99 103 104 108 109 113 115 118 119 120 121 125 129 130 132 139 141 143 146 150 153 157 161 164 167 168 170 171 174 175 178 179 182 185 187 189 191 193 197 200 201 202 204 207 209 213 217 218 222 225 
23 27 31 34 36 37 38 40 46 47 51 53 54 61 63 66 69 75 78 79 81 84 89 93 98 99 102 104 106 109 110 116 120 124 127 128 130 131 134 137 138 142 143 144 149 152 155 161 163 168 171 175 176 177 181 184 186 187 188 190 193 197 201 204 205 208 209 210 212 216 217 220 222 225 229 233 
24 31 32 36 37 38 40 42 47 49 52 57 61 62 67 70 74 78 82 83 85 87 92 96 99 103 107 109 110 111 112 118 121 127 130 133 134 137 139 140 142 146 150 153 154 156 157 165 168 169 174 179 180 184 187 190 191 193 197 201 205 208 211 212 216 217 221 223 225 227 231 233 237 241 244 247 
27 34 35 38 39 43 47 49 53 56 57 61 64 66 71 72 76 81 84 88 92 96 100 102 104 105 110 113 115 119 120 122 126 131 133 134 137 138 140 144 148 151 153 155 158 159 160 169 173 175 178 181 184 186 191 194 198 202 205 206 208 212 215 217 219 220 225 227 229 231 233 237 240 242 248 250 
29 37 38 39 42 47 51 55 57 59 61 65 67 69 72 75 80 84 87 90 95 100 101 104 107 110 114 117 118 121 123 124 129 132 137 141 142 146 149 151 152 154 158 161 165 168 171 172 177 179 182 185 188 189 193 195 201 203 206 209 212 214 219 222 224 228 230 232 233 237 238 240 241 245 250 253 
31 41 42 46 49 53 55 59 60 64 68 69 70 74 75 77 83 86 88 94 98 104 108 110 111 112 116 118 120 122 125 128 130 133 138 145 148 151 155 158 162 165 167 171 172 176 177 180 184 185 186 190 192 196 198 201 204 205 207 211 215 216 220 225 228 232 234 237 239 240 243 244 245 248 252 254 
34 44 48 50 54 57 59 63 65 67 72 74 78 80 82 84 86 90 93 95 101 106 110 112 113 114 117 119 124 125 126 132 135 137 141 146 149 153 157 162 166 167 169 172 175 180 181 184 186 190 191 195 199 201 205 208 209 211 213 215 217 218 224 228 231 235 237 241 245 248 250 251 254 257 261 263 
36 47 49 51 58 62 66 67 70 74 78 81 85 86 88 89 90 93 96 98 105 109 112 113 114 116 119 122 126 129 132 136 138 140 144 148 151 157 160 163 170 174 177 179 182 184 188 192 195 197 199 201 202 206 209 213 217 220 222 225 226 229 231 233 236 238 240 242 246 251 253 255 258 260 263 266 
39 50 53 56 61 65 68 70 74 76 79 84 86 90 92 95 98 100 103 107 108 111 115 116 117 120 121 123 128 132 136 139 141 145 148 149 153 160 161 165 173 178 180 184 185 187 189 194 198 199 202 205 208 212 213 215 218 222 226 229 230 234 237 240 242 244 247 250 253 257 259 261 262 263 264 269 
42 53 55 60 65 67 70 71 78 80 84 86 90 94 96 99 103 104 108 109 113 115 117 118 119 123 127 128 132 134 140 141 142 147 149 152 154 161 164 167 174 182 183 185 188 191 193 195 200 202 204 206 209 213 214 219 222 223 228 231 232 238 240 242 243 248 249 253 257 261 265 268 270 272 273 274 
44 56 58 63 69 72 75 78 80 81 85 90 91 98 101 105 109 112 114 118 119 120 123 124 127 130 134 137 140 144 145 147 148 149 150 153 157 164 165 168 178 184 185 186 191 194 195 199 202 204 207 210 213 215 219 222 224 228 231 233 237 241 245 246 247 249 252 255 261 262 269 271 273 274 276 279 
48 57 62 65 70 75 77 82 86 89 90 94 95 99 103 107 111 115 117 122 126 127 129 131 134 138 142 143 146 149 151 152 156 157 159 161 165 167 170 171 179 187 188 189 195 197 199 200 206 208 210 213 217 220 221 225 227 230 232 236 239 244 247 249 251 253 256 260 263 267 270 272 275 276 279 280 
49 58 64 67 74 79 82 84 87 90 94 96 100 101 106 108 115 118 121 126 127 130 131 134 136 142 143 145 149 150 153 157 159 161 163 167 170 174 177 181 184 190 193 194 197 198 202 204 209 211 213 214 220 222 225 227 228 232 233 239 243 247 250 252 254 255 258 264 268 270 273 275 277 279 283 286 
52 59 67 70 76 80 86 88 89 92 96 99 102 105 110 114 116 120 125 127 131 133 136 137 138 145 149 152 155 159 162 164 166 170 173 174 175 179 181 184 186 193 196 198 199 202 203 207 210 213 216 220 224 227 230 232 235 239 242 246 249 253 256 260 261 262 265 266 269 272 277 281 285 287 289 292 
55 60 69 72 78 81 90 94 96 97 99 100 105 106 111 118 119 124 126 128 135 138 139 143 147 149 151 154 158 163 167 170 174 177 178 180 182 184 187 190 192 196 197 201 202 205 209 211 212 216 218 223 226 228 232 233 237 242 244 249 252 257 261 265 267 270 273 276 277 280 281 282 287 288 292 294 
59 61 70 74 82 86 94 96 97 101 103 106 110 113 117 121 123 125 130 133 139 141 145 148 149 151 152 156 161 167 168 171 176 178 180 181 184 187 188 192 194 200 203 206 208 211 213 216 218 219 222 225 228 231 233 235 241 244 245 252 253 261 262 269 270 274 277 278 279 283 287 290 293 296 297 300 
63 66 73 77 86 87 97 99 101 103 106 108 113 115 119 123 126 128 132 137 143 147 150 152 153 154 156 158 164 169 172 175 177 180 181 183 186 191 192 193 197 204 205 207 211 212 214 219 223 224 225 228 232 235 237 241 243 245 248 256 258 263 265 272 274 277 281 282 284 286 288 292 297 298 300 302 
67 69 76 80 88 92 98 102 105 109 112 114 117 121 125 128 131 134 138 141 146 150 152 154 158 159 160 162 168 172 175 178 180 181 185 189 190 195 197 201 204 207 209 211 212 216 218 221 227 228 232 235 236 240 243 246 250 253 254 260 263 264 267 275 279 283 286 287 289 292 296 298 299 300 303 305 
70 71 78 84 91 94 99 106 107 111 113 118 120 123 128 130 133 135 140 145 147 154 155 157 160 163 166 167 170 173 179 183 186 189 193 197 198 199 202 203 206 209 210 213 217 218 221 223 230 234 236 240 243 245 249 252 253 257 260 263 266 267 268 276 281 287 289 293 296 297 299 303 307 308 312 315 
73 75 80 87 92 95 101 110 111 114 115 121 123 126 132 135 136 138 142 146 150 158 162 164 165 167 171 172 175 177 183 186 187 192 195 198 200 204 207 208 211 213 215 218 222 226 227 228 232 237 241 244 245 246 253 257 260 262 265 266 267 271 274 280 285 289 291 297 299 302 304 308 312 313 316 320 
74 76 82 89 95 98 105 114 116 120 124 125 129 133 135 139 140 144 145 150 151 162 166 167 169 170 172 174 178 182 185 187 189 193 196 199 203 207 209 213 216 217 220 221 226 230 233 237 240 244 247 250 252 254 257 259 263 267 270 273 275 278 279 284 288 293 296 301 305 309 311 313 317 319 321 324 
76 77 84 90 97 100 108 118 122 124 126 128 133 137 140 144 145 146 149 152 154 164 167 169 170 172 175 178 182 185 186 191 192 195 199 201 205 209 210 214 218 219 222 226 229 233 234 240 242 246 251 253 257 259 262 266 268 269 273 274 278 282 284 286 292 295 297 303 307 312 313 316 319 321 325 329 
78 80 88 93 98 102 109 120 123 128 132 134 135 139 141 145 149 153 155 156 160 167 171 172 174 178 182 183 185 188 190 193 197 200 201 203 209 212 216 219 221 225 228 232 236 238 240 241 245 250 254 258 260 262 266 270 272 274 276 279 283 285 288 291 293 297 298 304 308 315 317 320 323 326 329 331 
80 83 90 94 99 106 111 122 127 129 133 138 142 143 145 149 153 154 158 161 162 170 174 176 180 183 184 187 190 193 194 195 200 204 208 210 213 217 218 220 223 227 231 234 238 242 244 246 249 254 257 259 262 265 270 273 275 278 279 280 286 289 293 297 299 302 305 308 312 318 319 323 327 329 330 333 
84 85 94 96 103 110 115 124 129 130 134 139 143 146 147 151 154 156 159 163 167 171 178 179 183 184 188 189 192 194 197 201 203 205 210 211 215 221 223 225 229 233 235 237 241 245 249 253 257 260 264 267 268 269 271 276 278 282 286 288 289 291 294 298 300 303 309 311 315 321 323 324 329 333 337 338 
88 91 95 99 106 114 116 127 131 135 137 142 144 149 152 153 158 162 165 168 169 173 179 180 186 189 191 194 198 200 201 205 207 210 214 215 216 222 225 227 231 237 241 245 247 248 253 257 259 262 266 269 272 275 276 279 283 285 288 292 296 297 300 301 305 309 313 317 320 322 326 330 332 335 340 343 
92 94 98 101 107 118 122 131 133 139 140 145 149 152 153 155 162 164 169 173 175 177 181 184 190 191 194 197 200 201 202 209 213 215 216 220 221 223 226 230 232 241 243 249 250 254 257 261 264 265 270 273 276 279 283 287 288 289 290 296 298 299 302 303 307 310 315 319 323 326 330 331 336 339 342 344 
94 98 99 102 110 120 125 132 134 140 144 148 151 153 156 158 165 166 173 174 178 182 183 187 194 195 197 201 203 206 208 213 215 217 220 222 226 230 233 234 237 243 247 251 252 257 258 263 266 268 273 275 279 282 285 289 291 292 296 298 300 304 308 311 312 314 316 323 324 327 334 338 340 343 344 346 
98 100 101 106 113 121 126 135 136 142 147 149 154 155 160 163 167 171 174 178 181 185 188 190 196 197 200 204 208 211 213 216 220 221 224 225 228 234 237 238 239 247 248 254 258 262 265 269 273 276 279 280 284 285 287 293 294 296 297 301 304 305 309 313 314 317 319 324 325 330 338 339 342 346 347 350 
100 102 103 110 114 125 128 139 142 143 150 153 155 159 161 165 171 174 178 181 183 187 192 194 200 201 203 205 212 213 215 218 223 227 230 232 235 236 238 240 241 251 254 255 262 264 268 272 275 280 281 282 286 289 291 297 300 302 304 306 307 311 314 316 320 323 327 330 334 336 339 341 344 349 350 354 
103 107 109 113 116 126 129 141 146 149 154 157 160 161 164 168 174 175 180 185 187 188 196 198 203 206 210 212 213 217 218 219 227 231 235 237 239 242 245 249 253 257 259 261 265 267 271 274 276 283 284 287 288 292 293 299 304 306 308 312 313 315 316 319 321 326 331 335 337 339 343 347 350 352 356 357 
104 111 113 115 117 129 133 145 147 153 157 160 162 165 166 169 176 178 183 187 190 194 198 202 206 208 214 215 217 219 221 222 228 234 237 238 243 244 247 252 255 258 261 265 269 270 274 277 278 287 289 293 295 298 300 303 307 311 313 316 319 323 327 329 331 334 336 339 341 342 345 351 352 355 360 362 
107 112 116 120 124 132 137 147 150 156 159 163 166 170 173 174 180 183 185 190 191 198 201 206 207 212 216 220 223 224 227 231 235 237 238 240 244 247 251 254 256 260 263 269 273 277 279 282 284 289 291 294 297 299 304 305 308 315 316 319 321 324 329 331 333 337 339 343 347 348 352 354 355 358 363 367 
109 113 120 122 127 134 138 148 153 159 160 165 167 174 176 178 184 185 186 191 195 201 202 208 210 215 219 223 224 227 228 233 236 238 242 244 247 249 252 258 262 264 267 273 276 280 284 287 288 293 297 298 302 304 306 307 309 318 319 323 325 327 330 332 336 339 341 347 351 352 353 358 362 364 368 372 
111 116 124 126 131 138 142 149 154 163 165 169 172 177 181 182 186 187 188 195 198 202 205 210 214 219 223 226 230 232 235 236 238 240 243 245 248 252 254 259 266 267 271 276 279 283 288 290 293 297 300 302 305 307 308 310 311 319 321 325 327 330 332 335 339 343 344 348 352 356 357 359 366 368 371 376 
114 120 126 129 133 142 143 151 157 165 168 172 173 181 184 188 189 192 193 197 200 204 208 211 217 220 225 228 231 234 237 240 243 246 247 248 251 256 258 263 269 273 274 280 281 287 292 296 298 299 304 306 309 312 315 317 321 324 326 330 333 334 336 338 343 345 346 352 354 360 364 368 371 374 375 380 
118 121 128 130 137 144 146 152 160 167 169 174 176 185 186 190 191 195 197 201 202 206 209 212 220 222 226 230 232 235 239 244 245 249 252 253 256 259 263 264 273 277 281 284 287 291 295 297 300 301 306 307 310 314 316 321 323 326 330 332 336 338 342 346 347 350 353 355 359 364 368 370 374 377 381 382 
121 123 132 136 140 147 150 154 164 170 171 175 180 189 190 194 195 199 203 206 208 211 213 214 221 226 228 232 236 237 241 245 248 253 255 259 263 264 268 269 276 278 282 288 291 294 296 300 302 303 308 311 314 317 321 323 327 330 331 333 339 341 346 349 353 354 358 361 365 368 369 371 375 380 383 385 
123 126 135 139 142 148 151 158 167 172 175 179 184 193 195 196 198 200 206 209 213 214 215 216 222 228 232 236 239 240 244 247 249 255 258 261 266 268 271 273 278 279 286 291 292 295 298 302 305 306 310 312 316 319 323 325 328 331 334 338 342 343 348 353 354 357 359 363 368 370 372 375 379 382 384 387 
127 131 137 140 145 152 156 160 168 175 178 183 188 197 199 200 202 203 209 210 217 221 224 228 231 232 233 238 243 246 250 251 252 258 262 263 267 269 272 277 279 282 287 295 299 300 302 305 306 310 313 314 317 322 325 329 331 332 336 340 345 349 351 356 360 361 363 364 369 374 378 379 381 386 389 392 
128 135 139 141 147 155 158 162 172 177 181 184 191 200 201 205 209 213 216 220 223 226 229 230 235 236 237 242 245 249 252 253 254 261 266 267 270 271 275 281 283 284 290 299 302 305 309 311 313 315 316 320 321 325 329 332 335 337 339 341 346 352 356 357 361 363 365 366 373 376 381 384 387 388 390 396 
132 138 142 144 149 159 162 164 175 179 184 187 193 204 208 212 214 216 218 224 228 232 235 237 241 242 243 244 247 252 254 257 259 262 269 271 275 276 278 283 287 289 291 302 303 309 310 315 316 319 323 326 328 329 331 336 337 339 343 346 347 354 360 362 365 368 370 373 375 379 385 386 388 389 391 398 
133 141 146 149 151 160 163 167 178 183 188 192 196 208 209 214 216 217 222 226 232 235 237 238 242 245 247 250 254 257 258 259 262 265 272 273 276 279 281 284 290 294 297 305 306 310 312 319 323 327 330 331 332 334 338 342 343 344 345 350 352 355 363 367 368 372 376 380 384 386 389 393 397 400 402 405 
134 145 150 154 157 161 165 168 182 185 189 195 197 212 215 219 223 224 228 229 234 236 241 244 246 250 251 253 257 261 264 265 268 272 273 276 280 284 288 289 293 296 299 306 308 311 315 321 326 329 332 333 336 340 341 345 349 353 357 360 363 367 371 373 375 377 378 384 386 389 392 397 400 403 405 409 
136 148 151 158 162 166 170 173 184 189 191 199 203 213 216 222 226 229 230 234 235 239 245 249 251 252 255 256 260 262 268 271 272 274 278 281 285 287 291 294 298 302 304 310 311 315 317 324 330 334 337 341 343 347 349 350 353 354 360 361 367 369 375 377 380 382 384 385 390 392 393 398 402 405 407 412 
139 151 152 160 165 169 172 176 187 190 194 200 206 217 220 225 229 232 234 236 239 242 246 253 256 258 260 261 264 268 272 274 275 277 280 283 287 289 294 296 302 306 309 314 315 318 322 326 333 338 339 343 344 348 351 353 357 361 365 368 371 375 378 382 386 387 390 394 395 396 399 403 405 407 409 415 
142 152 156 161 166 173 175 178 188 192 195 204 208 221 225 226 231 234 236 240 243 244 248 257 261 262 265 268 270 271 274 276 279 280 284 288 292 296 298 301 306 310 311 318 321 323 324 330 337 339 340 345 346 351 352 355 359 365 368 369 372 378 382 386 388 389 394 396 399 400 401 405 408 410 412 418 
145 156 159 164 167 177 179 181 191 196 198 206 211 222 227 229 234 238 240 244 245 248 252 260 262 265 269 272 275 279 282 283 285 287 291 293 296 297 300 302 309 311 312 320 323 326 328 333 341 345 348 352 354 355 357 360 364 367 369 371 373 382 385 387 391 394 397 400 402 403 407 411 414 415 418 422 
149 160 164 168 172 181 184 187 194 199 202 208 215 226 231 235 238 242 245 248 252 255 259 264 268 270 271 275 278 281 284 287 289 290 292 297 300 304 308 310 311 313 315 322 327 328 331 335 343 348 349 356 357 359 362 364 368 370 371 373 374 384 389 393 396 399 403 407 410 413 414 416 418 421 423 427 
151 163 167 170 176 182 185 188 195 203 204 210 219 227 235 239 240 243 247 251 255 257 260 268 272 275 277 280 284 288 292 295 298 302 305 307 309 311 315 318 320 321 322 323 331 335 338 342 345 350 352 358 360 362 363 367 370 373 375 379 380 385 390 396 397 400 406 409 414 415 416 418 422 424 427 428 
152 164 168 171 178 185 188 189 197 204 206 211 220 229 237 242 244 245 250 253 258 260 262 271 274 279 281 284 285 289 294 297 302 303 308 310 311 314 318 322 326 328 329 333 335 336 342 346 348 351 356 362 365 366 370 372 375 379 383 387 389 393 397 398 402 403 410 413 417 420 423 427 429 432 434 435 
154 165 170 174 179 187 189 192 199 205 209 215 223 230 240 245 248 250 252 255 262 264 267 272 277 280 283 287 289 292 298 300 306 310 312 316 319 323 325 328 330 333 335 338 340 343 344 350 351 353 359 364 367 368 372 375 379 381 386 390 393 395 398 401 403 404 413 414 418 421 427 428 433 436 438 442 
158 167 174 177 182 189 193 195 202 208 210 217 225 234 243 247 251 252 254 258 266 267 268 273 278 283 286 291 293 295 300 302 307 313 314 319 320 327 331 335 338 339 341 345 348 349 352 356 360 364 367 369 372 374 377 379 380 383 390 394 397 399 401 405 406 407 417 419 422 423 431 433 436 438 439 444 
161 169 176 179 184 190 194 199 205 210 213 220 229 238 245 249 253 257 259 260 268 269 272 276 279 286 290 293 295 297 301 306 309 314 316 323 324 330 332 337 341 345 347 348 352 354 355 357 363 365 368 373 374 375 381 383 387 389 391 397 398 401 405 406 408 410 418 422 424 427 432 434 440 441 443 447 
164 171 179 182 188 191 198 201 208 213 214 222 231 240 248 250 256 260 263 267 269 273 275 277 283 290 294 296 300 304 306 308 311 317 318 325 327 333 337 341 342 348 352 355 357 360 361 362 366 370 373 377 380 384 386 388 392 394 396 400 404 406 409 411 413 414 421 425 426 430 433 435 442 445 447 451 
167 172 182 186 191 195 200 202 209 217 219 224 234 241 252 254 259 261 265 270 274 276 279 281 287 294 298 300 303 306 310 314 318 322 326 328 330 334 341 342 343 351 355 358 359 364 366 367 370 371 377 378 383 386 387 389 394 395 398 401 406 409 411 415 418 421 424 427 430 432 434 439 445 446 448 452 
171 175 184 187 192 198 202 206 213 219 222 227 235 245 256 260 263 267 269 274 277 279 283 285 289 298 301 302 306 310 313 316 319 325 330 331 332 336 344 346 349 353 357 360 364 366 370 373 377 380 383 386 390 392 395 399 402 405 406 410 412 413 417 421 422 424 427 431 434 438 440 441 448 450 451 453 
175 176 186 190 193 201 205 208 215 222 224 231 238 246 260 261 264 270 272 275 278 281 285 287 293 300 305 308 311 314 315 320 324 329 333 337 341 345 348 351 353 355 358 363 367 371 373 376 381 382 386 387 391 396 397 401 404 407 408 414 417 421 425 429 432 436 440 444 447 451 454 455 457 460 461 465 
179 181 188 192 197 204 208 211 219 226 230 234 241 247 263 264 266 274 277 278 281 284 287 291 294 302 309 310 314 317 320 323 326 333 337 340 345 349 352 354 357 359 363 365 370 373 375 380 384 385 388 392 396 398 399 405 409 410 411 417 419 424 427 433 436 439 441 446 449 452 456 460 463 465 469 473 
180 184 192 193 200 205 211 212 222 229 231 236 245 250 266 270 274 277 278 281 283 288 289 294 296 306 313 315 319 321 323 325 330 334 339 343 347 351 356 358 361 363 364 368 371 375 377 382 387 391 393 397 400 401 404 409 411 412 414 419 422 425 431 435 437 443 447 449 451 456 457 462 466 469 470 474 
182 186 196 197 202 206 213 215 226 231 234 239 247 251 267 273 277 281 283 285 286 291 294 295 298 308 314 317 320 323 326 327 333 338 343 347 351 352 359 363 364 366 368 370 375 379 381 384 390 395 396 400 404 407 408 413 414 415 416 423 424 427 435 438 442 446 449 453 456 458 461 466 468 471 475 476 
184 188 200 202 203 207 216 220 228 235 237 242 251 255 268 277 280 282 286 289 292 296 298 302 306 312 318 321 323 327 328 329 334 340 346 349 353 356 361 367 370 374 377 381 383 384 388 389 394 396 398 402 405 411 413 414 418 419 423 427 428 431 438 440 445 449 450 454 460 462 464 468 472 474 478 480 
185 190 203 204 207 208 218 223 231 236 240 245 253 259 270 281 283 285 290 291 295 297 299 304 307 316 322 325 326 329 330 334 337 343 350 353 355 360 364 371 373 377 379 383 384 385 391 394 398 402 406 410 412 415 416 420 421 425 428 429 432 433 439 444 447 450 453 457 463 466 467 471 475 476 482 486 
188 194 207 208 210 212 222 226 235 237 244 248 255 263 271 282 284 286 294 297 299 303 306 310 311 317 324 329 333 337 339 343 344 347 354 357 360 363 368 372 377 378 380 387 389 390 392 395 401 404 407 411 414 418 422 426 428 430 431 432 434 436 441 445 450 454 457 459 465 467 470 472 476 478 485 487 
191 197 209 210 213 215 223 228 236 238 246 252 259 264 273 286 290 292 296 301 305 308 312 315 319 320 326 332 334 341 344 346 348 351 357 358 363 365 369 373 379 380 383 391 393 395 398 399 404 405 411 413 416 422 424 429 431 432 433 435 437 440 445 449 452 455 460 461 467 471 473 474 478 479 486 488 
193 199 212 215 218 219 225 231 239 243 247 253 263 267 277 288 294 298 302 306 310 312 315 317 320 321 328 336 338 343 346 350 351 355 359 362 366 368 371 376 383 386 389 393 397 399 401 403 406 409 414 418 422 425 429 430 435 438 440 443 445 448 452 455 458 461 463 467 468 474 475 478 479 482 489 491 
195 202 216 218 221 223 228 232 242 244 248 255 267 271 280 291 296 299 304 309 314 315 319 321 322 324 329 337 341 344 349 354 356 359 361 364 368 370 373 379 385 390 394 397 400 403 405 408 409 410 417 420 423 429 433 437 439 441 443 446 447 452 456 458 460 464 466 470 474 475 476 482 485 487 490 494 
199 203 219 223 225 228 231 234 245 247 252 256 271 274 282 292 300 303 308 311 315 317 323 326 328 331 334 340 345 346 350 358 362 364 366 369 370 372 377 380 389 393 396 399 401 404 408 410 414 418 419 422 427 433 435 441 445 448 450 454 458 462 464 466 467 468 472 475 479 480 482 483 487 489 493 497 
203 205 221 226 229 231 232 236 247 251 253 259 273 275 283 296 303 305 310 315 317 319 327 331 335 337 338 341 349 350 353 360 363 366 370 372 375 376 381 384 390 394 400 403 407 411 415 416 417 419 420 425 429 436 440 445 449 450 451 458 461 465 467 471 475 479 481 484 485 489 490 493 495 496 498 501 
207 210 223 230 234 238 239 241 250 254 256 261 274 277 286 298 306 309 312 319 321 322 329 333 337 341 342 346 351 354 358 364 366 369 374 378 379 380 384 387 391 397 403 404 409 413 416 418 420 424 425 428 430 440 444 447 450 452 454 462 466 470 471 475 476 480 482 487 488 493 494 495 499 502 503 507 
208 213 224 233 235 239 242 246 252 257 258 264 277 280 289 299 309 310 314 322 323 325 333 337 341 342 346 347 352 356 360 366 368 373 376 379 382 384 387 389 392 398 405 409 410 417 421 425 426 430 432 435 439 441 447 451 454 458 462 465 469 474 477 479 480 481 486 491 493 497 499 500 501 505 508 512 
