2 6 10 14 15 18 22 23 24 25 28 30 33 35 37 39 41 43 46 50 53 55 58 61 64 67 71 73 75 77 80 82 83 86 87 90 92 93 94 96 99 101 102 104 106 107 109 112 114 116 117 120 124 125 129 132 135 138 139 142 143 145 149 152 155 159 162 163 165 168 171 175 179 183 186 188 191 193 195 197 200 204 207 210 214 215 217 219 220 223 225 227 231 234 238 241 245 247 250 253 257 260 264 267 269 273 277 280 284 288 290 291 292 294 296 299 302 304 308 311 312 314 316 320 322 
4 9 12 15 17 22 23 25 26 27 31 32 35 36 40 44 48 50 54 58 62 66 67 71 72 73 74 76 77 78 82 84 85 89 90 92 95 99 103 107 111 112 113 117 119 121 125 127 128 132 135 139 143 145 147 149 150 151 152 156 158 162 164 166 167 168 172 173 175 177 179 180 184 186 190 192 196 198 202 206 210 213 217 220 222 226 230 231 234 236 240 241 243 244 248 250 251 255 258 259 263 266 267 269 271 275 278 282 285 290 291 293 297 301 302 304 308 310 314 317 321 323 326 329 332 
5 13 14 19 22 24 27 28 32 33 37 39 43 44 45 46 52 54 58 60 66 70 73 77 79 80 84 85 89 91 94 96 99 102 104 107 108 111 115 118 120 123 125 126 128 129 133 137 139 140 143 146 149 151 152 153 157 158 161 162 163 167 171 172 173 177 179 181 183 185 189 191 192 196 199 200 201 205 208 209 212 216 221 225 228 231 235 238 241 242 246 250 254 255 258 261 263 266 269 271 273 274 276 277 281 285 287 289 292 294 298 301 302 305 308 311 315 316 318 321 324 326 330 334 335 
9 17 19 22 24 28 29 30 35 39 43 44 48 52 54 55 57 58 62 66 67 72 75 81 82 83 86 90 94 95 98 100 101 104 108 112 116 120 121 123 125 126 130 134 137 140 143 147 151 153 154 156 157 161 164 168 172 175 176 179 181 185 186 190 193 196 197 201 205 208 211 214 216 218 221 222 223 227 229 232 236 239 240 242 245 246 248 252 253 257 259 262 263 264 266 270 273 274 278 282 284 287 289 291 292 294 296 300 304 305 306 309 310 312 314 317 319 320 322 325 326 330 334 335 339 
10 18 22 25 28 30 31 32 36 40 47 51 54 58 59 60 61 65 69 73 77 79 81 83 85 87 88 94 95 99 100 103 104 108 110 114 119 123 125 129 131 134 136 140 144 146 150 153 157 161 163 166 169 171 173 176 180 184 187 188 191 195 199 201 202 203 205 209 213 216 220 221 224 227 228 231 235 238 239 243 247 250 254 256 260 263 265 267 269 272 275 279 280 283 285 286 288 292 295 296 299 300 303 307 310 311 313 317 318 322 326 329 333 337 341 343 346 348 349 350 351 353 356 359 360 
14 19 25 29 30 33 34 37 41 44 49 52 56 61 63 67 70 73 75 77 78 80 84 86 90 94 96 100 103 106 108 109 110 111 113 115 120 125 126 131 135 136 137 142 147 148 153 157 158 162 164 167 172 174 178 182 186 188 191 195 199 201 205 208 209 213 215 217 219 220 223 224 225 229 232 235 239 240 242 244 249 251 256 259 263 266 267 268 270 273 278 282 283 285 286 289 293 297 298 299 300 302 304 310 312 316 317 318 322 324 328 332 334 341 345 348 350 351 354 355 357 360 361 364 365 
15 21 29 33 35 38 40 43 44 47 53 55 60 63 64 70 73 75 76 78 82 84 88 89 92 98 101 102 104 109 111 112 114 118 119 123 126 127 129 134 137 139 140 143 151 155 159 161 163 166 169 172 173 178 182 186 190 192 195 199 201 203 209 213 214 217 220 224 227 229 233 234 235 236 238 241 242 243 246 247 252 253 257 262 267 269 270 274 276 278 280 283 285 288 292 293 295 300 301 304 305 309 313 317 319 321 322 326 329 332 334 338 340 343 346 349 352 354 356 360 362 363 364 368 369 
16 22 33 37 40 44 48 50 52 56 60 63 66 69 70 71 74 76 77 80 83 88 89 90 93 100 105 109 110 114 118 121 125 129 131 135 138 142 143 147 150 152 156 157 159 163 166 169 173 177 181 184 188 191 194 197 200 202 203 207 211 214 218 221 223 227 231 235 239 241 243 246 250 251 253 257 260 262 265 269 272 273 277 279 283 286 288 291 293 294 295 299 300 302 305 309 312 314 315 319 320 321 322 323 325 329 332 335 336 337 340 341 343 346 348 353 357 360 362 363 364 365 368 370 373 
20 25 36 40 41 48 52 54 55 58 64 68 69 70 72 74 76 77 79 83 85 92 94 95 96 104 107 110 114 117 120 124 127 133 137 140 144 145 148 149 153 154 157 160 163 165 169 172 174 178 185 189 192 196 199 203 204 208 209 211 215 219 223 225 228 230 233 238 243 247 250 254 256 257 258 262 263 267 268 273 277 278 279 281 284 287 289 294 295 297 298 300 301 303 309 311 313 318 321 322 326 327 329 330 333 336 340 341 345 348 350 354 358 362 365 366 367 368 370 372 373 375 378 382 383 
22 27 37 41 42 52 54 58 61 65 68 70 74 75 77 79 82 86 90 92 96 100 104 107 108 111 113 115 117 118 122 127 129 134 138 142 146 150 154 157 158 160 163 165 166 170 174 178 179 180 187 193 194 197 202 205 208 211 215 219 220 223 225 229 232 235 237 241 244 248 253 255 259 261 264 267 270 272 274 276 281 283 286 287 290 294 298 300 302 306 308 312 314 317 319 321 325 327 329 332 333 334 338 340 343 347 351 354 357 358 362 363 366 367 371 372 375 377 378 379 382 383 384 387 389 
25 31 41 45 47 54 58 60 62 67 72 73 77 78 79 83 87 90 93 96 100 103 105 110 113 114 116 118 121 125 126 128 130 136 140 145 150 153 157 158 162 164 166 167 169 174 177 180 181 182 188 194 195 199 206 209 210 212 219 220 223 226 228 233 236 238 240 245 247 252 256 258 263 265 269 271 273 276 278 280 285 287 290 294 297 301 303 306 308 310 313 317 321 323 324 327 330 334 337 338 342 346 349 350 353 357 360 362 366 369 372 373 374 378 380 384 388 391 394 398 399 402 405 407 411 
28 32 44 48 49 58 59 64 67 69 74 75 78 79 83 84 88 94 96 97 103 104 107 112 115 116 118 122 126 128 132 135 136 140 143 149 153 155 161 165 167 170 171 174 178 182 185 186 187 188 189 197 200 201 207 213 217 219 223 227 229 231 233 236 237 239 242 246 248 253 257 259 264 267 272 276 280 281 282 286 290 293 296 299 300 305 306 307 309 312 315 318 324 328 330 332 334 335 340 343 345 348 353 354 356 359 363 365 370 374 375 376 378 380 383 386 391 395 396 402 404 405 407 409 414 
30 36 46 52 55 59 63 66 68 73 78 79 81 82 86 88 91 98 100 104 105 109 112 115 118 120 121 124 128 132 136 139 143 144 147 150 155 157 163 167 168 171 174 176 179 186 187 188 190 191 192 199 203 204 211 217 220 224 225 228 230 234 238 240 241 243 247 248 250 256 261 262 265 271 273 280 282 284 287 291 294 297 301 302 303 309 313 317 319 321 324 325 326 331 334 335 339 340 342 344 346 352 357 358 361 362 365 367 374 377 379 380 381 385 389 393 395 399 402 406 407 411 414 418 419 
32 40 48 55 56 61 66 67 72 76 82 86 89 93 97 98 101 105 106 107 109 113 115 118 120 124 126 129 130 133 139 143 147 150 152 155 159 162 165 169 173 175 179 181 182 187 189 190 192 195 196 202 207 209 212 219 224 225 228 229 231 236 241 244 247 249 250 252 256 257 262 265 269 274 275 284 287 290 293 294 296 301 302 306 307 313 314 319 320 323 326 328 331 334 335 339 343 344 348 351 354 356 359 360 365 368 371 373 375 378 383 387 390 393 397 399 400 401 404 408 411 413 416 420 422 
33 44 51 57 61 65 67 70 74 79 84 87 90 97 98 100 102 107 111 113 116 118 121 124 126 128 132 136 140 143 145 146 149 151 155 157 162 164 167 171 175 176 180 184 187 188 193 197 198 199 203 204 209 210 216 222 227 229 233 234 237 240 245 246 248 253 254 258 261 265 266 270 274 277 279 285 288 294 295 299 301 302 304 308 309 314 317 322 325 327 329 332 336 340 341 345 349 353 355 356 360 361 363 364 368 371 375 378 379 380 384 389 391 396 398 402 405 406 408 411 412 417 418 423 427 
35 45 53 59 64 68 69 71 76 81 88 92 95 99 101 104 106 109 113 114 117 122 124 128 130 132 134 137 143 144 147 149 152 154 157 158 166 167 169 172 178 182 183 187 191 195 199 203 205 206 210 213 217 218 220 226 230 234 235 237 241 244 248 249 252 257 261 264 268 271 272 275 278 282 286 287 290 295 297 300 304 306 307 309 312 315 319 323 327 330 333 334 338 342 343 347 350 356 360 364 365 366 370 372 373 376 380 384 388 392 394 395 398 399 402 403 409 411 412 416 419 421 424 425 430 
37 48 55 63 68 71 72 75 79 84 90 93 96 102 103 105 110 113 117 118 120 125 126 129 132 135 137 139 147 151 153 155 159 160 163 166 167 171 172 174 181 186 189 192 193 198 202 204 206 209 212 215 220 222 225 228 234 236 239 241 243 245 251 253 257 258 264 265 269 275 276 280 282 285 290 293 297 299 302 303 308 309 310 314 317 318 323 327 328 334 336 340 342 343 346 349 351 359 361 367 371 372 374 376 378 380 381 388 391 394 398 401 403 405 407 411 412 414 417 421 422 423 425 426 433 
41 50 57 64 70 75 78 79 81 87 92 96 98 103 106 110 112 116 120 121 124 126 129 130 135 139 143 146 150 152 156 157 161 165 169 170 171 175 176 179 182 190 194 197 199 202 205 206 210 213 217 219 223 227 230 231 236 238 242 243 245 246 255 257 259 262 266 268 272 277 279 284 287 289 292 296 299 302 303 306 312 315 318 321 325 327 331 333 334 335 338 341 343 346 347 353 356 362 363 368 373 376 377 381 383 386 387 391 392 396 400 404 406 408 410 413 414 417 421 425 429 432 435 438 442 
45 54 59 67 73 76 82 84 87 91 94 97 102 106 109 114 117 121 124 125 126 128 132 134 137 140 147 148 151 154 157 161 162 167 170 174 175 176 178 180 186 194 198 202 206 208 210 214 217 221 224 226 228 231 232 234 237 240 243 247 248 250 258 262 266 269 271 273 276 281 282 288 289 290 294 300 303 304 307 311 314 318 322 323 326 328 335 337 339 342 345 349 350 353 355 356 359 364 367 371 375 379 383 386 387 388 390 395 397 398 403 406 409 412 416 420 421 423 424 427 430 434 439 443 447 
46 57 61 69 76 79 83 85 91 94 96 100 106 109 112 115 120 123 126 130 132 135 138 142 143 146 150 151 154 156 161 163 166 168 173 177 179 182 183 185 190 198 200 206 207 210 213 216 221 224 225 228 232 234 236 237 238 244 245 251 254 257 260 265 270 272 275 279 282 283 284 290 291 294 295 301 307 308 312 315 317 319 325 328 332 333 339 340 344 348 350 354 356 357 358 361 363 365 368 375 378 382 386 390 391 395 396 398 402 406 407 409 412 415 419 423 426 430 434 437 440 441 443 446 448 
47 58 63 73 78 83 86 89 92 95 99 101 110 114 118 122 125 127 131 135 138 141 145 148 150 151 152 155 159 161 162 164 167 172 174 179 180 184 187 190 191 202 206 209 213 216 217 221 225 227 228 231 235 239 242 245 249 251 255 258 259 261 263 266 271 274 277 280 286 290 294 297 299 303 304 308 310 313 317 321 325 329 333 337 340 341 345 346 348 352 353 356 359 361 365 369 370 372 376 380 382 385 387 391 394 398 400 402 404 409 410 414 416 420 424 427 431 432 436 441 444 446 447 449 451 
51 61 66 75 79 86 88 90 96 98 100 102 113 115 119 125 128 131 134 138 142 146 149 150 152 155 158 160 162 164 165 168 172 175 178 181 185 187 189 191 194 204 210 213 217 218 222 226 227 228 232 235 237 241 244 247 252 253 256 259 261 265 269 272 273 275 278 282 288 292 297 301 303 306 307 311 314 318 320 323 327 331 336 340 341 342 349 352 354 357 360 363 367 370 371 374 378 380 381 384 387 388 389 395 399 402 403 407 411 413 414 416 418 422 427 430 434 435 437 444 446 448 452 454 457 
53 64 68 76 82 89 93 95 97 100 102 104 115 116 123 126 132 133 135 139 146 150 151 152 154 159 162 163 166 167 169 171 175 178 182 184 186 188 190 193 197 205 214 218 219 223 225 230 233 237 240 241 243 244 246 248 255 256 259 262 265 268 270 276 277 278 280 285 290 296 299 302 304 309 310 315 317 319 321 326 331 332 340 344 348 350 351 354 358 361 362 366 371 375 376 377 382 383 386 388 389 393 395 397 400 404 407 410 414 418 419 422 423 426 428 432 438 439 441 447 451 455 456 459 463 
57 67 69 77 84 90 97 99 101 103 104 107 119 122 127 130 136 139 143 147 151 154 155 156 158 161 163 164 168 169 171 174 177 182 185 186 190 191 195 196 198 208 217 220 222 227 229 231 237 240 243 245 249 251 254 258 259 263 264 266 267 270 271 278 281 284 288 290 294 298 302 305 308 311 313 318 321 323 326 329 333 335 342 345 351 353 354 356 359 365 369 370 373 376 377 380 386 390 391 392 394 397 399 402 405 406 411 414 415 421 423 424 426 428 432 436 439 443 447 449 454 457 460 464 465 
61 68 73 80 87 93 99 103 105 108 111 114 123 124 130 132 137 142 146 149 155 159 163 167 171 172 173 174 178 181 185 186 188 191 195 199 201 203 207 210 213 214 220 224 226 228 230 234 241 242 246 249 253 257 259 260 261 264 266 269 270 273 277 280 285 286 292 296 300 304 305 309 311 314 315 319 324 327 331 334 336 339 343 349 352 356 358 361 364 367 373 377 380 383 387 391 392 393 394 397 398 400 401 403 407 408 415 416 419 423 424 426 428 429 433 437 443 445 448 451 458 459 463 468 469 
65 69 76 81 89 94 100 106 109 110 115 118 127 130 133 134 140 144 149 153 157 161 164 171 175 177 180 183 185 186 189 191 193 195 197 200 204 208 210 214 216 218 221 227 228 230 231 237 242 243 248 252 255 261 265 267 271 274 277 281 283 284 285 289 290 293 294 298 304 307 310 311 314 315 319 322 325 329 334 337 338 341 345 353 357 361 363 367 371 373 377 380 382 387 390 394 398 400 401 405 407 410 411 413 417 418 419 421 422 425 426 427 429 433 436 440 444 449 450 453 462 465 466 470 472 
69 71 79 83 90 96 104 109 113 116 117 121 130 131 135 137 144 146 153 157 160 162 165 175 179 180 182 184 188 191 193 197 198 199 200 202 205 209 214 218 220 222 226 229 230 233 236 239 245 249 250 256 259 265 267 271 275 277 280 285 289 290 292 295 296 298 300 302 308 312 314 318 320 323 324 325 327 332 336 341 343 344 348 357 360 363 364 368 373 377 378 382 384 391 395 399 402 404 407 409 411 414 418 421 423 424 426 427 429 430 431 433 436 440 441 443 447 453 457 461 464 468 471 474 478 
70 74 81 87 91 99 108 111 114 120 124 128 133 137 139 141 145 150 154 158 161 163 166 177 180 183 184 185 190 192 194 200 203 204 205 206 209 212 218 220 221 223 228 231 235 236 237 240 248 253 257 261 263 267 270 272 278 279 283 287 292 295 297 299 301 305 307 311 313 314 316 322 326 329 333 337 340 343 346 347 348 349 350 358 363 366 368 369 374 379 381 383 387 392 399 400 406 410 414 415 418 422 423 427 430 433 435 439 441 445 447 450 451 452 454 458 462 463 466 470 471 472 474 478 482 
73 78 83 91 94 100 111 112 118 123 127 132 136 139 142 146 147 151 156 159 165 166 169 179 182 185 187 191 193 197 199 204 208 211 212 216 220 221 223 225 229 230 232 233 238 241 245 247 249 255 259 262 267 270 274 276 279 282 286 288 293 297 300 302 306 308 309 313 317 321 325 327 330 334 336 339 344 345 347 348 350 351 354 362 364 368 370 373 375 380 383 385 389 396 402 405 407 412 418 420 424 427 430 432 435 439 443 447 449 452 455 456 457 459 463 467 469 471 474 478 482 485 486 490 494 
77 80 86 92 97 102 113 116 121 124 130 133 139 140 143 150 151 153 157 161 168 170 171 182 184 186 189 195 197 200 203 207 209 213 216 218 221 222 226 229 230 233 235 239 241 242 246 248 253 259 261 265 268 272 276 280 281 283 288 289 295 301 305 309 313 314 318 319 321 323 327 330 333 335 340 341 348 349 352 356 360 363 366 367 368 372 374 377 381 384 386 389 391 398 404 408 410 416 419 423 427 428 433 437 438 443 447 450 454 455 459 460 463 464 468 469 470 474 478 481 484 489 490 493 497 
79 83 89 93 100 106 115 119 123 125 133 134 140 142 144 154 155 158 162 164 169 171 174 184 187 190 191 198 202 203 205 211 213 215 220 221 222 225 230 233 237 238 239 241 242 245 247 252 255 262 265 268 271 275 279 284 285 287 289 293 298 304 306 310 315 316 322 326 328 329 332 336 339 343 346 350 351 354 358 362 364 365 367 369 370 373 375 378 382 386 387 393 397 401 408 411 414 418 420 424 429 430 435 441 444 445 448 454 456 459 463 465 466 468 472 473 476 477 480 483 486 490 493 495 498 
81 86 90 96 101 108 117 121 127 130 135 137 141 146 147 156 157 160 165 169 171 175 179 187 190 193 194 201 204 208 212 215 218 222 223 226 227 230 231 234 240 244 245 248 252 256 260 263 267 269 272 273 275 278 281 286 290 292 296 297 300 308 310 313 318 319 323 329 332 335 338 339 341 347 351 354 358 360 364 366 367 370 371 375 376 379 381 382 383 388 389 395 400 402 411 413 417 420 423 427 430 432 439 445 449 450 452 456 460 463 467 469 472 473 476 477 478 482 486 488 491 495 497 499 503 
84 88 93 97 103 112 118 122 129 134 136 141 143 149 150 158 159 161 166 170 173 176 183 188 193 196 198 205 206 212 214 216 220 225 227 230 233 236 240 243 246 250 254 255 256 259 263 264 268 271 275 277 279 283 287 290 292 296 297 301 304 310 312 316 321 324 327 330 335 336 340 344 348 352 353 355 359 363 367 370 373 375 379 383 384 387 388 392 393 394 396 398 402 403 414 417 418 422 425 431 432 433 443 449 452 454 457 459 464 467 470 471 474 475 478 481 484 488 491 494 495 496 498 501 505 
88 91 95 99 104 114 121 125 130 135 139 143 146 150 154 159 163 164 167 174 178 182 184 192 195 197 200 206 210 214 215 219 222 227 230 234 235 239 242 247 251 254 258 261 263 266 270 272 273 275 276 281 284 285 290 294 298 302 304 305 307 313 315 319 322 326 328 332 336 340 341 345 352 354 356 358 361 367 371 373 377 378 383 386 389 390 392 395 396 398 400 404 406 409 418 421 425 427 430 435 437 438 446 453 455 456 459 463 465 468 473 475 478 481 482 485 488 491 495 496 500 504 507 508 510 
91 94 97 102 108 116 123 127 133 138 140 146 150 152 157 160 165 168 169 176 181 184 186 194 197 199 203 209 214 215 216 221 226 228 234 236 240 244 246 250 254 255 261 263 267 269 271 273 276 277 278 284 287 290 291 298 299 304 306 309 310 317 321 323 326 329 331 335 339 341 344 347 354 357 361 364 365 371 372 374 378 382 384 390 392 395 398 401 403 404 406 409 413 416 421 423 429 430 433 439 443 446 447 454 459 460 464 468 470 474 476 479 481 484 485 487 491 495 496 499 502 506 509 513 516 
94 96 98 105 110 118 126 128 137 141 145 150 152 154 160 164 168 169 173 177 183 188 189 197 199 203 206 213 215 217 220 225 227 230 238 242 245 248 252 256 258 261 263 266 269 271 275 276 277 279 281 286 288 291 295 300 304 308 310 314 316 318 325 328 329 332 333 339 341 344 345 350 357 361 364 366 368 374 376 378 382 386 388 394 395 397 402 405 408 412 415 417 420 422 425 427 432 433 437 440 447 448 450 457 460 463 467 472 475 477 480 482 483 486 488 489 492 499 500 502 504 510 513 514 519 
97 101 104 108 111 120 127 129 139 144 147 151 154 156 162 166 171 175 179 181 187 191 192 198 200 204 210 217 220 221 223 229 232 234 241 244 248 250 255 260 261 264 268 270 272 276 279 281 282 285 286 287 291 292 296 304 305 311 312 317 318 322 326 329 330 334 337 340 345 349 350 351 360 364 368 370 372 375 379 380 384 390 393 396 399 400 403 406 412 415 417 421 423 425 427 429 433 435 438 442 451 454 456 459 461 467 470 475 476 479 481 484 488 491 495 496 498 502 505 508 512 513 517 519 521 
99 102 106 112 116 123 129 131 143 148 150 155 156 160 166 169 173 178 180 182 188 194 195 202 206 209 211 220 224 225 228 230 234 235 244 246 251 254 256 262 264 265 269 273 275 279 281 284 288 289 293 295 297 301 305 309 313 317 319 320 321 325 327 332 334 336 339 342 349 350 353 355 364 368 369 373 375 379 381 384 388 392 397 399 403 407 410 411 416 419 422 426 429 430 434 435 439 440 443 447 454 456 459 463 466 468 472 478 480 481 485 488 489 494 499 500 502 506 507 509 514 517 518 520 522 
103 106 109 114 120 124 133 135 147 150 151 157 158 161 167 171 174 180 183 184 190 196 197 203 208 212 214 222 226 228 230 233 238 239 246 248 253 258 260 264 266 267 270 275 279 280 282 285 290 291 296 298 302 303 309 312 317 319 322 323 324 328 331 335 338 342 346 347 350 353 357 361 366 371 372 377 381 385 388 391 395 398 400 402 404 411 412 416 417 422 424 430 432 434 436 440 441 442 444 449 457 460 461 466 468 472 476 480 481 485 489 490 491 498 500 502 504 507 511 514 517 519 522 523 527 
104 108 110 115 121 128 134 138 151 153 155 161 165 166 170 174 177 181 187 188 191 197 199 204 209 214 216 224 228 231 235 238 239 240 248 251 257 259 262 267 269 271 272 277 282 286 287 290 294 296 298 299 306 307 311 314 321 322 326 327 329 333 334 339 342 346 348 350 352 356 359 363 369 372 375 379 384 388 392 393 398 402 406 409 412 414 418 421 423 426 428 431 433 437 438 443 444 448 450 453 458 464 468 470 471 474 478 481 484 488 490 491 495 500 504 506 508 510 512 515 518 521 525 526 528 
108 111 112 119 124 130 136 139 152 156 158 164 166 168 172 177 178 184 191 194 195 201 204 207 210 215 217 225 229 233 237 242 245 247 252 256 261 263 267 270 273 274 276 280 283 290 291 295 296 297 300 304 308 309 315 319 325 329 333 336 337 341 342 345 349 353 356 358 361 363 366 368 372 375 378 383 387 392 394 395 399 403 409 412 413 416 421 422 425 427 429 433 436 438 439 444 446 450 452 455 461 465 471 474 475 478 482 483 485 491 494 497 499 504 507 510 512 513 514 519 521 524 526 529 532 
110 113 116 122 127 131 138 140 156 157 159 165 169 171 173 181 183 186 194 196 199 205 206 211 212 219 223 227 231 234 240 246 250 253 257 259 263 265 271 274 278 280 283 284 288 294 295 298 300 301 304 308 310 313 316 323 326 330 334 338 340 344 346 350 354 355 360 362 366 367 370 371 373 379 383 386 390 393 398 400 403 405 413 417 421 422 425 428 430 432 434 435 439 443 445 446 450 454 455 459 464 467 475 477 479 483 484 485 489 493 497 501 503 507 509 511 514 517 518 522 524 527 530 534 538 
112 117 118 125 131 133 139 143 160 164 166 170 173 175 179 185 188 189 197 198 201 209 211 212 216 223 227 228 232 238 241 249 254 255 258 262 267 269 275 277 279 281 284 285 290 295 298 299 302 303 308 310 313 317 319 327 329 331 338 341 342 346 349 353 355 358 362 366 369 372 374 378 380 383 386 387 394 398 401 405 408 409 416 420 423 424 427 432 435 438 440 441 443 446 448 449 453 455 458 462 466 468 478 480 484 488 490 492 493 496 500 504 505 511 514 518 520 524 528 532 535 538 540 541 543 
114 121 123 128 134 137 140 147 161 168 169 174 178 182 184 188 192 193 200 203 205 210 215 216 219 224 231 233 234 241 245 253 255 258 261 265 268 273 279 283 284 288 289 292 294 298 299 300 305 306 311 315 316 321 325 328 331 335 340 342 346 348 353 354 358 362 366 369 373 376 380 384 385 389 390 394 395 399 402 408 411 412 420 423 425 429 431 434 438 442 444 448 451 455 456 457 459 460 463 465 470 471 480 482 488 489 492 493 495 498 502 507 511 513 517 522 524 528 532 536 539 543 544 547 550 
118 124 125 132 138 140 143 150 164 170 172 175 180 186 189 192 194 195 203 204 208 211 218 221 225 226 235 237 239 245 246 256 258 260 264 267 272 276 283 285 289 293 294 297 301 305 309 312 315 317 321 322 326 328 332 336 340 343 347 349 352 353 354 355 359 365 370 373 377 379 381 385 386 391 395 399 402 406 409 411 415 419 421 425 429 431 432 436 440 443 445 449 453 457 460 464 466 467 468 472 476 478 484 486 489 493 496 497 500 501 505 508 514 518 522 524 525 530 534 540 544 547 549 550 551 
121 127 128 136 142 146 147 153 168 172 176 178 181 188 192 195 199 203 204 207 212 216 222 225 228 232 236 240 244 246 250 257 259 263 265 269 273 278 286 287 291 296 298 302 304 309 312 313 317 320 322 326 328 331 336 337 343 347 351 354 356 359 362 364 368 371 373 377 380 381 384 387 391 395 398 400 403 407 411 412 419 421 424 426 433 434 437 441 442 445 447 450 456 459 464 465 470 471 473 477 478 479 485 490 494 496 497 499 503 507 511 512 518 520 523 526 530 534 537 542 545 549 553 556 557 
125 129 130 140 143 149 152 157 171 173 178 179 182 190 193 199 203 207 211 215 217 221 224 226 232 236 237 243 248 252 253 260 264 265 268 271 276 282 290 294 296 297 299 303 306 312 313 314 318 321 323 327 331 332 339 340 346 350 353 357 358 361 365 366 370 373 375 379 381 384 385 388 395 397 400 401 404 411 414 415 420 423 427 429 437 438 442 445 447 448 452 456 459 460 466 467 474 475 477 481 485 486 488 493 498 502 504 508 511 515 516 519 522 525 528 529 533 538 539 545 546 551 556 559 562 
129 130 133 142 145 150 155 158 173 177 180 183 187 194 197 201 207 209 215 217 221 223 226 227 236 239 240 247 249 256 260 264 268 269 270 275 280 284 292 295 298 302 306 307 309 316 320 322 326 328 331 333 335 339 341 344 349 352 354 359 361 363 369 372 375 378 382 384 387 391 395 397 398 400 401 404 406 413 418 421 422 426 431 433 441 445 446 449 452 454 458 459 463 466 468 472 475 479 482 484 486 488 489 497 499 504 505 510 512 517 521 525 526 530 532 534 538 540 544 549 552 554 559 560 565 
131 135 139 146 150 154 159 163 174 178 182 184 188 197 201 204 211 215 219 223 227 229 230 233 238 243 247 248 252 258 264 266 271 273 275 278 281 288 296 297 301 303 308 309 313 317 323 326 330 333 335 337 339 343 345 348 351 355 357 360 365 369 373 376 380 382 385 388 389 392 396 401 402 403 406 407 411 415 419 422 426 428 435 438 443 449 451 453 457 460 464 466 468 472 476 478 481 482 483 486 490 493 494 499 501 506 509 512 513 518 523 528 531 533 534 535 541 542 547 552 554 556 561 562 568 
134 137 143 147 152 156 162 166 175 179 186 190 192 201 204 206 212 217 220 225 230 233 235 236 240 247 251 254 256 259 267 269 272 276 277 280 285 290 300 301 305 308 310 313 315 319 326 330 333 337 338 340 341 345 348 351 355 356 358 364 369 370 374 377 382 385 386 392 396 399 403 406 410 414 418 422 426 428 429 432 436 437 438 442 444 452 454 456 460 464 466 470 472 474 477 479 485 489 493 497 500 502 505 508 511 514 518 520 521 524 528 532 533 536 538 539 542 546 551 555 559 562 565 569 570 
135 138 145 149 156 158 163 169 179 182 188 194 198 203 205 210 215 219 221 228 232 237 238 240 241 250 253 255 259 263 269 271 275 280 283 286 289 291 304 307 311 315 318 322 323 325 330 331 335 341 344 347 348 350 353 357 360 361 363 366 371 373 375 378 385 389 391 396 400 403 406 409 414 417 422 424 430 431 432 436 438 439 440 446 448 456 457 459 464 467 469 473 477 478 479 483 487 493 496 500 501 503 509 511 514 518 522 523 526 527 532 533 534 539 540 544 545 550 553 559 563 566 570 571 574 
138 141 146 152 160 163 164 172 181 186 191 198 202 207 210 211 217 221 223 231 235 240 244 248 251 255 259 261 262 265 270 275 278 283 287 289 291 295 305 311 315 319 320 326 330 332 333 334 338 343 345 348 349 353 356 358 364 365 367 370 373 375 379 380 389 390 394 398 401 405 408 412 418 420 425 429 434 438 441 443 445 449 450 453 455 458 459 463 466 470 472 476 478 480 484 487 491 496 499 501 503 507 512 515 519 523 527 528 529 532 534 536 538 540 543 546 550 553 555 560 567 568 574 577 578 
139 145 148 153 164 166 168 173 185 189 192 202 203 208 212 213 218 222 227 234 239 244 247 252 255 259 263 267 269 272 275 277 281 284 288 293 294 297 306 315 319 322 323 327 333 337 340 342 343 346 348 352 353 354 358 361 367 370 372 376 377 378 383 386 390 392 396 401 403 407 409 413 421 424 428 433 435 442 443 446 447 452 453 455 456 462 466 469 472 474 476 477 480 484 488 491 492 500 501 502 504 510 514 517 522 527 531 532 535 539 543 546 548 551 553 555 559 562 564 567 571 575 577 580 583 
141 147 152 155 166 167 171 177 187 193 194 203 205 211 213 217 221 225 231 238 242 246 250 253 257 260 265 268 272 275 279 282 286 289 293 296 300 302 309 318 320 325 327 330 334 340 341 343 345 349 350 355 356 358 360 362 368 371 375 378 381 383 384 389 391 395 397 404 406 410 414 415 423 427 432 437 438 446 450 453 454 456 459 462 463 466 468 473 477 478 479 481 482 486 489 495 497 501 503 506 508 514 516 520 525 529 534 535 536 543 545 550 554 556 557 561 562 565 568 572 573 577 578 581 585 
142 150 153 159 167 168 174 180 189 194 196 207 208 215 218 221 222 228 232 240 246 250 254 258 259 263 267 272 273 276 283 284 289 293 295 297 302 305 312 319 324 326 331 334 336 342 343 347 351 355 356 358 359 362 364 365 371 374 378 380 382 387 390 394 396 400 402 407 411 412 415 418 424 430 434 439 442 449 452 457 459 460 462 465 467 469 472 475 478 479 482 484 485 488 493 499 501 503 505 509 510 518 520 524 528 531 538 539 542 544 547 554 556 560 564 567 570 571 575 577 579 583 584 587 589 
143 152 154 160 171 172 175 181 190 195 199 211 214 218 222 223 226 232 235 243 247 252 255 259 263 267 271 276 280 282 285 286 293 294 299 300 304 309 313 321 328 330 334 338 341 344 347 350 354 357 360 361 362 365 368 371 374 376 382 386 390 391 394 396 399 402 403 409 415 418 422 425 426 433 438 442 444 450 454 460 464 465 468 471 475 477 478 479 482 483 487 489 493 497 500 503 505 509 512 513 516 522 526 528 529 535 541 543 547 549 550 555 558 563 567 571 575 578 580 581 582 587 588 590 591 
146 153 156 163 174 177 181 183 193 196 202 213 218 220 224 225 229 235 239 246 248 255 256 261 264 269 274 278 284 288 292 296 298 299 301 304 307 312 314 323 331 334 337 342 344 345 349 351 355 359 364 367 371 373 377 379 381 383 385 389 393 395 397 400 403 407 410 412 418 420 426 427 429 437 439 446 448 454 458 463 465 466 471 475 476 480 483 485 487 489 490 494 495 499 501 504 508 510 514 517 519 526 530 534 535 536 542 545 549 551 553 558 559 564 569 573 578 582 586 589 591 594 595 599 601 
148 155 158 167 176 178 185 188 197 201 206 216 222 225 228 231 235 239 242 247 250 257 260 264 267 273 275 279 286 290 294 298 300 301 304 307 311 314 315 327 332 335 341 346 347 348 352 354 359 361 368 371 372 375 381 383 386 387 388 393 396 399 402 404 406 411 413 415 420 422 427 431 433 439 443 448 451 456 460 467 470 473 477 478 480 483 484 488 492 494 495 498 502 503 507 508 510 511 515 519 520 529 534 535 538 542 544 546 552 554 557 562 565 566 572 576 579 584 589 591 594 597 600 601 602 
152 157 160 171 178 180 189 190 200 203 208 220 225 226 229 232 238 243 244 251 254 259 264 266 270 275 276 281 290 293 298 301 302 306 309 313 314 316 320 330 333 336 344 350 351 355 359 362 366 369 371 372 375 379 384 388 389 393 397 400 401 404 407 411 413 417 421 422 426 429 433 437 438 443 447 450 454 459 461 468 472 474 479 483 487 489 491 494 496 497 500 501 506 507 509 513 516 519 523 527 531 532 537 540 544 546 548 551 553 555 558 564 569 571 576 580 581 586 592 595 597 598 601 604 607 
155 160 162 173 180 184 193 196 204 205 210 222 228 229 231 234 241 247 251 255 258 260 267 269 271 279 283 284 294 296 301 305 309 310 312 317 320 323 326 333 337 341 346 352 353 358 363 367 369 372 375 379 380 384 386 392 394 397 399 401 402 406 410 414 415 419 425 427 429 430 434 440 444 448 451 455 458 462 466 471 474 477 482 487 490 492 495 496 498 502 505 507 509 511 515 517 520 524 526 528 535 537 539 544 545 547 551 554 558 561 565 569 570 573 580 583 585 589 594 599 603 605 609 613 617 
157 161 163 174 182 187 195 199 208 212 215 223 231 232 235 237 245 248 253 257 260 262 271 275 277 282 284 286 298 301 304 306 310 314 318 320 321 324 330 336 341 342 349 356 359 360 367 370 373 376 378 383 384 385 387 396 398 400 401 405 409 413 416 419 420 424 426 429 433 434 437 444 448 449 455 458 459 466 470 473 477 481 483 488 494 497 500 504 505 506 509 512 515 518 521 524 528 531 533 537 539 540 542 545 548 549 552 557 562 566 567 570 573 576 584 588 590 591 595 600 604 608 612 615 619 
160 164 166 175 186 191 197 202 211 214 218 226 234 237 238 240 248 252 257 260 263 265 272 278 279 285 286 288 301 302 307 308 312 316 319 324 327 328 332 339 344 347 353 359 363 366 371 374 377 380 383 387 389 393 394 397 402 404 407 409 410 414 419 422 425 428 432 435 439 441 443 446 451 454 456 461 462 470 473 476 481 483 484 492 498 501 505 507 508 510 513 516 519 523 524 526 531 532 535 541 542 543 544 546 552 554 556 559 566 570 571 572 574 580 585 590 592 594 597 604 605 609 614 616 622 
163 167 171 178 189 193 198 204 214 218 220 227 237 239 240 244 252 253 261 264 267 269 273 279 283 287 288 291 305 306 308 312 314 319 323 328 332 334 338 343 346 351 355 363 365 367 374 378 380 382 385 388 390 396 397 401 405 409 413 414 416 420 424 426 430 432 434 437 441 444 448 451 453 457 458 465 467 473 475 477 483 484 487 493 499 504 507 511 514 517 521 523 524 527 529 533 534 537 538 542 543 544 548 549 555 558 560 562 567 573 574 578 582 584 589 593 596 598 600 607 609 612 616 620 623 
166 168 172 179 191 196 199 208 218 219 223 230 240 242 243 248 256 257 264 266 269 270 277 282 287 290 291 294 309 311 315 318 319 321 326 332 333 335 340 345 350 354 356 364 369 371 378 380 381 385 386 391 394 397 398 402 406 410 414 416 417 422 425 427 432 434 438 440 445 447 449 453 456 459 463 469 471 475 476 480 486 490 492 495 502 508 509 514 518 521 525 528 532 533 534 538 541 543 544 548 550 554 555 556 560 564 565 568 572 577 578 579 583 586 591 595 598 600 602 609 611 615 620 622 625 
169 171 173 181 193 198 201 209 222 223 227 234 241 244 248 250 260 261 268 269 270 272 280 284 291 294 298 302 313 314 316 322 324 327 328 335 337 341 342 348 354 358 362 367 373 374 382 385 388 390 394 396 400 403 404 407 411 414 418 419 423 424 426 429 436 437 439 442 448 451 455 456 459 460 465 473 475 476 479 482 488 491 494 497 506 512 516 520 522 526 530 534 538 542 543 545 547 551 552 554 557 559 560 564 565 568 571 573 575 579 583 586 590 593 596 600 602 605 607 613 615 616 621 623 629 
170 175 179 183 197 200 204 211 225 228 232 236 242 247 251 254 262 266 271 275 276 278 283 285 294 297 299 306 317 318 321 324 328 329 332 338 342 344 345 349 357 360 363 371 375 377 386 390 394 398 399 403 407 408 410 411 414 418 419 422 426 430 433 436 438 439 443 444 452 453 458 459 460 461 466 474 477 479 483 486 492 493 497 498 508 515 518 522 525 527 534 536 541 544 546 549 553 556 557 559 560 561 563 565 569 570 573 575 577 581 587 591 593 594 600 603 606 608 611 616 620 622 623 625 632 
173 178 181 184 199 203 207 213 226 229 235 239 244 250 254 255 266 270 273 276 280 282 285 286 298 300 304 308 321 324 327 330 331 333 335 339 344 347 351 355 359 363 367 374 376 380 388 394 397 401 403 407 411 413 416 420 424 428 432 434 438 440 443 446 449 452 454 456 460 464 468 472 476 480 483 487 488 491 494 497 499 500 504 506 509 519 521 526 528 530 535 539 544 545 549 553 557 560 563 565 567 570 574 576 578 582 586 588 592 593 594 596 599 603 606 608 612 614 615 620 622 625 628 630 636 
174 182 186 187 202 207 209 215 228 230 239 240 245 252 257 261 268 271 277 281 283 284 287 291 301 305 307 312 325 327 329 332 336 338 342 345 346 348 355 356 363 366 368 376 377 382 389 395 400 404 405 409 413 415 420 421 425 430 433 437 442 444 446 450 454 457 460 461 464 466 470 475 477 484 488 489 490 494 497 499 503 507 510 512 516 523 527 531 532 535 537 543 546 550 551 556 560 561 567 569 573 575 579 583 587 589 590 593 596 599 602 604 608 612 616 618 621 624 626 627 631 633 634 635 639 
176 184 190 193 205 208 210 219 232 234 243 247 248 256 259 265 272 275 280 285 289 292 293 297 303 309 310 316 326 328 333 337 338 341 344 349 352 356 359 361 364 367 369 379 383 386 390 398 401 405 406 410 414 418 422 425 426 434 438 440 445 446 449 454 457 461 464 465 469 473 474 478 480 486 489 492 495 497 499 501 504 511 515 518 522 527 529 532 534 537 539 545 549 553 555 560 562 566 571 574 577 581 582 584 588 592 596 597 601 604 605 608 612 614 620 621 625 629 631 633 634 636 637 641 644 
180 186 191 197 208 209 212 221 235 239 247 248 252 260 262 268 274 277 281 286 290 293 294 300 304 310 311 320 327 332 336 339 341 342 346 351 356 358 362 366 367 368 373 381 384 388 391 399 405 407 408 412 417 421 426 429 432 437 439 443 446 450 451 456 460 464 467 470 473 477 478 481 484 487 492 494 497 499 503 504 506 514 519 522 525 530 531 535 538 541 545 547 552 557 559 562 565 569 573 577 578 582 584 586 589 596 599 602 606 608 612 616 619 623 627 631 633 635 638 640 641 644 645 648 650 
181 187 192 198 212 213 215 222 236 242 248 252 253 264 268 272 277 280 285 288 292 296 298 304 306 313 315 322 328 336 338 340 342 343 348 352 358 362 363 368 370 372 375 385 387 392 396 400 407 408 410 413 421 425 427 431 435 441 444 448 452 453 456 460 462 466 468 473 474 480 481 482 488 492 493 498 502 503 505 506 508 516 523 527 530 534 538 539 541 542 546 548 554 559 562 564 569 570 575 581 583 584 586 589 591 598 600 603 608 609 613 618 623 626 630 634 638 642 643 646 649 653 655 659 661 
185 190 195 202 216 217 220 224 240 245 252 253 256 268 269 273 278 284 288 291 294 300 302 307 311 314 317 326 332 338 341 344 348 351 354 356 359 364 365 370 374 378 379 387 389 394 400 402 411 415 417 418 425 427 431 433 436 443 445 451 453 455 460 464 467 469 471 476 479 482 485 487 492 496 498 499 505 508 511 513 516 520 525 530 532 535 539 542 545 549 551 555 558 561 563 567 572 574 577 585 588 589 591 595 599 602 606 610 614 617 620 624 628 631 633 637 642 645 649 651 653 655 657 660 664 
188 193 197 206 219 220 223 227 242 249 255 259 260 270 274 276 280 286 291 293 296 302 304 309 312 316 320 327 335 340 344 345 351 353 356 360 363 366 369 374 377 382 383 391 394 397 403 406 412 418 421 423 427 430 433 436 437 445 446 452 457 458 461 468 469 472 473 480 483 485 487 488 494 498 502 503 506 509 514 518 519 521 528 533 534 537 542 546 548 550 555 556 560 562 565 571 573 578 581 586 589 591 592 596 603 604 607 614 616 620 622 625 630 633 637 640 644 646 650 654 657 658 662 663 667 
189 195 199 208 222 226 229 232 245 250 257 261 265 274 276 277 281 287 293 295 297 306 309 312 314 319 323 328 338 341 346 349 353 356 358 361 364 370 372 376 380 385 386 395 396 401 405 407 415 422 425 428 429 432 435 439 443 448 450 456 459 461 464 469 473 476 477 482 486 488 492 496 497 499 506 507 510 511 516 519 521 525 531 537 539 542 543 550 553 556 558 562 564 566 569 572 575 580 584 590 591 593 597 600 604 605 608 617 621 623 625 627 632 637 638 642 645 650 651 655 659 663 664 666 671 
191 196 203 210 225 229 232 233 247 254 261 265 268 275 278 279 285 288 296 297 300 308 310 316 319 323 327 331 340 345 349 351 354 359 362 366 367 373 374 380 382 389 391 397 399 402 406 409 417 423 427 430 431 433 439 441 445 450 452 457 461 462 468 470 476 477 480 483 489 493 494 498 502 505 508 510 513 514 519 521 525 528 535 539 540 543 544 553 556 560 563 567 569 572 573 576 578 582 586 592 596 597 600 602 605 608 609 621 624 625 629 633 634 639 641 645 647 652 655 659 661 667 669 672 673 
192 197 205 213 229 230 234 237 250 258 264 268 272 278 282 283 288 289 299 302 303 312 314 319 323 324 331 335 341 346 351 352 355 363 367 371 373 377 380 382 385 391 392 399 401 406 410 412 421 424 429 434 436 438 442 444 449 452 456 458 464 465 471 472 480 482 486 488 491 496 500 503 507 511 515 519 523 527 529 531 533 536 537 540 541 546 549 556 558 563 567 569 572 575 579 581 582 585 589 595 597 601 604 607 611 614 616 625 626 628 632 635 638 643 647 649 650 653 657 663 664 671 675 678 681 
196 199 208 217 233 236 240 241 254 260 265 269 274 281 285 289 291 294 300 305 309 315 318 323 326 327 332 336 345 348 352 356 357 364 369 373 374 378 382 386 390 394 398 400 403 409 414 417 423 427 431 436 437 441 444 445 452 454 460 463 465 468 475 479 483 486 490 493 495 498 502 507 509 512 518 522 525 530 531 535 539 541 543 545 548 552 556 557 559 564 569 572 576 578 583 584 585 587 591 596 598 603 606 608 615 616 617 628 631 635 637 639 643 647 649 652 655 657 660 667 670 674 677 680 684 
197 203 212 220 234 238 244 247 257 261 269 270 277 282 289 291 293 296 301 309 313 318 320 327 328 332 335 339 347 352 356 359 362 366 370 374 378 382 385 390 393 397 402 403 405 413 415 418 425 431 434 439 441 443 445 446 453 458 464 466 467 472 476 481 485 489 494 496 499 503 506 509 510 515 522 525 528 531 535 538 541 545 549 551 553 554 558 559 561 567 570 573 578 579 585 589 591 593 597 601 604 608 609 611 619 623 625 630 633 637 640 642 644 648 652 655 657 658 662 668 671 678 682 685 686 
199 205 215 223 237 241 247 250 261 263 273 274 278 285 292 295 297 299 302 312 317 319 324 330 333 335 336 340 349 353 357 360 365 370 373 377 381 385 389 392 396 398 403 407 409 415 416 420 428 432 436 441 443 447 451 452 455 461 467 469 471 476 478 485 486 493 497 500 501 507 510 512 515 519 523 526 532 535 536 542 543 547 551 555 558 560 563 565 567 569 573 575 579 583 589 590 594 595 601 602 606 610 613 614 621 625 627 631 637 641 643 645 649 650 654 658 660 664 665 670 675 681 684 687 689 
202 207 217 225 241 244 249 251 265 268 276 278 280 286 295 299 301 302 306 314 318 320 327 334 338 339 343 347 353 354 360 364 369 372 377 380 385 389 392 393 397 399 407 408 413 418 420 422 430 435 438 443 444 449 454 458 460 465 469 470 474 479 482 487 490 496 499 501 502 511 512 514 517 523 525 527 536 537 538 544 547 548 554 559 560 561 567 571 574 575 576 577 580 586 591 593 595 599 603 606 608 613 615 618 625 626 629 634 640 644 647 651 654 658 662 663 666 669 670 674 678 685 687 688 690 
205 211 221 229 244 247 253 254 267 271 280 283 286 289 296 303 306 310 314 318 321 323 329 336 342 343 344 349 355 356 361 368 370 374 380 382 386 391 394 395 398 402 409 410 415 421 423 426 433 439 442 444 446 452 456 460 462 466 473 477 480 482 483 490 494 499 503 506 507 512 514 518 521 526 527 529 538 541 544 546 551 552 558 561 564 568 569 575 578 582 584 587 591 593 594 596 599 602 607 610 611 615 618 622 629 633 635 637 641 645 649 655 657 662 664 667 670 673 674 676 680 687 688 689 691 
207 212 222 230 246 248 254 255 268 274 281 287 288 291 299 305 307 314 315 320 325 329 330 337 345 349 350 352 356 358 365 372 374 377 383 384 388 393 396 400 402 403 410 412 416 424 425 429 437 441 443 447 449 453 459 461 464 470 476 478 484 488 492 496 499 500 505 510 512 516 520 524 527 529 532 536 539 545 548 549 555 558 560 562 568 569 571 578 580 586 589 593 597 600 601 602 604 606 611 613 615 619 623 626 632 634 639 642 646 648 651 656 658 665 668 670 672 675 678 680 684 688 691 693 697 
209 214 225 234 248 251 256 257 269 278 283 289 293 295 302 308 311 317 321 325 328 332 335 340 348 353 357 361 362 364 367 375 377 378 384 387 392 397 401 402 403 407 413 414 420 426 429 431 439 442 447 449 450 454 461 464 465 473 480 481 485 490 495 499 502 503 509 513 514 520 523 527 531 533 534 539 540 548 549 553 557 561 564 568 571 574 575 581 584 588 590 596 599 604 606 609 611 614 618 622 623 625 627 629 633 637 642 643 649 651 653 657 662 668 672 675 677 681 683 684 685 692 694 696 701 
212 218 226 236 251 252 257 261 272 280 286 292 294 298 305 311 312 318 324 328 332 334 337 342 350 355 360 363 366 369 373 379 381 385 388 391 394 398 404 407 411 415 416 418 421 428 431 433 442 446 448 451 453 458 464 468 470 475 483 485 487 492 499 503 505 506 511 515 516 521 524 530 535 538 541 544 546 552 553 555 558 562 567 572 576 579 583 584 585 590 592 598 601 606 607 611 615 619 620 623 624 629 631 635 639 642 645 646 653 656 659 663 666 672 676 678 682 685 688 692 695 699 701 704 707 
215 219 230 238 253 255 260 265 275 282 289 295 299 300 307 312 315 320 327 332 333 336 340 344 351 356 363 364 368 373 375 380 382 386 391 392 395 401 408 409 412 417 418 419 423 432 435 438 444 449 451 455 458 462 468 472 476 479 485 486 491 496 501 507 508 512 514 517 518 522 528 532 536 541 542 548 552 553 557 558 559 563 570 575 580 584 585 586 587 594 595 602 604 609 611 612 617 622 626 627 631 634 635 639 643 644 646 648 656 657 660 666 669 676 678 682 686 689 691 696 700 701 702 708 712 
217 221 233 242 256 260 264 267 278 285 290 297 303 307 311 314 316 324 331 333 334 338 343 346 352 357 365 366 371 375 377 381 384 387 393 395 397 404 410 413 415 421 425 429 431 435 439 442 445 452 455 456 462 466 470 474 479 482 486 489 493 497 503 509 510 514 516 518 520 524 530 535 540 543 546 549 554 557 561 565 568 571 572 577 583 586 589 593 594 595 599 606 608 612 616 618 621 625 629 630 635 636 637 640 647 651 653 657 658 662 666 670 674 680 684 687 688 691 692 700 703 707 711 715 717 
220 223 237 245 259 261 265 269 281 286 291 300 304 308 313 315 319 325 332 336 337 341 347 351 353 359 366 368 373 379 382 383 387 391 395 399 402 408 411 415 416 423 427 433 434 437 442 445 448 456 457 459 464 467 473 476 480 484 487 492 497 500 504 511 515 519 520 521 523 526 531 536 541 545 550 552 556 558 562 568 571 574 577 579 587 589 593 597 600 601 604 610 612 616 618 621 623 627 633 634 636 637 641 643 648 653 654 658 659 663 670 673 676 683 685 689 692 694 698 702 704 708 715 716 718 
222 224 240 248 262 263 269 271 282 288 295 304 306 310 316 318 322 328 334 340 344 345 349 355 357 361 368 372 376 381 385 389 391 393 399 402 406 409 414 416 420 426 431 436 437 438 444 448 449 458 460 464 468 469 474 477 483 485 490 494 500 501 507 514 518 522 526 529 533 537 539 543 544 547 554 558 559 562 563 569 572 575 579 580 589 592 596 598 602 604 608 612 615 618 622 623 624 630 635 639 641 645 648 650 654 657 661 663 667 670 674 675 678 684 688 692 693 696 700 704 706 712 717 719 723 
224 225 241 249 266 270 272 276 284 289 299 305 307 312 320 324 327 329 337 342 347 349 352 358 361 364 372 373 377 384 386 391 394 395 400 405 410 411 416 417 424 429 432 440 444 446 449 451 452 461 462 466 471 473 478 479 487 489 491 495 502 505 508 516 522 523 530 534 538 542 545 547 551 552 557 561 565 567 571 573 577 579 581 582 593 594 599 603 607 609 611 616 620 624 625 629 630 633 638 641 644 647 649 653 655 659 663 664 668 673 675 679 680 685 691 695 696 697 701 705 708 714 718 723 727 
226 228 243 250 269 272 274 277 288 291 302 306 309 315 322 328 330 334 338 343 351 355 358 362 363 366 376 377 378 387 391 394 398 400 404 406 412 414 418 419 426 432 434 444 445 450 454 456 459 463 467 469 473 474 479 480 491 494 496 500 505 507 511 517 526 530 533 536 539 545 547 550 552 555 561 565 566 569 573 577 578 583 584 586 594 595 603 604 609 611 615 619 624 626 627 632 636 638 641 645 648 649 653 656 658 660 667 671 675 677 680 682 685 689 692 698 699 703 705 709 713 717 722 724 729 
229 231 244 252 272 274 276 278 291 292 304 309 313 317 323 332 333 335 340 347 354 358 362 363 365 368 380 384 388 391 394 396 399 404 407 410 416 418 419 421 429 434 435 448 450 453 458 462 464 466 470 471 475 478 482 483 495 499 500 503 508 510 514 520 528 533 535 539 543 548 552 556 557 559 562 568 571 572 577 579 583 587 591 592 598 600 607 609 613 617 618 623 626 628 632 634 640 642 644 646 649 652 657 660 662 665 669 672 676 681 683 687 691 694 696 699 701 706 708 710 717 720 725 727 731 
232 233 247 254 273 275 279 282 295 297 306 313 316 320 326 336 340 343 347 349 358 361 365 366 369 370 384 388 391 393 397 398 400 405 410 411 417 421 425 428 433 436 439 449 454 455 461 463 466 468 471 473 478 479 483 486 497 501 504 505 512 516 517 524 532 534 537 540 547 551 554 558 559 560 564 571 573 576 581 583 585 589 595 597 599 603 608 613 616 619 621 624 627 632 635 636 642 646 647 648 650 653 659 663 666 668 672 673 678 684 685 688 695 699 700 703 707 711 714 717 718 724 726 731 732 
234 237 250 258 274 279 281 286 297 300 308 315 319 322 328 338 343 345 350 353 359 363 369 372 375 377 388 391 394 397 400 404 405 406 412 416 421 422 427 430 436 438 443 451 455 456 463 466 469 471 474 475 479 481 484 488 498 503 506 507 514 519 520 526 536 537 538 544 549 555 559 563 564 567 570 575 576 579 582 586 590 592 597 601 603 604 612 614 617 620 625 628 629 635 636 639 646 647 650 654 657 661 665 666 668 670 675 679 681 686 687 690 699 701 704 705 708 714 716 720 723 727 729 734 737 
237 238 251 261 277 282 284 288 301 303 310 318 322 326 332 339 346 349 354 355 361 367 372 373 379 382 390 395 398 400 403 408 409 411 415 417 422 424 429 433 438 442 446 454 459 462 466 467 470 472 476 479 481 485 486 489 499 504 510 512 517 522 525 527 538 541 542 546 552 559 561 567 571 573 576 578 582 584 586 590 594 597 600 602 607 610 615 618 619 623 628 632 636 640 642 646 648 650 653 656 660 664 668 670 672 675 678 680 684 687 690 692 701 704 705 706 710 716 719 724 728 730 734 737 738 
238 241 254 262 279 286 287 291 303 306 313 322 323 329 334 343 349 352 356 359 363 370 373 375 380 383 394 398 399 402 405 409 413 415 418 419 426 427 430 436 442 446 450 455 460 464 469 472 476 479 482 485 486 488 489 493 503 506 511 516 520 524 529 532 541 545 549 552 553 561 562 569 573 575 580 582 586 589 591 594 597 599 602 604 611 612 618 619 621 625 631 633 640 644 648 652 654 656 659 662 663 665 672 676 677 681 684 688 692 695 696 699 703 706 708 710 713 719 723 727 729 731 735 740 743 
242 245 255 266 283 289 291 293 305 309 315 324 328 332 337 344 350 354 358 363 367 374 376 379 382 385 397 400 401 405 406 410 417 419 422 426 427 431 435 440 446 449 452 458 461 466 470 475 480 483 487 491 493 497 499 502 505 507 513 519 524 525 533 536 543 549 552 554 555 565 569 570 574 577 582 586 587 591 593 597 599 603 605 606 615 616 622 624 625 626 634 636 644 646 650 656 658 660 661 664 667 668 673 677 680 683 688 689 696 698 699 703 706 707 710 714 718 721 726 731 732 733 739 741 744 
245 246 257 268 284 293 295 298 309 312 317 328 331 333 339 347 352 355 360 364 369 377 378 380 385 387 401 404 405 408 411 414 420 423 427 431 432 433 438 444 450 453 456 462 466 469 471 477 484 485 488 492 497 500 503 505 508 510 517 523 525 528 537 541 544 553 557 558 559 568 570 573 578 581 583 589 590 592 597 598 603 605 606 610 617 621 625 628 632 634 635 639 647 649 652 660 662 664 666 668 672 673 677 679 682 684 692 694 697 702 703 704 708 710 712 715 720 725 727 735 738 739 742 745 749 
248 250 260 270 286 296 299 300 313 316 319 330 333 337 341 349 354 359 363 366 370 381 382 385 389 392 404 406 408 411 415 417 424 428 432 434 437 440 443 447 451 455 457 466 468 473 477 480 485 486 489 494 500 504 506 507 510 512 518 527 529 532 540 544 548 555 558 559 560 572 573 576 579 584 585 591 595 599 600 602 605 609 612 616 619 624 627 630 635 639 643 647 648 652 655 662 665 668 669 670 676 678 679 680 685 688 694 696 698 705 706 708 711 714 716 720 721 728 730 739 741 745 747 749 750 
252 254 264 271 289 300 303 305 314 320 324 332 336 338 345 353 356 362 366 369 374 384 385 387 393 396 405 410 413 414 416 418 428 429 435 439 441 442 445 450 455 458 462 470 471 477 479 482 486 488 493 498 503 505 509 513 515 517 521 528 530 534 544 545 549 558 559 563 566 574 575 580 582 585 589 593 598 603 607 611 615 616 619 622 623 626 630 632 639 643 647 650 652 653 657 663 666 672 675 676 678 680 683 686 687 689 698 699 702 708 711 712 714 717 721 725 726 730 734 742 745 747 751 755 759 
256 259 266 275 293 303 304 309 318 321 325 336 340 344 349 357 360 365 368 370 377 388 390 393 397 401 408 412 417 421 425 427 432 436 440 444 448 450 451 455 457 460 466 473 477 479 480 486 490 493 496 502 505 507 512 517 521 524 525 532 535 536 546 547 553 562 565 567 570 577 579 583 585 588 591 594 602 604 609 613 619 622 625 626 630 633 635 636 640 647 649 652 656 657 661 667 669 673 676 677 679 683 684 688 689 690 701 703 704 712 716 719 721 723 727 730 733 734 738 743 747 748 754 757 761 
259 263 270 278 297 304 308 311 320 323 327 340 341 348 352 359 362 368 370 371 379 390 392 396 401 403 411 416 420 424 426 431 435 438 443 445 450 454 455 457 459 464 468 476 478 483 487 489 494 495 497 506 508 509 513 519 523 527 529 533 537 538 550 552 554 564 566 568 571 580 584 586 589 590 595 597 606 610 612 616 622 623 629 630 631 635 636 639 644 649 653 656 659 663 667 669 670 676 680 682 683 685 689 692 695 696 702 705 707 716 720 724 728 731 735 736 738 741 743 747 751 752 755 761 764 
260 265 273 281 301 308 311 314 324 325 328 342 344 350 356 360 365 372 374 375 380 394 395 399 403 406 414 420 423 426 428 435 439 443 447 448 452 456 457 460 463 468 472 479 482 484 491 492 497 501 504 509 512 514 515 520 524 531 532 534 538 542 551 553 557 567 571 572 575 583 586 587 590 591 596 598 608 614 618 621 625 628 633 637 639 640 644 645 646 650 655 659 662 667 671 672 674 677 681 683 685 686 692 693 696 700 704 706 708 718 722 725 729 732 738 742 745 748 749 752 756 758 761 763 766 
263 267 276 284 305 310 315 319 327 331 332 345 347 352 359 362 366 373 375 376 381 398 399 402 404 409 416 424 426 428 432 438 440 446 449 451 454 460 464 465 467 472 473 483 484 488 493 496 499 503 508 511 514 515 517 524 527 533 536 538 542 545 554 555 559 571 573 577 581 585 590 592 594 595 597 600 609 615 619 624 629 631 635 641 645 648 651 655 656 657 660 663 664 671 674 678 681 685 687 691 693 695 697 700 704 705 709 713 717 720 726 728 733 736 740 744 749 753 754 755 760 762 764 767 768 
264 269 280 286 307 312 318 322 329 333 335 349 350 356 363 367 371 374 376 380 385 402 403 404 406 410 418 426 429 433 434 442 446 447 451 453 456 464 465 467 468 475 479 487 490 492 497 500 501 507 511 514 516 519 522 527 528 537 538 541 543 547 556 557 561 572 574 581 584 586 593 597 598 602 603 607 613 619 621 628 630 635 636 643 647 649 652 658 662 666 669 672 675 679 680 681 684 689 690 695 698 699 703 707 709 711 712 714 721 724 730 731 736 738 742 746 751 757 758 762 763 765 767 769 770 
268 271 281 289 311 313 322 326 330 337 339 351 352 360 365 370 373 377 379 381 389 404 405 407 410 414 421 428 433 437 439 445 449 451 455 457 459 465 469 472 476 480 482 488 493 497 500 501 505 511 515 519 521 525 526 529 531 539 543 547 551 554 558 559 564 574 575 583 586 590 596 598 602 605 607 610 616 622 626 631 634 636 640 644 650 653 657 660 664 669 670 676 679 683 687 690 694 696 700 703 704 708 711 712 713 716 718 719 725 727 732 735 738 742 745 750 752 761 765 769 770 773 776 780 781 
269 275 283 292 314 318 323 329 331 338 341 355 358 364 368 374 378 382 386 389 392 407 411 413 417 420 425 431 437 438 442 447 450 454 456 458 461 467 473 474 480 482 484 489 495 498 502 505 508 515 518 521 524 528 531 535 536 540 547 549 555 556 561 562 568 577 579 585 590 592 597 601 603 606 609 611 618 626 630 634 637 640 641 645 652 655 661 663 668 671 673 680 684 685 691 692 698 702 703 707 709 711 715 716 719 720 722 726 728 730 735 739 742 744 747 754 756 765 768 771 773 776 780 784 788 
273 276 284 294 316 320 327 332 334 339 343 359 360 368 371 376 382 384 389 393 395 410 412 415 419 422 429 433 438 441 443 451 454 458 462 464 468 469 474 477 482 486 490 493 496 500 504 509 512 518 519 523 526 531 532 539 543 545 551 555 559 560 563 565 572 579 581 588 592 593 600 603 606 607 613 616 621 628 631 635 641 643 645 647 656 658 662 664 669 674 677 683 685 686 694 696 699 706 707 708 713 717 720 724 726 729 732 734 736 737 738 743 744 746 750 758 762 769 771 772 776 780 783 788 789 
275 279 286 298 318 323 329 333 338 341 347 360 362 372 374 379 384 387 392 396 400 414 416 419 421 426 432 434 439 442 445 454 457 460 465 467 471 473 476 480 485 487 494 498 499 502 506 510 514 521 524 528 532 535 537 540 544 549 552 557 561 562 564 566 574 583 587 590 594 596 601 605 609 613 615 619 624 632 636 639 642 647 649 651 658 662 666 667 673 675 679 686 688 692 696 699 700 710 712 715 719 722 726 730 731 732 735 737 738 742 744 747 751 753 756 760 763 772 775 777 779 781 787 790 793 
277 283 287 299 320 327 331 336 340 343 349 364 368 374 377 381 386 389 396 399 402 418 420 423 426 428 435 437 441 445 447 455 460 463 469 471 473 475 479 482 488 491 498 499 503 504 509 513 516 522 525 529 534 539 542 545 547 552 555 558 564 566 568 572 577 586 589 593 598 600 603 607 610 617 619 622 628 633 637 643 645 651 654 655 659 666 668 671 674 677 681 689 690 694 697 702 703 713 716 717 722 725 728 731 734 738 739 743 745 748 752 756 759 761 763 767 768 775 778 779 782 785 790 791 797 
280 284 290 302 322 331 334 340 343 344 351 367 371 375 381 385 388 390 398 401 404 421 425 426 430 431 438 440 445 448 452 458 463 466 470 472 477 480 483 485 492 495 501 505 509 512 515 517 521 523 528 531 537 540 545 546 550 555 559 563 565 569 572 574 580 588 590 596 601 604 605 608 614 621 625 627 631 636 638 647 651 652 655 658 663 669 671 675 679 682 683 690 691 698 699 706 708 715 720 724 725 726 731 734 738 741 743 744 748 752 753 759 761 765 767 770 774 779 781 782 783 786 791 792 798 
282 285 294 306 323 332 336 344 347 348 353 370 375 377 385 387 389 391 402 403 406 422 429 433 437 441 445 446 448 452 453 461 466 469 474 475 481 485 487 489 494 499 505 508 513 516 520 524 526 530 533 534 541 544 549 552 554 556 563 564 568 573 575 576 581 591 593 600 602 606 608 609 615 622 628 632 633 640 642 650 652 655 657 660 665 672 673 678 680 686 689 694 695 702 705 710 713 719 721 725 728 730 733 738 742 744 748 751 754 757 761 763 764 766 768 773 777 782 786 787 788 791 795 797 799 
285 289 297 307 324 336 338 346 349 350 357 373 378 379 388 390 393 397 406 408 410 423 432 436 439 444 447 448 449 453 454 462 469 473 477 481 484 489 490 494 498 502 508 510 514 517 523 527 531 532 536 538 544 546 552 556 560 563 565 568 572 574 576 578 585 594 597 603 605 609 613 617 621 623 631 636 640 643 646 654 657 658 662 664 666 673 676 681 684 688 690 696 700 703 706 712 717 723 726 730 734 736 739 740 746 749 750 753 758 760 765 767 769 770 773 774 779 785 788 790 794 795 796 799 802 
289 292 298 308 327 340 342 350 351 352 361 374 382 386 392 395 397 398 408 412 414 425 435 440 441 447 449 451 454 456 458 465 471 477 479 482 486 490 494 495 500 506 510 513 515 520 526 530 533 534 537 542 545 550 553 559 562 564 569 570 576 580 581 585 589 597 598 607 611 612 617 620 625 627 634 638 641 645 650 658 659 662 666 667 670 675 680 684 688 692 693 699 704 705 710 715 718 727 731 734 736 738 742 743 749 752 755 757 761 763 768 770 773 776 777 778 783 789 791 795 797 801 804 808 809 
290 294 301 310 331 343 347 353 356 358 363 378 384 387 395 398 399 403 412 413 417 426 439 443 444 448 451 453 458 459 463 466 474 481 482 486 490 493 498 501 502 508 513 514 518 521 530 534 535 536 538 544 548 552 557 560 566 568 573 576 577 582 585 586 592 598 602 608 613 617 620 622 626 631 637 642 644 648 651 661 663 667 670 671 672 676 682 687 689 696 700 702 706 709 711 718 721 731 734 737 739 743 744 747 753 756 760 764 765 769 770 772 776 779 781 785 788 790 794 797 801 803 805 809 812 
291 295 303 311 335 347 350 356 358 361 365 381 388 390 396 399 403 405 414 417 420 427 440 447 451 454 458 461 463 467 469 472 475 483 487 490 493 495 502 505 509 512 515 518 520 523 534 535 539 543 547 548 551 556 558 561 568 571 575 578 582 583 587 590 593 599 603 609 617 619 621 623 630 633 638 643 647 652 654 664 668 669 671 675 676 680 685 691 693 697 704 707 710 714 716 719 724 734 738 741 742 746 750 751 754 757 763 768 770 771 774 778 781 784 785 787 792 795 797 801 805 806 808 813 814 
295 298 307 314 339 349 352 360 363 364 369 382 391 395 397 402 407 409 416 421 424 430 442 451 453 455 460 464 465 469 472 473 479 484 490 491 494 496 505 508 512 513 517 521 523 524 536 537 540 545 550 553 556 560 563 565 572 573 578 579 585 586 588 592 596 603 607 610 618 621 623 625 631 635 642 646 648 656 657 666 670 671 674 676 680 681 686 693 697 700 706 711 712 715 717 722 726 738 739 742 744 747 751 755 758 762 766 771 772 773 775 782 784 785 787 790 795 798 802 805 809 811 813 814 817 
298 299 311 315 343 352 353 362 366 367 371 383 393 396 398 406 409 413 418 423 426 431 443 453 454 456 461 465 469 470 475 477 483 487 492 496 500 501 507 509 515 518 519 524 528 532 537 541 543 548 554 558 562 563 566 568 573 577 579 581 587 588 592 593 600 604 609 611 619 623 626 630 634 638 643 649 650 657 658 670 671 673 678 679 684 686 688 695 698 701 709 713 714 718 722 724 727 739 743 746 747 749 755 757 761 764 768 775 779 783 785 787 788 790 792 794 798 801 806 809 811 812 815 818 821 
300 302 312 316 347 355 356 363 369 370 372 387 397 401 404 409 412 417 420 426 430 433 445 456 458 461 464 468 471 473 477 479 484 491 496 497 503 507 511 513 518 519 520 525 532 536 539 544 545 550 556 561 566 568 569 570 577 581 583 586 591 593 596 597 603 605 612 615 622 626 629 634 636 641 647 651 653 660 661 671 672 676 679 682 687 691 693 699 702 704 711 714 716 720 723 725 731 743 745 750 752 755 756 761 763 765 771 776 781 785 789 792 795 796 797 799 801 805 807 813 816 818 822 825 826 
303 307 316 318 348 359 362 366 370 373 375 388 401 403 405 413 414 419 423 430 431 437 448 460 464 468 469 472 476 477 478 481 487 493 499 500 507 508 514 517 522 526 528 530 533 540 543 546 547 552 559 563 570 573 577 581 583 585 586 588 592 595 598 602 604 606 614 619 626 627 631 635 637 642 648 655 658 664 666 674 678 681 685 688 689 694 695 702 704 706 715 716 717 722 726 730 734 747 751 754 755 757 758 763 766 770 775 778 782 789 793 797 801 802 806 809 810 813 817 819 821 823 826 829 830 
304 311 318 322 351 362 363 370 373 376 378 392 404 406 410 415 416 422 426 434 438 439 450 461 467 471 474 475 477 479 483 487 490 497 500 504 511 512 518 519 526 527 529 533 536 543 546 547 548 553 561 564 573 575 580 585 588 591 595 596 597 601 603 604 605 609 616 622 627 629 633 637 639 644 650 657 659 665 669 676 681 682 687 691 692 695 698 706 709 713 716 718 722 725 727 731 738 751 755 756 758 761 765 766 770 774 777 782 784 790 795 798 805 808 809 811 813 814 819 820 824 825 827 833 836 
308 314 319 323 355 364 367 374 375 378 381 395 407 410 412 418 420 424 430 435 439 442 452 462 470 474 478 480 481 483 484 489 493 499 502 506 512 515 520 521 528 531 533 536 538 545 550 553 557 560 565 569 577 580 581 587 591 594 597 599 603 606 610 612 614 615 620 625 630 632 637 641 643 646 654 658 660 668 673 678 685 688 690 693 694 699 701 707 711 715 720 724 725 728 732 736 739 753 756 759 762 766 767 768 772 777 781 786 787 792 796 801 808 809 811 814 816 820 822 826 828 832 833 836 838 
312 315 320 327 358 368 370 376 377 382 386 396 410 414 418 420 422 428 432 436 441 445 455 464 473 478 479 481 482 486 488 492 494 503 507 510 516 517 524 525 530 533 536 538 540 546 551 556 559 562 566 572 581 583 584 590 595 597 598 600 606 608 614 615 616 619 621 628 634 635 641 642 644 650 656 659 662 669 677 681 686 691 692 694 697 703 704 709 713 716 723 727 728 730 736 737 740 756 760 761 766 769 772 773 774 781 782 790 791 793 799 803 809 810 814 818 819 822 824 828 830 835 836 840 841 
314 319 323 330 360 370 371 379 382 386 389 400 412 417 419 423 427 432 433 438 445 447 459 466 477 480 481 483 485 488 491 496 500 504 511 512 518 520 528 530 531 536 540 543 545 547 554 560 563 564 567 576 583 584 587 594 597 601 604 608 612 615 619 623 627 629 633 636 638 642 643 644 647 653 660 661 664 672 678 682 690 693 694 696 698 707 709 711 717 719 724 728 729 734 740 741 744 759 761 762 768 773 777 780 781 782 784 792 795 799 803 804 810 813 817 821 822 826 829 832 834 838 841 843 846 
318 321 324 331 363 374 378 381 385 388 392 402 415 421 424 427 431 434 437 440 446 448 460 467 481 482 486 487 490 493 497 501 503 507 512 514 522 524 532 533 534 538 543 547 549 553 555 561 565 566 568 580 585 588 592 596 599 604 607 612 616 619 620 627 630 634 636 638 642 643 645 648 649 654 663 664 667 673 679 685 692 697 701 704 707 711 715 716 719 721 727 729 732 737 744 747 750 763 766 768 769 777 780 782 785 789 790 793 799 801 805 809 813 817 819 823 824 828 831 835 838 839 844 847 850 
320 324 328 332 366 376 379 383 388 391 396 406 418 425 427 429 432 435 438 441 448 449 462 470 482 485 488 491 492 497 499 503 505 511 513 518 524 528 535 537 538 542 546 550 553 555 557 564 566 570 574 584 589 590 593 599 601 605 608 614 617 623 626 630 631 638 641 642 643 645 646 650 654 656 665 666 668 674 681 689 694 698 702 707 709 715 716 719 721 722 728 733 736 738 748 749 752 767 771 774 775 781 783 787 790 791 794 795 801 804 807 812 814 819 821 826 827 829 834 836 839 840 847 850 853 
