2 5 8 11 12 13 16 17 18 19 23 25 28 30 32 33 34 37 40 44 48 49 50 53 55 59 60 63 65 69 71 74 75 77 79 80 81 84 87 89 92 93 95 96 98 101 105 108 109 111 114 117 120 122 124 126 128 129 133 134 137 138 139 143 144 148 152 154 155 158 160 164 167 169 173 177 179 181 182 183 186 189 191 194 197 201 204 208 211 215 219 220 224 225 226 229 231 232 235 236 239 242 246 247 249 251 255 256 259 262 263 266 269 271 275 279 282 283 285 289 290 293 297 301 302 306 307 309 311 315 318 320 322 324 326 329 333 337 340 342 344 345 346 349 352 353 357 359 362 366 368 
3 7 9 14 16 20 21 24 28 30 33 34 37 40 41 45 46 49 53 54 58 60 64 66 67 68 71 74 75 77 81 85 86 87 90 92 96 97 101 103 105 108 112 114 115 117 118 119 122 124 127 128 129 130 134 136 138 139 143 144 148 151 154 158 160 161 164 168 171 173 174 177 180 181 183 185 187 191 192 193 195 198 201 203 205 209 210 213 216 218 220 224 226 230 232 235 239 243 244 247 249 252 256 257 258 260 262 263 267 271 274 276 279 283 284 288 292 295 299 303 306 309 312 313 317 320 321 322 325 328 332 334 335 338 342 346 349 352 355 358 359 361 364 367 370 374 376 378 380 381 385 
6 9 13 18 21 22 24 27 31 32 37 38 41 43 45 47 51 53 57 61 65 67 71 72 73 77 81 83 85 89 92 96 97 100 101 103 105 109 113 116 117 121 125 126 128 132 135 137 138 140 143 146 150 152 155 156 157 161 164 168 172 174 178 179 180 182 186 189 191 192 195 199 203 205 206 207 208 211 212 213 217 221 225 226 230 232 233 236 237 238 239 241 244 246 247 251 253 254 258 260 261 264 265 267 268 269 273 276 279 280 282 284 288 289 291 292 293 297 301 307 310 314 316 318 320 324 326 328 330 334 336 337 340 341 346 349 353 354 356 362 363 364 367 371 375 376 380 381 383 385 389 
9 12 14 21 24 26 30 33 34 36 40 41 43 44 48 52 56 60 61 64 66 70 72 74 76 81 85 88 89 91 93 97 98 102 103 105 108 112 114 118 122 126 128 132 135 137 141 143 146 150 152 153 156 158 162 164 166 168 171 173 177 181 185 189 191 193 196 197 200 202 204 206 209 210 211 215 216 218 220 221 223 226 230 233 234 238 240 242 246 248 250 253 254 258 261 265 266 267 269 272 275 276 278 281 285 289 291 293 294 296 297 299 302 303 306 310 313 315 317 318 321 322 326 329 330 332 336 339 340 344 347 349 351 353 357 361 362 366 367 369 370 372 373 374 378 382 386 390 391 395 397 
12 13 16 22 26 29 31 37 38 39 44 45 49 50 51 54 58 61 63 68 70 71 74 78 80 83 88 89 92 93 96 98 102 106 110 114 118 120 122 125 128 131 133 135 139 141 143 146 149 154 157 159 160 164 167 169 172 174 177 181 185 186 189 192 194 196 200 203 207 211 213 216 217 219 221 224 228 231 235 239 241 244 247 248 249 252 255 257 261 264 266 270 274 275 276 279 283 287 289 290 291 295 297 301 302 305 308 312 314 315 318 319 323 324 326 327 331 333 334 338 339 343 347 349 351 352 354 357 359 360 364 365 367 371 373 377 381 382 385 386 389 392 394 396 399 402 403 404 408 410 411 
14 18 22 25 30 32 33 39 40 44 46 49 50 51 52 57 59 65 67 71 72 76 80 83 85 86 90 92 93 95 100 101 106 107 112 118 119 124 128 132 134 135 139 143 147 148 151 152 154 157 161 164 166 170 171 175 179 182 185 187 188 191 192 196 200 203 205 207 209 212 217 220 224 228 229 230 233 237 239 243 247 250 251 252 253 256 257 260 264 268 269 272 276 280 282 286 287 288 293 297 298 301 304 307 310 311 312 313 317 318 321 325 328 330 333 335 338 341 345 349 352 354 358 359 361 364 366 370 374 378 379 381 385 389 393 394 395 397 399 402 405 407 410 414 418 421 425 429 433 436 437 
15 22 26 30 34 36 39 40 44 46 48 51 54 57 58 59 62 67 69 73 75 80 84 87 90 94 97 98 102 104 105 108 109 111 115 119 122 125 131 134 136 137 141 146 149 153 157 159 163 166 169 173 175 176 178 179 182 186 188 189 190 194 196 197 204 208 210 213 217 219 220 223 225 232 235 238 240 241 244 246 251 254 258 261 262 265 269 271 273 275 279 281 285 286 287 290 294 298 300 304 307 309 310 312 315 316 317 319 321 325 328 329 330 333 334 336 341 345 348 351 356 358 359 362 366 368 372 375 376 382 386 390 393 395 399 400 402 403 404 406 410 411 415 419 422 424 426 430 434 437 440 
18 25 30 34 38 40 43 47 50 52 53 57 60 61 63 64 67 70 74 75 78 82 85 91 93 95 99 100 104 108 110 112 115 117 119 120 126 130 135 136 138 139 144 149 152 157 158 163 164 170 171 176 179 183 185 188 190 191 195 197 198 200 202 206 207 209 211 216 221 222 225 227 228 234 237 241 245 247 250 253 256 258 262 263 266 267 270 273 275 279 280 282 289 293 295 298 302 306 308 310 311 313 315 317 319 320 322 326 327 331 335 337 338 339 343 345 349 350 351 353 358 362 366 369 371 373 377 378 379 384 389 391 396 399 402 405 406 409 411 415 418 420 424 428 430 434 438 440 442 446 447 
20 27 32 36 39 43 44 49 52 54 57 58 64 65 68 69 70 73 78 81 84 88 90 92 94 98 101 105 108 111 114 117 118 120 123 124 130 132 138 139 140 141 146 153 155 161 165 168 169 174 178 182 184 188 192 194 196 199 202 205 207 209 210 212 214 216 219 220 223 226 228 232 233 238 240 244 246 250 251 256 259 263 266 268 270 273 276 277 280 282 284 287 291 295 296 301 304 309 312 316 320 322 324 326 330 331 332 334 336 340 344 346 347 350 353 357 358 359 361 365 369 372 376 377 379 380 384 387 391 392 394 396 400 402 404 408 412 415 418 419 421 424 428 430 434 438 440 442 446 448 450 
24 28 35 39 43 46 50 51 56 60 63 65 69 71 75 77 78 82 84 88 89 90 92 93 97 102 106 110 114 117 121 123 127 131 134 135 137 140 144 146 149 152 154 158 160 164 168 169 172 178 179 186 188 189 194 198 202 205 207 211 215 216 217 218 221 224 228 231 234 237 239 240 241 243 244 245 249 252 254 257 262 265 267 270 274 276 279 282 286 290 292 295 297 299 302 306 307 313 317 319 321 326 328 330 334 335 337 340 343 347 348 351 352 354 356 359 363 364 368 372 373 377 381 383 385 389 393 397 401 405 409 413 414 417 418 420 423 425 426 429 433 435 438 440 441 443 447 449 452 454 458 
26 31 36 41 44 49 53 56 60 64 68 72 76 78 82 86 90 94 95 98 102 105 109 111 112 116 120 121 124 125 126 127 130 134 138 139 141 144 146 149 150 154 158 159 161 168 170 171 175 179 183 187 190 193 197 201 204 208 211 215 216 219 222 224 227 229 231 234 237 241 244 248 249 251 254 255 259 261 262 266 269 270 272 274 276 280 281 286 287 291 294 297 301 305 308 309 312 314 320 321 322 327 332 333 335 337 340 343 347 348 350 354 357 360 364 366 370 371 375 379 382 384 388 390 393 394 396 398 402 406 413 417 418 422 424 425 429 431 435 438 439 443 444 447 449 450 453 454 455 457 462 
27 35 39 42 46 53 54 57 63 68 69 76 80 81 85 87 91 98 101 102 105 109 111 113 115 120 123 127 129 132 135 139 142 146 148 149 152 156 160 163 167 169 170 171 173 176 177 178 182 186 190 192 196 200 201 202 208 209 214 219 221 224 228 229 233 237 238 239 242 244 248 250 252 254 256 257 263 267 269 271 274 275 278 282 285 289 291 295 298 302 303 305 309 310 313 317 320 324 327 331 334 335 337 338 339 341 345 349 352 353 357 361 362 363 366 367 371 372 379 380 384 388 389 392 396 398 400 403 407 410 414 419 421 426 428 432 433 436 437 439 441 447 448 451 454 455 458 462 463 467 470 
30 38 42 46 50 54 56 59 65 72 73 79 84 88 90 92 96 102 104 105 106 112 114 115 118 121 126 131 133 137 139 140 144 150 153 155 157 160 164 165 171 174 176 178 182 183 187 188 189 193 195 198 200 201 203 206 212 213 215 223 224 228 230 234 235 240 242 246 247 249 250 254 255 259 262 264 267 270 273 277 281 285 287 291 294 297 300 303 305 307 309 313 317 320 324 328 332 333 337 339 343 345 348 349 352 356 357 359 360 363 365 367 369 373 376 379 381 382 385 387 391 395 398 401 403 405 407 410 414 415 417 420 424 428 431 435 436 437 440 442 445 450 452 456 459 462 463 465 468 472 475 
33 39 44 48 51 55 58 61 68 74 76 83 85 91 95 96 98 105 108 111 112 113 118 121 122 125 127 133 137 140 143 146 147 154 155 156 159 161 165 166 175 176 178 179 183 184 189 192 194 198 202 205 206 210 213 216 218 220 223 224 225 230 234 236 239 242 245 249 253 257 258 259 262 265 268 272 274 277 279 283 286 289 292 294 298 299 303 306 309 312 314 317 320 322 328 331 334 335 339 341 345 349 353 355 359 362 365 368 370 371 374 376 380 382 385 389 393 397 399 401 405 406 409 413 415 416 420 423 426 427 430 434 436 440 441 442 443 444 445 449 451 452 455 459 463 464 467 470 473 474 479 
35 43 45 52 55 57 60 64 72 78 80 84 86 95 97 98 102 109 112 116 119 123 126 129 132 134 138 142 144 145 148 152 156 159 160 161 162 165 168 169 176 177 181 183 185 186 190 196 197 199 205 208 211 214 215 217 222 226 230 234 238 241 244 248 250 253 254 257 259 260 263 264 267 270 274 276 279 280 282 284 288 293 294 295 300 303 304 309 313 314 315 319 322 323 329 332 337 341 344 347 349 350 354 358 363 367 370 372 374 378 380 381 382 384 388 391 394 400 401 405 406 408 412 415 418 422 426 427 431 433 436 438 440 443 444 446 450 454 457 461 465 468 471 472 475 479 480 484 486 489 491 
38 45 49 53 56 61 63 65 73 81 85 86 89 99 100 101 103 113 117 119 120 124 128 133 135 137 140 144 145 148 150 155 157 162 164 165 168 172 174 177 180 181 182 186 189 192 194 197 201 204 207 210 213 217 218 222 223 228 234 237 240 242 247 250 252 255 258 260 264 268 269 272 274 275 277 281 284 286 287 289 291 295 299 300 304 307 311 315 319 321 323 324 327 331 332 335 340 342 345 351 353 354 357 360 366 368 373 375 378 382 384 387 390 394 396 398 400 403 404 408 409 410 415 418 422 426 428 429 432 435 440 444 448 452 455 456 459 461 464 467 470 471 472 476 480 482 483 486 490 491 492 
39 46 53 56 59 63 66 69 76 85 88 92 93 101 103 107 110 116 118 121 123 128 130 135 139 142 143 147 150 151 155 158 162 166 168 169 173 175 179 180 183 187 191 195 196 198 199 203 207 208 210 211 215 220 224 228 229 231 235 240 244 246 248 253 256 259 262 265 266 269 272 273 278 279 280 284 288 290 292 296 297 301 305 307 308 309 312 317 323 325 327 328 330 332 334 336 344 345 349 352 354 358 362 365 368 371 376 380 382 384 386 389 392 396 399 400 401 405 408 411 412 414 416 419 426 429 430 433 437 441 442 448 450 453 456 460 462 464 465 470 473 475 477 478 483 484 486 489 491 495 498 
40 49 56 59 63 64 69 70 78 89 90 95 96 105 108 112 115 118 122 126 128 131 134 138 143 147 148 152 155 156 157 159 163 167 172 176 180 182 185 188 190 192 193 198 202 204 206 208 212 216 219 222 226 230 231 234 237 239 242 243 246 247 252 255 260 262 264 268 270 271 275 279 283 287 290 294 296 297 300 302 305 308 310 312 316 318 319 323 325 329 331 335 336 337 338 339 348 352 356 357 361 365 366 369 372 373 379 384 386 390 391 393 397 399 400 402 403 407 410 415 416 420 423 427 428 430 431 437 440 444 447 451 453 457 460 463 467 471 475 479 482 486 490 492 494 495 497 498 499 500 501 
41 50 57 60 65 68 70 73 79 91 95 98 99 106 111 116 119 121 126 127 130 134 138 142 145 151 155 156 158 159 162 166 169 172 174 177 182 185 189 190 193 194 195 201 205 206 209 213 215 217 223 224 230 234 237 238 240 242 244 247 249 250 256 259 261 264 267 270 271 273 277 280 287 288 293 295 298 302 306 309 311 312 315 316 318 322 326 327 330 332 334 336 340 342 344 346 349 353 358 359 364 367 368 370 376 379 382 387 389 392 395 397 398 403 406 410 412 416 417 421 425 429 431 433 434 436 440 443 446 448 449 455 459 462 465 466 471 475 477 481 485 487 493 494 497 499 503 507 511 514 516 
44 53 60 63 69 73 75 79 82 94 99 103 106 109 112 119 123 124 127 128 131 137 139 144 149 155 157 159 162 163 167 171 174 176 180 181 185 187 193 197 199 201 204 205 209 213 216 218 222 226 229 231 233 238 239 240 242 243 248 251 255 257 258 261 263 266 270 273 274 276 280 284 291 292 294 297 299 306 308 311 312 315 316 318 319 324 330 334 338 341 345 346 349 351 352 355 357 361 362 363 365 371 373 374 377 382 385 391 395 399 401 403 406 409 411 412 416 417 419 425 428 431 435 439 442 445 447 451 454 458 460 461 462 465 468 471 473 476 481 485 489 492 496 497 501 505 508 509 513 518 520 
45 55 62 64 73 74 77 80 86 98 100 107 111 115 119 123 124 128 130 131 132 140 144 148 151 158 161 165 167 168 170 173 178 180 183 184 186 189 197 200 204 207 209 210 212 217 221 222 224 229 233 234 238 239 240 241 244 245 252 256 257 261 262 264 267 268 274 276 279 281 284 287 292 293 296 300 303 307 311 315 318 320 322 324 328 329 331 335 342 344 347 350 352 353 356 359 362 365 367 368 372 375 377 378 382 383 387 393 398 403 405 409 410 414 415 416 417 420 424 428 432 436 439 443 445 446 448 452 455 461 463 464 466 467 470 475 478 479 485 489 491 494 500 504 506 510 512 514 518 521 525 
49 56 63 65 75 78 82 84 89 102 105 111 114 119 122 127 130 131 134 136 140 142 146 150 153 159 162 169 171 174 176 178 181 182 187 190 191 194 199 202 208 211 213 216 219 221 223 225 226 232 234 237 242 244 245 249 252 255 257 261 262 266 269 270 271 273 277 279 282 286 289 290 294 298 300 303 306 310 314 316 321 325 326 328 332 333 336 338 343 348 352 353 357 358 361 362 364 368 370 372 373 376 378 381 384 385 390 397 399 406 409 412 413 418 420 423 427 428 432 433 437 439 443 444 446 447 449 453 459 464 468 471 475 478 482 486 488 490 491 495 498 502 505 508 512 513 517 519 522 526 530 
50 59 65 66 78 79 86 87 90 105 107 112 118 120 125 129 133 137 139 141 145 146 148 153 156 161 166 170 175 179 180 183 184 187 188 192 193 196 201 204 210 214 217 219 221 223 225 226 229 235 239 243 247 251 252 255 258 259 262 264 267 271 274 275 278 280 284 288 290 291 293 297 298 302 306 309 310 311 316 320 323 327 330 333 337 340 344 348 351 354 356 358 359 361 365 366 370 374 376 380 382 386 390 392 396 398 402 403 406 410 412 414 416 419 422 426 431 434 438 440 441 444 447 450 452 456 460 463 467 469 473 474 476 481 484 489 492 493 497 498 500 505 509 513 515 518 522 524 528 530 532 
52 60 67 71 80 83 88 91 94 106 111 113 121 124 126 131 134 138 143 147 149 153 157 160 163 165 169 174 176 183 185 189 191 194 198 199 200 201 203 206 211 217 218 222 226 227 231 235 239 240 241 246 248 253 256 260 263 266 268 269 273 274 276 277 282 283 286 289 293 295 297 299 300 306 310 313 314 315 318 323 324 331 334 338 341 342 347 350 354 355 359 360 364 366 369 373 375 376 377 382 383 389 391 394 400 401 405 406 410 414 418 421 424 427 430 431 435 436 442 444 447 448 449 452 456 458 463 464 471 475 476 477 478 483 486 493 495 499 501 504 506 509 512 517 519 521 523 525 530 534 535 
53 62 71 74 84 86 91 95 96 110 114 118 125 126 127 132 137 139 145 150 154 158 161 164 166 169 172 175 177 185 189 191 194 198 201 203 204 208 210 211 212 221 224 228 232 233 234 238 240 242 244 247 250 256 259 263 267 271 274 277 281 283 286 287 288 290 292 293 297 298 302 305 309 311 312 315 319 323 325 328 330 333 335 341 344 346 348 353 358 359 363 367 369 370 372 377 379 380 382 383 385 392 393 395 401 404 406 408 411 416 420 422 425 430 433 436 438 441 443 447 449 453 455 458 461 463 465 468 472 479 480 481 482 485 488 496 499 503 505 508 509 513 514 520 524 525 527 530 533 538 541 
56 63 72 77 86 87 94 99 100 113 117 121 128 130 131 133 138 143 146 153 155 161 164 167 170 174 178 179 183 188 192 194 197 200 204 205 208 211 214 215 218 222 226 230 236 238 240 243 245 248 249 251 252 260 262 265 268 275 279 280 282 286 288 289 290 293 295 299 300 302 306 310 311 314 318 322 324 326 328 331 332 334 339 344 345 349 350 357 360 364 367 370 371 373 377 380 381 382 383 385 388 394 398 400 402 407 408 411 412 419 422 426 428 434 435 439 443 445 449 452 454 458 459 461 462 465 466 471 475 482 485 489 492 493 497 498 501 504 508 510 514 516 520 522 525 527 531 532 534 539 542 
59 67 74 78 90 93 97 102 103 117 119 123 129 133 134 135 141 147 150 156 158 162 165 168 174 177 179 183 185 191 193 195 200 203 206 207 209 213 215 216 220 224 230 233 237 239 242 244 248 251 253 254 257 263 266 267 271 277 283 285 287 288 292 294 298 302 306 310 314 317 318 322 324 327 330 331 335 338 342 344 345 349 352 356 359 361 362 366 368 372 375 377 379 382 383 385 389 392 396 397 401 402 405 409 411 414 415 419 421 424 427 431 434 436 439 440 445 447 453 457 460 462 465 467 471 472 473 474 478 484 488 490 496 497 499 503 507 509 510 513 516 517 523 524 527 530 535 538 541 545 549 
60 70 75 82 92 95 101 104 108 121 125 126 133 137 138 139 145 148 154 159 160 164 168 172 176 181 182 186 190 193 196 200 203 204 207 210 211 217 218 221 222 225 232 234 241 243 245 247 252 255 257 258 262 265 269 270 275 278 285 287 288 290 293 295 302 306 310 312 318 322 326 328 330 333 334 338 340 342 345 349 352 356 360 364 366 370 374 378 379 381 382 384 385 389 391 393 397 398 400 403 406 407 410 411 415 416 420 423 426 429 430 434 436 437 443 444 448 450 455 458 464 467 469 472 473 474 478 480 483 488 491 494 499 503 506 510 513 514 516 517 520 522 526 527 529 533 537 540 545 548 552 
64 73 79 83 96 100 105 108 111 123 127 131 135 141 143 147 149 152 156 163 165 166 172 176 179 183 186 189 192 195 197 202 207 211 213 214 215 220 224 228 229 230 234 235 243 245 246 251 255 259 263 265 266 270 274 275 278 282 287 289 293 296 298 300 303 307 314 317 322 324 328 329 334 336 338 341 345 348 350 354 355 357 364 365 370 372 378 382 386 389 393 394 397 398 400 402 403 404 407 408 409 410 413 415 417 420 421 427 431 432 435 439 442 446 448 450 454 458 462 465 469 472 475 478 480 481 482 484 485 490 492 498 503 507 509 512 517 519 522 525 526 530 534 537 538 542 546 548 552 556 558 
68 75 83 87 100 104 108 111 112 125 131 132 136 144 146 149 151 156 160 165 169 173 176 177 182 186 189 191 196 200 201 204 210 215 216 217 220 221 225 230 231 234 236 239 247 249 251 253 257 262 267 271 274 276 278 282 285 288 290 294 295 300 302 306 310 312 316 321 326 328 330 332 336 337 340 344 349 352 354 356 358 361 368 372 374 376 382 385 389 393 394 395 401 404 405 406 408 412 416 417 420 424 428 429 433 435 438 441 442 444 448 449 452 453 454 456 460 462 465 466 472 473 478 480 484 486 489 493 495 496 498 499 505 509 510 514 521 525 526 530 532 535 536 539 541 543 549 552 556 560 561 
72 77 84 91 103 107 112 116 120 127 132 133 140 147 148 152 156 159 163 166 173 176 179 181 183 188 193 194 197 202 204 208 213 217 220 222 226 230 233 234 237 238 239 242 251 254 258 262 266 268 272 276 278 281 284 288 292 293 297 301 302 305 309 310 314 315 318 324 329 332 335 338 341 342 343 347 352 355 356 358 361 364 371 375 378 380 385 387 393 396 397 400 404 405 409 410 412 413 418 419 421 426 432 434 437 441 443 445 446 447 452 455 456 457 460 462 466 468 470 472 474 475 482 483 488 489 493 496 498 499 500 503 508 510 513 517 523 529 533 534 538 539 542 544 546 547 551 555 558 562 565 
76 78 88 95 104 111 114 117 121 129 135 137 142 151 152 156 159 163 166 167 175 180 181 185 188 190 195 199 202 205 208 209 215 220 221 224 228 233 234 235 239 243 247 250 254 256 261 266 268 272 275 278 279 284 288 291 293 295 301 302 304 307 313 316 319 321 323 327 332 336 338 342 346 349 353 356 360 361 364 368 371 375 378 382 384 386 388 391 397 401 403 406 410 412 415 417 418 419 423 425 429 433 437 440 443 445 448 449 451 453 455 458 462 466 470 473 475 477 478 482 485 488 492 495 497 498 502 503 504 505 509 513 516 519 521 524 526 533 535 537 542 544 545 548 552 553 554 557 559 564 569 
78 80 90 98 105 115 116 121 122 131 138 141 143 153 156 160 161 165 169 172 176 183 186 188 189 193 198 201 206 207 210 213 219 223 227 231 234 235 236 239 243 247 249 254 255 260 264 268 271 275 278 281 283 287 291 295 297 300 305 307 310 314 318 321 324 326 330 331 336 337 342 345 347 351 355 360 362 364 365 372 374 377 381 385 386 390 391 395 399 403 407 409 412 414 417 418 419 420 424 426 433 434 440 443 444 447 452 455 456 460 463 464 467 469 474 475 478 482 483 486 489 492 495 496 500 501 505 506 510 511 515 518 520 522 524 528 529 534 537 541 543 546 550 551 554 555 559 561 563 566 571 
81 82 91 102 107 119 121 123 125 134 140 143 145 157 158 162 165 168 173 177 178 187 188 189 192 194 199 202 209 210 212 214 221 227 231 235 238 241 245 246 250 252 255 256 257 261 266 269 273 278 280 284 287 289 292 298 300 301 306 311 314 317 320 323 328 331 335 339 341 342 344 349 351 355 356 363 364 366 367 374 376 381 382 386 388 391 392 397 402 404 411 412 413 418 422 426 427 430 434 437 438 442 444 445 448 451 454 457 459 462 465 469 470 472 476 480 483 487 488 490 494 496 498 502 504 507 511 514 515 517 518 522 523 526 527 529 533 535 540 543 547 549 554 556 558 560 562 565 569 573 577 
85 89 92 105 110 121 125 128 131 138 142 147 148 160 164 166 168 170 176 179 182 189 190 192 194 198 203 205 212 213 214 218 224 230 232 237 241 244 247 251 254 257 258 260 263 265 269 271 274 282 284 286 290 292 294 301 304 308 311 315 318 319 322 326 331 333 338 340 342 344 346 350 355 357 358 365 369 371 374 378 381 382 386 387 390 395 398 401 403 408 413 415 417 420 426 428 429 431 435 438 440 444 445 449 453 457 459 462 465 468 470 471 475 476 478 484 488 491 493 495 497 501 503 504 508 512 516 519 520 522 525 529 530 533 534 535 538 540 543 545 550 551 557 561 563 567 568 569 572 577 578 
89 90 93 106 112 124 128 129 132 141 144 150 154 161 166 169 172 174 178 181 183 191 193 195 198 201 205 209 213 217 221 223 225 231 233 240 244 248 249 255 258 260 261 265 266 268 270 273 278 285 288 289 291 293 298 305 306 311 315 318 319 320 324 329 333 335 342 346 349 352 353 356 358 360 361 368 373 377 380 382 383 386 390 392 396 398 400 403 407 412 415 419 421 424 427 431 435 436 439 440 441 445 446 452 454 460 463 467 471 473 476 480 484 486 489 493 497 501 504 508 512 514 516 517 520 521 523 526 528 529 530 532 536 538 539 542 544 546 548 549 551 554 561 562 565 569 570 571 576 578 581 
93 94 96 109 114 127 130 131 136 145 149 152 157 162 170 174 176 178 180 184 187 192 194 197 199 202 206 213 215 221 223 227 228 232 237 244 248 251 255 259 260 263 267 269 273 277 281 282 283 288 290 291 292 295 301 309 313 314 319 321 325 326 329 333 335 338 345 348 350 355 356 359 362 365 367 371 376 381 383 387 389 390 393 395 399 402 404 407 411 413 416 423 426 429 431 433 437 439 442 445 449 452 453 456 460 463 465 470 474 476 477 482 488 491 492 494 501 502 508 512 515 517 520 524 528 529 530 531 532 533 537 538 542 545 546 550 552 554 557 559 560 561 562 563 568 571 575 577 579 580 585 
97 98 102 113 118 129 131 135 138 148 151 154 161 166 171 178 182 184 185 186 189 194 195 201 204 208 211 216 218 225 227 228 230 236 238 246 252 255 258 262 266 269 273 275 279 281 283 285 288 291 292 296 299 303 306 310 315 316 321 322 326 328 331 337 341 344 347 351 352 359 362 363 364 367 371 372 380 384 385 389 390 393 395 397 401 406 409 411 413 417 421 424 427 431 434 438 441 442 446 449 450 455 459 463 465 469 470 473 477 478 482 485 490 495 497 498 505 508 511 513 516 518 523 526 529 531 534 538 542 544 548 549 552 553 555 556 558 560 561 562 565 568 569 571 572 576 579 583 587 590 592 
98 100 104 115 121 130 134 137 140 150 155 159 165 170 175 182 184 185 189 190 191 197 200 205 208 211 212 219 222 227 228 232 233 240 241 247 256 260 261 264 270 274 276 279 280 282 284 288 289 293 297 301 303 307 308 312 319 323 325 327 331 333 334 339 344 346 350 354 357 361 363 365 366 370 372 373 383 385 387 393 396 400 404 408 412 415 418 422 425 426 430 432 434 435 436 440 442 444 450 454 455 456 462 467 470 474 476 479 481 485 486 488 492 497 501 503 509 510 515 519 521 523 524 528 531 535 538 542 543 547 551 552 554 555 557 561 564 566 568 572 575 577 578 582 584 587 588 592 594 597 601 
102 103 105 119 122 133 138 140 143 154 157 161 168 174 177 183 188 192 196 199 201 205 207 211 214 216 220 221 226 231 234 237 241 244 248 249 259 262 264 268 273 278 281 282 283 285 287 290 292 297 300 304 308 311 315 318 323 325 329 330 335 338 339 340 347 350 354 355 358 362 367 371 372 374 377 379 386 387 388 395 400 404 405 411 413 416 420 424 427 431 433 436 437 441 442 446 448 450 451 457 461 465 469 473 476 479 481 482 486 488 489 492 494 499 504 507 510 513 518 520 523 524 526 529 532 536 539 544 545 551 554 556 558 559 562 566 570 573 574 577 580 581 583 586 589 590 593 594 596 601 602 
106 109 111 120 125 137 142 145 147 157 159 162 170 178 180 187 191 193 200 202 203 209 211 214 217 221 225 226 229 233 237 241 244 246 249 250 260 264 267 271 274 280 283 284 286 290 294 295 296 298 301 308 310 313 318 322 325 329 330 333 338 340 341 342 351 353 355 359 362 363 368 375 378 379 382 384 388 391 395 397 402 405 409 412 417 420 424 428 430 434 438 442 446 447 449 451 455 457 461 463 467 469 471 475 479 483 484 485 488 489 490 496 497 500 505 511 512 517 519 522 524 526 527 532 536 537 542 547 548 554 558 559 560 562 566 569 571 574 575 580 583 586 587 590 591 592 595 596 600 602 603 
108 110 114 122 126 139 145 146 150 158 162 163 173 180 182 190 193 194 203 204 207 213 216 220 221 224 227 228 232 235 241 244 248 251 253 256 261 265 271 275 276 281 285 287 291 293 296 298 302 304 305 309 314 316 319 326 329 330 334 337 340 341 345 347 352 357 359 360 363 366 372 378 380 382 386 389 391 394 399 401 405 409 410 415 419 424 426 431 435 438 440 446 447 449 453 456 459 460 465 468 471 474 478 480 483 485 489 490 492 496 500 503 504 507 509 512 513 518 521 525 526 529 531 535 537 541 546 548 549 556 561 562 563 565 568 570 574 576 578 581 587 588 592 596 598 600 602 605 608 609 610 
110 114 116 123 130 140 147 149 151 159 166 169 174 181 184 192 195 199 207 211 212 217 219 223 226 229 233 234 237 239 245 246 249 254 258 261 265 266 275 276 277 285 287 288 292 295 300 302 303 305 306 311 315 319 320 330 332 335 337 340 344 345 347 350 355 361 365 368 371 373 376 379 382 386 388 391 392 398 403 407 409 413 414 416 423 428 430 434 438 440 444 448 449 453 454 460 461 465 466 470 475 479 480 481 487 490 494 498 501 502 504 505 509 510 513 517 519 522 523 529 530 531 534 537 541 543 547 552 553 560 564 566 568 570 574 577 579 580 583 585 589 593 594 597 602 606 609 612 615 618 622 
112 117 119 125 132 143 148 151 153 162 167 173 176 183 185 196 197 201 209 215 216 220 223 224 230 232 237 239 240 244 247 248 250 258 260 264 267 269 278 281 284 286 289 290 295 296 303 307 308 312 313 317 319 322 325 333 335 339 343 347 351 354 357 359 362 366 368 369 373 375 380 381 386 389 391 394 396 401 407 411 412 415 419 423 425 431 434 435 441 443 445 450 454 456 460 463 466 469 470 473 476 482 484 486 489 491 496 502 505 507 511 512 513 517 519 521 522 526 529 532 536 539 542 545 547 551 554 556 559 561 567 569 573 577 578 579 580 584 588 591 593 595 597 598 605 607 612 614 619 623 624 
115 118 121 126 136 146 150 152 154 163 171 176 178 186 188 199 200 205 210 217 219 224 226 230 232 236 238 241 244 247 251 252 255 262 266 267 268 273 281 285 287 291 295 297 301 302 305 309 312 314 318 319 322 324 328 336 337 341 344 350 355 358 362 365 367 370 373 375 379 380 382 386 387 390 393 396 398 404 408 413 417 421 423 426 427 435 438 442 443 446 448 451 456 458 463 466 467 472 474 475 480 484 485 490 494 497 500 506 509 512 513 515 516 519 522 525 526 528 532 535 538 542 543 548 551 552 558 559 563 567 568 573 575 578 579 582 585 588 590 592 597 598 600 601 609 613 616 618 622 624 625 
118 122 123 127 140 150 151 153 157 165 174 179 180 190 194 201 205 207 214 220 223 228 231 234 236 238 242 245 249 250 254 256 258 265 269 273 277 281 284 286 289 293 298 299 303 305 306 312 314 316 321 323 327 331 332 339 341 343 347 354 359 360 363 369 373 376 378 381 384 386 388 391 392 394 395 399 401 408 411 414 419 425 426 429 431 436 442 443 446 449 451 455 458 462 467 471 475 476 479 480 481 485 487 494 495 498 502 508 513 516 517 521 522 524 525 529 530 531 533 537 539 545 547 550 553 557 561 562 564 571 573 577 578 582 583 587 591 592 595 599 600 604 608 610 612 615 619 621 626 629 630 
122 124 128 131 144 152 155 159 162 169 176 181 184 191 196 203 209 211 217 223 224 232 234 236 238 239 246 248 252 255 256 258 261 268 272 274 279 283 285 288 292 295 300 302 305 308 312 315 318 322 326 327 328 333 334 343 345 348 351 356 361 364 368 371 376 377 382 385 388 392 393 395 397 400 403 405 407 410 412 415 422 426 429 432 435 437 445 448 452 453 457 461 464 468 470 472 476 479 482 486 488 489 490 495 499 501 504 509 516 518 520 523 525 528 532 536 537 541 543 546 548 550 554 558 560 561 564 567 571 573 574 578 579 583 587 591 594 597 600 604 606 607 611 615 617 621 624 628 630 633 635 
123 125 132 134 146 155 156 163 164 171 178 185 186 195 197 207 212 213 218 224 225 235 239 242 246 249 250 254 257 261 263 267 268 271 273 275 281 287 288 290 294 298 303 304 306 309 316 317 322 323 328 329 332 334 335 344 347 349 353 358 364 365 372 373 378 382 383 387 391 396 398 400 403 407 409 410 411 415 417 420 423 427 433 436 440 442 446 449 454 455 460 465 467 470 472 474 479 481 484 489 490 494 496 500 501 504 506 513 519 521 524 525 529 531 534 540 544 546 549 551 552 556 558 560 561 562 565 570 572 576 579 580 581 586 589 593 598 602 603 608 610 611 613 617 620 623 625 631 632 635 637 
125 127 136 139 149 157 161 166 168 174 180 189 192 198 200 211 216 220 221 228 232 239 240 246 247 253 254 256 260 264 265 269 270 274 276 280 285 288 290 291 295 299 306 309 311 312 318 321 324 325 331 335 338 341 342 348 350 351 354 361 366 369 376 380 384 386 390 391 392 398 399 403 406 408 413 415 418 419 421 424 428 429 436 440 444 448 452 454 458 462 465 467 469 472 473 478 480 482 488 493 496 500 502 506 507 508 512 515 523 524 525 526 530 534 536 541 546 549 553 556 559 560 563 564 565 566 569 571 573 578 582 583 584 588 592 594 600 603 607 612 613 614 618 619 624 628 632 635 638 639 641 
126 130 137 141 153 161 163 167 169 176 183 192 194 199 204 215 217 222 224 229 233 241 245 249 253 254 258 260 262 267 271 273 274 275 278 284 286 289 291 292 299 301 308 310 314 317 322 326 327 331 335 338 339 342 343 349 354 357 358 365 367 372 378 382 388 389 392 396 398 400 404 405 410 412 415 416 421 424 428 432 435 436 437 444 447 451 453 456 459 463 467 468 472 475 478 482 486 487 489 494 499 501 506 510 513 516 520 523 526 528 529 533 535 538 541 542 548 550 557 560 561 562 566 570 574 576 579 582 586 588 592 595 599 601 605 608 609 611 612 616 620 622 625 629 631 635 637 641 645 646 647 
127 131 140 142 157 164 166 171 173 177 187 194 196 202 205 217 218 223 226 231 237 243 246 251 256 257 261 262 266 268 272 274 277 281 284 286 288 293 297 298 300 305 311 313 318 322 324 328 330 335 339 340 342 345 348 351 355 361 362 369 370 375 380 383 389 393 395 398 400 402 405 406 412 414 416 419 425 426 432 434 438 442 446 448 450 453 457 458 460 467 469 472 475 478 479 486 490 493 495 499 502 505 510 511 517 518 523 526 529 533 534 535 536 542 545 548 551 554 558 564 565 569 571 574 578 580 582 583 589 590 594 599 601 603 606 610 614 615 618 620 622 624 628 631 632 636 638 645 648 650 651 
131 132 143 147 160 166 168 175 179 182 191 197 201 206 208 218 222 224 228 233 240 246 249 255 257 259 263 267 271 273 274 276 281 282 287 290 292 294 299 303 305 308 314 315 322 324 328 331 332 337 342 346 347 348 350 353 357 365 369 371 373 376 383 385 393 397 398 401 405 409 412 414 418 420 423 424 427 429 434 438 439 443 447 449 454 455 461 465 468 471 475 479 483 487 490 492 493 495 498 500 503 508 514 516 521 523 527 528 533 537 538 541 544 545 546 552 555 556 560 566 570 574 576 578 582 585 589 591 592 594 595 603 604 605 610 614 615 618 620 622 623 626 629 632 636 639 640 646 652 655 656 
134 137 146 150 162 169 171 177 183 185 193 200 202 210 214 220 224 227 231 237 242 248 252 256 261 262 264 271 272 274 275 278 282 284 291 295 298 300 304 306 307 312 315 319 326 329 330 333 337 338 345 349 350 354 355 357 360 369 371 374 378 381 387 390 395 398 402 405 407 413 417 419 421 424 425 427 429 432 435 441 442 446 448 450 456 459 462 469 470 474 476 481 487 488 493 496 499 500 503 505 507 512 517 521 525 529 533 534 538 539 543 544 548 552 556 557 558 559 562 567 572 576 577 579 586 589 591 592 595 596 599 605 606 609 613 617 619 620 621 623 624 627 632 636 640 643 647 648 656 660 662 
135 141 147 154 164 173 175 181 187 189 195 202 206 214 215 223 225 229 235 240 246 252 254 260 262 263 268 274 275 277 280 282 285 288 295 297 302 304 306 307 308 313 316 320 328 330 332 334 340 341 347 350 351 358 359 360 364 370 375 379 380 385 391 395 398 402 406 407 408 417 420 421 424 426 428 429 432 435 436 443 444 450 453 456 458 463 465 471 474 478 482 485 489 491 497 499 500 502 507 510 511 513 521 523 526 531 536 537 542 543 544 547 550 556 557 561 565 569 571 572 574 579 583 584 590 592 594 596 598 599 602 606 607 611 615 619 620 624 627 631 634 638 642 645 648 652 653 656 660 662 664 
138 144 151 155 165 175 178 184 190 192 196 204 207 216 217 226 230 233 238 241 249 254 255 263 264 266 271 277 279 283 284 287 290 291 299 303 304 306 309 312 315 319 323 327 331 335 338 341 343 346 349 354 356 359 363 367 371 375 376 380 382 387 393 397 399 404 408 410 412 420 422 424 426 430 433 436 437 440 444 445 449 451 456 457 461 467 470 472 476 482 486 489 492 494 500 502 503 505 510 513 515 516 525 529 530 535 539 541 543 545 547 550 552 559 560 562 567 572 575 577 580 582 584 587 591 593 597 599 601 604 606 610 612 613 616 622 626 629 632 636 637 639 643 648 649 654 658 662 666 670 672 
140 145 155 156 169 179 182 185 191 194 200 206 209 217 221 229 231 235 241 242 250 256 259 267 269 270 273 278 280 286 289 291 292 294 302 306 310 312 316 320 323 326 330 333 335 338 341 345 348 349 352 357 360 363 365 368 375 378 380 382 384 390 396 400 401 406 409 413 416 421 424 426 429 434 437 439 443 447 448 451 454 456 459 460 462 470 474 475 478 485 488 492 496 497 503 504 505 507 513 516 517 521 529 531 532 536 541 542 546 548 550 554 555 563 566 567 569 576 578 582 586 588 589 590 594 595 598 601 602 606 608 611 613 615 617 624 627 630 636 638 642 644 647 650 654 658 661 664 668 672 675 
143 146 159 160 172 182 186 187 195 196 202 210 213 218 224 231 234 238 243 245 253 257 263 270 273 274 277 279 283 287 293 294 296 297 303 309 314 316 317 323 324 329 332 334 337 342 344 347 349 352 355 360 361 367 368 369 377 379 381 384 388 391 397 401 403 410 412 416 420 424 428 431 433 435 438 441 447 450 454 458 459 461 465 466 470 474 477 479 481 486 489 494 499 502 507 508 509 511 517 519 522 525 530 535 539 542 546 549 552 554 558 560 561 566 570 571 574 580 583 584 588 592 595 599 601 603 604 608 611 613 616 617 621 622 624 625 630 634 640 644 645 647 650 651 655 662 663 667 672 676 678 
147 151 163 166 175 185 190 191 198 202 206 212 217 222 227 235 236 239 246 249 257 259 266 272 275 276 279 281 287 289 296 300 303 305 308 312 318 320 322 324 328 331 336 340 342 343 345 348 350 353 356 363 364 370 371 375 379 382 384 385 389 392 400 402 404 413 416 419 421 428 431 434 435 439 441 442 448 451 458 459 462 465 467 468 473 477 480 481 484 488 490 495 500 506 509 510 513 516 519 522 525 529 534 539 541 545 549 550 556 557 559 561 562 567 571 574 577 581 586 589 591 596 600 602 603 607 611 614 618 621 625 629 631 634 635 639 641 644 648 652 656 659 662 665 667 670 672 675 676 677 679 
149 153 166 170 177 186 191 194 202 205 208 214 220 224 228 236 239 240 250 251 261 265 267 273 276 280 282 283 291 294 299 304 307 310 312 315 320 323 326 327 329 335 339 342 343 344 347 352 356 357 361 366 370 372 375 379 382 385 388 390 393 395 401 404 406 414 420 423 425 431 434 435 438 440 444 447 450 454 460 464 467 471 472 476 477 478 483 487 489 491 493 496 504 507 511 514 517 521 525 528 532 535 538 541 544 547 551 555 559 563 564 566 567 571 575 576 579 582 587 593 595 598 602 603 607 609 615 616 622 625 629 633 634 635 638 640 642 648 650 654 659 663 667 669 672 675 678 679 680 683 685 
151 156 168 171 180 188 193 195 204 207 211 216 224 225 229 240 241 242 252 256 265 268 269 275 278 281 284 287 293 296 303 307 309 312 314 316 322 325 327 330 331 339 340 344 345 349 353 354 359 360 363 369 374 377 381 383 387 389 392 394 397 401 404 407 410 418 421 424 429 433 438 442 444 447 449 450 453 457 461 467 468 473 475 479 481 485 488 492 493 495 499 502 507 510 514 515 521 525 526 529 535 539 541 545 547 551 554 558 563 567 568 572 573 577 578 581 585 588 590 595 597 601 604 607 608 612 619 623 624 629 630 635 637 639 640 641 643 649 653 656 663 667 671 673 675 678 682 683 685 687 691 
155 157 172 175 183 189 196 198 207 208 214 218 227 229 230 243 246 248 253 259 268 272 273 278 279 282 288 292 294 298 304 310 314 318 319 320 324 326 329 334 338 343 345 348 352 353 356 358 363 366 367 371 376 380 383 384 388 393 396 398 402 405 409 411 412 420 425 428 430 435 439 444 448 450 453 456 457 459 462 468 472 475 478 482 485 487 489 493 497 498 502 506 508 514 515 517 525 526 528 530 539 541 545 547 551 552 555 560 566 568 572 576 578 581 585 586 589 593 597 598 600 605 606 609 613 617 622 625 628 631 634 639 643 646 647 649 652 656 658 662 664 671 675 677 680 684 685 689 692 694 696 
156 158 176 177 185 193 197 200 209 210 217 221 228 230 233 247 251 252 255 261 269 274 278 279 281 284 290 293 296 302 306 312 317 322 326 330 334 337 340 344 345 347 348 349 355 356 358 360 364 367 370 375 377 384 385 387 392 397 399 401 403 408 410 414 417 423 427 431 434 439 441 445 451 452 454 460 463 466 469 470 473 477 482 483 486 490 491 497 500 501 506 510 513 516 517 518 529 531 533 534 542 544 547 550 554 556 557 564 570 571 573 577 581 584 588 592 593 596 599 600 601 606 610 614 615 620 626 628 632 635 637 643 645 647 648 652 653 658 661 666 670 674 676 680 684 688 692 696 699 703 706 
157 159 178 181 188 195 201 205 211 212 220 223 231 233 234 248 252 255 259 265 271 275 280 283 287 290 291 295 300 304 307 314 319 325 327 331 337 339 341 346 348 352 355 358 359 362 363 364 365 369 372 379 383 386 387 388 395 399 401 404 408 411 413 415 418 425 428 435 437 443 445 448 455 457 458 463 465 467 471 473 477 478 483 486 490 493 495 501 505 509 513 514 515 520 521 524 532 534 537 539 546 547 551 552 557 559 562 565 574 577 578 581 583 586 589 594 598 600 602 603 606 607 612 618 620 624 627 629 635 636 638 644 648 650 654 658 661 663 667 669 673 678 681 685 687 689 693 698 702 706 710 
160 163 182 183 192 197 202 207 215 219 221 226 235 239 241 249 254 258 263 268 275 277 282 285 289 293 296 299 302 305 311 317 321 328 329 333 339 341 343 350 352 353 358 360 363 364 367 368 370 374 378 382 384 390 392 396 400 403 406 409 410 412 417 418 420 427 431 439 441 444 447 450 457 459 463 466 469 471 475 477 479 483 484 490 493 495 499 504 506 512 517 519 523 524 527 529 535 539 540 542 548 550 553 556 561 562 563 568 577 580 584 585 589 593 595 598 600 602 606 609 610 614 616 621 624 627 631 632 637 640 644 647 652 653 656 662 664 666 669 671 677 679 683 687 691 694 697 701 705 710 712 
162 165 185 187 194 201 203 210 216 223 226 227 238 242 246 252 258 262 266 269 277 280 284 287 292 295 299 302 305 309 315 319 323 329 332 336 342 344 347 353 356 360 361 362 364 367 371 375 376 380 383 386 390 391 394 399 401 404 409 413 414 416 419 423 427 429 434 440 445 449 451 455 459 460 464 469 471 473 476 478 480 486 489 491 494 498 503 505 509 515 520 523 524 527 528 530 536 543 546 549 553 556 560 564 568 569 570 572 580 582 588 590 593 595 596 602 606 608 610 612 615 616 620 624 625 630 632 634 638 644 647 648 653 655 659 664 665 667 670 674 679 683 687 688 694 698 701 702 706 711 713 
166 168 188 192 197 202 204 212 218 224 227 231 239 245 249 253 260 266 269 270 280 281 286 288 296 299 303 305 308 310 317 322 325 330 335 340 343 345 348 355 358 362 366 368 370 371 374 379 383 385 389 393 395 398 399 402 403 407 412 415 419 423 426 428 432 433 438 442 448 450 453 456 462 466 467 472 473 477 478 481 485 487 491 492 497 502 505 509 511 517 524 526 530 534 535 537 540 546 550 552 555 558 563 565 572 573 575 576 583 584 589 591 597 601 605 609 612 615 616 620 624 627 628 632 633 634 638 641 645 649 650 652 654 659 660 668 672 675 679 680 684 685 691 693 695 702 706 710 714 717 719 
169 173 189 196 199 204 205 213 220 225 231 233 242 247 251 256 262 269 273 276 283 284 287 291 300 301 304 307 309 312 318 324 326 332 339 343 346 350 354 358 360 366 369 372 373 375 377 380 385 388 392 397 399 403 407 408 409 412 415 417 420 424 428 432 436 438 440 443 450 451 455 459 464 470 474 476 480 484 485 489 492 496 497 498 501 503 506 511 515 518 527 530 533 535 536 541 542 547 553 557 560 564 568 571 576 579 580 584 585 589 590 594 598 602 609 610 615 619 621 624 625 630 633 637 641 643 644 646 649 653 656 657 661 664 665 671 676 678 680 682 685 686 692 696 699 705 710 713 717 719 720 
171 176 192 197 203 206 207 214 223 226 235 238 246 251 254 260 265 273 277 281 287 288 292 293 301 303 306 311 315 318 319 326 327 336 341 345 349 354 356 360 364 368 371 376 380 384 385 387 389 390 394 398 400 404 411 415 418 422 423 424 427 429 433 437 440 441 444 447 453 455 458 460 465 474 476 477 482 488 491 492 493 499 502 504 507 511 515 518 521 523 528 531 536 539 540 542 546 549 556 558 562 568 570 573 579 581 585 586 587 590 593 595 601 603 612 613 618 623 627 628 629 632 634 641 642 645 649 650 652 657 658 659 662 667 669 673 680 681 682 683 687 688 696 700 701 708 713 715 718 722 723 
172 179 193 198 205 210 213 215 224 228 239 243 249 255 256 262 266 274 279 285 288 289 295 297 302 306 309 312 316 320 321 327 330 340 343 347 352 356 359 361 368 370 372 377 383 388 389 391 392 396 397 401 402 405 414 417 422 424 425 427 430 431 436 441 445 447 449 450 454 459 461 464 468 477 480 482 486 490 495 498 500 501 506 509 513 514 518 521 525 526 530 533 539 541 542 546 548 550 559 561 566 572 575 576 583 586 590 592 596 598 601 602 603 607 616 618 619 624 629 633 636 639 643 645 649 652 656 659 661 665 669 672 674 678 681 682 683 687 688 692 694 697 701 702 703 710 717 720 722 724 726 
175 181 194 201 209 214 217 219 226 231 240 245 252 257 259 264 268 277 283 288 289 291 297 300 304 308 310 313 319 323 326 330 334 341 345 349 356 359 362 364 371 375 376 381 386 390 392 395 397 400 402 404 407 408 415 420 423 428 430 433 436 439 442 443 448 450 451 455 456 461 465 466 469 478 484 485 489 492 499 501 503 506 509 511 515 518 522 524 529 531 535 538 540 543 546 547 551 553 561 564 567 575 579 582 586 590 591 596 600 603 607 608 611 615 619 620 623 628 632 637 639 642 645 646 651 656 658 663 666 668 670 676 680 682 684 688 690 693 695 699 702 703 704 707 709 712 721 724 726 728 729 
179 185 198 202 213 216 218 223 228 234 242 246 254 260 261 267 269 280 287 292 295 297 298 304 305 309 314 317 322 327 329 332 336 345 349 351 360 363 366 370 373 378 382 385 388 393 396 400 404 407 408 411 415 416 417 423 427 430 431 437 441 444 446 449 450 451 452 457 461 465 467 471 475 481 486 488 492 495 501 505 509 513 515 519 521 523 525 529 533 537 540 542 546 547 551 555 558 562 566 567 568 577 581 584 587 591 595 600 604 606 609 610 613 619 620 621 627 629 636 641 645 646 647 649 652 659 662 665 670 671 675 678 683 687 688 691 694 696 700 702 706 709 711 714 716 720 723 725 730 732 733 
183 188 201 205 214 218 222 226 231 238 246 248 258 264 267 270 272 283 290 296 298 301 303 308 311 312 318 319 324 329 332 334 338 349 352 355 362 367 368 373 377 382 385 386 392 395 398 401 407 409 410 414 416 420 422 427 429 434 437 440 445 448 449 452 456 457 460 464 466 470 473 474 477 483 487 492 494 498 503 509 511 516 520 523 524 526 529 533 537 538 541 544 549 550 554 559 560 566 569 572 573 580 582 586 590 595 596 603 607 608 612 614 617 623 626 628 629 632 637 643 647 649 650 652 656 660 664 666 671 675 677 681 684 689 693 697 700 701 703 704 707 713 717 720 723 724 728 730 731 736 737 
184 189 202 207 215 222 225 228 232 240 248 251 262 265 271 272 276 285 291 297 301 302 307 311 313 315 322 324 328 333 336 340 341 351 353 356 364 368 372 375 380 384 386 390 394 397 399 403 410 413 414 415 420 424 427 429 433 438 441 444 446 452 455 459 461 462 465 469 473 476 478 480 481 487 489 493 498 499 506 510 514 519 522 525 526 528 530 536 540 544 546 549 552 553 556 560 561 567 571 574 577 583 584 590 592 597 601 607 611 615 617 618 622 626 630 631 634 638 639 646 648 650 651 655 659 664 665 670 675 678 682 684 687 693 696 698 703 706 710 713 714 715 720 721 724 727 729 734 736 739 741 
188 192 205 209 218 225 228 232 236 243 251 254 265 266 272 276 280 288 293 298 304 308 312 315 318 322 325 328 331 337 338 344 345 354 358 360 366 369 375 378 381 386 390 391 395 398 403 405 413 414 417 421 425 429 431 435 439 443 447 450 454 457 460 464 465 467 470 471 474 478 479 482 484 488 493 494 502 503 510 514 516 521 523 528 532 535 538 539 544 545 550 554 556 558 561 563 566 569 574 575 581 586 590 591 594 600 602 609 615 618 621 623 625 628 631 634 638 639 642 649 651 654 655 656 663 666 667 671 678 680 684 685 689 695 698 701 704 710 713 716 718 722 726 729 732 735 739 743 747 750 754 
191 193 206 211 219 228 232 233 237 245 254 258 267 268 275 278 284 290 294 301 306 310 315 318 322 323 326 329 334 340 343 345 347 357 360 363 368 370 376 380 385 389 391 392 396 402 407 409 414 415 418 424 427 433 435 438 440 445 450 453 456 461 462 466 469 470 471 472 477 482 486 490 493 496 500 504 508 512 513 516 518 523 524 530 536 539 542 545 549 550 553 557 558 561 563 565 567 572 578 582 585 588 592 595 599 603 604 613 617 620 623 625 627 630 635 637 640 643 647 652 656 658 661 664 667 671 673 677 681 682 686 687 693 697 701 704 707 714 718 722 724 726 728 733 734 736 741 745 749 751 758 
193 196 207 215 223 230 234 237 241 247 257 262 269 272 276 281 285 292 296 305 309 312 318 319 324 326 328 330 338 341 347 348 350 360 361 364 372 375 379 382 388 392 394 396 398 404 410 413 416 420 422 426 428 437 440 444 448 449 453 457 460 464 468 470 473 475 479 482 485 488 489 494 497 499 501 506 512 515 519 520 524 526 528 531 540 542 545 548 552 553 555 560 564 566 570 573 574 578 581 586 589 590 593 597 600 607 609 615 619 622 624 626 629 631 636 639 642 646 649 653 657 661 664 667 668 672 675 681 684 688 690 694 697 701 703 707 710 716 720 723 727 731 732 734 738 741 743 749 751 755 762 
197 201 209 219 226 232 236 239 245 250 260 266 273 275 280 284 286 293 298 309 313 317 320 323 326 329 331 335 342 344 351 355 356 362 365 369 374 376 380 384 391 396 398 401 405 407 414 415 417 421 425 430 431 441 442 446 449 452 455 458 463 466 471 474 477 480 483 486 489 493 496 500 502 504 508 511 513 517 522 525 528 529 530 533 543 546 549 551 553 555 559 561 565 568 572 576 579 582 583 588 593 596 600 604 607 610 613 618 623 626 628 632 633 636 638 643 644 647 651 656 660 664 667 670 674 675 676 685 686 689 693 698 699 703 707 709 714 718 722 724 728 735 738 742 746 750 752 753 756 760 763 
200 203 211 223 227 234 239 242 246 253 262 269 275 277 284 285 290 295 301 313 317 321 323 326 328 332 335 339 346 348 354 358 362 364 367 370 375 378 381 388 392 398 399 403 409 410 417 420 423 424 426 432 433 445 448 452 454 458 461 462 466 468 472 475 478 483 487 490 492 497 498 502 505 506 509 513 515 521 525 529 530 531 535 536 544 549 550 554 557 561 565 568 572 574 575 579 581 586 588 590 597 600 603 607 610 611 615 619 625 628 630 636 639 640 644 645 646 648 652 660 662 667 669 671 678 681 685 686 690 692 697 701 704 708 710 714 715 720 725 727 730 736 739 744 749 754 755 756 757 764 765 
203 207 213 225 230 238 242 243 248 256 264 270 279 283 288 289 293 297 303 317 318 323 324 329 333 337 341 344 347 349 357 361 366 367 368 371 379 381 383 390 395 402 403 405 410 411 420 422 424 425 429 435 439 449 450 454 458 461 462 464 468 470 476 478 480 486 489 492 493 498 501 503 509 513 514 515 516 523 528 532 536 539 540 544 548 550 553 558 561 564 568 571 574 578 580 581 584 588 590 592 598 601 607 611 613 617 621 624 629 633 637 640 643 647 651 653 655 656 657 663 666 669 670 675 680 685 687 688 694 697 701 702 706 711 713 717 720 721 728 730 734 739 741 748 751 755 757 761 764 767 768 
205 211 217 228 232 239 245 248 250 259 268 271 282 284 292 296 297 301 306 320 323 326 329 332 334 339 343 347 349 350 360 365 370 373 374 377 383 385 388 394 396 403 407 411 413 416 421 423 427 428 432 438 442 453 454 457 462 463 466 470 473 476 478 482 483 490 494 496 499 502 504 507 512 515 516 519 520 527 532 533 538 540 544 547 549 551 554 562 564 566 570 574 576 580 582 586 589 592 595 597 601 604 611 615 619 620 625 627 630 636 641 642 644 648 654 656 657 660 661 667 668 673 674 679 681 687 689 693 696 699 703 705 708 713 714 718 722 724 732 735 737 741 744 751 755 758 761 764 767 768 772 
208 215 219 229 236 240 247 252 255 260 272 273 283 288 294 297 301 303 308 323 324 328 333 336 340 342 346 350 352 353 361 367 373 374 375 381 387 389 393 395 399 406 409 414 416 418 423 427 430 432 435 442 444 457 458 460 465 469 472 474 477 478 482 486 487 493 496 497 500 506 508 509 516 518 521 524 526 531 533 534 540 541 546 550 551 553 558 564 568 571 575 579 582 586 587 591 593 597 600 601 602 605 614 617 620 624 628 632 635 640 643 645 647 649 656 659 663 666 668 672 674 677 678 682 685 690 693 696 697 703 707 708 710 714 717 721 724 727 735 738 740 744 748 752 758 759 762 766 770 772 773 
210 219 223 233 239 243 251 254 256 261 276 277 285 291 296 298 303 307 312 327 331 332 336 340 344 347 348 353 355 357 365 369 374 378 379 382 388 393 396 397 403 409 412 417 418 420 427 431 433 436 437 445 446 458 461 464 466 470 474 478 481 483 485 489 491 496 499 503 507 509 513 517 518 519 522 527 529 532 534 538 544 546 550 551 552 557 559 565 571 572 577 581 583 588 592 596 600 601 602 604 606 607 615 621 623 628 630 633 637 641 644 649 650 654 659 663 665 670 674 678 681 684 687 689 692 695 699 701 702 704 709 710 713 717 720 725 728 729 739 741 744 746 749 755 761 762 763 770 774 776 778 
213 220 224 237 242 247 255 259 262 264 280 282 287 292 299 302 307 309 315 329 333 337 340 341 347 348 352 355 356 360 368 371 376 382 385 388 392 397 399 403 407 411 414 420 422 425 430 432 435 437 441 448 450 459 464 467 471 473 475 482 485 487 491 492 494 499 502 505 509 511 514 519 520 521 524 530 532 536 538 540 545 547 551 554 555 560 564 567 573 576 579 585 588 589 595 599 604 605 606 607 611 614 616 623 625 629 634 635 640 643 645 653 654 658 663 665 667 674 677 681 682 685 691 692 694 698 700 704 706 708 711 713 716 720 724 728 730 733 743 746 748 752 756 759 765 766 769 772 777 778 782 
215 223 228 238 243 249 257 262 265 269 283 286 290 294 303 306 311 313 319 332 336 340 342 344 351 355 359 362 366 369 371 374 378 384 387 392 395 399 401 407 411 414 415 424 427 431 433 437 441 442 445 451 455 462 466 468 474 475 478 485 489 491 495 496 499 500 504 507 511 513 515 520 524 526 528 531 533 538 540 541 548 551 555 556 557 561 567 569 575 577 582 586 592 594 597 600 607 609 612 615 619 620 622 624 626 631 636 637 642 646 647 656 660 662 667 671 672 677 678 682 685 686 692 693 695 700 704 707 710 714 717 719 720 724 725 732 736 740 746 748 751 754 759 761 768 771 775 779 780 781 784 
216 225 231 240 246 250 258 266 268 272 287 289 291 297 304 308 313 317 320 334 339 342 344 347 353 357 361 363 369 370 374 377 379 386 389 395 397 402 406 411 414 418 420 427 428 435 437 440 443 444 448 454 458 466 470 474 475 479 483 486 492 496 498 499 500 501 506 508 512 517 518 524 525 529 531 532 536 540 542 546 551 554 557 561 565 567 568 571 577 578 585 587 596 598 599 602 608 613 617 618 623 624 627 631 632 635 638 640 646 647 649 658 663 667 671 674 676 679 682 685 689 692 693 695 698 704 706 710 711 717 718 720 724 728 732 735 739 744 747 750 754 756 763 764 769 772 779 783 784 788 792 
220 227 234 242 250 252 260 269 273 277 291 293 295 298 308 312 316 318 323 336 340 346 348 350 354 358 364 365 373 374 376 378 381 389 392 399 401 403 407 413 415 420 421 429 432 437 438 442 445 446 450 457 459 469 471 476 478 483 485 489 496 499 501 503 504 506 508 509 514 519 522 528 530 534 536 540 544 545 549 551 553 557 559 564 566 569 573 574 581 585 588 590 599 603 607 608 611 617 620 622 626 630 632 635 639 640 642 645 647 649 653 659 665 671 673 677 680 683 686 689 690 695 696 699 702 705 710 711 715 721 724 727 729 732 733 736 742 748 750 754 756 759 767 768 772 775 781 787 789 792 795 
221 229 236 245 253 255 264 273 274 278 292 294 297 299 311 316 318 322 324 340 343 347 351 355 359 360 368 372 377 380 382 385 386 393 394 400 403 406 409 414 418 421 422 432 434 438 441 444 449 453 455 459 460 470 473 480 484 485 487 493 499 500 504 508 510 511 513 514 518 520 526 531 532 535 538 541 547 548 550 553 556 560 561 565 570 571 574 575 583 589 590 592 603 607 610 614 616 620 621 625 630 634 637 638 643 645 649 651 654 655 658 661 669 674 676 681 684 688 690 693 695 697 700 702 705 707 711 714 716 724 725 729 733 737 738 742 745 750 752 755 757 760 769 772 776 779 783 791 792 794 799 
223 233 239 247 256 257 266 277 278 279 294 298 300 304 315 317 319 326 328 341 346 348 353 356 360 363 372 376 380 383 387 390 394 397 399 404 408 409 413 415 419 424 427 434 437 441 444 447 450 455 459 462 463 472 477 481 488 491 492 494 500 502 507 512 515 516 517 520 522 525 530 532 536 540 543 544 548 550 553 554 558 562 563 566 573 576 578 579 586 591 595 599 606 610 613 616 619 624 627 629 634 638 642 646 648 650 652 654 655 656 661 665 671 676 678 683 686 689 691 697 700 703 704 707 709 711 714 718 722 728 730 733 734 738 739 743 748 753 755 759 763 767 771 775 780 782 784 792 796 799 801 
224 235 241 251 259 263 268 280 284 287 298 301 302 305 319 323 327 329 331 343 347 350 356 359 364 365 375 378 383 386 390 392 398 402 404 407 409 410 414 419 420 425 429 437 438 445 448 449 451 459 460 465 466 475 481 485 492 495 498 499 502 503 508 516 518 521 523 526 530 533 535 539 541 545 548 549 551 553 555 559 560 565 566 568 577 581 584 585 588 594 597 603 608 614 617 619 622 627 628 631 636 642 643 649 652 653 656 659 662 665 669 670 672 680 681 687 688 690 695 699 703 706 708 712 716 720 721 725 728 732 734 738 740 744 745 747 751 754 757 760 764 768 775 777 782 785 788 795 799 801 803 
227 239 243 252 263 266 270 283 288 291 300 303 304 308 322 327 331 332 334 346 351 352 357 361 365 368 379 382 385 388 393 394 400 403 406 408 411 414 416 422 423 426 432 439 440 446 450 453 454 463 466 467 470 479 484 486 495 497 500 503 506 509 511 518 519 525 529 532 534 537 540 542 546 547 549 552 556 560 561 564 566 567 568 571 579 585 587 588 589 598 599 606 609 615 619 621 626 628 631 635 640 644 648 653 655 658 661 662 664 669 670 672 676 683 687 690 694 698 699 702 705 709 711 713 717 723 725 728 729 733 736 741 743 747 751 753 757 761 763 767 770 773 778 779 786 789 793 798 803 804 806 
229 241 247 256 264 268 271 284 290 295 302 305 306 311 323 330 335 338 340 347 354 356 361 365 367 369 382 383 387 392 395 396 404 407 411 415 419 420 424 427 428 430 435 443 447 450 451 457 461 467 471 472 475 481 487 491 499 502 505 508 509 511 515 521 525 526 530 535 537 541 545 547 551 554 555 558 559 563 565 566 569 570 574 575 583 588 590 592 594 601 604 610 611 617 620 623 629 633 634 636 642 646 652 654 658 660 663 667 668 670 674 676 679 684 689 692 696 699 703 706 708 713 716 717 720 727 730 734 735 736 740 744 746 751 752 754 758 762 767 771 772 775 779 780 790 793 794 802 805 807 809 
232 242 248 259 266 272 273 288 292 298 306 310 313 317 326 331 339 343 347 350 356 360 363 369 371 374 384 385 391 393 396 398 407 411 415 419 423 424 426 430 431 432 438 445 449 452 456 461 462 469 474 477 478 482 488 493 502 505 509 513 515 519 520 522 528 532 534 539 543 546 548 549 555 558 560 561 564 565 569 572 574 578 582 585 587 589 592 595 599 604 607 614 616 618 623 627 633 634 637 638 644 649 655 659 661 665 666 669 673 675 679 681 685 688 692 696 698 702 706 710 714 715 717 721 723 729 732 735 738 739 742 748 749 754 758 762 763 766 771 774 777 779 783 787 792 796 797 806 808 810 812 
235 245 251 261 269 275 278 289 295 302 309 314 318 320 330 333 340 346 350 351 359 361 366 372 376 380 388 392 396 399 403 407 408 413 419 421 427 429 431 435 436 439 441 449 452 453 460 462 466 471 476 481 483 486 490 494 505 507 511 516 519 521 523 526 531 536 538 543 545 550 552 556 559 561 562 565 569 571 572 574 577 581 584 588 591 593 596 598 602 605 611 617 619 621 625 631 634 635 641 644 646 652 657 663 667 670 673 674 675 677 682 684 686 692 694 699 702 703 708 711 716 717 718 722 726 733 736 738 740 744 746 751 754 757 759 766 769 771 774 775 780 782 786 788 796 799 801 807 812 816 817 
237 249 253 262 271 278 282 293 298 303 312 315 322 326 331 337 343 347 354 358 360 365 367 374 379 383 391 396 397 403 407 411 412 414 420 425 431 435 437 441 442 444 445 453 457 459 462 464 468 473 477 485 486 489 492 498 507 511 514 517 520 522 527 528 535 537 541 547 551 555 558 560 563 567 571 575 579 581 585 587 588 591 592 594 598 602 605 606 610 611 613 619 622 624 627 633 637 638 643 647 651 654 659 665 670 671 677 678 680 683 684 686 690 693 695 701 703 705 712 713 718 721 724 728 729 734 740 744 746 747 751 752 755 761 764 769 771 773 777 780 781 784 789 790 800 802 806 811 816 817 820 
238 253 255 266 275 281 286 295 300 305 314 316 324 328 333 338 345 351 356 362 364 366 368 376 381 387 393 400 402 407 411 412 414 417 424 426 435 439 441 444 448 451 453 457 458 462 466 469 473 477 478 488 489 493 497 501 509 515 518 522 524 528 529 531 536 540 545 550 555 558 560 561 564 571 575 576 583 587 591 594 597 598 602 605 606 607 609 612 614 615 616 623 624 626 630 634 638 640 646 648 655 657 660 667 671 675 680 684 688 690 693 697 700 701 703 704 707 710 714 718 720 725 727 732 733 738 743 747 750 753 757 758 760 762 765 772 776 778 781 782 785 789 791 793 801 805 810 813 817 821 825 
241 254 258 268 278 284 290 298 302 307 316 320 326 330 335 340 347 355 358 364 368 372 375 378 384 389 395 404 405 408 412 416 417 419 427 431 438 443 446 450 453 456 460 463 465 469 473 474 476 478 482 490 493 494 500 502 511 517 519 523 526 531 532 535 538 542 546 551 556 560 564 566 568 573 578 580 585 588 592 598 600 604 605 607 609 612 614 618 621 625 628 632 636 637 641 644 646 647 648 651 657 659 662 669 673 676 684 686 692 694 696 700 703 704 706 707 709 714 715 720 724 727 731 735 737 739 744 750 753 755 759 761 765 769 772 776 780 781 784 788 790 791 794 796 805 807 812 815 821 824 826 
242 257 260 272 282 286 291 302 306 310 318 324 329 332 336 344 349 359 363 368 372 375 376 381 386 393 397 407 410 411 416 418 422 425 431 433 439 445 448 453 457 458 464 465 468 473 474 475 479 482 483 491 497 501 504 506 512 521 522 525 530 533 535 536 540 545 548 555 557 563 565 568 570 575 580 584 588 591 593 602 606 610 614 617 619 620 623 626 630 632 636 640 642 646 647 648 649 653 657 661 662 663 667 672 675 678 685 687 696 698 702 706 708 711 714 717 718 719 721 723 726 730 735 736 739 741 745 754 755 756 762 764 769 771 773 778 781 785 789 790 791 795 797 801 809 810 816 817 824 825 830 
243 258 262 276 286 287 292 303 309 311 319 328 330 335 340 345 350 361 367 369 376 378 380 383 390 397 399 410 412 415 418 421 424 426 433 437 440 449 451 456 461 464 466 467 472 477 478 479 483 486 488 495 499 503 505 507 514 522 523 526 533 537 538 539 541 546 552 557 559 565 569 573 577 581 584 586 589 593 597 606 609 614 615 620 622 626 628 632 633 637 640 644 648 651 653 657 659 662 665 666 669 671 675 676 678 682 686 691 697 701 703 707 709 712 718 719 721 722 725 726 730 733 736 737 742 745 749 758 761 764 767 771 773 774 776 780 785 788 793 794 797 800 803 805 812 813 819 822 825 827 832 
244 260 265 277 290 293 295 307 312 314 320 330 331 338 341 347 352 364 370 373 378 380 381 387 391 399 402 412 416 418 421 422 425 428 436 440 443 452 454 457 462 465 470 471 476 480 482 483 485 490 492 499 501 505 507 509 517 525 529 531 535 541 545 549 553 557 558 560 562 566 571 576 578 582 587 591 592 595 601 608 612 616 620 624 626 627 631 633 636 638 643 646 649 654 656 659 663 666 667 668 673 677 679 683 686 689 691 695 698 703 706 709 712 716 720 721 722 726 730 732 735 736 737 738 745 749 752 759 763 765 768 774 776 778 780 781 787 791 796 797 801 802 804 806 814 816 820 824 827 828 836 
247 262 267 278 291 296 299 310 313 316 321 333 335 340 343 349 355 365 374 375 380 384 388 392 395 402 403 415 420 422 425 429 430 433 440 444 448 455 459 460 466 470 472 475 479 484 487 490 494 496 497 500 505 506 509 513 521 526 530 535 538 543 546 550 557 559 562 564 567 570 575 578 579 585 590 595 597 598 605 610 614 618 624 627 630 631 632 637 639 640 645 650 652 658 662 664 666 668 670 673 674 679 680 687 690 691 695 699 701 705 709 713 714 717 722 725 728 729 733 736 738 741 743 745 749 751 755 763 766 768 769 775 778 782 784 785 791 794 798 799 805 808 812 815 819 823 827 828 831 833 838 
251 264 271 280 294 299 302 311 317 319 324 334 339 344 345 351 356 368 377 381 384 386 389 394 397 405 408 419 424 426 428 431 435 436 442 446 450 459 461 462 468 474 477 481 485 486 491 495 496 500 503 505 508 512 513 517 523 529 533 536 539 544 549 554 561 565 567 569 570 572 579 580 584 586 594 598 602 606 610 611 616 621 625 631 634 636 638 641 642 643 647 651 655 661 665 668 671 673 674 678 679 682 684 689 694 697 700 704 706 707 713 717 720 724 728 732 735 738 742 743 746 747 749 750 753 755 757 764 770 772 774 778 782 784 786 787 792 797 799 802 807 810 816 817 822 826 831 833 835 838 840 
254 265 273 282 295 302 306 312 321 322 326 337 343 347 351 353 358 369 378 384 386 387 391 395 401 406 412 421 426 428 432 434 439 443 445 447 453 462 465 466 472 475 481 483 486 489 492 497 499 502 505 507 509 513 517 520 524 533 534 537 540 546 553 557 562 569 570 574 576 580 582 586 590 594 596 602 604 610 611 614 620 622 628 633 635 638 639 644 645 646 649 655 657 662 667 672 674 677 681 684 685 687 688 690 697 698 702 708 711 715 718 719 721 726 730 736 737 739 744 745 750 752 754 756 758 760 761 768 774 778 781 784 785 789 790 792 793 798 800 806 810 811 817 821 825 827 835 838 839 843 846 
257 268 275 285 297 305 310 316 324 327 328 341 346 349 352 355 362 371 379 385 390 393 394 398 403 407 416 425 427 432 435 436 443 446 450 452 454 463 468 472 474 477 485 486 490 491 493 501 502 505 508 511 515 519 522 526 530 534 535 540 542 547 557 561 566 570 573 576 578 582 584 587 592 595 598 604 606 612 616 619 621 625 632 635 637 642 644 645 648 649 653 658 661 664 671 673 677 678 683 688 691 693 696 699 701 703 707 711 713 716 722 723 724 728 734 739 742 746 750 752 755 759 761 765 766 769 773 775 777 780 783 787 791 793 797 799 803 807 808 810 812 814 818 822 829 833 837 842 846 849 850 
258 269 279 287 299 308 313 319 326 331 332 343 347 352 355 357 365 374 380 386 394 397 398 399 407 409 417 429 431 435 437 438 445 449 452 453 458 466 472 473 477 478 486 489 493 495 498 502 504 506 509 514 516 522 523 529 533 536 539 543 546 550 558 565 568 572 577 579 582 583 587 590 595 598 601 605 607 615 617 620 622 629 635 636 639 644 647 648 649 653 657 661 665 668 673 675 681 684 686 691 693 696 697 703 705 708 711 714 718 720 726 730 733 737 739 741 746 750 751 755 759 763 765 768 772 774 778 779 780 781 786 791 793 797 798 800 804 808 809 812 815 819 823 824 833 834 840 844 847 853 856 
262 270 282 289 300 312 317 322 329 334 336 345 348 354 357 360 366 375 383 387 397 401 405 406 409 413 418 433 435 436 441 445 449 453 454 457 462 467 476 479 480 484 488 491 494 498 501 506 508 512 514 518 519 525 526 530 534 539 542 545 549 552 560 567 570 575 581 583 587 588 591 595 598 602 604 606 610 619 621 624 626 630 636 639 641 646 650 654 658 662 666 668 671 672 676 678 684 687 691 694 698 702 703 707 709 713 716 717 719 723 728 734 735 741 745 746 747 753 754 759 763 765 768 772 774 777 780 781 784 788 789 794 798 802 806 809 811 815 817 820 824 825 826 829 837 840 841 846 849 857 861 
266 274 284 291 304 316 320 325 330 338 340 348 351 355 358 361 370 378 387 390 400 405 406 407 412 416 422 437 441 442 444 446 452 456 458 460 465 470 480 484 487 489 491 495 498 500 504 508 510 513 515 519 522 529 533 534 538 540 545 548 550 556 561 568 574 576 584 585 588 592 594 599 601 604 608 609 612 623 627 628 629 631 640 641 644 648 652 656 661 664 670 673 677 680 681 684 688 692 694 695 702 705 706 710 712 716 719 721 723 726 732 735 739 742 748 752 754 757 760 763 764 768 769 773 775 779 782 784 788 791 795 796 801 805 807 810 813 816 818 824 826 828 831 835 838 842 843 849 851 858 863 
270 277 287 295 306 320 322 326 331 342 344 349 355 358 360 365 374 380 390 394 402 407 409 413 415 418 425 439 445 447 450 452 456 457 462 463 467 472 483 485 489 491 494 498 502 503 506 509 513 516 518 523 527 533 535 537 540 541 548 551 554 559 563 570 575 579 588 590 592 595 598 602 603 607 610 612 613 625 629 630 632 635 644 646 647 652 655 660 662 666 671 674 678 684 685 689 693 695 697 700 706 707 709 713 715 719 721 725 727 729 734 736 740 743 752 753 757 758 761 766 768 770 771 774 777 782 784 785 792 794 796 797 803 806 810 812 816 817 821 827 829 832 834 837 841 845 847 851 855 862 866 
272 279 290 296 308 324 325 330 335 346 347 353 358 361 362 367 375 381 393 396 403 411 415 417 419 422 427 443 446 449 453 456 460 461 464 465 471 476 487 491 494 495 498 502 505 509 513 517 520 521 525 529 533 535 537 540 543 544 549 554 556 562 564 571 577 581 591 594 597 598 601 606 609 612 613 615 619 628 630 631 634 639 645 647 651 655 659 662 666 668 672 678 681 685 689 691 696 699 702 705 710 714 717 718 720 723 725 729 730 734 736 738 743 746 754 758 759 762 763 768 771 772 773 775 778 784 788 789 793 796 797 798 804 810 812 813 820 821 822 830 833 837 841 843 844 847 849 854 859 866 869 
273 281 293 300 312 328 329 332 339 350 352 354 362 365 368 371 377 384 394 398 406 415 416 419 420 425 430 447 449 451 454 460 464 466 470 474 476 478 489 492 497 499 501 505 506 510 515 521 524 525 526 531 534 536 540 543 546 548 550 557 560 563 565 572 578 584 595 599 601 603 605 608 610 614 616 618 621 632 633 636 638 643 647 650 654 659 660 663 668 671 675 681 684 688 692 694 697 700 704 708 712 716 720 723 727 728 730 731 734 737 740 743 744 750 757 761 762 766 768 770 774 775 776 777 781 786 792 793 795 800 804 805 807 812 814 815 824 828 832 835 839 841 845 847 850 851 853 855 860 868 871 
274 284 295 301 313 331 333 334 342 354 358 360 363 368 371 374 378 387 395 399 407 419 422 423 426 430 432 448 450 453 457 464 467 471 473 478 481 482 493 496 498 503 504 508 512 515 516 522 528 529 532 533 538 539 544 548 550 552 556 560 562 565 568 573 579 586 598 600 602 606 608 609 611 615 620 623 627 634 637 641 645 646 651 653 657 662 666 668 672 673 677 682 687 689 693 698 699 702 708 710 713 720 722 726 731 733 734 738 740 743 745 748 750 752 761 764 767 768 769 771 776 779 782 786 787 790 794 797 799 804 807 809 813 816 819 821 826 832 834 836 842 846 848 851 854 855 859 862 863 870 873 
277 286 296 304 317 335 336 339 345 355 361 363 366 370 374 378 381 390 397 400 408 421 426 427 428 433 435 450 452 455 458 467 470 474 477 482 486 490 496 500 502 507 508 511 513 517 519 525 531 532 535 539 542 546 549 553 555 557 559 563 564 569 571 576 583 589 599 603 607 611 614 616 618 621 623 626 630 636 638 644 646 650 654 657 661 665 667 670 674 675 680 684 691 695 697 699 701 703 712 715 718 721 724 727 735 739 741 742 744 745 746 749 754 757 762 765 770 772 774 778 781 782 783 790 791 792 797 801 804 807 808 813 814 818 823 826 830 836 837 838 845 847 851 854 858 862 864 866 868 872 876 
280 287 299 308 320 338 340 341 347 358 363 364 368 373 378 381 384 391 401 404 410 423 428 429 432 434 437 453 454 459 463 469 471 477 481 486 488 493 498 501 504 508 511 514 516 519 521 526 532 535 536 543 547 549 550 556 559 560 563 567 568 571 575 578 585 591 603 604 608 614 617 621 625 628 630 631 632 640 641 647 650 652 655 660 662 668 670 673 675 679 681 686 693 696 700 703 707 711 714 718 721 722 728 731 739 742 744 746 748 751 752 754 758 762 763 768 773 774 775 779 785 786 788 794 797 801 805 806 808 810 811 814 816 820 827 831 832 838 840 842 847 848 852 857 862 863 866 870 872 875 878 
284 289 301 311 323 342 345 348 349 361 366 370 372 377 381 383 386 393 403 406 413 427 430 433 436 439 441 457 461 462 467 473 476 480 482 487 491 496 499 505 506 512 515 517 521 523 524 529 533 536 537 545 548 551 554 560 564 567 571 573 574 576 577 581 589 594 607 611 615 617 620 625 627 629 633 634 637 641 645 648 651 654 659 664 666 670 673 677 678 681 684 689 697 699 703 704 709 713 718 719 722 725 730 733 740 743 748 750 752 754 756 758 762 764 767 771 776 777 779 783 787 790 793 798 801 803 807 810 813 817 819 823 824 826 828 832 836 840 842 844 848 849 854 858 863 866 869 873 874 879 882 
285 293 304 314 326 343 348 349 351 362 368 374 375 379 382 387 388 397 406 408 415 428 432 436 439 443 447 459 463 465 471 477 478 483 485 489 495 497 501 506 508 516 517 518 524 526 530 533 536 538 539 549 552 555 559 563 565 569 574 578 579 580 581 583 591 597 611 613 616 619 623 627 630 634 636 638 641 643 649 650 654 655 663 668 672 674 677 678 682 683 686 693 701 705 706 710 714 717 721 723 727 730 731 734 741 745 750 752 756 760 761 762 765 769 773 774 777 779 783 785 790 794 797 802 805 808 812 813 814 821 825 827 830 832 836 838 842 846 850 853 857 858 862 866 868 871 873 876 880 882 883 
287 297 306 318 328 347 349 353 357 363 369 377 381 384 388 389 392 401 408 411 419 431 434 440 442 447 449 463 467 468 472 481 483 485 486 492 496 500 503 507 510 519 521 524 526 530 534 536 539 543 544 553 554 558 561 567 571 574 577 579 583 585 589 593 594 600 612 615 620 621 625 629 631 637 640 642 646 647 651 652 655 658 666 672 676 678 681 684 686 687 688 696 703 708 711 713 715 721 725 727 728 734 736 739 744 749 752 754 760 761 764 767 768 771 777 781 783 786 787 789 794 797 799 803 806 812 814 817 818 822 826 829 834 835 837 839 846 848 852 855 859 862 865 870 872 874 875 878 883 886 889 
291 298 309 320 330 348 352 354 361 366 370 380 383 387 392 396 399 405 411 412 422 433 435 441 443 449 451 465 471 475 479 483 487 488 492 493 498 501 505 511 514 522 524 525 527 532 538 542 544 547 551 554 555 562 566 568 572 578 580 581 586 590 593 597 599 603 615 618 623 627 629 632 636 638 643 647 649 650 654 657 658 662 668 676 678 679 685 686 690 693 694 699 706 711 715 719 723 725 728 729 733 735 740 742 745 750 755 757 761 765 767 768 771 773 780 782 784 789 791 795 798 802 804 807 811 816 818 820 822 823 829 833 838 842 843 847 851 853 854 857 862 865 866 873 875 878 880 882 886 887 892 
295 302 313 321 333 351 354 356 365 367 372 384 386 391 396 397 403 406 414 415 424 434 436 445 447 452 453 468 473 477 482 485 491 492 493 495 501 505 508 513 516 524 526 529 532 535 541 543 546 550 555 556 557 563 568 571 575 579 581 583 588 594 598 602 605 606 618 620 625 628 633 634 638 639 645 648 653 656 658 662 666 667 671 680 681 685 689 691 695 696 700 703 710 713 717 722 726 727 731 732 736 739 742 744 746 751 758 759 764 767 768 771 773 775 784 787 788 790 793 797 800 806 810 812 816 819 821 825 826 828 833 834 840 843 845 849 855 858 861 865 866 870 874 876 878 880 881 886 890 894 897 
296 306 316 324 336 352 357 359 366 369 373 388 391 392 400 401 407 409 417 419 427 438 442 448 450 454 458 472 477 479 486 490 493 494 498 502 505 507 512 514 517 526 528 530 535 539 543 547 549 553 556 557 558 564 570 572 578 581 582 584 590 595 602 606 610 613 620 623 627 632 637 638 640 644 647 649 654 659 663 667 669 672 676 682 684 689 690 693 696 698 702 704 713 716 719 726 728 732 734 735 737 743 744 745 748 755 760 763 768 769 770 773 776 780 786 789 791 792 796 798 802 810 812 814 819 820 825 828 829 831 836 838 843 845 849 850 856 860 862 869 872 873 878 880 884 887 888 890 893 896 898 
297 308 317 328 337 353 358 363 370 374 376 389 394 397 401 403 410 411 420 423 429 441 445 451 455 457 460 476 478 483 489 492 496 497 501 505 508 510 515 516 518 529 531 535 538 542 545 551 552 555 558 559 562 567 572 576 580 582 585 588 592 599 606 608 611 615 622 624 630 635 638 641 644 648 652 655 659 661 667 670 672 674 680 686 689 693 695 698 699 702 705 706 717 718 721 727 732 733 736 738 739 747 749 753 757 759 763 765 771 774 775 776 779 784 788 790 792 795 798 800 804 811 814 817 822 826 829 830 834 836 838 841 847 848 850 854 857 863 865 872 873 877 882 883 885 891 895 898 902 904 906 
299 309 318 329 341 355 359 367 374 375 377 393 397 400 403 404 412 415 423 424 430 443 448 453 456 459 464 479 480 486 490 495 499 502 504 506 509 511 518 521 523 530 535 537 540 544 548 554 555 557 561 563 565 570 573 580 581 583 588 591 593 600 608 611 612 616 623 627 634 638 640 645 648 651 656 658 661 665 671 673 677 678 682 690 691 694 698 699 701 704 706 707 718 721 723 731 736 738 740 742 745 748 750 757 760 762 766 767 772 777 779 782 785 787 790 793 794 799 802 805 809 813 815 818 824 827 832 833 838 841 844 847 850 852 856 859 861 864 869 873 876 880 886 889 892 895 899 903 905 909 913 
302 312 320 332 344 356 362 370 375 376 379 395 400 404 406 409 415 417 426 430 431 446 449 456 460 463 468 483 487 489 493 497 502 506 509 512 515 519 521 522 525 534 537 541 545 549 552 557 561 563 564 566 567 572 574 584 585 586 590 595 599 604 612 615 618 619 625 629 637 640 641 649 651 654 660 663 666 669 674 676 680 681 686 692 694 696 702 705 708 710 711 714 721 725 726 734 739 740 741 746 747 749 752 758 762 765 768 772 774 778 781 786 790 792 795 796 799 802 806 810 812 814 818 822 827 830 833 836 842 846 850 851 853 854 858 862 864 867 871 874 879 882 888 891 893 897 903 905 906 910 917 
303 314 323 336 347 357 363 373 377 379 382 397 404 407 409 410 419 422 430 432 436 448 453 460 462 465 472 485 489 493 496 501 505 508 512 515 518 520 524 528 530 537 540 543 548 550 555 560 564 568 569 570 572 576 578 586 589 593 597 601 605 606 616 618 619 620 627 631 638 642 644 650 655 657 661 667 671 675 676 678 682 685 690 696 700 701 704 707 710 712 716 717 722 726 730 737 743 744 748 751 754 757 758 760 763 766 770 776 780 784 788 789 793 796 800 803 804 808 809 813 815 818 820 823 828 833 836 838 843 848 853 855 856 860 863 865 868 869 872 877 882 884 890 894 895 901 904 909 911 913 921 
305 315 326 339 349 360 364 375 378 381 385 398 405 411 412 416 421 424 431 436 438 451 456 463 465 466 475 487 490 494 499 505 508 511 513 518 521 525 527 532 533 538 541 547 552 554 559 563 566 571 575 579 581 582 585 588 590 594 598 602 608 611 617 622 625 627 631 632 641 646 647 652 659 663 667 668 673 679 680 683 687 690 691 697 702 704 706 708 714 718 722 723 725 729 734 739 746 749 751 754 758 762 765 766 770 771 772 779 783 787 791 792 796 797 804 805 807 812 813 817 820 823 825 829 832 835 839 843 847 849 857 859 860 862 867 869 872 873 877 878 884 887 891 895 898 903 907 913 916 919 924 
308 316 329 341 352 364 365 376 380 384 386 401 407 412 414 418 424 426 433 439 440 452 459 464 468 472 476 488 493 497 502 506 512 516 517 522 525 528 532 534 536 540 545 551 554 556 560 566 570 572 576 581 583 586 588 591 594 596 600 604 609 615 619 624 628 630 635 638 643 647 649 655 661 665 671 675 679 681 684 687 689 693 697 700 706 710 712 716 720 722 725 729 733 734 735 741 747 751 754 755 761 763 769 770 773 774 776 781 785 791 793 795 800 802 805 807 811 814 817 820 821 824 829 830 834 836 842 844 850 854 858 860 864 867 871 875 876 879 880 884 888 892 896 900 904 907 909 916 918 922 925 
309 317 333 345 356 366 370 377 384 386 387 404 409 414 416 419 425 429 434 440 442 456 461 466 469 474 477 492 495 500 505 509 514 518 522 526 528 529 535 536 538 542 548 555 557 560 562 567 573 577 580 582 585 590 592 594 595 598 602 608 611 617 622 626 632 633 636 641 644 651 652 657 662 666 673 678 683 684 686 689 692 695 701 703 707 711 716 719 722 725 728 733 736 739 740 743 748 754 756 757 765 768 771 775 778 781 784 786 787 792 796 799 801 804 809 812 815 819 821 822 824 826 831 834 836 840 844 846 851 858 861 863 865 868 873 878 882 883 887 890 893 897 901 902 905 909 911 919 923 924 929 
310 318 334 346 357 368 372 378 387 391 392 405 413 415 418 422 428 432 436 443 444 457 463 470 471 478 482 496 500 503 506 511 515 519 523 530 531 532 536 540 541 545 550 559 562 563 567 569 576 579 583 587 588 593 596 599 603 607 608 611 615 618 625 629 634 638 640 644 648 653 654 660 665 670 675 680 684 687 688 692 693 699 702 707 708 713 717 721 725 729 731 734 737 743 745 749 751 758 762 766 770 773 775 777 779 785 788 790 793 794 800 802 805 807 810 815 816 823 827 831 834 836 839 843 845 846 850 853 857 860 865 868 871 874 877 881 884 885 889 892 894 900 905 906 910 914 918 920 924 926 931 
314 322 338 350 360 370 373 379 391 394 397 406 414 417 422 424 429 435 439 445 447 461 464 471 474 482 486 500 502 505 508 515 519 522 526 531 535 536 538 542 545 548 554 562 566 567 571 574 578 583 585 588 592 595 598 602 607 608 609 613 616 619 629 632 636 642 644 648 649 654 656 662 669 674 676 681 688 690 692 695 696 702 706 711 715 716 720 724 729 732 734 737 739 746 750 754 757 761 766 770 774 778 781 782 784 787 791 794 797 799 801 806 808 812 815 818 820 827 830 835 839 841 843 847 849 850 852 857 860 863 869 872 873 876 879 885 886 888 890 895 898 904 906 908 914 915 920 921 927 928 933 
315 325 342 353 362 372 374 380 394 395 398 407 415 421 426 428 433 438 443 449 452 462 466 472 475 486 488 504 507 508 509 516 521 525 527 534 537 541 542 545 546 549 556 563 570 573 576 578 580 584 588 589 594 596 601 604 609 611 614 617 619 620 632 636 639 644 648 650 654 657 659 664 670 677 679 684 690 691 694 696 698 706 707 713 719 721 724 728 731 734 736 739 743 750 751 755 758 762 769 774 776 782 786 790 792 795 798 800 803 807 811 814 816 819 821 822 826 829 834 839 842 844 848 849 853 854 857 861 862 865 872 876 878 881 883 888 892 895 898 900 904 908 911 912 917 918 921 924 928 932 937 
317 326 343 356 364 375 377 383 398 401 405 408 417 422 429 432 434 442 447 450 453 465 470 473 478 487 492 508 511 514 517 518 522 528 532 537 540 544 547 548 552 555 558 564 572 575 577 582 583 585 589 593 598 601 605 608 612 616 617 620 622 624 635 640 643 648 650 652 655 661 664 665 673 681 685 686 694 697 699 702 703 709 710 714 721 722 726 732 733 736 740 743 746 753 755 759 763 764 771 777 779 783 788 792 793 799 801 804 808 811 815 818 819 822 825 827 831 835 836 842 843 845 851 852 855 859 863 865 868 872 875 877 882 886 888 890 894 898 900 904 908 909 912 913 918 922 923 927 931 936 939 
319 328 346 360 368 379 380 385 401 404 409 411 421 423 433 437 438 444 449 452 455 469 471 477 481 489 496 510 514 517 519 523 527 529 535 538 544 545 550 554 555 556 562 567 575 579 580 585 586 588 592 596 600 602 606 610 613 620 623 625 629 632 639 644 647 652 656 660 662 665 666 668 675 682 688 692 695 700 703 706 709 712 713 715 722 724 728 734 737 741 745 747 749 755 758 761 767 770 773 779 780 786 789 793 794 801 804 808 810 814 819 823 824 828 832 834 836 838 839 844 848 851 852 854 858 861 864 867 869 874 879 880 884 888 892 893 895 902 906 908 910 914 916 919 922 923 926 928 933 939 943 
322 332 349 361 370 380 384 386 402 407 412 415 423 427 437 439 441 446 452 456 458 470 473 478 484 491 498 514 517 520 521 525 530 531 537 541 545 547 553 557 558 562 563 571 576 580 583 589 593 595 598 601 605 609 612 616 617 624 627 631 632 634 641 645 650 654 659 662 664 669 672 675 677 685 691 694 698 704 705 708 713 715 719 721 725 729 732 735 740 744 749 751 755 757 760 765 771 772 775 781 782 790 794 798 802 806 810 814 815 818 821 824 825 832 835 838 840 843 846 847 850 853 855 859 863 866 867 868 870 878 881 882 886 890 895 896 899 905 910 914 917 918 919 922 924 925 927 930 935 943 945 
323 333 353 364 372 384 387 389 405 411 416 418 426 428 441 443 444 448 454 457 459 471 477 482 488 495 500 518 520 521 522 529 532 535 538 544 546 548 556 559 562 564 567 573 578 584 586 591 596 597 601 605 609 612 614 617 621 625 630 633 634 635 642 647 654 658 663 665 668 670 674 679 680 686 692 697 700 706 710 713 716 720 724 727 730 734 738 741 745 749 750 752 756 760 763 768 774 778 782 784 785 794 798 802 805 809 813 815 816 821 825 828 829 833 836 840 844 847 850 853 854 856 857 863 865 870 873 876 878 882 884 888 889 894 898 899 901 909 914 916 918 920 922 924 927 928 932 933 938 944 948 
326 334 357 368 375 386 391 395 407 415 419 422 427 430 442 444 447 449 456 459 463 475 481 485 490 499 502 520 522 524 528 530 536 537 539 548 550 553 560 563 566 569 572 574 582 585 588 594 597 599 602 608 611 616 620 622 623 627 631 636 637 638 644 648 656 662 664 669 673 675 678 681 683 689 693 700 703 708 714 717 720 721 727 731 733 737 739 742 749 750 754 758 759 763 765 769 777 780 785 786 789 798 799 805 807 811 817 820 822 823 826 830 834 836 837 842 845 850 851 857 861 865 869 870 871 875 876 879 882 883 887 889 891 897 902 904 905 912 915 917 919 922 925 928 930 931 935 937 941 945 950 
330 337 359 372 378 390 394 399 410 417 422 423 431 432 444 447 450 452 460 464 467 477 483 489 493 500 505 523 524 525 530 532 539 541 543 549 554 557 564 567 569 570 573 577 585 589 591 597 600 601 604 611 615 619 624 628 630 634 638 640 644 646 648 651 659 663 666 671 677 681 684 688 689 692 696 703 706 712 716 718 722 723 730 734 738 741 742 744 753 754 757 759 761 764 767 770 781 783 786 789 793 800 802 808 810 813 820 823 826 828 829 831 835 839 843 844 847 854 855 860 862 867 873 875 878 879 883 887 889 891 894 898 900 902 903 906 907 913 918 919 923 926 928 929 934 938 941 945 948 949 951 
333 338 363 374 381 392 395 401 412 420 426 430 434 437 447 448 451 456 463 465 471 480 486 490 495 503 507 524 528 532 535 539 541 544 546 552 556 558 567 571 575 578 582 586 589 590 593 598 601 604 608 615 616 622 626 631 633 636 639 641 646 649 653 654 663 667 669 673 678 682 686 691 694 698 699 707 709 714 717 719 723 726 734 737 739 744 746 750 757 760 761 764 765 767 771 773 785 788 789 793 797 804 808 812 816 817 821 824 830 834 835 839 841 845 847 848 851 856 858 863 866 869 875 879 881 884 886 889 891 893 896 899 901 904 907 911 915 916 920 922 925 927 929 932 936 941 945 948 949 953 957 
334 342 364 376 385 395 399 402 415 423 429 433 436 438 451 453 454 459 466 469 473 482 487 493 498 505 510 526 529 534 537 542 543 545 547 556 560 562 571 573 579 583 586 590 592 594 598 599 605 606 610 619 620 624 629 633 635 639 640 643 649 651 656 657 665 670 671 677 679 685 687 694 698 700 702 711 714 715 721 725 729 731 735 740 743 746 750 753 761 764 767 769 771 772 773 775 787 792 796 797 801 806 809 815 819 823 827 828 833 838 842 846 850 852 854 856 857 861 865 866 870 872 879 883 885 887 888 893 895 898 900 901 905 909 913 915 918 920 924 928 930 934 935 937 940 944 946 951 953 954 958 
337 346 368 380 389 397 401 403 416 426 433 434 440 443 453 457 459 463 470 474 476 484 489 497 501 509 513 528 532 535 539 545 549 553 557 561 562 564 575 576 582 586 589 591 593 596 600 602 609 610 612 621 623 626 630 636 637 643 647 649 650 654 657 658 669 673 676 679 682 686 689 695 701 703 704 714 715 716 723 727 730 734 739 741 745 748 752 757 762 765 768 771 774 776 780 784 789 796 797 800 804 807 813 819 823 825 831 835 836 842 844 847 854 857 860 862 865 866 870 874 877 880 884 886 889 893 894 895 896 900 903 907 911 915 917 919 923 927 931 932 936 938 940 944 947 951 953 954 958 962 965 
340 350 370 383 391 398 405 408 420 430 435 437 441 445 455 459 460 467 474 477 479 488 492 500 502 512 516 532 535 536 541 548 553 557 559 564 567 571 576 579 585 590 593 595 596 600 604 606 613 615 619 625 629 631 633 637 641 644 649 650 652 656 661 664 672 675 677 680 683 689 692 697 703 707 708 716 719 723 727 731 734 736 741 744 748 751 754 760 766 767 771 772 775 780 782 785 791 797 801 805 807 810 816 821 825 827 832 838 840 846 850 852 858 859 861 866 868 869 873 877 878 881 887 891 892 896 900 902 903 906 908 909 914 918 922 926 927 929 935 937 940 942 944 946 951 955 958 961 964 967 971 
344 351 371 385 395 402 407 410 424 431 439 441 445 447 457 463 464 468 476 481 483 490 493 504 508 514 518 535 536 540 542 550 556 561 563 567 570 575 578 583 588 592 595 597 599 604 608 612 617 620 622 628 630 635 637 641 643 647 652 655 656 659 663 666 676 677 678 683 685 690 693 698 707 711 715 719 722 725 729 732 736 738 743 746 749 755 757 764 768 769 774 776 777 783 786 789 794 801 803 809 811 813 820 824 828 830 834 840 842 849 852 853 861 865 867 868 870 874 878 879 882 883 889 894 896 898 902 906 908 910 914 916 920 923 926 930 932 936 939 942 946 948 949 950 952 956 960 965 966 969 974 
346 353 373 388 397 405 410 414 426 433 443 445 447 448 459 464 466 471 479 483 487 494 495 506 509 516 522 537 540 541 545 553 558 565 568 571 575 577 582 585 591 596 598 602 605 608 611 614 618 623 626 629 634 639 640 642 645 651 656 658 662 664 666 668 678 682 686 687 688 691 696 702 709 713 716 723 724 727 732 736 739 740 745 750 751 756 758 765 769 772 778 779 780 787 788 793 796 803 807 811 813 814 822 828 830 832 836 843 846 850 856 858 863 867 869 871 874 875 879 882 885 888 890 895 900 901 903 907 910 913 916 920 921 927 928 932 936 940 943 944 947 952 953 956 958 962 963 969 973 977 981 
348 356 374 391 401 407 414 415 429 435 445 448 450 452 460 465 467 475 481 486 488 497 498 509 511 517 523 539 544 547 550 557 560 566 571 574 579 583 585 588 593 600 602 606 609 610 613 616 620 627 630 634 635 641 643 647 650 654 660 663 665 669 671 674 680 685 687 689 690 695 699 705 710 715 717 726 728 732 734 739 742 743 748 751 752 759 762 767 770 773 780 781 782 789 793 797 800 807 810 813 814 816 824 830 833 837 838 845 847 851 859 860 866 869 873 875 877 880 881 884 886 890 891 897 902 903 906 911 912 916 917 921 922 928 932 933 939 941 947 950 951 955 958 961 962 966 968 973 974 978 985 
349 358 376 393 402 408 418 422 432 439 446 452 455 456 463 469 470 478 483 489 490 501 502 512 514 519 525 542 546 551 554 558 563 570 574 578 582 585 588 592 594 601 605 608 610 613 617 620 623 628 633 635 637 644 647 650 653 655 663 665 669 672 675 676 682 688 691 693 694 696 700 706 712 716 720 727 732 736 739 743 747 750 753 754 756 761 765 771 772 774 781 782 786 791 796 801 804 811 812 814 817 821 825 834 838 840 842 849 853 856 860 864 870 874 877 879 880 884 886 888 891 894 898 902 903 904 908 913 917 918 919 925 927 929 935 936 941 944 949 953 956 959 961 965 966 969 972 974 978 979 987 
350 360 378 396 404 411 420 425 435 441 449 456 458 461 467 470 471 482 485 490 493 503 507 515 516 523 527 546 550 553 556 559 567 572 576 579 586 590 594 598 602 604 606 612 616 619 623 625 628 631 635 639 642 647 648 651 655 659 665 668 672 673 679 683 686 690 695 697 700 701 703 708 713 720 723 730 736 737 741 744 751 755 756 758 762 765 769 772 776 780 782 785 789 794 800 805 806 815 816 817 818 824 828 835 842 845 849 851 856 858 861 867 874 876 879 883 887 889 893 897 899 902 903 905 908 912 915 917 919 923 924 929 932 935 939 942 945 947 952 955 959 963 964 968 972 975 978 979 982 986 990 
354 363 379 397 407 415 424 428 438 445 450 458 459 463 470 474 477 484 486 492 496 505 510 516 520 527 531 548 553 554 560 562 570 574 579 580 590 594 596 600 605 608 610 615 618 620 626 628 632 635 637 642 645 651 655 657 659 662 666 672 674 678 683 686 689 693 699 700 704 708 711 712 714 722 725 731 738 739 745 746 753 759 763 764 767 770 774 777 778 782 786 788 793 798 804 808 811 817 818 819 822 826 829 838 843 848 851 854 857 861 863 868 876 880 883 884 891 895 899 901 902 905 909 911 914 918 920 921 922 924 925 930 936 940 943 947 950 951 955 957 960 964 965 972 976 978 981 982 985 989 994 
358 365 383 398 411 418 428 429 440 449 454 459 463 467 471 477 478 487 489 494 498 507 512 519 522 531 535 552 557 561 565 569 572 575 583 584 594 598 602 606 607 612 614 616 621 624 629 631 635 637 640 643 646 654 658 662 663 666 670 676 680 683 687 688 690 695 700 703 707 712 715 718 720 724 728 735 739 743 747 749 757 760 764 766 769 772 775 778 779 783 789 791 797 800 807 810 814 821 824 827 829 831 835 841 846 850 854 855 858 864 866 869 877 884 885 889 893 899 902 903 904 906 912 915 918 921 923 924 925 928 929 933 938 943 944 949 953 954 957 959 962 968 972 976 980 981 984 985 988 992 996 
360 369 386 400 412 422 430 432 443 450 455 462 467 471 473 478 479 488 491 496 501 510 515 520 525 532 537 556 558 564 567 570 576 580 586 589 596 600 605 609 613 616 619 622 624 625 630 634 639 643 645 649 651 655 659 663 666 670 672 678 684 687 690 694 698 700 704 708 712 715 718 722 723 727 729 738 740 747 748 752 758 763 767 769 770 773 778 779 781 785 792 795 800 801 809 811 817 822 826 829 832 833 839 843 850 853 856 859 861 868 872 875 881 888 892 895 896 902 903 907 908 912 913 919 921 922 926 930 933 935 938 941 944 947 950 953 957 960 964 966 969 973 977 978 983 987 991 994 996 998 1002 
361 370 387 401 415 423 432 434 444 452 459 464 469 474 476 481 483 491 495 497 503 512 518 522 527 534 541 560 563 566 568 573 579 584 588 590 600 601 607 612 617 620 622 624 628 631 634 638 641 645 646 651 654 659 663 666 669 673 674 682 688 692 693 697 702 703 707 712 715 717 721 726 730 731 734 741 744 748 750 756 761 766 771 773 774 775 780 781 785 788 795 796 803 804 810 815 820 826 830 833 835 837 842 847 854 857 860 862 865 872 875 876 884 891 895 897 901 903 904 910 911 915 917 920 925 929 932 934 937 938 939 942 948 952 954 955 958 962 968 969 972 977 978 982 986 989 992 997 1000 1001 1003 
363 373 389 403 416 425 435 437 445 453 460 466 470 477 478 483 485 494 496 498 506 515 521 524 529 537 542 562 564 567 569 576 581 587 589 594 601 602 608 615 619 622 624 627 632 636 639 643 647 649 652 655 659 660 664 669 672 674 676 683 691 693 697 698 705 707 708 716 720 721 725 727 733 737 738 745 747 751 754 759 764 767 772 776 778 781 782 786 787 790 798 801 804 808 814 818 823 828 831 837 841 845 847 848 857 861 863 867 871 873 879 880 888 894 898 902 906 907 909 913 914 919 921 925 928 932 933 935 940 941 945 949 951 954 957 958 961 963 972 973 976 978 982 986 990 993 996 998 1004 1005 1006 
365 377 392 404 420 426 437 441 449 456 463 468 471 479 480 487 489 496 497 502 509 518 523 525 531 538 546 566 567 570 573 579 583 590 593 595 604 607 612 619 622 626 627 629 635 640 643 647 649 653 654 656 661 665 666 672 676 679 683 687 694 698 702 705 706 711 714 718 724 728 732 735 738 739 742 746 751 755 756 763 765 769 774 779 782 785 789 790 792 794 802 806 807 809 816 821 824 831 833 841 844 847 849 852 861 865 868 871 873 875 882 884 892 895 902 904 908 910 911 917 920 922 923 927 929 936 940 941 943 945 949 951 953 956 959 962 963 967 976 978 982 985 987 991 994 997 1001 1004 1008 1009 1011 
368 379 393 408 422 427 438 442 453 459 465 471 473 480 482 488 492 499 502 506 512 519 525 528 533 541 548 570 574 576 580 584 585 592 597 599 605 611 613 622 625 628 629 632 637 641 646 649 652 654 657 660 663 667 668 673 679 681 684 689 696 700 704 709 713 716 717 722 726 732 733 739 741 742 743 750 752 759 762 767 770 772 778 781 785 787 793 797 800 804 805 809 811 814 818 823 826 833 837 845 847 848 851 855 862 867 870 873 876 880 886 889 896 897 904 906 912 915 918 920 922 924 926 931 932 937 944 945 947 950 951 953 954 958 961 963 964 971 979 983 984 988 989 993 998 999 1004 1005 1011 1013 1017 
370 380 396 412 423 429 439 444 456 460 466 473 475 481 483 492 494 502 506 508 515 521 527 532 536 542 552 572 578 579 584 586 588 595 598 601 607 615 618 624 626 629 630 635 641 644 649 652 655 656 661 663 667 670 672 674 681 683 686 693 699 701 706 713 714 718 720 726 728 736 739 740 742 746 750 754 758 760 764 769 772 773 779 782 789 793 796 798 802 808 810 814 816 817 820 827 829 837 839 847 851 855 858 861 864 868 871 876 878 882 890 891 899 901 905 909 914 918 920 921 923 928 929 934 935 938 946 948 952 955 957 961 962 965 966 969 972 976 981 986 989 992 995 999 1002 1006 1007 1010 1014 1016 1018 
