5 6 10 13 15 17 20 22 26 30 34 37 41 44 46 47 50 54 56 57 59 60 61 63 66 69 71 75 76 78 81 83 85 88 90 93 95 96 97 101 104 107 109 112 114 117 119 121 124 128 132 134 138 139 141 144 146 147 150 151 153 154 157 160 164 168 
6 9 11 17 18 21 25 26 28 33 38 41 45 49 50 54 57 61 65 66 70 72 75 79 81 82 86 87 89 90 94 98 102 103 104 107 109 112 116 119 123 126 128 130 134 138 139 143 145 146 149 150 154 158 160 163 167 168 169 170 172 174 178 181 183 186 
7 10 14 20 23 26 30 31 34 36 41 42 46 53 56 59 62 64 69 70 74 76 78 83 87 89 90 91 94 96 100 103 107 110 111 112 116 120 124 126 128 130 131 133 135 141 144 148 149 153 157 158 159 160 163 164 168 171 174 177 179 180 183 186 187 189 
8 11 16 23 27 30 34 38 39 40 44 47 51 55 59 61 66 68 71 73 76 78 80 84 90 93 95 98 102 104 105 106 111 113 116 118 119 122 126 129 130 133 134 137 140 144 145 149 150 157 159 163 165 166 168 171 172 173 176 181 183 184 187 188 190 194 
10 13 17 27 28 31 35 40 44 45 48 49 52 56 60 62 67 70 72 74 77 80 82 86 93 94 96 99 106 109 110 114 116 120 123 126 128 130 133 135 139 143 147 148 151 154 156 158 162 164 166 169 171 174 177 178 182 184 187 188 190 192 195 197 200 204 
13 17 18 31 34 36 39 41 46 50 52 55 56 57 62 64 69 71 75 77 81 84 85 89 94 97 100 101 110 113 115 118 121 124 126 127 129 131 137 141 143 147 151 152 156 160 161 163 166 168 170 173 176 178 180 184 187 190 193 197 198 200 201 203 205 209 
15 19 22 32 35 38 42 44 47 51 54 59 60 63 65 68 70 72 78 79 83 85 86 92 96 98 103 107 112 114 118 120 122 126 128 132 133 136 139 145 146 148 154 157 159 164 166 170 174 175 179 182 184 186 188 189 193 196 199 202 205 208 212 214 215 216 
16 22 23 35 38 42 43 48 52 54 55 61 62 64 69 70 72 73 79 82 87 91 93 97 98 99 107 109 113 116 121 122 125 128 132 135 136 138 142 148 150 154 155 159 160 165 168 171 178 179 181 183 188 189 191 192 197 201 205 209 210 212 216 219 222 225 
20 25 27 39 43 46 49 51 56 57 61 64 67 69 71 72 75 76 81 84 91 92 97 101 102 105 108 113 114 118 125 129 133 137 138 140 141 142 143 150 154 158 162 164 167 169 173 177 179 180 183 185 191 192 194 195 200 205 208 213 214 215 219 223 224 226 
23 28 32 43 44 50 54 55 57 61 65 66 71 75 77 78 79 81 85 87 94 95 99 104 108 110 114 118 120 122 129 130 137 139 141 143 147 148 152 156 159 161 165 168 171 172 175 179 180 183 187 189 195 199 203 204 205 209 213 214 215 216 220 226 229 233 
24 30 33 46 50 54 55 57 58 62 69 70 74 78 81 82 86 90 94 97 101 105 106 108 109 111 117 121 125 126 131 133 141 144 147 151 152 155 159 163 166 169 172 175 176 179 183 186 188 192 193 194 197 203 205 207 211 214 218 219 223 225 226 229 231 235 
25 33 37 50 52 55 59 63 66 70 72 76 78 81 84 88 89 93 97 101 102 109 112 113 114 115 119 122 129 130 134 136 145 147 150 154 156 157 160 164 168 173 177 180 182 185 189 192 195 199 200 201 204 205 206 208 215 216 220 224 226 227 231 233 235 238 
29 34 41 54 57 58 63 66 70 72 76 79 83 85 89 91 94 97 99 103 104 110 113 114 116 119 121 123 130 134 136 139 146 150 154 158 159 160 163 165 169 175 180 182 185 186 191 196 197 201 205 206 208 210 211 215 216 218 221 225 230 232 236 240 243 247 
32 38 43 58 62 66 70 72 74 75 78 80 86 90 94 96 99 103 105 108 111 115 119 121 124 125 129 131 132 135 140 143 150 152 155 161 165 168 172 176 180 183 186 187 191 192 195 197 199 202 206 210 213 217 220 224 226 229 232 234 236 237 240 243 247 250 
34 39 47 61 66 67 71 75 78 82 85 89 92 94 95 97 103 107 109 113 117 121 122 123 127 128 131 132 133 137 143 144 153 157 159 164 166 169 174 180 183 187 189 192 195 196 198 202 203 204 208 212 214 221 223 226 227 232 233 237 238 239 243 245 249 252 
37 40 51 63 69 71 73 76 82 84 87 90 93 97 101 104 107 111 112 115 118 123 125 128 130 131 134 136 137 139 146 147 156 161 164 167 169 173 178 184 186 191 195 197 198 202 205 206 209 213 216 219 222 223 227 228 229 236 240 242 244 246 247 249 252 255 
38 43 52 67 71 75 79 81 83 86 90 93 97 100 102 105 108 113 114 119 122 124 129 131 132 135 139 140 143 145 150 152 159 162 166 170 172 174 182 188 190 192 198 202 204 208 209 212 214 216 220 221 226 228 231 234 237 238 241 245 249 251 253 257 260 264 
39 45 54 69 73 77 83 87 90 93 96 99 102 105 106 110 111 115 118 121 125 126 131 133 137 138 143 146 148 152 153 156 163 167 169 172 173 177 186 189 194 196 200 205 206 212 216 218 219 223 225 228 231 232 234 237 239 240 242 248 252 254 256 260 264 267 
41 47 57 71 74 79 86 90 92 95 99 103 105 106 109 114 115 119 121 125 127 131 134 136 141 144 146 150 154 158 159 161 165 169 170 173 175 178 188 190 195 197 203 208 212 213 217 222 225 227 230 234 235 239 241 245 248 251 255 258 260 262 264 266 268 270 
42 50 60 73 78 83 90 94 96 98 101 105 108 112 113 116 120 124 125 129 130 135 139 142 143 147 148 152 157 162 165 166 167 173 174 176 177 180 191 193 197 201 207 209 216 219 223 226 230 233 235 237 238 241 243 249 250 253 258 260 261 264 267 270 273 275 
45 53 62 74 82 85 92 96 99 103 107 111 114 118 121 122 123 128 132 133 135 137 141 145 146 149 153 156 159 165 166 170 171 175 177 179 180 183 193 194 198 202 210 212 219 223 227 229 232 236 238 241 242 246 247 252 256 260 263 266 270 272 273 277 279 283 
46 54 64 75 86 88 95 98 102 106 110 114 116 122 123 125 128 129 135 138 142 143 147 151 155 158 160 163 167 169 172 174 175 179 180 182 184 187 197 201 205 208 211 216 220 224 228 233 235 239 242 244 248 252 254 257 258 264 267 268 274 277 279 281 282 284 
49 55 68 78 89 92 99 100 104 109 111 115 119 125 129 130 132 133 136 142 143 146 151 155 157 162 166 169 172 176 180 184 186 190 191 194 197 200 201 204 207 209 214 220 222 228 231 234 239 240 245 249 252 254 255 258 261 267 270 271 275 281 285 288 292 295 
52 57 71 79 92 94 101 103 108 113 114 117 123 127 130 132 134 135 140 143 147 151 153 157 161 165 167 172 174 177 182 187 190 194 197 200 202 203 204 208 210 214 218 224 227 230 235 238 242 243 249 252 254 255 258 261 263 268 271 273 276 283 289 290 294 296 
53 61 73 80 94 96 104 108 109 116 120 124 125 131 135 136 139 142 146 147 148 155 156 160 162 169 173 175 176 179 186 190 191 198 202 205 206 207 208 209 214 215 221 225 231 235 236 240 244 245 251 253 257 258 260 264 268 270 273 274 280 284 290 293 298 300 
57 64 77 81 97 98 106 111 112 118 124 125 128 135 137 140 141 143 150 152 153 157 161 164 168 173 176 178 179 183 187 191 192 201 206 210 212 214 216 219 222 226 228 232 234 238 242 243 246 247 255 256 260 264 265 268 272 273 276 277 284 285 292 294 300 304 
61 67 78 82 98 101 109 114 115 121 125 128 131 138 141 142 145 147 153 155 156 160 162 165 170 176 178 181 182 187 190 195 198 204 209 213 215 219 223 225 229 233 236 237 238 241 246 250 253 257 260 263 265 268 271 272 275 277 279 281 285 286 294 296 304 305 
63 71 82 85 100 102 113 118 119 123 129 130 134 140 142 143 147 151 157 158 161 162 165 167 172 177 181 185 189 191 192 199 200 207 210 215 218 223 227 230 233 237 241 243 244 247 249 254 256 259 263 267 269 271 274 275 278 280 281 283 287 290 297 299 306 309 
66 75 84 89 101 106 116 121 122 124 131 135 138 144 145 146 151 153 160 162 165 166 168 170 174 179 182 188 193 196 198 202 204 208 213 218 222 227 228 234 238 239 243 245 247 248 251 258 261 263 265 269 273 277 280 281 284 286 287 290 293 296 300 302 308 311 
68 79 87 92 102 109 120 123 125 129 134 138 142 145 147 149 154 158 162 166 168 171 174 178 180 184 188 191 194 199 203 206 210 214 216 219 223 229 232 235 241 243 244 249 250 252 253 260 262 265 266 271 277 279 284 288 290 293 294 298 300 301 303 307 309 315 
72 81 90 94 103 112 121 127 130 131 137 140 145 147 149 151 155 162 164 168 169 173 175 180 183 186 189 195 197 202 207 210 212 215 217 222 226 232 233 238 243 244 245 251 254 256 260 262 266 270 274 277 279 282 287 292 294 298 302 303 306 307 308 309 313 319 
74 83 93 97 104 114 124 128 134 138 141 142 148 152 154 158 160 164 168 172 175 177 181 182 186 190 193 196 198 205 209 211 216 217 221 225 230 234 235 241 245 248 252 256 257 260 264 268 272 273 276 280 281 286 288 294 298 299 306 308 310 313 315 317 321 322 
75 87 97 99 105 118 126 129 138 142 145 147 149 155 159 162 164 166 172 176 179 181 182 184 189 193 197 200 201 206 213 216 218 219 224 227 231 236 239 245 248 249 254 260 264 265 266 269 276 277 281 283 285 288 290 298 299 301 308 310 311 317 321 324 327 330 
78 90 100 102 107 121 127 133 142 144 146 149 151 159 163 166 170 172 175 179 181 184 186 188 192 195 201 203 204 208 216 217 220 224 228 231 235 239 240 248 251 253 255 264 265 269 273 276 279 281 283 284 286 292 295 299 302 305 311 313 315 320 325 328 331 333 
81 93 104 106 110 123 131 135 145 149 152 153 157 162 164 168 171 175 177 180 183 185 190 193 197 198 205 208 211 213 219 223 227 229 231 232 238 242 245 252 255 256 259 265 269 272 274 278 280 285 286 288 292 293 296 300 306 308 312 314 318 324 328 329 333 337 
82 97 107 109 112 127 135 139 148 150 154 155 158 164 167 169 174 176 178 181 186 188 192 194 199 200 206 211 215 218 221 224 231 232 235 239 241 243 246 255 259 263 267 270 273 275 278 280 283 286 288 291 296 300 302 303 310 313 317 319 320 326 332 336 339 341 
85 98 108 113 114 128 137 141 151 152 158 161 164 165 169 173 177 178 179 185 188 189 193 195 201 203 208 212 219 222 225 229 235 236 240 244 245 249 252 256 261 266 271 274 276 280 281 284 286 290 294 298 299 301 304 307 314 316 319 323 325 330 335 340 341 343 
87 101 110 115 117 132 139 143 154 156 162 163 168 171 173 176 179 180 184 187 190 193 195 198 202 205 209 213 221 224 229 231 237 238 242 247 250 251 253 259 264 267 273 278 279 281 285 289 290 294 298 299 301 302 305 309 315 320 321 324 326 334 339 343 346 349 
89 105 112 117 120 135 140 145 157 161 164 166 172 173 175 180 183 184 185 190 191 196 198 202 204 209 212 217 224 228 233 235 241 244 245 250 251 254 255 261 267 270 277 280 284 288 291 294 297 301 305 307 308 311 313 317 318 323 327 330 334 335 340 344 349 351 
91 108 114 118 124 136 142 148 161 165 168 169 176 177 181 185 187 190 192 193 194 197 202 203 208 211 215 218 227 229 236 238 242 248 250 253 254 258 262 264 269 274 280 284 287 292 294 297 298 304 307 308 309 312 314 321 324 327 331 332 338 340 341 345 352 356 
95 112 115 119 127 140 146 149 164 167 169 172 179 181 183 186 191 195 198 201 203 204 207 211 214 215 219 223 230 234 238 239 243 252 256 257 259 262 266 267 272 276 282 286 289 294 298 302 304 306 308 310 314 315 319 324 325 331 335 339 343 347 350 351 354 358 
97 113 117 121 131 142 150 151 166 168 173 174 183 187 188 191 195 197 202 206 209 210 211 215 216 218 223 225 233 235 239 242 244 256 258 261 262 263 267 269 274 280 284 287 291 297 299 305 307 308 311 313 316 317 322 327 330 332 336 343 346 350 353 354 356 362 
99 116 121 125 135 143 153 155 168 169 175 177 184 191 195 197 200 201 204 208 211 212 216 220 223 226 228 229 234 237 242 243 246 259 261 262 263 267 270 273 278 283 285 290 292 300 302 306 310 314 318 319 322 323 326 330 331 335 337 344 348 353 354 358 362 366 
103 117 123 126 139 145 155 158 170 171 176 179 185 192 196 201 202 206 208 211 212 214 218 224 226 229 232 233 236 238 244 246 250 263 264 268 271 272 275 279 283 285 288 293 297 302 305 310 311 316 321 323 327 329 332 336 339 340 344 348 351 357 359 363 365 370 
106 118 124 129 140 147 157 162 174 178 181 182 188 196 197 205 206 208 209 212 214 216 222 228 230 231 236 240 242 244 246 250 251 265 269 273 275 278 279 281 287 290 292 294 298 304 306 314 317 318 322 327 328 330 334 338 341 345 349 350 354 360 363 366 369 371 
108 122 126 132 142 149 160 166 175 181 184 186 192 200 201 207 208 211 213 215 219 221 225 231 235 239 243 246 250 251 254 256 259 266 270 277 279 282 286 288 291 292 293 296 302 306 309 318 319 322 325 330 332 334 338 339 343 348 352 356 357 362 367 370 374 376 
111 126 130 135 146 151 164 167 177 183 186 189 194 203 207 208 209 215 218 222 224 225 226 235 236 240 247 251 254 255 257 261 264 270 273 280 284 287 288 289 294 296 298 302 306 310 312 322 326 327 330 334 338 340 341 344 348 350 354 357 360 366 370 373 376 377 
112 127 131 139 148 152 167 168 179 187 190 191 196 204 209 210 212 216 219 224 228 230 232 238 240 243 250 253 257 261 262 264 265 273 277 282 287 290 291 292 296 298 302 303 310 313 314 323 328 330 334 338 340 342 346 349 350 351 356 358 363 368 374 377 378 382 
113 131 133 141 151 153 168 169 183 190 194 195 198 205 212 215 219 223 226 229 230 232 233 241 243 246 252 254 260 264 267 268 270 276 278 285 288 293 297 298 300 301 303 304 312 317 321 327 331 334 338 340 342 346 348 352 355 359 362 363 364 372 377 378 379 383 
114 135 138 144 155 159 171 172 184 192 196 199 201 207 216 217 221 226 229 231 235 236 239 243 246 250 253 256 264 267 271 273 275 280 284 289 290 296 300 301 302 306 307 310 313 319 325 331 334 336 339 344 346 348 349 355 358 362 363 367 371 373 381 384 386 388 
118 136 141 147 158 162 172 173 187 194 199 201 205 211 217 218 222 230 232 233 237 240 244 248 252 253 255 260 265 268 275 278 281 285 286 292 294 300 301 305 309 312 315 316 318 323 326 334 338 342 343 348 352 354 355 356 361 365 368 372 376 377 383 387 390 394 
120 138 142 148 159 164 176 178 188 195 202 204 209 215 218 220 224 232 236 239 242 243 246 249 253 256 257 264 267 271 278 280 285 286 287 294 298 304 307 310 311 316 319 322 324 325 329 336 340 345 347 351 353 358 360 361 362 368 371 373 377 379 387 388 392 395 
123 140 144 152 162 166 177 182 189 198 206 207 213 219 221 222 226 234 239 240 246 250 252 256 257 261 263 267 269 273 280 281 288 289 290 295 301 305 308 311 315 319 322 324 327 329 332 340 344 347 348 355 356 360 361 364 365 371 372 374 378 382 389 393 397 398 
124 143 145 154 165 169 180 183 190 199 209 211 217 220 224 225 229 235 240 242 249 252 255 260 261 263 267 268 271 277 284 285 289 293 294 296 304 306 311 315 317 321 326 329 333 337 338 342 348 349 351 358 362 363 364 368 371 375 379 380 382 384 391 394 398 401 
128 146 147 157 169 170 181 187 192 200 211 212 220 224 227 229 232 238 242 246 253 257 261 265 266 267 269 272 274 281 288 292 293 297 298 301 307 309 313 318 320 325 329 332 337 340 344 345 351 353 357 360 366 367 368 371 375 377 380 383 387 390 394 396 402 405 
131 149 152 158 172 176 183 190 195 202 213 216 223 227 229 232 236 242 244 249 256 259 264 269 273 276 279 282 283 285 289 296 298 299 302 306 310 311 317 322 323 329 331 334 340 344 345 348 354 356 359 363 369 370 371 374 376 380 383 384 388 391 397 400 405 409 
132 153 156 160 174 177 186 192 196 203 217 219 225 230 233 235 237 243 248 253 260 262 265 272 277 278 283 286 287 289 293 298 300 301 306 310 312 316 320 324 327 332 335 336 341 347 351 355 356 359 360 367 370 372 376 378 382 386 389 393 397 399 400 402 406 413 
136 157 161 163 178 181 190 194 199 204 221 224 226 231 234 236 241 246 251 256 264 265 267 276 281 282 285 289 291 295 297 301 302 304 308 314 318 322 326 327 331 333 339 342 344 348 353 357 358 361 363 368 372 374 377 379 384 387 391 396 400 404 407 409 411 415 
140 158 163 164 179 183 193 197 201 208 225 226 228 234 238 240 243 247 255 257 267 270 271 279 284 286 288 293 297 298 301 303 304 307 310 318 320 326 329 332 334 336 340 345 349 351 357 361 362 365 368 371 373 378 379 380 385 390 392 397 402 406 410 411 415 416 
142 161 167 168 181 184 197 201 202 209 227 231 232 235 239 242 246 248 257 260 271 275 278 280 285 288 292 294 301 302 303 307 308 310 314 320 324 330 331 336 339 340 344 346 352 354 360 365 366 368 370 372 374 380 381 383 388 392 393 401 404 408 413 415 417 421 
145 162 168 172 183 185 201 205 209 210 228 235 238 241 244 247 248 252 259 261 273 279 280 281 289 290 294 296 304 307 309 313 314 317 321 323 326 334 338 342 344 348 351 355 358 361 365 368 372 376 379 382 385 387 389 391 395 398 400 403 408 409 417 418 421 424 
148 163 172 174 186 187 204 208 213 216 232 239 243 244 246 251 254 256 263 264 276 280 282 283 292 296 297 299 308 312 314 315 317 318 322 327 328 338 341 344 347 352 353 357 362 365 369 370 376 377 381 383 389 393 395 396 400 403 407 408 411 415 419 421 425 426 
149 164 174 178 188 190 206 211 215 218 233 241 247 251 255 258 259 263 267 268 278 283 287 289 295 297 298 300 311 315 319 322 325 328 329 330 332 342 344 347 351 355 359 360 363 369 370 372 378 382 385 387 391 395 397 399 404 408 409 411 415 419 422 425 427 431 
150 166 177 180 192 195 208 213 218 220 237 242 251 254 257 259 260 265 271 275 280 284 288 292 299 303 307 308 315 318 323 326 327 330 333 335 337 346 347 349 355 356 360 361 366 373 376 378 382 385 387 388 395 399 400 402 407 409 410 412 416 421 425 427 428 432 
153 169 181 183 196 199 210 217 222 223 239 245 253 255 259 262 265 267 272 277 281 287 292 293 300 306 308 309 319 322 327 328 330 333 335 337 340 350 353 354 356 357 362 363 369 375 378 382 383 388 390 391 396 403 407 410 413 416 418 420 424 427 430 431 434 437 
154 171 182 185 200 201 212 221 226 229 241 246 254 258 262 265 267 269 273 278 284 290 293 295 304 307 309 313 323 324 331 332 334 336 337 340 343 352 355 356 357 358 364 366 372 379 381 386 387 391 392 396 397 405 409 413 414 420 423 426 427 431 434 436 440 443 
