3 5 9 13 15 19 23 26 27 30 31 32 33 36 38 39 40 41 44 48 49 52 53 57 61 62 66 67 70 72 76 79 80 82 85 87 88 92 93 96 99 101 105 108 112 113 116 119 123 126 130 134 137 141 143 147 150 153 155 158 161 165 169 173 175 178 180 183 185 188 189 192 194 197 198 202 203 204 205 208 211 213 215 218 220 223 225 227 231 234 235 237 239 241 245 247 250 253 257 261 265 267 270 273 277 281 284 286 288 290 292 296 297 299 303 304 
5 9 11 14 17 21 24 30 34 37 39 40 44 46 47 48 49 52 53 57 59 61 63 65 67 69 73 76 78 79 80 81 85 87 89 91 95 97 101 104 108 111 112 116 118 121 122 124 126 130 131 137 140 144 146 150 153 154 159 162 166 170 174 177 180 181 182 186 189 191 195 197 198 200 202 206 208 210 214 215 218 222 224 225 229 233 236 237 240 241 242 246 249 250 251 254 256 258 259 263 266 269 274 277 280 284 288 290 291 295 299 302 306 310 313 315 
9 13 14 16 19 24 25 32 37 40 42 43 45 47 49 51 53 54 57 60 61 65 66 70 74 75 79 83 85 87 91 92 96 99 102 106 107 111 113 115 116 117 119 123 127 130 134 136 137 139 141 145 147 149 151 154 158 160 163 167 169 173 177 180 181 185 188 192 194 198 199 200 203 205 209 212 215 216 219 220 224 228 230 233 237 238 242 245 249 250 254 256 257 259 263 267 269 270 272 273 277 281 285 287 291 292 293 297 301 305 307 308 312 313 315 318 
11 16 17 20 22 27 31 36 40 41 46 47 48 50 51 53 55 57 58 61 64 66 68 71 78 80 81 86 89 90 93 97 100 101 103 109 110 115 118 122 125 128 129 133 135 138 141 143 144 147 148 152 156 159 162 164 168 169 171 172 173 174 180 183 186 189 192 196 199 203 206 209 212 215 217 220 223 224 227 231 233 235 236 239 243 247 251 254 258 260 264 265 266 267 269 270 273 274 275 277 278 284 287 290 294 297 299 303 304 307 308 310 314 318 321 325 
14 20 21 25 26 31 33 38 44 46 49 51 53 55 57 61 63 65 66 67 68 69 72 76 81 85 86 88 91 95 98 100 104 108 110 113 114 116 120 125 129 133 136 138 142 144 146 149 150 152 156 158 160 163 166 170 173 176 180 181 182 186 188 189 191 192 195 197 201 206 207 213 217 221 222 223 224 227 230 234 236 238 241 244 245 250 253 256 261 265 268 272 275 277 278 282 286 290 291 292 296 300 304 306 310 314 315 317 318 322 326 328 332 336 338 341 
17 24 25 29 32 34 38 41 45 48 50 53 54 57 58 62 67 70 72 73 75 78 79 82 86 88 92 95 99 103 105 107 109 111 115 119 121 124 127 130 134 135 140 141 145 149 150 152 155 157 161 163 165 168 172 173 174 177 184 187 190 194 197 198 201 203 204 208 211 212 216 217 219 223 227 231 233 234 235 236 239 241 242 246 248 254 258 260 262 267 271 274 278 280 281 285 290 291 292 293 297 303 308 310 312 316 320 324 326 327 329 332 336 340 343 345 
19 27 31 33 37 41 45 46 50 54 55 56 59 61 65 66 69 74 77 81 83 86 90 93 96 100 103 104 108 109 112 116 120 124 126 127 128 131 132 134 137 138 141 145 148 150 154 155 159 162 166 167 171 173 174 177 181 184 188 192 195 199 203 207 210 212 215 218 221 224 227 228 231 232 233 235 239 242 245 247 248 251 253 257 260 262 266 268 269 272 276 277 281 285 289 291 294 297 300 301 305 307 312 313 314 319 323 326 327 328 333 337 339 344 346 348 
23 28 32 36 38 43 48 50 51 56 59 63 65 69 72 75 78 81 85 89 91 93 95 98 102 103 105 107 110 111 116 118 123 125 130 131 133 137 139 143 145 146 147 151 152 153 158 159 163 164 167 168 173 175 177 179 183 188 191 194 199 200 205 209 211 216 217 220 222 227 228 231 232 233 237 238 242 243 248 249 252 256 257 259 262 263 267 270 271 273 278 280 285 287 291 293 297 298 303 306 308 310 314 317 320 322 326 327 329 333 334 340 341 348 349 353 
26 32 35 40 41 46 51 55 57 59 60 67 70 71 74 78 81 84 87 92 95 98 99 102 106 109 111 115 117 119 120 121 127 130 131 134 138 140 141 146 150 154 157 159 160 161 164 167 171 174 175 178 179 181 182 183 187 192 195 198 203 206 210 214 215 220 222 225 227 230 233 236 237 239 240 243 246 249 253 257 258 259 262 266 270 273 274 278 280 283 285 288 291 293 297 299 300 304 308 312 314 318 319 320 324 326 329 330 334 336 337 342 345 352 356 359 
28 35 36 44 47 48 53 57 61 63 64 70 71 74 75 82 84 87 90 95 96 101 105 108 111 114 118 120 124 125 127 130 133 136 137 139 143 144 146 148 154 157 159 160 162 166 168 172 176 179 182 186 187 190 194 198 201 202 206 210 212 216 219 221 223 225 228 229 230 232 237 238 241 243 247 250 252 254 256 261 265 266 270 273 276 278 280 282 286 290 293 296 299 303 305 309 313 314 317 319 323 327 328 330 334 338 341 345 347 348 349 351 354 357 359 363 
29 37 40 46 48 49 56 60 62 64 66 73 75 76 80 84 88 89 93 96 100 102 107 112 115 116 119 122 127 130 131 133 137 141 145 148 152 155 158 161 163 167 169 173 177 179 182 183 187 190 192 193 194 198 201 202 204 206 210 211 215 217 221 223 225 227 232 233 236 240 242 244 246 248 252 256 258 262 265 269 272 275 279 283 286 287 291 292 296 299 302 306 307 309 311 315 316 317 320 321 324 330 334 337 339 342 346 348 349 350 351 355 357 358 361 367 
31 40 42 47 50 54 57 64 66 67 68 75 78 81 83 87 89 92 95 98 104 107 108 114 116 117 122 124 129 132 133 134 140 144 146 152 154 156 160 165 169 172 176 180 182 183 184 188 190 191 196 198 202 206 209 211 214 217 220 222 225 228 230 233 235 236 237 239 242 246 250 251 254 258 260 261 264 268 271 272 276 278 282 284 290 293 295 297 299 303 306 309 311 312 314 316 318 319 322 325 327 331 337 339 341 345 347 351 355 358 361 362 365 369 373 376 
35 43 47 49 51 57 61 68 72 75 79 82 84 86 87 90 94 95 98 100 105 108 109 115 117 120 123 128 132 133 135 137 144 146 147 154 157 161 163 168 172 173 178 183 187 188 191 195 199 202 204 206 209 213 217 221 223 227 229 232 235 238 240 243 245 248 251 254 258 262 266 267 271 274 278 280 283 284 285 286 288 291 293 297 300 301 305 308 310 314 316 320 323 326 328 329 331 334 336 337 339 342 343 347 349 352 355 357 359 361 362 365 367 371 376 380 
38 46 50 51 52 59 63 70 76 78 82 83 86 90 94 97 98 100 102 104 109 110 114 116 121 124 128 129 134 136 138 140 145 147 151 155 161 163 166 171 173 177 179 185 191 192 196 200 202 203 207 210 213 217 218 222 224 229 233 235 236 240 241 247 250 254 256 257 260 263 267 269 275 277 279 283 287 288 291 293 296 297 300 301 305 306 310 313 316 319 320 322 325 329 330 334 336 338 341 343 346 347 351 353 357 361 365 369 370 374 376 380 381 383 385 386 
42 47 54 55 59 61 67 73 80 83 87 88 91 94 96 98 100 102 105 108 113 116 118 121 124 126 130 133 137 138 142 144 146 151 152 156 165 166 168 172 177 178 180 186 192 194 200 204 208 211 212 213 217 218 221 226 230 231 234 238 242 244 245 250 252 255 257 261 263 265 270 273 278 281 285 286 289 292 293 296 297 301 305 306 308 312 315 317 320 323 326 327 330 331 334 337 341 343 345 348 350 351 352 355 361 365 368 371 374 375 379 384 386 389 391 395 
46 50 56 59 61 64 69 75 81 85 88 90 93 96 98 100 104 106 110 113 114 119 122 126 128 129 134 137 139 142 143 148 152 153 154 158 169 172 176 178 182 186 190 191 195 196 204 207 210 215 216 219 222 226 227 228 234 235 237 240 244 245 249 253 257 258 262 264 265 266 273 274 280 285 287 290 291 295 297 301 305 309 312 314 315 316 319 321 322 326 330 333 335 337 339 343 346 348 349 352 354 357 359 363 366 369 370 373 377 378 380 386 389 390 393 398 
50 53 59 62 63 68 70 78 83 89 93 97 98 102 105 108 111 113 115 119 123 125 127 128 131 134 138 141 145 147 150 151 153 155 159 162 172 173 179 180 183 190 191 195 198 200 207 210 213 218 220 224 228 229 231 235 238 240 243 245 246 248 252 256 260 262 264 268 270 271 276 280 282 287 289 294 296 297 301 304 308 313 314 315 317 318 322 324 328 330 332 336 337 338 341 347 349 350 354 357 360 361 363 366 368 372 374 375 380 384 385 388 390 392 395 402 
51 56 61 66 69 71 73 79 85 91 94 99 100 105 108 112 116 119 121 125 126 129 132 133 136 140 144 145 147 151 152 155 158 160 162 166 175 176 182 184 185 192 195 196 200 202 210 212 216 219 222 228 232 235 236 239 243 246 250 254 255 256 258 259 262 263 268 272 276 277 279 282 286 289 291 296 300 304 305 308 311 317 319 323 325 327 329 331 334 338 342 343 347 351 353 357 361 362 364 365 366 368 371 373 376 378 382 383 385 386 390 392 394 398 400 404 
55 58 64 70 71 73 75 81 89 92 97 100 103 109 110 113 117 123 126 127 129 133 136 138 142 146 150 151 155 159 162 164 168 170 173 174 179 182 183 186 187 195 199 201 203 207 211 215 219 222 223 229 236 239 240 241 247 250 254 255 257 258 261 265 269 273 276 277 279 282 286 289 290 294 298 301 302 305 307 309 314 321 324 328 331 333 336 337 340 343 346 350 354 357 359 362 366 369 371 375 377 378 382 384 388 391 393 397 399 400 404 406 407 411 415 418 
56 61 68 71 72 75 79 83 91 93 98 103 104 110 111 115 121 124 130 133 137 139 142 144 148 152 156 160 164 167 169 170 173 177 181 184 187 190 194 195 196 199 201 204 206 210 212 217 222 223 226 231 239 242 246 249 253 255 257 260 261 263 266 267 271 275 279 282 283 284 287 290 293 295 302 306 309 310 314 316 318 322 327 330 332 336 338 341 345 349 352 354 356 361 363 364 367 372 374 376 378 382 385 389 392 395 398 399 402 403 407 408 410 412 416 421 
58 63 71 72 76 78 81 87 92 97 102 107 111 113 115 117 122 128 132 137 141 144 148 149 151 156 157 161 166 169 173 177 178 179 185 186 190 194 196 197 198 200 202 205 210 212 214 221 225 229 230 235 243 247 249 250 254 259 262 264 268 269 271 274 277 281 282 284 287 290 292 296 300 304 305 307 310 314 318 320 322 326 330 332 333 340 341 343 349 353 355 356 358 362 366 369 370 374 378 379 381 385 389 393 396 398 399 402 403 407 410 414 418 419 420 425 
60 66 74 78 79 80 85 90 96 98 103 108 112 116 119 120 126 129 133 140 145 148 151 153 154 157 158 162 168 170 177 181 182 186 189 190 192 198 200 203 207 209 212 213 215 217 220 225 228 231 232 239 247 248 250 253 256 263 264 268 271 275 277 278 282 284 288 290 291 293 295 299 302 307 309 311 313 318 319 324 328 329 334 336 339 344 348 351 354 358 360 361 365 368 372 373 376 378 381 383 387 389 391 397 401 402 404 406 407 410 412 418 420 421 424 427 
61 69 77 81 83 87 91 95 100 104 108 109 116 117 121 122 129 131 135 144 148 150 155 159 161 164 168 170 173 174 181 184 185 189 190 192 195 201 202 204 211 214 218 219 222 225 226 227 232 234 238 241 250 251 254 255 259 265 267 270 272 279 280 283 284 288 291 294 298 299 302 303 306 311 312 315 318 321 324 327 331 334 335 338 342 345 351 355 358 362 363 365 369 373 375 377 381 384 388 391 393 394 398 402 406 409 412 416 418 420 421 422 425 428 432 435 
65 73 78 83 85 91 95 98 104 105 110 114 120 124 128 129 132 134 138 146 151 152 159 161 162 166 171 173 176 178 182 186 187 192 195 196 197 202 203 206 212 216 222 224 228 229 232 236 240 244 247 250 252 253 256 259 261 266 269 271 273 283 285 288 292 295 299 300 302 304 305 306 310 312 316 318 319 325 327 329 335 338 340 344 345 349 355 357 361 364 368 371 372 377 381 383 386 388 390 393 394 398 399 404 409 410 415 417 420 422 426 428 430 434 437 438 
66 77 82 85 86 93 97 102 106 109 111 118 123 126 129 130 136 139 140 149 153 154 162 166 167 170 173 174 177 180 186 188 190 193 196 200 203 205 208 212 216 217 224 227 230 232 236 240 243 245 251 253 255 259 263 265 267 268 273 277 279 284 287 292 293 299 303 305 306 310 314 316 320 323 324 326 328 330 334 337 340 342 344 348 350 352 357 360 363 368 369 375 376 379 383 385 388 392 393 397 398 399 400 408 412 416 420 423 425 429 430 432 436 437 438 442 
67 81 85 87 88 95 100 105 108 112 114 120 126 128 131 135 137 143 144 152 155 156 165 167 169 173 174 178 182 185 188 191 194 196 200 204 208 211 213 214 218 221 225 230 231 235 237 244 245 249 252 257 261 264 265 268 269 272 275 281 285 289 291 293 296 300 305 306 307 313 317 319 324 327 331 335 339 341 344 346 349 351 354 355 359 361 365 369 373 377 379 381 382 383 385 387 389 394 396 401 404 406 407 412 414 420 424 425 426 431 434 437 438 439 442 443 
70 84 88 89 92 97 102 109 113 114 117 121 127 130 132 138 140 146 150 156 159 162 168 172 174 175 178 179 185 187 190 192 196 197 204 208 209 212 214 216 222 223 229 233 235 236 238 245 248 252 255 260 265 268 271 272 274 277 278 283 286 291 294 298 302 306 309 312 315 318 319 321 325 329 332 339 343 345 347 349 353 354 355 356 360 362 369 372 377 378 381 384 388 392 395 397 399 403 406 410 414 415 418 420 421 425 426 427 431 433 435 439 443 444 448 450 
72 86 89 90 93 100 105 111 115 118 122 123 129 134 135 141 144 147 153 160 163 165 172 176 177 179 182 186 188 190 193 194 197 200 205 210 212 216 219 220 224 225 230 235 239 243 245 247 252 255 257 263 266 270 274 275 277 279 281 287 291 295 296 301 306 308 312 314 317 320 324 325 328 332 333 343 347 351 353 354 358 361 363 366 369 370 372 375 379 382 386 389 390 396 399 402 406 407 409 411 418 422 424 428 431 432 435 436 437 441 444 447 451 454 456 460 
76 88 91 95 99 101 107 113 119 120 123 127 130 138 140 145 148 149 156 163 165 168 176 180 181 184 187 191 195 198 202 203 206 208 209 211 213 218 222 223 228 232 235 238 240 247 250 254 256 260 261 264 268 274 276 279 282 285 286 290 294 299 301 304 309 311 313 318 320 322 327 328 332 336 338 344 348 354 358 362 363 366 369 371 373 375 376 378 383 384 388 392 393 399 401 404 409 413 415 419 421 423 425 432 435 437 440 443 444 447 450 453 454 456 459 461 
77 90 92 97 101 103 108 115 123 124 126 129 131 142 143 146 152 155 158 167 169 172 178 184 188 189 191 194 196 200 204 205 210 212 213 215 219 221 225 228 231 235 237 240 242 248 254 256 260 263 267 270 271 276 278 283 286 289 292 293 296 303 307 309 311 314 317 321 325 329 330 332 336 338 340 346 349 356 361 364 366 369 371 375 379 381 385 386 387 390 391 394 398 402 406 407 410 417 419 420 424 427 430 435 436 441 442 446 447 450 451 456 459 463 464 466 
80 94 95 100 103 105 110 116 126 130 134 137 141 144 147 150 153 159 162 170 173 175 182 185 190 192 193 195 199 201 207 210 213 214 217 221 222 225 226 231 234 236 240 242 243 250 255 258 264 268 269 273 276 280 282 285 287 290 294 296 299 305 308 311 314 315 321 322 329 330 331 335 339 343 346 349 351 360 364 365 368 373 374 379 382 383 386 389 392 393 394 398 399 403 408 410 414 420 423 425 427 431 435 437 439 444 446 450 454 458 461 464 465 466 469 471 
83 97 98 102 105 107 114 117 128 132 136 140 143 146 149 154 157 162 165 173 176 177 186 188 193 195 197 199 200 205 209 214 216 218 219 225 228 232 236 237 241 243 247 248 249 254 256 260 268 270 272 274 279 281 284 289 293 296 299 302 303 308 311 315 316 318 323 324 331 334 338 339 340 346 347 351 354 364 367 369 371 375 377 383 387 389 391 392 395 396 399 403 406 407 411 415 416 423 425 429 433 437 441 443 447 450 453 454 457 459 462 465 467 469 471 474 
87 99 102 104 106 110 117 119 132 136 139 141 144 149 151 156 158 163 166 177 181 183 188 192 194 196 201 203 207 210 212 216 219 221 225 228 231 234 238 242 246 248 252 256 257 261 265 268 272 275 279 281 285 287 290 293 296 300 302 304 307 311 315 318 322 323 324 328 334 337 340 343 347 351 352 353 356 365 368 373 377 380 382 387 388 392 394 395 399 400 404 408 411 412 415 419 423 424 429 433 436 440 445 448 451 452 455 456 461 463 465 469 472 476 479 480 
90 100 103 105 108 112 119 120 133 138 143 147 148 151 155 160 163 167 170 180 183 184 191 196 200 203 206 210 211 215 217 220 223 225 226 232 233 238 242 243 250 251 254 257 261 265 268 269 275 276 281 284 289 291 292 296 299 303 304 308 312 313 318 320 325 328 332 335 338 340 344 346 349 354 356 357 358 369 371 374 379 384 387 388 392 394 398 399 403 407 408 410 415 417 419 420 427 429 431 436 438 444 447 452 455 457 458 462 466 470 474 475 478 481 483 486 
93 103 105 108 109 116 123 126 134 142 144 149 150 155 156 162 165 169 172 181 186 189 195 197 203 204 209 214 217 221 222 226 228 229 233 237 239 240 244 245 254 257 259 260 264 266 270 272 278 281 283 288 293 297 301 305 307 309 310 313 315 317 320 321 327 331 333 336 340 341 348 350 351 356 357 359 361 373 377 378 383 387 390 392 393 395 401 404 406 410 412 415 416 421 422 423 428 430 433 437 442 448 451 454 456 458 462 466 469 472 475 477 480 482 484 490 
95 106 107 110 111 120 126 127 135 146 149 151 152 159 161 164 166 172 175 185 187 191 199 201 206 209 212 216 219 224 227 228 232 233 235 239 241 245 249 250 255 260 264 267 270 273 276 280 283 284 287 290 295 300 304 309 311 314 317 321 322 326 328 332 334 336 337 339 342 345 352 356 357 361 363 365 368 376 380 384 385 389 392 395 398 400 404 407 411 412 416 417 420 424 427 428 430 434 435 441 446 451 454 458 462 465 466 467 473 475 476 481 485 488 489 491 
99 108 110 113 116 121 129 132 137 147 150 155 158 161 163 166 170 173 176 187 191 195 200 205 210 213 214 220 224 228 231 232 234 237 241 244 247 249 253 254 257 263 266 269 272 276 279 282 284 288 290 294 296 301 306 310 313 317 320 323 327 329 332 333 336 338 342 344 348 351 353 358 362 366 367 371 374 377 382 386 388 390 393 397 401 404 405 410 415 417 419 422 424 426 431 434 438 440 441 445 450 452 457 460 463 467 469 473 475 478 481 483 488 491 495 497 
101 111 112 114 118 122 130 135 140 148 152 158 159 165 166 170 172 175 180 189 195 197 203 209 212 215 219 222 227 230 234 235 238 242 246 247 251 252 257 260 261 266 268 272 274 279 280 285 289 293 296 298 299 302 308 312 315 321 323 324 329 331 334 338 339 343 346 347 351 353 356 361 363 370 374 377 379 381 386 389 392 394 396 398 403 406 410 412 416 418 421 425 428 429 432 436 440 442 446 447 453 454 461 462 466 469 473 474 476 480 483 485 492 494 499 502 
103 114 115 119 123 125 133 136 142 149 155 162 164 169 170 171 173 176 184 192 198 199 204 212 214 219 220 223 228 234 236 239 241 246 250 252 256 258 261 262 265 268 272 273 277 283 285 287 292 295 299 303 305 306 309 316 320 323 324 325 332 334 337 342 343 345 348 351 354 358 361 364 365 371 378 379 381 385 387 390 395 399 400 401 404 410 413 415 419 421 422 429 433 436 437 440 443 446 448 452 455 458 464 466 469 471 474 478 479 483 485 489 495 497 502 506 
106 118 122 126 128 129 135 137 146 151 158 165 169 171 173 174 178 179 187 193 199 200 205 214 215 220 224 227 229 236 238 242 244 247 253 256 257 262 265 266 270 271 276 280 283 285 288 289 296 299 302 305 307 310 311 317 322 325 326 330 334 338 342 343 347 350 353 357 358 360 363 366 369 374 379 380 384 386 389 391 399 402 404 406 410 411 417 420 424 426 430 433 435 439 441 444 445 450 451 454 456 460 465 469 472 475 477 482 486 489 491 492 498 501 505 507 
109 120 126 128 130 132 138 140 147 154 159 166 172 173 176 179 182 186 188 197 203 205 209 217 221 222 226 231 235 239 240 243 246 248 255 258 262 266 268 271 272 275 278 283 284 289 292 294 300 302 306 309 311 315 317 320 325 328 331 335 338 340 345 348 352 356 360 364 367 368 372 374 377 379 383 384 386 389 393 395 403 407 411 412 414 418 419 422 427 431 432 437 438 440 442 448 449 453 454 457 458 463 467 470 476 478 480 483 488 490 495 498 501 505 508 512 
111 122 128 129 133 136 142 144 149 158 161 168 174 176 179 183 184 189 191 198 205 209 210 219 222 224 230 232 239 242 244 246 249 250 259 261 266 267 272 274 277 278 279 284 287 292 295 298 301 304 307 311 313 317 319 322 327 332 333 337 342 344 349 353 354 358 363 368 372 375 378 382 385 386 389 391 393 396 398 402 406 409 412 416 418 420 421 424 428 432 435 438 442 443 444 450 454 458 461 462 466 467 470 472 480 481 483 484 492 493 497 500 504 508 509 516 
112 125 131 134 137 140 146 150 154 160 165 170 177 180 182 185 188 191 193 201 208 213 215 220 225 227 234 236 243 245 249 250 251 255 260 265 267 270 273 278 282 284 285 287 289 296 297 300 302 308 312 316 317 321 323 327 328 336 340 343 347 351 355 357 360 361 364 370 375 376 382 385 386 388 392 396 397 399 400 403 409 410 413 417 422 424 427 429 431 435 439 440 444 448 452 454 457 459 463 464 467 469 474 478 483 485 486 490 493 496 499 501 505 512 516 517 
114 129 135 139 141 143 148 152 156 164 168 173 180 183 185 189 192 195 197 205 209 216 220 222 229 231 238 240 246 250 252 255 257 258 262 266 271 273 277 280 283 288 292 296 297 300 301 302 306 309 316 319 322 326 327 330 331 339 341 344 349 353 359 363 366 370 373 376 378 381 383 388 390 392 396 399 403 407 409 413 416 418 419 423 427 430 431 435 437 438 443 446 448 449 454 458 461 464 467 471 475 478 479 483 484 486 488 494 496 497 503 504 506 516 519 522 
115 131 137 141 143 145 151 154 159 165 170 177 184 187 188 192 193 198 202 208 210 219 221 223 233 234 241 243 247 251 254 259 263 266 268 271 275 277 278 283 287 290 293 299 302 306 309 310 314 317 318 323 326 328 331 333 334 340 344 348 353 356 361 367 368 371 374 377 380 382 387 391 392 396 397 403 404 409 412 414 420 421 424 425 431 432 435 439 443 445 447 451 453 457 458 460 465 467 470 472 478 480 481 486 487 490 493 497 500 502 505 506 508 520 522 525 
119 135 139 142 145 149 155 158 163 167 172 178 188 189 192 196 197 202 204 209 213 223 226 228 234 236 244 248 251 254 258 261 266 269 273 277 278 279 280 286 289 293 295 303 307 310 314 317 319 322 326 330 333 336 340 344 345 346 349 351 356 358 362 368 370 372 377 380 383 386 391 392 393 400 403 404 405 412 416 418 422 425 426 430 434 435 437 443 444 446 449 454 456 460 464 468 472 475 479 482 483 486 488 491 493 496 497 500 502 504 508 510 511 524 527 531 
122 137 143 146 149 151 158 160 167 171 175 180 191 195 197 198 202 206 207 210 217 225 229 233 238 242 248 249 253 258 262 266 269 273 275 278 282 283 287 291 295 299 300 304 310 312 317 320 324 326 328 333 337 341 342 348 350 354 355 356 358 361 364 370 372 376 380 381 386 387 394 397 398 404 406 408 412 413 419 422 425 428 431 434 438 440 442 444 448 450 451 457 459 461 467 469 476 478 481 484 485 488 492 495 498 501 505 506 507 509 510 514 517 525 528 535 
123 141 144 149 150 153 161 162 169 173 177 184 192 196 198 201 206 208 210 211 221 228 233 236 242 243 249 253 257 261 263 270 274 277 279 282 283 285 290 292 297 302 306 309 311 316 318 323 326 327 332 334 339 343 344 349 353 356 360 361 365 366 369 374 377 381 385 387 388 391 397 400 404 407 409 413 417 421 423 426 428 432 433 436 440 442 443 446 450 453 457 458 463 466 468 471 480 483 484 485 486 491 494 496 502 506 507 509 512 513 515 519 521 529 531 538 
125 145 147 152 155 156 165 169 173 176 179 186 195 199 201 204 210 213 215 218 223 231 236 240 245 248 251 256 258 264 265 274 278 281 285 287 289 290 293 294 298 303 308 313 314 317 320 324 328 332 333 336 342 344 348 352 354 357 362 366 370 372 374 375 381 385 387 388 391 394 401 405 408 410 411 414 418 423 426 428 429 433 437 441 443 447 448 449 452 456 458 460 467 470 474 477 481 484 485 489 491 494 495 500 506 508 511 514 516 519 520 523 524 532 534 539 
126 148 152 155 158 159 167 171 176 177 180 189 197 200 203 206 214 217 219 222 226 234 238 244 249 250 252 258 259 267 268 278 282 284 289 293 296 297 299 303 306 310 311 314 316 320 323 326 329 336 338 342 346 350 354 355 358 361 366 369 374 375 376 379 383 387 389 392 393 397 405 406 411 413 416 417 420 425 427 432 436 440 442 445 448 449 453 454 455 457 460 462 471 474 477 479 482 487 491 492 495 496 500 502 508 510 515 519 522 523 527 528 532 533 536 543 
130 150 156 158 161 165 171 172 178 182 185 190 200 203 206 207 215 218 221 223 227 237 240 245 253 256 260 263 266 271 275 282 283 285 291 297 298 300 303 307 308 313 316 318 321 324 326 327 331 337 341 345 349 352 357 359 361 362 370 374 377 380 381 382 384 391 394 397 399 403 407 408 413 414 419 422 425 429 433 435 437 442 444 448 451 455 457 461 465 466 467 470 472 478 480 483 486 488 494 495 499 503 507 508 512 514 517 522 525 529 533 535 538 539 541 547 
134 152 160 162 166 169 172 175 179 186 188 193 201 204 210 213 216 219 225 226 230 239 244 249 254 257 261 266 269 273 276 283 286 289 293 299 300 303 305 308 311 315 319 321 323 327 331 334 338 340 342 346 353 356 361 363 366 368 372 378 380 382 386 388 389 394 395 398 403 407 408 409 416 418 421 424 428 431 434 439 441 444 448 450 453 458 462 463 468 470 473 476 479 481 483 485 487 491 495 498 500 507 508 510 513 516 521 523 526 530 534 537 539 541 544 550 
138 156 164 166 168 172 175 178 182 189 190 196 203 207 213 215 217 222 226 230 234 240 247 251 257 260 264 268 273 274 277 287 289 291 296 300 301 306 307 310 314 317 322 324 328 331 332 338 340 342 343 350 354 359 365 369 370 371 374 380 382 386 388 392 393 395 399 401 407 408 410 412 419 423 424 427 430 435 439 442 443 447 451 452 455 461 465 468 470 471 475 478 482 486 489 492 495 497 501 504 505 508 511 513 515 518 524 527 529 531 536 538 541 544 545 553 
140 157 168 170 174 175 176 180 185 193 194 200 207 209 217 220 224 225 230 232 238 244 251 253 259 262 265 270 277 279 283 289 292 294 299 303 305 310 312 313 315 320 326 327 331 332 334 340 341 344 346 353 355 363 366 372 375 379 381 382 385 390 393 396 397 399 401 404 409 410 412 416 422 426 430 431 434 436 440 443 446 449 452 453 459 462 469 472 474 477 481 485 486 489 492 493 496 501 504 507 510 512 515 517 518 522 528 531 535 539 543 547 550 554 557 559 
141 161 171 174 178 182 184 185 189 195 199 201 209 212 218 221 227 228 231 234 242 247 252 255 261 266 270 271 278 283 286 291 295 297 300 306 308 313 317 320 322 324 328 330 335 338 341 342 343 348 352 356 360 365 368 374 376 383 384 388 390 393 397 400 404 407 410 414 418 420 423 427 431 435 438 442 443 445 447 448 450 453 455 459 460 464 472 474 475 480 484 488 491 493 497 498 501 505 507 510 511 516 520 521 524 527 532 535 536 542 546 551 554 555 561 563 
143 164 175 178 180 184 185 188 193 196 203 205 211 215 221 223 231 234 236 239 244 248 256 257 264 269 274 278 280 287 288 295 296 301 305 308 311 314 321 322 326 328 329 333 338 341 343 347 349 353 356 359 361 368 372 375 378 386 390 394 398 399 400 401 408 412 416 419 423 425 427 428 433 438 442 445 446 450 452 453 455 456 460 463 464 467 474 475 477 483 487 490 494 495 499 502 506 509 512 513 515 519 524 526 529 532 534 539 543 544 549 554 556 558 562 567 
146 168 179 183 184 188 191 194 198 199 205 209 212 217 225 227 232 238 240 244 247 249 257 261 267 270 278 281 285 289 293 299 302 306 309 311 314 315 324 327 330 332 336 338 340 345 348 350 353 355 360 364 368 372 373 376 380 387 392 396 401 402 403 406 410 416 419 423 426 430 434 436 439 441 444 448 449 452 456 458 460 464 465 469 470 473 476 479 483 485 488 491 498 502 504 506 507 511 513 515 519 521 528 529 531 536 538 543 546 548 550 556 558 560 563 568 
150 171 181 186 187 190 194 198 201 203 206 212 213 221 226 231 235 240 243 247 249 250 259 262 270 273 281 283 287 290 297 301 306 307 310 315 317 319 326 328 332 336 338 340 341 347 351 352 354 357 361 367 371 373 375 377 381 389 395 399 404 407 409 413 417 421 422 425 428 432 435 440 442 446 448 451 455 457 460 463 466 467 470 473 476 478 482 486 488 490 494 497 501 504 508 510 513 516 520 523 527 530 534 538 539 542 545 546 549 552 553 558 562 563 565 572 
154 175 185 190 192 195 199 203 206 208 212 213 217 222 227 232 238 243 247 248 253 255 263 267 274 275 283 286 288 293 301 303 307 310 311 317 318 322 327 329 336 340 344 348 351 353 357 360 364 368 372 375 376 378 382 384 388 390 399 401 407 408 410 415 419 422 423 429 432 436 438 444 445 448 452 455 458 461 465 467 471 475 477 481 483 484 487 490 492 496 500 503 507 510 511 515 518 522 523 524 530 533 536 539 541 543 548 550 553 555 559 560 565 567 569 576 
158 178 188 194 198 199 201 207 210 213 214 216 218 226 228 233 240 244 251 253 255 256 264 269 276 278 286 289 290 294 303 306 311 315 317 320 324 328 332 333 340 344 348 349 353 357 359 361 365 372 375 378 379 383 386 390 394 397 400 404 409 412 414 417 421 426 428 430 433 440 443 445 447 451 454 456 461 463 468 470 475 479 481 484 486 487 489 494 496 499 503 506 510 511 514 519 520 525 528 532 533 535 538 541 542 545 551 554 555 559 563 567 570 571 573 580 
160 181 191 198 199 201 202 210 211 216 218 222 226 228 229 235 243 247 252 254 258 261 268 271 278 282 290 293 296 299 306 310 314 318 321 323 328 329 336 337 344 345 351 355 357 361 362 363 366 375 376 379 380 386 388 391 397 398 401 405 413 415 418 419 423 428 430 431 434 443 445 446 450 454 457 458 465 467 470 474 479 480 483 487 490 494 496 498 502 503 505 507 514 518 520 524 525 529 531 533 536 537 539 544 548 552 556 558 559 562 565 568 573 574 575 583 
163 185 194 202 205 206 210 214 217 220 224 227 230 233 236 238 244 250 253 258 259 262 269 273 282 286 292 297 300 304 307 313 315 321 325 328 330 331 337 341 346 349 353 357 360 365 367 370 373 379 381 383 387 388 390 395 399 401 402 407 417 421 423 425 429 430 434 435 438 446 449 451 452 457 460 462 467 471 474 477 480 481 485 490 493 498 501 504 507 511 513 516 517 521 523 528 531 534 536 540 541 542 546 547 551 555 558 562 565 569 572 574 577 578 579 584 
164 186 198 204 208 211 212 218 220 223 226 228 231 234 239 243 245 252 254 261 264 265 273 277 286 287 294 301 302 305 310 317 319 324 326 331 334 335 339 345 348 352 356 358 362 369 373 376 380 381 383 384 391 395 398 399 401 405 408 411 418 423 426 428 430 431 436 437 441 449 453 454 456 458 463 466 470 474 475 481 482 486 487 491 497 499 505 509 512 514 515 517 520 522 524 529 534 538 542 546 548 549 552 556 558 560 562 565 569 573 577 580 584 587 591 593 
165 189 201 208 212 215 218 221 223 226 228 229 232 237 243 245 248 254 256 264 266 269 275 278 287 288 296 302 304 309 311 318 323 328 329 333 338 339 340 349 352 354 359 362 364 370 377 378 383 386 389 392 393 398 401 403 404 408 411 414 420 426 427 431 433 434 440 441 442 452 454 457 461 463 467 469 472 476 480 484 486 489 491 495 500 502 509 513 516 519 521 523 525 529 530 532 535 540 546 549 553 556 558 559 563 564 568 572 574 575 579 583 587 589 592 596 
167 192 202 211 214 216 222 224 227 228 231 232 233 240 247 250 251 258 260 265 270 273 276 281 289 291 300 306 308 312 313 320 327 332 334 338 341 342 343 350 353 355 363 365 369 371 380 383 387 388 390 395 399 401 403 404 408 412 414 415 422 429 431 435 436 439 444 447 450 456 458 462 464 466 471 475 478 481 485 487 490 493 495 499 501 505 513 517 519 521 522 525 528 532 534 535 537 542 549 552 554 559 561 564 566 569 570 576 578 579 583 585 590 591 593 597 
170 195 206 215 219 223 226 228 232 233 236 240 241 242 248 251 254 262 264 268 271 276 278 282 291 292 304 307 309 315 318 321 330 334 336 342 343 345 349 353 354 356 364 367 372 375 382 386 388 389 394 397 402 403 406 410 414 417 418 420 424 430 433 436 440 442 445 448 451 457 460 466 469 473 474 478 480 483 487 489 493 497 501 505 509 511 515 519 520 522 525 526 531 533 538 540 542 543 550 555 558 562 563 567 568 573 577 581 583 584 586 587 591 592 596 600 
171 196 209 219 223 227 229 230 234 237 239 242 245 248 250 254 256 265 269 270 274 280 283 284 295 298 305 311 314 319 322 324 331 336 340 346 348 351 352 357 359 363 368 370 375 379 386 390 392 396 399 402 403 406 409 414 417 418 421 422 427 432 436 437 442 446 448 451 453 459 464 469 471 476 478 480 482 485 489 490 497 501 502 506 510 515 517 522 526 530 533 536 538 542 546 550 554 556 560 561 562 565 567 571 574 577 580 585 589 590 591 592 596 599 600 602 
172 199 213 221 224 228 231 232 237 239 240 244 249 253 254 257 261 267 271 274 275 282 284 286 299 300 308 315 317 320 323 325 334 337 341 348 351 355 356 359 360 365 369 373 378 383 387 394 398 399 400 403 405 410 414 416 421 425 429 433 435 439 440 441 444 449 452 454 457 461 468 472 474 478 480 483 487 491 494 498 502 503 504 507 514 517 520 525 530 531 534 538 540 545 550 551 556 560 563 565 568 569 573 575 577 579 583 588 592 594 598 599 600 601 602 604 
173 200 217 224 228 231 234 236 241 242 244 247 252 257 260 263 265 268 275 279 283 286 289 293 301 304 310 316 319 322 327 328 335 339 343 350 355 358 360 364 367 368 373 375 381 384 391 395 399 403 405 409 410 414 415 417 423 427 433 437 441 444 446 447 449 452 455 459 462 463 469 473 477 479 482 486 488 495 497 499 506 509 512 513 517 520 523 529 533 536 538 539 542 548 554 556 560 562 565 568 572 573 577 580 581 585 589 593 595 597 601 605 608 611 614 616 
174 203 219 225 230 235 237 238 245 247 250 252 256 259 261 267 270 271 276 282 286 289 292 295 302 307 313 318 321 323 330 333 338 341 346 352 356 361 364 366 370 372 375 377 384 388 394 398 402 407 408 411 412 417 419 421 424 429 437 438 444 445 448 450 453 455 459 463 465 466 470 476 480 481 486 489 491 498 500 502 509 512 514 517 520 522 524 532 535 540 542 543 544 551 557 560 561 566 568 570 576 580 584 588 591 592 594 598 601 602 605 607 610 613 617 618 
175 207 223 226 231 238 240 241 249 253 255 259 261 265 267 269 271 272 278 286 288 293 297 299 303 310 315 320 322 325 332 335 340 345 348 356 358 363 368 370 374 377 380 384 388 392 396 399 403 408 412 413 415 420 421 423 425 430 441 444 447 451 453 454 457 458 462 465 467 469 473 479 484 485 488 493 496 501 504 506 510 514 517 521 523 527 531 536 539 543 546 548 550 555 560 564 566 570 574 576 579 582 586 590 592 595 597 601 602 604 608 610 611 614 618 620 
176 210 226 228 232 241 243 247 252 256 257 263 267 269 273 275 277 281 283 289 291 295 300 303 305 311 319 322 326 330 333 339 342 346 351 357 362 364 370 373 378 382 384 387 389 393 397 400 406 410 415 417 418 421 425 426 428 434 442 447 450 455 458 460 464 466 467 468 470 471 477 483 485 489 491 497 499 503 507 509 513 516 518 524 525 530 534 537 543 545 549 553 556 559 564 565 569 571 577 579 581 583 587 591 596 597 599 605 607 608 609 613 617 620 623 624 
179 212 230 233 235 243 246 248 255 260 261 266 271 273 274 276 280 282 285 290 294 296 303 306 307 313 321 323 328 332 335 343 347 349 354 358 365 367 372 374 381 383 387 391 395 396 401 404 407 413 416 418 420 425 426 430 432 436 445 448 452 458 460 463 468 472 473 477 481 483 484 487 489 490 495 501 503 506 509 513 514 517 519 526 527 531 538 540 547 549 550 557 559 562 565 566 571 575 580 581 584 586 589 595 597 598 601 607 609 613 616 620 621 624 627 629 
182 215 234 238 240 247 248 250 256 263 264 268 274 276 279 281 285 289 291 293 298 301 305 308 311 314 324 327 330 333 337 345 350 351 358 362 366 369 373 375 382 387 389 393 399 403 404 406 409 415 420 421 423 429 433 436 440 441 447 452 454 461 465 467 470 474 478 481 485 486 488 491 494 497 500 503 505 507 510 516 520 523 526 528 529 533 539 541 548 552 554 559 563 565 568 570 574 577 584 586 588 592 594 597 599 600 602 611 615 617 618 623 626 629 633 635 
184 218 236 239 243 250 251 253 257 264 265 271 277 279 281 284 289 290 292 297 299 304 309 310 315 316 328 330 331 335 338 346 354 356 360 365 367 370 377 381 384 389 391 395 401 407 408 412 416 417 423 426 430 434 437 438 442 445 450 454 456 463 469 470 472 475 480 483 486 488 491 494 495 499 503 506 507 511 512 518 522 525 529 533 537 540 542 543 551 554 557 560 567 571 572 576 578 581 588 591 594 597 600 601 605 608 612 616 620 621 622 625 629 631 634 639 
188 222 238 242 244 253 254 257 261 266 270 273 279 282 285 286 290 291 294 300 304 306 311 314 316 317 331 333 335 337 341 347 358 361 363 369 370 374 378 382 388 391 394 398 403 408 410 416 419 423 426 429 432 437 439 440 444 446 453 457 461 467 473 475 477 478 483 486 488 490 495 499 503 507 511 512 514 517 521 522 523 529 533 534 540 542 546 548 555 557 559 562 570 573 576 577 580 584 590 592 596 600 601 603 609 612 615 619 622 623 626 627 630 634 637 642 
192 223 239 246 250 254 255 259 264 267 272 275 282 286 289 291 294 295 299 303 308 310 313 316 320 322 332 334 338 339 344 348 361 364 366 372 373 376 380 383 390 393 397 400 404 409 411 417 420 426 429 433 435 441 442 444 446 450 454 459 464 470 474 479 482 485 487 488 489 491 497 502 504 509 512 516 520 521 522 526 528 532 535 536 543 547 550 554 556 561 565 567 571 577 578 579 584 588 591 593 600 602 604 607 610 616 619 623 625 627 630 634 637 641 642 646 
193 227 243 248 252 256 259 262 267 269 274 277 285 288 290 292 295 298 302 305 311 312 314 319 322 326 336 338 339 342 348 350 362 365 370 376 380 384 387 390 391 394 399 404 407 412 414 418 424 430 433 437 439 444 448 452 455 458 462 463 465 474 476 481 483 489 493 495 498 499 502 506 510 511 514 520 521 523 524 529 532 536 538 539 546 548 554 555 559 562 569 572 576 579 583 587 591 593 594 596 603 607 611 612 614 619 623 624 628 631 633 638 641 643 647 651 
195 230 245 249 254 258 262 266 269 270 275 279 286 289 292 293 297 302 303 309 312 314 317 323 327 329 337 342 343 345 349 354 366 367 371 379 383 387 388 393 395 399 401 408 412 414 417 421 425 434 437 439 443 446 452 455 457 461 465 466 470 475 479 485 488 492 495 497 500 501 503 510 513 516 520 524 525 527 530 532 534 540 543 545 550 552 555 557 563 564 572 575 580 584 588 591 593 596 597 599 607 608 613 616 619 623 625 628 632 633 636 639 643 644 648 654 
196 233 248 253 256 259 263 269 273 276 279 280 288 293 297 301 303 304 308 313 316 319 321 324 330 333 340 343 345 347 353 357 367 370 373 382 385 391 393 397 401 404 407 409 415 417 419 422 426 436 439 443 446 450 453 459 460 463 468 470 473 479 481 487 491 493 499 501 505 507 511 512 517 520 521 528 530 531 535 537 540 541 544 547 552 555 557 561 564 566 574 576 583 587 592 596 597 598 601 604 608 612 615 620 624 626 630 631 635 636 639 640 645 649 650 656 
198 236 249 256 259 261 265 271 274 280 284 287 291 297 299 305 309 310 314 317 320 322 325 326 332 337 343 344 349 353 354 361 368 372 377 386 389 395 396 400 403 406 410 413 417 421 424 425 427 438 443 444 450 452 457 462 463 466 471 475 479 483 486 488 495 497 502 505 506 508 514 516 519 524 526 531 532 535 539 542 546 547 549 551 556 560 562 565 566 570 575 578 584 591 593 598 602 606 608 609 612 616 618 623 627 628 634 637 640 643 647 650 651 654 658 662 
202 237 253 259 260 265 269 273 278 284 285 290 292 298 302 306 311 313 317 320 324 326 328 329 336 338 344 346 350 356 357 363 372 374 379 390 392 398 402 404 406 408 413 417 420 422 426 429 432 439 446 450 451 456 460 464 467 469 475 477 480 487 490 493 499 503 506 510 513 516 517 519 520 528 530 534 536 537 543 546 549 553 555 556 559 562 566 567 568 572 579 580 585 593 597 601 606 607 610 614 615 620 624 625 628 629 638 642 645 649 651 655 656 657 660 666 
204 240 254 261 263 267 271 275 281 285 288 293 295 300 305 308 312 315 318 321 326 329 332 336 337 340 346 350 351 358 361 365 376 380 384 393 394 401 404 408 411 414 417 420 422 426 429 431 434 442 448 452 453 460 463 468 470 473 478 482 485 488 494 498 500 505 509 512 514 519 523 525 526 530 531 536 539 542 545 549 550 557 558 559 563 564 568 572 576 578 580 582 589 597 598 602 609 610 613 617 620 624 628 630 634 635 642 645 649 651 653 659 662 666 667 668 
208 241 256 263 266 268 273 276 284 287 291 297 301 305 309 310 313 316 319 325 327 333 334 340 344 345 347 351 354 362 366 369 378 383 387 396 398 405 409 412 415 416 419 422 425 429 433 437 439 443 450 453 455 463 467 472 476 477 480 484 487 492 495 500 502 507 510 516 518 522 527 529 533 537 539 541 543 545 547 550 551 560 564 567 568 572 574 576 578 582 584 586 592 601 603 607 610 611 617 618 624 627 631 632 636 638 645 649 652 653 656 662 665 669 671 674 
209 242 257 265 268 269 277 278 286 291 292 301 302 306 312 313 316 318 321 326 330 336 338 342 346 347 349 354 355 364 370 373 379 385 391 397 401 406 412 416 419 420 423 425 429 431 436 439 442 447 451 454 458 464 469 473 478 479 482 488 491 493 498 504 507 511 512 517 519 523 528 531 537 540 541 544 548 549 550 552 554 561 567 570 572 573 576 580 584 585 587 588 594 605 606 611 614 617 621 622 628 631 633 637 639 642 649 653 657 661 665 669 671 672 674 678 
210 244 260 267 272 275 278 282 290 293 294 303 304 309 313 316 318 321 322 329 334 338 339 343 348 351 354 355 357 366 371 377 382 387 394 400 403 408 416 418 422 424 426 428 432 433 439 442 443 449 455 459 463 466 471 476 480 483 486 491 493 496 501 505 511 513 514 520 522 524 530 533 538 541 545 546 550 553 556 559 560 562 571 572 575 577 581 582 585 588 591 595 599 609 611 613 615 619 624 627 632 634 635 639 641 644 653 655 659 662 668 672 675 677 678 679 
214 245 263 268 276 279 283 284 291 296 297 305 307 312 315 318 320 323 324 332 338 340 343 347 349 354 358 361 365 370 374 381 385 388 397 401 405 412 417 419 424 426 430 434 436 440 443 446 449 453 459 463 467 470 475 479 481 485 490 493 495 499 502 507 513 514 516 522 525 529 533 536 539 542 547 551 554 557 559 563 564 567 575 577 579 583 584 588 592 593 597 598 601 612 613 614 619 620 625 628 636 640 644 646 650 654 656 658 662 665 670 675 677 678 681 682 
217 246 266 269 277 283 284 287 295 299 303 308 311 316 317 319 324 328 330 335 340 343 347 348 353 357 360 363 368 374 375 382 388 391 401 404 407 413 419 422 425 427 434 436 438 443 447 449 453 454 460 464 469 473 476 481 483 489 493 495 499 501 506 510 514 518 521 523 528 531 534 539 540 545 551 553 557 560 562 567 569 573 576 580 581 586 589 593 594 598 601 603 604 615 618 622 626 628 629 630 639 643 645 647 654 658 660 664 667 670 673 676 679 683 685 686 
218 247 270 271 280 284 285 289 298 301 305 312 316 317 318 320 327 330 331 336 343 347 350 352 354 358 361 364 370 377 378 386 390 392 402 405 408 415 420 424 427 430 436 438 442 445 451 454 458 459 461 468 471 475 480 484 485 493 497 499 502 506 508 514 515 520 524 527 531 534 536 540 543 547 552 556 559 561 564 570 573 576 580 582 584 589 590 597 601 604 608 609 611 616 621 626 630 632 635 637 640 645 648 649 657 659 661 667 670 671 677 680 682 686 690 692 
220 251 273 275 282 288 290 294 301 302 308 315 318 321 324 326 328 332 334 340 346 349 352 356 357 362 364 367 372 379 380 389 391 396 403 406 410 419 423 425 428 433 439 440 443 448 455 456 462 464 465 472 473 478 481 485 487 496 500 501 506 510 512 517 520 524 527 530 535 538 542 546 548 550 555 558 563 566 569 574 577 581 582 583 587 591 594 600 605 608 610 612 615 617 623 628 634 637 641 644 645 649 653 654 659 662 664 670 674 675 681 685 688 692 694 698 
221 255 275 279 285 291 292 297 302 304 311 319 323 325 326 330 332 334 338 341 347 352 356 357 358 366 369 370 375 381 383 392 394 400 404 410 412 423 425 426 429 436 442 445 449 453 458 459 465 468 469 474 478 480 483 488 490 498 501 504 509 512 516 520 521 525 529 533 536 540 543 548 549 553 557 561 567 569 571 575 579 585 588 591 595 599 603 605 608 610 613 615 616 618 625 632 635 640 645 649 651 654 655 657 661 663 667 673 678 680 682 687 691 693 698 702 
225 256 278 281 286 293 297 301 303 307 314 323 324 328 331 335 339 341 344 346 349 353 360 363 365 370 372 374 377 385 387 396 399 401 406 412 414 426 429 431 433 438 446 448 453 455 461 463 466 472 475 476 481 485 487 491 494 499 502 507 513 514 517 522 523 527 532 537 539 543 544 549 550 555 558 565 569 573 575 577 580 587 592 595 596 603 606 610 611 613 617 618 622 624 627 633 636 644 648 650 655 656 660 664 666 667 669 674 682 684 686 688 693 697 701 704 
229 257 279 285 287 294 301 303 305 309 315 326 330 331 332 338 341 345 349 352 355 359 363 365 368 373 377 380 384 389 390 397 403 405 407 414 416 428 430 433 436 440 449 450 456 459 465 467 469 474 478 482 485 488 492 493 498 502 504 508 516 519 522 526 529 530 533 540 543 545 549 551 553 559 563 569 571 577 581 582 583 588 596 597 599 604 608 614 617 620 622 625 628 629 632 637 640 645 652 654 657 660 664 668 669 673 677 678 684 685 690 694 696 699 704 708 
230 259 281 286 290 297 302 306 307 311 319 329 332 336 337 339 345 349 352 353 356 362 365 369 373 377 381 382 386 391 393 401 405 408 409 416 420 432 434 437 438 443 450 454 459 461 468 471 475 477 482 485 488 491 495 499 501 504 505 512 520 523 526 528 533 537 539 543 547 548 553 556 557 562 564 572 574 578 583 586 589 591 599 600 601 606 610 617 620 624 627 628 631 633 637 639 643 646 656 659 661 665 667 671 673 677 680 683 685 687 694 695 699 701 706 709 
233 263 283 287 292 299 304 307 310 312 321 333 337 339 341 342 349 352 353 357 359 363 368 372 374 378 382 385 390 392 394 402 406 410 412 417 424 436 439 440 442 447 453 456 461 462 469 475 476 479 484 486 491 494 496 501 503 505 508 516 522 525 528 529 534 539 543 547 551 552 554 558 560 563 565 575 578 579 587 591 594 595 603 607 609 612 613 620 622 626 630 634 635 637 640 644 645 647 658 661 662 667 668 674 675 680 682 684 686 691 695 698 701 705 708 713 
235 266 284 290 295 301 308 310 311 316 322 334 338 340 344 346 350 353 354 359 363 366 369 376 380 384 386 387 393 395 396 404 409 413 415 418 425 438 442 446 449 453 456 457 462 466 472 479 480 482 485 487 492 498 502 505 506 507 510 519 526 530 532 535 539 543 545 550 555 556 559 561 564 566 569 576 582 584 588 594 595 598 607 610 612 615 617 622 624 627 634 638 641 644 646 650 653 654 662 665 667 671 673 676 677 684 687 689 691 692 697 700 702 709 712 714 
238 268 285 294 299 302 310 312 316 319 325 337 341 344 348 352 353 354 358 362 365 368 373 379 383 387 390 391 395 397 400 406 411 417 421 422 426 441 444 447 453 454 459 460 464 468 476 482 485 489 492 495 497 500 504 507 509 511 514 521 529 532 533 536 542 544 548 552 556 557 560 565 568 571 573 578 584 585 589 596 599 603 610 614 617 619 620 624 626 631 636 641 642 647 650 652 656 658 663 669 671 673 674 677 679 686 690 694 696 697 699 704 708 713 715 718 
239 270 286 297 302 306 312 315 319 321 327 339 344 345 350 355 357 361 363 365 368 372 377 380 385 390 394 395 396 398 404 407 412 418 423 425 427 444 448 452 454 457 461 463 468 470 480 485 489 490 496 499 501 502 507 511 514 518 519 522 531 533 537 540 545 547 549 555 557 560 563 569 573 575 576 580 587 591 593 597 600 607 612 617 621 623 627 629 631 632 638 645 647 648 651 655 660 664 666 673 677 680 682 683 684 687 693 697 701 704 707 711 713 714 719 723 
240 273 289 301 303 308 314 319 320 325 331 343 348 352 353 357 361 365 367 368 369 373 381 383 387 394 396 400 403 405 408 412 413 421 425 426 429 446 449 454 455 460 463 465 469 471 483 489 493 494 498 500 503 507 509 512 515 519 523 524 535 536 538 543 549 553 555 559 562 566 569 571 577 581 585 587 589 592 594 601 602 610 613 621 622 624 628 633 635 637 641 647 649 652 653 659 662 666 670 677 678 682 683 687 691 695 696 698 705 709 710 713 716 720 721 727 
243 274 291 302 304 311 318 322 326 327 335 344 352 355 358 362 366 368 369 373 374 376 384 388 390 395 397 404 405 409 411 415 417 424 427 430 431 449 450 458 459 463 464 467 473 475 485 492 494 496 500 501 504 510 511 514 517 523 524 526 538 541 544 546 553 556 560 562 563 568 573 576 581 584 589 591 592 595 597 605 608 613 617 625 629 632 636 637 639 641 642 650 651 654 657 660 664 670 673 680 684 686 688 691 693 696 700 703 709 710 714 715 717 723 725 731 
244 277 295 306 309 313 322 323 329 330 338 346 353 359 361 366 367 370 374 375 376 377 386 390 394 398 401 407 408 411 412 418 419 425 430 432 433 452 455 461 464 468 469 470 474 476 489 495 498 499 502 504 507 511 514 516 521 525 528 530 540 545 549 551 556 560 564 565 567 569 574 578 585 587 590 594 598 602 603 608 611 615 618 628 631 635 640 641 644 648 649 654 658 660 663 667 670 673 677 681 686 688 692 695 699 702 704 705 712 716 719 720 721 724 726 734 
248 281 299 309 313 317 324 325 333 336 341 350 357 360 365 370 373 376 377 380 383 385 387 392 395 401 404 410 411 414 417 422 426 427 434 438 442 455 459 465 469 472 475 477 479 483 493 498 500 502 506 508 510 514 515 520 522 529 533 534 543 548 552 556 558 563 566 569 573 575 579 583 589 590 593 595 599 603 604 612 615 617 622 629 634 637 642 643 645 649 650 658 659 661 665 671 674 675 680 684 689 690 694 699 700 704 705 706 713 719 721 723 726 730 734 737 
249 283 303 313 317 318 325 329 337 338 344 353 361 362 368 374 375 380 381 385 387 389 393 397 399 403 405 412 415 417 419 423 427 430 437 441 446 459 460 466 470 475 479 480 481 485 497 499 501 504 509 513 516 520 522 525 527 533 534 535 544 550 555 557 561 566 568 572 576 579 582 586 593 596 600 601 605 609 612 615 619 620 624 631 637 641 643 646 649 651 653 661 662 666 667 674 678 682 686 688 693 696 698 703 705 708 710 713 717 722 723 725 728 734 736 740 
252 286 304 317 320 321 326 333 338 342 345 357 365 367 369 378 382 385 387 388 392 396 397 398 402 405 408 415 419 422 426 429 431 433 441 443 447 461 462 470 471 478 483 486 490 494 499 500 502 508 513 516 518 523 525 529 531 534 538 539 545 551 557 558 563 570 571 573 578 582 583 588 595 597 603 605 608 612 614 619 623 626 629 635 640 645 648 652 654 658 660 662 666 667 671 678 682 683 688 689 696 698 701 707 710 712 713 714 720 723 727 731 734 737 739 744 
256 288 307 318 322 326 330 337 340 343 349 360 369 372 373 381 384 388 391 393 395 399 400 403 404 409 413 417 422 423 430 433 437 438 443 447 449 464 468 474 477 481 487 488 491 495 502 506 509 511 514 520 521 527 531 533 535 538 542 546 548 552 561 563 566 574 577 578 581 584 588 592 597 600 606 607 609 615 619 623 626 630 633 639 641 647 651 653 658 661 664 665 670 674 677 679 683 685 691 695 698 701 702 708 713 715 718 720 724 726 731 732 737 741 744 748 
259 291 311 321 325 329 331 338 343 345 350 362 371 374 376 383 388 390 393 395 396 401 402 405 408 413 416 421 426 428 433 437 440 444 448 449 451 465 471 475 479 482 491 495 498 501 505 510 513 517 519 524 525 531 535 539 542 543 547 551 552 554 562 565 570 577 581 582 586 589 591 596 598 601 607 609 611 619 621 626 628 634 636 642 644 651 653 656 662 666 669 672 674 678 682 685 687 691 692 696 701 702 703 710 715 716 721 724 728 732 736 740 744 747 748 749 
263 295 312 325 326 332 334 340 344 349 353 365 373 375 378 384 392 396 400 403 404 408 412 415 419 420 422 423 429 433 437 440 442 448 450 451 452 468 473 478 483 484 495 498 502 503 506 511 516 521 525 527 530 533 536 543 544 546 548 552 554 555 563 567 573 578 582 585 590 592 595 600 603 606 610 611 613 620 622 630 631 638 640 644 648 653 655 657 664 669 672 675 678 682 684 686 691 694 696 700 703 704 706 711 718 720 722 728 730 733 739 741 746 748 749 751 
265 298 315 327 330 335 336 342 346 353 354 367 377 378 382 388 393 399 401 407 410 412 415 418 421 422 424 425 433 435 440 441 446 452 454 455 458 472 475 480 486 488 497 502 506 507 509 515 518 524 526 529 532 535 539 544 547 550 552 555 556 557 566 569 576 580 583 588 594 597 599 602 607 610 613 615 618 624 628 634 637 640 644 645 650 657 660 664 668 673 674 679 680 684 687 690 692 696 699 703 707 708 710 715 719 721 726 729 731 734 743 744 749 750 753 757 
267 299 319 329 334 337 339 346 349 357 360 370 378 382 384 392 396 401 405 410 413 415 418 420 422 426 428 432 434 437 442 443 447 456 459 463 464 474 478 484 490 491 500 504 510 513 515 516 521 525 527 532 535 539 542 548 550 553 557 558 559 563 570 572 579 581 584 589 595 599 601 605 608 611 616 617 620 628 632 637 641 643 645 647 653 659 663 665 671 675 678 681 684 687 690 691 694 700 702 705 709 712 713 717 721 725 728 730 735 737 745 746 751 753 757 760 
270 302 322 332 335 338 341 348 353 360 364 372 379 383 386 394 398 403 408 412 414 418 421 424 427 429 433 434 437 438 445 447 450 460 463 465 469 476 482 486 492 495 501 508 514 518 522 526 527 529 532 536 539 540 546 552 555 556 559 560 563 565 571 573 581 585 587 591 596 600 604 608 610 615 617 621 625 632 635 639 643 647 651 654 656 662 667 671 673 678 681 683 685 690 693 695 697 701 705 709 710 715 718 720 725 729 731 733 736 741 749 753 757 758 759 761 
272 303 324 333 336 342 343 349 357 364 365 375 383 387 390 395 400 406 412 415 417 422 425 427 431 432 435 437 440 443 446 448 454 462 465 466 473 480 484 489 496 498 502 511 515 519 525 529 531 532 536 537 542 546 547 553 558 561 562 564 567 569 573 575 584 589 590 594 599 603 605 612 615 619 623 626 629 633 638 640 647 650 653 657 661 664 671 673 674 679 682 687 691 693 696 700 704 708 709 711 715 718 720 723 728 731 733 736 739 742 750 757 758 762 763 766 
274 306 327 336 337 345 349 353 361 365 368 377 384 391 395 397 402 407 415 416 421 424 428 431 434 435 436 439 441 444 450 451 457 463 467 471 475 482 488 492 499 502 504 515 517 521 527 530 534 536 537 541 546 549 552 554 559 562 564 566 570 574 576 580 588 590 594 595 603 607 608 613 619 620 627 629 632 637 639 642 651 653 657 661 665 669 675 679 682 684 685 691 692 696 699 702 707 712 713 715 719 720 721 726 732 736 740 742 745 749 751 759 762 763 767 770 
275 310 329 337 339 349 350 356 363 366 371 380 385 394 396 401 404 410 418 419 422 428 431 434 435 436 439 443 444 446 452 455 459 467 469 473 478 485 492 494 503 504 506 519 520 524 528 534 535 537 538 544 549 552 556 558 563 565 568 571 574 575 580 581 592 595 597 599 604 610 613 616 623 627 631 632 635 639 642 646 652 655 659 662 668 670 676 682 683 685 688 692 694 698 701 704 711 715 718 721 724 725 728 732 734 740 742 745 747 753 754 762 764 766 768 772 
278 311 332 338 340 351 355 360 366 368 374 382 387 395 400 402 408 412 420 423 427 430 435 438 442 445 448 451 454 457 458 460 463 468 472 476 481 489 494 497 506 507 511 522 523 525 530 535 536 539 542 547 551 554 557 561 566 567 572 573 577 580 584 588 593 598 601 602 607 612 616 620 624 631 635 637 640 642 646 650 656 660 664 667 671 672 679 683 685 688 690 695 699 701 704 705 713 717 722 723 728 730 734 735 737 744 748 750 754 758 762 766 770 774 777 778 
279 314 333 342 344 355 359 363 369 372 375 385 390 396 403 405 412 415 423 425 428 431 439 443 446 450 453 456 458 461 464 468 471 475 479 481 483 490 498 500 509 512 516 523 527 530 531 539 542 546 547 548 552 555 561 563 570 571 573 574 581 584 587 589 595 599 603 604 610 616 620 621 626 634 636 639 643 644 647 652 659 662 668 671 675 676 681 684 687 690 693 696 702 705 708 709 717 718 725 727 731 735 739 743 746 748 750 752 755 759 766 769 772 777 779 780 
281 316 336 346 349 359 360 365 373 375 377 388 391 398 404 409 416 420 425 427 431 433 443 447 449 453 454 459 463 464 466 472 476 477 481 483 486 492 500 503 513 516 518 525 529 533 535 541 545 548 550 552 553 556 563 566 572 574 575 577 583 588 590 594 598 601 605 607 613 618 624 627 628 637 641 645 647 650 653 657 662 663 670 675 678 681 684 685 691 694 696 698 703 706 712 713 720 721 728 729 735 739 743 747 751 752 755 757 759 761 767 772 773 778 780 784 
